1341846313.721918 -0.007870104 -0.001606671 0.003191002 -0.000808449 0.000041189 0.003704241 0.999992788
1341846313.753994 -0.009599121 -0.001490055 0.004040266 -0.001125137 0.000824646 0.005428736 0.999984264
1341846313.789969 -0.020782450 -0.010336422 0.007025706 -0.004977684 0.007463728 0.001192721 0.999959052
1341846313.822075 -0.026357649 -0.016242759 0.007772577 -0.008094041 0.012395602 -0.001940233 0.999888539
1341846313.853928 -0.017287992 -0.003362363 0.005478050 -0.001534115 0.009248323 0.003268283 0.999950707
1341846313.890011 -0.029718895 -0.017250530 0.008287959 -0.009246050 0.019427188 -0.002987054 0.999764085
1341846313.922055 -0.030727576 -0.019608106 0.007013529 -0.012592044 0.020884095 -0.003322595 0.999697089
1341846313.957927 -0.025403455 -0.006551905 0.006767543 -0.007177529 0.021433057 0.005908411 0.999727070
1341846313.990058 -0.025798867 -0.007056397 0.006197746 -0.008687674 0.028911460 0.007016883 0.999519587
1341846314.022042 -0.029266892 -0.016398571 0.008391055 -0.015409932 0.033218000 0.005359782 0.999314964
1341846314.057816 -0.028565953 -0.009371416 0.007744470 -0.015206316 0.035432201 0.010654910 0.999199629
1341846314.089801 -0.033445664 -0.010507927 0.011457052 -0.014838287 0.043747783 0.011090568 0.998870850
1341846314.122037 -0.030224534 -0.013864838 0.009250430 -0.017599354 0.046242334 0.011634893 0.998707414
1341846314.157989 -0.035185404 -0.010904846 0.009679405 -0.018179055 0.052269213 0.016769055 0.998326719
1341846314.190094 -0.036601935 -0.010933161 0.010535705 -0.017725110 0.057283312 0.017584804 0.998045683
1341846314.225969 -0.043699265 -0.012000772 0.007507718 -0.020861650 0.063550346 0.022461314 0.997507751
1341846314.257923 -0.043274228 -0.009693360 0.008468593 -0.021513464 0.065792240 0.024204474 0.997307718
1341846314.290052 -0.042141337 -0.010643664 0.009608500 -0.020886514 0.066642612 0.022929301 0.997294724
1341846314.325981 -0.045695078 -0.009998326 0.006844093 -0.021420337 0.069890119 0.023082485 0.997057557
1341846314.357905 -0.049060125 -0.008370062 0.007056667 -0.021249996 0.075662300 0.021146636 0.996682763
1341846314.389899 -0.048777100 -0.009382184 0.008133556 -0.020682458 0.078329057 0.022141933 0.996467054
1341846314.427905 -0.050864507 -0.009949284 0.007751036 -0.020987872 0.081494555 0.021501031 0.996220767
1341846314.458114 -0.049683735 -0.010762740 0.009273087 -0.022442447 0.085049778 0.020054689 0.995922029
1341846314.493987 -0.046519034 -0.012541273 0.010241180 -0.022232566 0.087372601 0.015465433 0.995807469
1341846314.526085 -0.045186754 -0.012384699 0.011176779 -0.021070782 0.088699050 0.011285210 0.995771646
1341846314.558292 -0.046333522 -0.012079693 0.010391823 -0.022650069 0.092948414 0.012878650 0.995329976
1341846314.594085 -0.046691809 -0.012246780 0.010413717 -0.022187531 0.097184099 0.013645547 0.994925499
1341846314.626096 -0.045705777 -0.011605090 0.009200424 -0.020624539 0.101403400 0.013224918 0.994543672
1341846314.658455 -0.052057158 -0.015495081 0.007682933 -0.025788568 0.107953839 0.014519834 0.993715346
1341846314.694004 -0.051270049 -0.016250443 0.008921962 -0.026863577 0.111011803 0.012673377 0.993375123
1341846314.725910 -0.050339319 -0.014675769 0.010563814 -0.021281220 0.114120178 0.014025967 0.993139923
1341846314.761942 -0.058127716 -0.015464231 0.010581592 -0.017940328 0.119586028 0.020454848 0.992450953
1341846314.794030 -0.059210971 -0.013400476 0.008738543 -0.013521248 0.121700808 0.024196416 0.992179751
1341846314.826092 -0.050928894 -0.012772267 0.009482475 -0.010760446 0.119748764 0.023714056 0.992462635
1341846314.862145 -0.055314679 -0.014133315 0.010196541 -0.011568270 0.127640188 0.024701165 0.991445422
1341846314.894072 -0.056548592 -0.012216677 0.010725202 -0.010332088 0.132965028 0.025648555 0.990734935
1341846314.925969 -0.061535023 -0.013001209 0.009703384 -0.010429509 0.137219459 0.029341139 0.990051091
1341846314.961937 -0.076207057 -0.017127605 0.015033021 -0.013917626 0.147744536 0.038191862 0.988189876
1341846314.994564 -0.075866096 -0.016136128 0.013883870 -0.017476203 0.147430614 0.040725742 0.988079071
1341846315.029900 -0.069420874 -0.016149681 0.012767239 -0.018487902 0.145897254 0.036102831 0.988467872
1341846315.061965 -0.074997388 -0.017296240 0.014594618 -0.018958239 0.152929634 0.038671933 0.987298131
1341846315.094388 -0.087502554 -0.017988119 0.019721186 -0.018790893 0.160858899 0.044495765 0.985794842
1341846315.129851 -0.090229355 -0.018705359 0.022338269 -0.016808357 0.162990004 0.042801421 0.985555589
1341846315.161941 -0.088855222 -0.019033493 0.018746156 -0.018513527 0.162475988 0.043790214 0.985566437
1341846315.197984 -0.088617764 -0.024834080 0.020471878 -0.029361885 0.160806775 0.042172525 0.985647261
1341846315.230076 -0.101815693 -0.022216426 0.019459831 -0.031485714 0.165598840 0.042658582 0.984766960
1341846315.262069 -0.100758903 -0.021626916 0.021509605 -0.033389851 0.163645849 0.042488568 0.985038042
1341846315.298000 -0.102352634 -0.020853141 0.020215247 -0.035321161 0.160430118 0.045283854 0.985375047
1341846315.329931 -0.101309590 -0.020023415 0.021561475 -0.032229286 0.158478618 0.045936253 0.985766530
1341846315.361981 -0.088895589 -0.017734930 0.021185502 -0.025068352 0.153259590 0.049383059 0.986632824
1341846315.397962 -0.088587381 -0.017397888 0.021229845 -0.021770606 0.152720645 0.053542726 0.986577749
1341846315.429923 -0.089445330 -0.017324036 0.020048989 -0.018926762 0.154871941 0.055294748 0.986204326
1341846315.466047 -0.102247462 -0.017781103 0.021579964 -0.017136695 0.163481340 0.057842117 0.984700203
1341846315.497883 -0.091850668 -0.017931348 0.017740220 -0.018930543 0.163667828 0.060820177 0.984456897
1341846315.530008 -0.091636270 -0.017558781 0.018233882 -0.018660553 0.164349690 0.063810945 0.984159112
1341846315.566108 -0.093157768 -0.018514639 0.019586103 -0.019555358 0.167168304 0.064948633 0.983592391
1341846315.597986 -0.094093919 -0.018166488 0.020949135 -0.019689491 0.169563651 0.065206736 0.983162522
1341846315.630109 -0.092757732 -0.018770017 0.019905057 -0.019996919 0.169420108 0.064200528 0.983247280
1341846315.666042 -0.097039148 -0.020481812 0.020188982 -0.021625128 0.173751295 0.064820834 0.982415915
1341846315.698114 -0.093427308 -0.022539277 0.015693845 -0.028719254 0.175596550 0.058404762 0.982308447
1341846315.733985 -0.091932014 -0.020879157 0.020675460 -0.030636303 0.179023951 0.058003128 0.981655478
1341846315.766041 -0.091265328 -0.022966759 0.021724654 -0.031254798 0.177144736 0.058540586 0.981944978
1341846315.798188 -0.117461368 -0.025805313 0.024837291 -0.031965289 0.185799465 0.068958186 0.979643583
1341846315.834140 -0.090785220 -0.019562626 0.024490450 -0.028872639 0.176138341 0.061582994 0.982012808
1341846315.866751 -0.091200873 -0.019962747 0.023591220 -0.026920747 0.177790835 0.061326705 0.981786489
1341846315.898492 -0.090854824 -0.019833501 0.024484022 -0.025780857 0.178849950 0.059416253 0.981742203
1341846315.936901 -0.090959847 -0.019433206 0.024808191 -0.022735681 0.179943919 0.059638359 0.981604040
1341846315.966572 -0.091411367 -0.019960037 0.024612695 -0.019870751 0.182017848 0.057682518 0.981400728
1341846316.002119 -0.090274528 -0.019812917 0.025394093 -0.017593732 0.181189224 0.055905402 0.981700301
1341846316.034204 -0.090092018 -0.019943200 0.025456954 -0.016156381 0.180899739 0.056056481 0.981769800
1341846316.066113 -0.091258816 -0.020164266 0.024333419 -0.014282306 0.181255728 0.056999423 0.981678903
1341846316.101867 -0.091958620 -0.019738659 0.024879109 -0.011973817 0.180906489 0.057013169 0.981773376
1341846316.134066 -0.091815233 -0.019791156 0.025120793 -0.013450169 0.178267211 0.054121614 0.982400477
1341846316.169952 -0.090590850 -0.019659979 0.026092658 -0.013597044 0.175597012 0.051921200 0.982997954
1341846316.202049 -0.088714592 -0.019316109 0.027839905 -0.012661676 0.172741711 0.048771765 0.983677447
1341846316.233979 -0.087671578 -0.016846504 0.023001153 -0.010820238 0.168394029 0.047635447 0.984508634
1341846316.270052 -0.088222742 -0.016945111 0.022298278 -0.012429714 0.168732420 0.046078965 0.984505773
1341846316.301915 -0.086131781 -0.016869770 0.024081305 -0.012099834 0.168298796 0.044418957 0.984660387
1341846316.334208 -0.087490924 -0.016891396 0.022962263 -0.010462225 0.168416396 0.044149492 0.984671175
1341846316.370006 -0.088067234 -0.016911864 0.022797016 -0.009308772 0.168742523 0.042576071 0.984696209
1341846316.401994 -0.093981527 -0.015272683 0.024124129 -0.005446557 0.169187874 0.043907098 0.984590292
1341846316.438069 -0.093623094 -0.015258010 0.024496906 -0.003022601 0.168153688 0.046513103 0.984658182
1341846316.470076 -0.093689308 -0.015374359 0.024594126 0.001332119 0.167892247 0.048744816 0.984598577
1341846316.502034 -0.093844362 -0.014996652 0.024562867 0.004432925 0.166088298 0.048961911 0.984884679
1341846316.537975 -0.070132062 -0.009312348 0.017735446 0.004626520 0.148183212 0.043969385 0.987971187
1341846316.570121 -0.068495870 -0.008151996 0.020144559 0.004940395 0.146789551 0.041685775 0.988276660
1341846316.601885 -0.066173255 -0.008841487 0.021593247 0.006579790 0.144670427 0.039968900 0.988650441
1341846316.638009 -0.069161683 -0.009249035 0.018798383 0.007921236 0.145727679 0.040122546 0.988479078
1341846316.669925 -0.066986181 -0.006921713 0.017486993 0.011184758 0.143458530 0.039535239 0.988803089
1341846316.705941 -0.059393205 -0.001992129 0.017858699 0.019413995 0.137635142 0.036440924 0.989621997
1341846316.738062 -0.050543010 -0.000783542 0.014455167 0.022394432 0.131361321 0.035027154 0.990462422
1341846316.770433 -0.046069484 -0.001734893 0.012764978 0.020356629 0.126573458 0.037467733 0.991040349
1341846316.805932 -0.046483546 0.001208593 0.015139667 0.022486947 0.126112238 0.038673189 0.991006792
1341846316.838029 -0.038426373 0.004680766 0.015372522 0.026690464 0.119469747 0.037212141 0.991781175
1341846316.870034 -0.047006331 -0.003174205 0.018449703 0.022548357 0.120777048 0.041812494 0.991542339
1341846316.906344 -0.046647906 -0.003341234 0.018287962 0.023551820 0.116424397 0.042450916 0.992012382
1341846316.937940 -0.048952997 -0.001970680 0.017535791 0.024251696 0.115685001 0.041088186 0.992139399
1341846316.973994 -0.039699730 -0.000211028 0.016473752 0.024100112 0.107751593 0.038708128 0.993131638
1341846317.005913 -0.035019957 0.000176846 0.016086807 0.023016937 0.101587825 0.039229505 0.993786275
1341846317.037936 -0.037030384 -0.001183510 0.015566284 0.022816362 0.100527123 0.036059558 0.994018853
1341846317.073972 -0.037245657 -0.001193073 0.015650468 0.024181204 0.098620750 0.035426363 0.994200289
1341846317.106113 -0.037727360 -0.001022540 0.016662348 0.026657090 0.096609242 0.040472217 0.994141877
1341846317.137887 -0.039311208 -0.002503123 0.019340163 0.029442701 0.092739344 0.041960992 0.994370043
1341846317.173970 -0.040444266 -0.002233307 0.019257167 0.030957298 0.086769693 0.044315953 0.994760633
1341846317.205887 -0.024729760 0.000958979 0.013610412 0.032015953 0.071662284 0.042141218 0.996023893
1341846317.248131 -0.018114608 0.001201959 0.012221863 0.033143904 0.064461984 0.043054104 0.996439874
1341846317.273950 -0.014408163 -0.000263971 0.011958874 0.033562109 0.057952065 0.044150986 0.996777713
1341846317.306289 -0.014187838 0.000935811 0.012175367 0.034632441 0.054940019 0.046760906 0.996792674
1341846317.348137 -0.014292100 0.002894878 0.013024684 0.037046641 0.055600855 0.047382504 0.996639848
1341846317.373974 -0.013442094 0.000581170 0.012274279 0.037003409 0.055789903 0.049062572 0.996549606
1341846317.410120 -0.011286105 0.000894367 0.011533936 0.037362676 0.052526079 0.051192287 0.996606410
1341846317.442569 -0.008339910 0.003984499 0.011751911 0.041462876 0.050492179 0.052365739 0.996488452
1341846317.474010 -0.003266973 0.005544941 0.012510472 0.048259467 0.047419183 0.054345373 0.996227384
1341846317.509927 0.000625028 0.001713748 0.010530551 0.048404738 0.042803675 0.057284586 0.996264637
1341846317.542282 0.005804927 0.000362307 0.009743937 0.046511255 0.036388442 0.058564622 0.996535361
1341846317.573943 -0.003313709 0.002457686 0.010963336 0.047998112 0.041820861 0.058144335 0.996276259
1341846317.610159 0.001545137 0.002676799 0.010758922 0.050162271 0.040534273 0.057137612 0.996281087
1341846317.643553 0.006999145 0.001312561 0.009678949 0.051699240 0.036327019 0.059136085 0.996248186
1341846317.677993 0.013831364 0.004507004 0.009793848 0.053824525 0.029030066 0.058617748 0.996405602
1341846317.709996 0.015028709 0.003117317 0.008830328 0.055862758 0.024052056 0.060171165 0.996333420
1341846317.741834 0.010205409 0.001529493 0.007840641 0.054933824 0.025468515 0.060370997 0.996337771
1341846317.777923 0.012214836 0.001286131 0.007500505 0.053081911 0.022571195 0.060168002 0.996520281
1341846317.810021 0.018033525 0.001182884 0.008857576 0.052524235 0.017278202 0.057180781 0.996831477
1341846317.841886 0.020740151 0.000279301 0.006307140 0.050870109 0.013658045 0.055651605 0.997060001
1341846317.878017 0.021929622 0.000945892 0.005200160 0.048742134 0.011886350 0.052603751 0.997354388
1341846317.909910 0.021131268 0.002761533 0.007043184 0.048794955 0.013520380 0.046092890 0.997653127
1341846317.946031 0.025247853 0.001579069 0.006990968 0.049001150 0.011930052 0.045383196 0.997695804
1341846317.978041 0.030240839 0.001958085 0.007373847 0.051275529 0.006876534 0.045945428 0.997603416
1341846318.009897 0.030503398 0.001740361 0.007347648 0.053709995 0.006332375 0.044352483 0.997551024
1341846318.045949 0.034306038 0.002102411 0.007359566 0.054259509 0.005091766 0.041087538 0.997668207
1341846318.078074 0.040914267 0.004384205 0.008194380 0.054577455 -0.000886064 0.038974177 0.997748256
1341846318.109894 0.039075196 0.004974529 0.008090756 0.055048175 -0.004373583 0.035956759 0.997826457
1341846318.145957 0.039591923 0.004134435 0.007202981 0.053613439 -0.007110257 0.032845266 0.997996092
1341846318.178001 0.041019984 0.005245040 0.007335414 0.053547565 -0.007834013 0.029325902 0.998103857
1341846318.214074 0.045335598 0.006819764 0.007660607 0.055183914 -0.012579580 0.027368873 0.998021781
1341846318.245970 0.053992104 0.009893171 0.009965895 0.060134862 -0.024004914 0.027196644 0.997530878
1341846318.278018 0.058983948 0.013584966 0.011454171 0.066608176 -0.032762293 0.025103990 0.996925175
1341846318.313937 0.055503219 0.008428671 0.010281456 0.065240525 -0.037571117 0.024595220 0.996858656
1341846318.345989 0.057195857 0.007675800 0.008024052 0.065479122 -0.048508942 0.024224076 0.996379733
1341846318.382046 0.060463686 0.007522145 0.008666737 0.067227229 -0.057622291 0.021527175 0.995839715
1341846318.414072 0.066328980 0.009677771 0.010079181 0.070152543 -0.067662932 0.019528868 0.995047212
1341846318.446035 0.074172810 0.008907898 0.012096198 0.072141156 -0.079976529 0.019047517 0.994000316
1341846318.482196 0.077835873 0.010314479 0.009012030 0.073355094 -0.084104732 0.016279304 0.993619859
1341846318.514144 0.077047743 0.012062503 0.009073955 0.074423380 -0.085522816 0.017104903 0.993405461
1341846318.546259 0.081640385 0.010030694 0.009793289 0.074382782 -0.089864209 0.015563305 0.993050516
1341846318.582042 0.080319636 0.010959779 0.009219893 0.076552272 -0.089982748 0.016395835 0.992861509
1341846318.614115 0.080449134 0.010680639 0.008837332 0.076092817 -0.090984583 0.017551115 0.992785811
1341846318.650038 0.087186582 0.008061037 0.010905686 0.074608915 -0.096113533 0.012768456 0.992488086
1341846318.682350 0.095831171 0.009032582 0.009823855 0.073872313 -0.101414651 0.006372935 0.992077291
1341846318.714063 0.092762001 0.006577673 0.011403115 0.072571211 -0.102568164 0.005504820 0.992059946
1341846318.749905 0.094282642 0.006192209 0.012674099 0.073028214 -0.104068972 0.006151324 0.991866291
1341846318.782036 0.100016020 0.005606190 0.012798716 0.074085385 -0.108828701 0.007275679 0.991269231
1341846318.814121 0.102356061 0.006785992 0.013868988 0.075214766 -0.115599744 0.006469710 0.990422964
1341846318.850072 0.107988484 0.004261637 0.014717729 0.074101135 -0.125734717 0.001957713 0.989290655
1341846318.883516 0.110013679 0.010863393 0.010302879 0.079997189 -0.134799615 0.003284850 0.987632871
1341846318.918047 0.109940782 0.012067603 0.008589589 0.082566358 -0.145656988 0.003084446 0.985878944
1341846318.950044 0.107828096 -0.003639535 0.012390353 0.076541401 -0.154945374 -0.003797367 0.984946132
1341846318.982028 0.131257281 -0.000998456 0.015654100 0.080000915 -0.171585709 -0.008910208 0.981875122
1341846319.018123 0.137391970 0.000965566 0.011757617 0.080095105 -0.179963499 -0.009529273 0.980360687
1341846319.050745 0.137727901 0.000508731 0.019188987 0.081802651 -0.188026354 -0.011968761 0.978678286
1341846319.081905 0.132053286 0.003367022 0.016386824 0.089125931 -0.185807779 -0.010237686 0.978482127
1341846319.117976 0.115554668 0.006848470 0.013604391 0.092063017 -0.176768452 -0.006002761 0.979919016
1341846319.150093 0.119229831 0.006913522 0.013046312 0.092764392 -0.183822230 0.001729159 0.978570938
1341846319.186069 0.120930314 0.003287397 0.011429881 0.090868577 -0.186401740 0.002875628 0.978258133
1341846319.218149 0.115961298 0.002915604 0.009402037 0.086945318 -0.178201944 -0.000805668 0.980144858
1341846319.250034 0.121131577 -0.003241615 0.008175116 0.077256948 -0.175776839 -0.001661069 0.981392443
1341846319.286594 0.124002896 -0.000196693 0.012357677 0.077933148 -0.175240979 0.000387443 0.981436133
1341846319.318034 0.119952083 0.003993737 0.012873230 0.081219740 -0.171880677 0.004136109 0.981755197
1341846319.350268 0.109606646 0.011319844 0.011868219 0.086138986 -0.164792359 0.013999301 0.982459962
1341846319.386163 0.101217724 0.017847920 0.012552316 0.092188098 -0.164647087 0.024023226 0.981741071
1341846319.418386 0.100589082 0.018108793 0.011096226 0.093113311 -0.169479847 0.024846153 0.980810463
1341846319.453961 0.101295032 0.030593192 0.017488234 0.102853119 -0.174148530 0.025690403 0.978996217
1341846319.486271 0.095904745 0.023481905 0.012790103 0.096793577 -0.169800594 0.022383267 0.980457902
1341846319.518456 0.100412853 0.018150583 0.007726046 0.089487419 -0.174399033 0.021866860 0.980356455
1341846319.554083 0.098224021 0.006954051 0.008646935 0.080185629 -0.176358566 0.015977683 0.980924368
1341846319.586296 0.097827911 0.007134322 0.008542476 0.080895953 -0.175964147 0.012960145 0.980981410
1341846319.622031 0.097576939 0.006703518 0.006380353 0.078999534 -0.178972065 0.011010890 0.980615556
1341846319.653962 0.097480968 0.007132254 0.006521021 0.078073129 -0.183828369 0.009071195 0.979810894
1341846319.686352 0.097179070 0.006802106 0.008533734 0.080370881 -0.187928766 0.008518569 0.978851736
1341846319.721992 0.097260147 0.006936014 0.006822090 0.080289811 -0.191844985 0.010223935 0.978082061
1341846319.754063 0.097337976 0.006874041 0.003873612 0.076939978 -0.194103971 0.009064656 0.977917016
1341846319.786397 0.097565189 0.006995040 0.006615866 0.072830096 -0.195073843 0.012112465 0.978005767
1341846319.822008 0.097282328 0.006380287 0.004678385 0.068063930 -0.195021421 0.016000455 0.978303611
1341846319.853917 0.096151330 0.007503247 0.007898723 0.064048484 -0.196280584 0.020622080 0.978236377
1341846319.889942 0.095672444 0.006598090 0.006172905 0.059285864 -0.195680395 0.024566147 0.978565693
1341846319.922039 0.096292526 0.007396839 0.006076000 0.058662642 -0.200572655 0.027076576 0.977545977
1341846319.953946 0.095492437 0.006052548 0.005156989 0.058184277 -0.206070021 0.024121562 0.976508021
1341846319.990054 0.094087504 0.003620062 0.002567661 0.059341133 -0.207025126 0.016268754 0.976398766
1341846320.028122 0.095845826 0.004351508 0.003148262 0.062631503 -0.213016853 0.015530961 0.974915326
1341846320.054177 0.095714040 0.006837585 0.007900698 0.067940943 -0.219864368 0.015548377 0.973037481
1341846320.090047 0.096336454 0.007125428 0.008309484 0.070067234 -0.221801758 0.015011184 0.972455263
1341846320.122011 0.096646361 0.007942077 0.010401212 0.071785130 -0.220611140 0.016554663 0.972575724
1341846320.157952 0.097098842 0.007535929 0.010437435 0.071778201 -0.218162492 0.016395928 0.973131120
1341846320.190003 0.097232126 0.007214255 0.011789165 0.074992679 -0.215099752 0.015249100 0.973589063
1341846320.221941 0.096727155 0.007089096 0.012387951 0.079041637 -0.211420640 0.017096713 0.974043846
1341846320.258015 0.097063698 0.004217889 0.009135042 0.080468826 -0.209705293 0.020102581 0.974240363
1341846320.289887 0.097807750 0.005276152 0.014689016 0.087480463 -0.213027164 0.022022888 0.972872853
1341846320.321954 0.098113045 0.006132887 0.014302294 0.096641712 -0.214507058 0.022683820 0.971664846
1341846320.357890 0.098508433 0.006551420 0.009445937 0.101595812 -0.212675020 0.024077455 0.971528649
1341846320.390064 0.099298552 0.006660102 0.009396295 0.103215419 -0.208937824 0.024040960 0.972169518
1341846320.426544 0.099866502 0.006446515 0.011031759 0.106818207 -0.202081442 0.020351643 0.973313332
1341846320.458122 0.100031547 0.006329322 0.010992152 0.108234182 -0.194643676 0.018353242 0.974711418
1341846320.490186 0.100325912 0.006651845 0.013743823 0.112516046 -0.188853085 0.020159433 0.975329816
1341846320.525911 0.101938188 0.006142609 0.011186822 0.115660653 -0.180838868 0.018034285 0.976521730
1341846320.558091 0.101365976 0.006179921 0.009687243 0.116863675 -0.176321045 0.014118576 0.977268875
1341846320.594093 0.102007762 0.005684869 0.012626452 0.118425198 -0.173006311 0.011732709 0.977704763
1341846320.631955 0.102689952 0.006002130 0.010968660 0.121864617 -0.164133996 0.009928741 0.978831172
1341846320.664916 0.103809007 0.006206235 0.010036454 0.121834561 -0.161828548 0.008671639 0.979230642
1341846320.699927 0.104091004 0.006166747 0.012824717 0.122701846 -0.159299225 0.007369167 0.979547679
1341846320.731822 0.104200244 0.006203840 0.014073108 0.125317439 -0.153031752 0.007469615 0.980214775
1341846320.763877 0.105978467 0.007239412 0.009420867 0.123254061 -0.150575802 0.006695479 0.980862141
1341846320.799999 0.106504172 0.005272960 0.014646347 0.115452342 -0.153116778 0.002669279 0.981437147
1341846320.831871 0.101158969 0.006577506 0.011645863 0.119708166 -0.138632134 -0.000435970 0.983082354
1341846320.863887 0.102573678 0.007229326 0.006821796 0.117023326 -0.128082544 0.000174616 0.984835207
1341846320.900014 0.120475173 0.007166022 0.016115047 0.111355260 -0.145828664 0.002060536 0.983020723
1341846320.931889 0.107042156 0.006633388 0.013059936 0.111882031 -0.137303963 0.003202469 0.984184802
1341846320.967866 0.109771535 0.006802105 0.016720384 0.112799533 -0.134359851 -0.002036999 0.984489501
1341846321.000017 0.108992279 0.005696401 0.015881559 0.105122134 -0.132194191 -0.004255487 0.985624611
1341846321.031860 0.110728085 0.006441083 0.014739258 0.103938520 -0.132888749 -0.005422798 0.985651016
1341846321.068047 0.124469407 0.009236632 0.021433149 0.108039550 -0.139127523 -0.009545596 0.984316945
1341846321.099840 0.116372101 0.007836210 0.013074021 0.102649324 -0.130091131 -0.008651855 0.986136138
1341846321.131821 0.116749652 0.007402816 0.014477639 0.102973416 -0.128545254 -0.006668433 0.986320496
1341846321.167887 0.117523775 0.007761414 0.014573614 0.105995066 -0.125251457 -0.006220669 0.986427069
1341846321.200042 0.117789641 0.007764956 0.013935367 0.106186152 -0.122384250 -0.006426150 0.986765027
1341846321.231950 0.118426226 0.007435128 0.014359240 0.105432846 -0.121951014 -0.007301847 0.986893356
1341846321.267939 0.119746268 0.007479633 0.014561888 0.106335074 -0.120835304 -0.011580591 0.986892879
1341846321.299948 0.119989112 0.007248213 0.014542784 0.105643332 -0.115589000 -0.018075863 0.987497807
1341846321.331858 0.119818553 0.007119959 0.014685473 0.106158100 -0.112817660 -0.021019077 0.987704813
1341846321.367913 0.110148273 0.005388588 0.011552904 0.106161684 -0.105256438 -0.023569563 0.988481224
1341846321.399897 0.110523894 0.005453955 0.010874867 0.108149484 -0.100018963 -0.024371559 0.988790095
1341846321.435994 0.110758327 0.005270168 0.011349743 0.109827958 -0.096922025 -0.024411574 0.988912523
1341846321.467946 0.111335821 0.005276469 0.011202227 0.111606345 -0.094447710 -0.023185676 0.988982320
1341846321.499882 0.111823611 0.005332587 0.011831517 0.113347515 -0.091661133 -0.022866627 0.989053905
1341846321.536109 0.113203116 0.005754075 0.011592494 0.114221223 -0.086915717 -0.026093811 0.989301920
1341846321.568960 0.113330208 0.005663999 0.009793596 0.110463828 -0.079627104 -0.029588480 0.990243316
1341846321.603938 0.113413036 0.005577774 0.011331668 0.107650511 -0.077332191 -0.029729929 0.990730643
1341846321.637163 0.116094984 0.005776542 0.008700619 0.104698256 -0.074174635 -0.030284360 0.991271555
1341846321.668306 0.112267867 0.005803156 0.012618206 0.101486795 -0.062440343 -0.026978180 0.992508829
1341846321.704411 0.111480840 0.005658831 0.013265136 0.097750515 -0.060776774 -0.020416316 0.993143559
1341846321.736861 0.112028524 0.005644137 0.013191801 0.095828913 -0.063510962 -0.012224549 0.993294358
1341846321.771881 0.112901881 0.006269730 0.012692609 0.093364179 -0.063812204 -0.006758272 0.993561983
1341846321.804114 0.113245726 0.006192850 0.013319660 0.089249097 -0.061537229 -0.004972012 0.994094074
1341846321.836152 0.113611862 0.006618893 0.013092384 0.086451367 -0.059404653 -0.004255651 0.994474292
1341846321.871882 0.113852553 0.007180709 0.012877367 0.082227319 -0.057998959 -0.007173925 0.994898617
1341846321.904074 0.113784969 0.007013965 0.013263514 0.076297142 -0.055910580 -0.011173799 0.995453596
1341846321.939847 0.113600336 0.006286955 0.013504715 0.071282119 -0.053564854 -0.011807499 0.995946884
1341846322.004094 0.113138296 0.006262973 0.013846913 0.065040775 -0.054016329 -0.015236788 0.996303022
1341846322.034203 0.113644235 0.006109969 0.013267466 0.062748060 -0.053729456 -0.015123585 0.996467292
1341846322.066178 0.113568947 0.006075196 0.013305789 0.060540427 -0.048943177 -0.018288761 0.996797323
1341846322.107979 0.113504693 0.005655438 0.013454972 0.057985257 -0.047352191 -0.019174496 0.997009397
1341846322.133980 0.113369435 0.004988044 0.013305038 0.058803990 -0.046433270 -0.021086842 0.996966064
1341846322.166164 0.113350891 0.004835321 0.013198583 0.060998846 -0.047055222 -0.019829040 0.996830821
1341846322.202932 0.113475248 0.004568267 0.012976960 0.061726615 -0.049892794 -0.018210862 0.996678889
1341846322.234093 0.113332294 0.004651064 0.013170878 0.061548065 -0.050875340 -0.021007959 0.996585250
1341846322.265941 0.113259979 0.004335636 0.013116797 0.059053376 -0.053066161 -0.021085983 0.996620297
1341846322.301996 0.113483414 0.003809424 0.013610026 0.057104908 -0.055551253 -0.019938590 0.996622086
1341846322.333949 0.113486893 0.005024385 0.013221920 0.057082582 -0.056946699 -0.020471586 0.996533751
1341846322.369871 0.114080846 0.003171333 0.013688496 0.056621373 -0.063679315 -0.022300944 0.996113241
1341846322.402292 0.114195332 0.002943348 0.013759054 0.059111707 -0.062519968 -0.028991697 0.995869756
1341846322.433955 0.114150472 0.002391113 0.013288742 0.063399129 -0.060479969 -0.034374271 0.995560706
1341846322.470030 0.114092484 0.002418369 0.013347331 0.072535723 -0.064973257 -0.030454667 0.994781137
1341846322.502433 0.114221737 0.002105076 0.013421669 0.078545980 -0.068752877 -0.025779115 0.994202673
1341846322.534002 0.114336431 0.001834397 0.013197726 0.086617284 -0.069059625 -0.022811955 0.993583322
1341846322.570196 0.114270896 0.001735288 0.013577104 0.095870093 -0.070362173 -0.019206330 0.992718101
1341846322.601920 0.114172168 0.001762868 0.013482975 0.101115569 -0.073318578 -0.015005010 0.992055833
1341846322.638119 0.114305615 0.001608141 0.013651867 0.107564278 -0.076793157 -0.014750108 0.991118133
1341846322.669947 0.114325568 0.001522187 0.013772848 0.112544991 -0.073802903 -0.016638221 0.990762293
1341846322.702026 0.113886915 0.002044600 0.013142240 0.114784256 -0.071609214 -0.012321848 0.990729451
1341846322.738006 0.114763282 -0.001443923 0.013923054 0.114093974 -0.076028004 -0.010844295 0.990497172
1341846322.770087 0.114870280 -0.001810398 0.014084320 0.114057392 -0.075790651 -0.010362900 0.990524769
1341846322.806047 0.114786968 -0.002079304 0.013978666 0.117008619 -0.076167069 -0.007473147 0.990177631
1341846322.838063 0.114582300 -0.002081065 0.014298016 0.119287193 -0.080304906 -0.005595878 0.989591002
1341846322.870081 0.114617974 -0.002370299 0.014467372 0.120797038 -0.085714169 -0.003559998 0.988963366
1341846322.906018 0.114881881 -0.002451412 0.014449374 0.126034573 -0.087610483 -0.002608460 0.988146186
1341846322.938349 0.114878781 -0.002256628 0.014267325 0.126825646 -0.086560048 -0.002512578 0.988137782
1341846322.970069 0.114976510 -0.002819952 0.014336639 0.121762343 -0.086818725 -0.001689704 0.988753557
1341846323.011820 0.114972994 -0.003347553 0.014841993 0.118990697 -0.086376563 -0.001313106 0.989130199
1341846323.038050 0.114941381 -0.003518504 0.014700090 0.118298694 -0.085911050 0.000017916 0.989254594
1341846323.073951 0.115043715 -0.003475332 0.014653430 0.115773685 -0.086542346 0.001827103 0.989496589
1341846323.105962 0.115032032 -0.003929604 0.014702938 0.112474225 -0.086478941 0.001936015 0.989882410
1341846323.138158 0.114991903 -0.003866390 0.014755106 0.113880426 -0.086289547 -0.000567051 0.989739895
1341846323.174092 0.114874609 -0.003926171 0.014702952 0.112258755 -0.086220041 -0.003178594 0.989926219
1341846323.206059 0.115099072 -0.004033856 0.014966241 0.109584093 -0.087530069 -0.005614291 0.990100145
1341846323.238053 0.115290776 -0.004154040 0.014610497 0.107305020 -0.084389828 -0.008048340 0.990605474
1341846323.273997 0.114858292 -0.004289092 0.014594424 0.102547571 -0.083655387 -0.006275218 0.991184294
1341846323.305946 0.114799291 -0.004459106 0.014732265 0.097723015 -0.086958870 -0.006387136 0.991386712
1341846323.342027 0.115268722 -0.004917054 0.015190355 0.095996551 -0.086205244 -0.008095845 0.991608679
1341846323.374048 0.115103930 -0.005073478 0.014744195 0.095721044 -0.082775258 -0.005832620 0.991943419
1341846323.405987 0.114916377 -0.005566648 0.014001132 0.094436198 -0.086588122 0.000307805 0.991758108
1341846323.441956 0.114892133 -0.005828622 0.014974061 0.096098326 -0.090726532 0.001126063 0.991227806
1341846323.473878 0.114999421 -0.005980004 0.015227752 0.100603193 -0.089919560 0.000112930 0.990854919
1341846323.506129 0.114914030 -0.005927856 0.014803573 0.103479803 -0.089635357 -0.002396195 0.990581512
1341846323.541972 0.115149558 -0.005931356 0.014791009 0.102772087 -0.089927509 -0.005118278 0.990618408
1341846323.573913 0.115659945 -0.006453994 0.014575986 0.102068163 -0.086449392 -0.010234233 0.990961075
1341846323.609927 0.115134574 -0.006363607 0.014939290 0.104020596 -0.079299152 -0.014763596 0.991298854
1341846323.642014 0.115057863 -0.006719965 0.014547319 0.101958856 -0.077802844 -0.012803487 0.991658807
1341846323.674081 0.114985898 -0.007080206 0.014683120 0.101666927 -0.079710864 -0.010182561 0.991567612
1341846323.710069 0.115023412 -0.007519413 0.014811878 0.102497198 -0.081445463 -0.005181336 0.991379917
1341846323.742111 0.114801459 -0.009300982 0.014752007 0.105965868 -0.082736544 -0.005120747 0.990908504
1341846323.774928 0.114867322 -0.009245227 0.014511630 0.110035151 -0.084982909 -0.007620788 0.990258574
1341846323.810012 0.114820294 -0.009376889 0.014640156 0.111481965 -0.085990593 -0.011473189 0.989972591
1341846323.842207 0.114903152 -0.009579617 0.014551333 0.113151766 -0.085915118 -0.016504083 0.989718556
1341846323.878019 0.114985533 -0.008355568 0.014285044 0.114681698 -0.087067142 -0.018172849 0.989412546
1341846323.909826 0.114665300 -0.010159505 0.014664247 0.117985137 -0.088189490 -0.024648547 0.988784373
1341846323.942459 0.114622578 -0.010219658 0.014458595 0.121877253 -0.088287450 -0.024284448 0.988312483
1341846323.978055 0.114406973 -0.010583386 0.014295097 0.123818785 -0.090818204 -0.022878973 0.987875223
1341846324.015934 0.114557683 -0.010662443 0.014526835 0.127599999 -0.093192123 -0.023192767 0.987165391
1341846324.047722 0.114819244 -0.010383491 0.014443525 0.131538659 -0.092034504 -0.022992676 0.986761630
1341846324.083904 0.114768982 -0.010135867 0.014541971 0.131445959 -0.090883896 -0.023463776 0.986869574
1341846324.115968 0.114851207 -0.010032233 0.014317905 0.129395872 -0.088784248 -0.025038054 0.987292826
1341846324.151967 0.115004055 -0.009952501 0.014110669 0.129174381 -0.085905775 -0.029846339 0.987442851
1341846324.183941 0.114777409 -0.009429500 0.014476039 0.127664566 -0.081480101 -0.034037072 0.987878621
1341846324.219984 0.114779912 -0.009158893 0.014553571 0.123268507 -0.079746671 -0.033098139 0.988610029
1341846324.251968 0.114689425 -0.009250144 0.014666654 0.122146182 -0.079643048 -0.033497076 0.988744259
1341846324.284052 0.114494100 -0.009147431 0.014441355 0.122583568 -0.079715423 -0.035029240 0.988631189
1341846324.319880 0.114608772 -0.008352375 0.013864463 0.121433362 -0.083143979 -0.035538159 0.988472581
1341846324.351917 0.114679374 -0.007786519 0.014161387 0.118472025 -0.086488225 -0.037493430 0.988472760
1341846324.388001 0.114998683 -0.007631530 0.014201863 0.114233725 -0.086919181 -0.041574672 0.988770604
1341846324.419908 0.114885986 -0.007375837 0.014463934 0.109705165 -0.084462807 -0.044928443 0.989349425
1341846324.452027 0.114845611 -0.005847748 0.014452404 0.106087610 -0.083977818 -0.044357482 0.989810884
1341846324.487928 0.114838734 -0.005711304 0.014462262 0.104146935 -0.084531151 -0.042166825 0.990065575
1341846324.519985 0.114526056 -0.005268152 0.014520609 0.102205805 -0.086419933 -0.037168656 0.990305066
1341846324.556001 0.114568509 -0.004847988 0.014247186 0.099868417 -0.091184981 -0.033698738 0.990240335
1341846324.587888 0.114557721 -0.004422340 0.014651603 0.096550070 -0.094380736 -0.032015622 0.990325868
1341846324.620086 0.114570521 -0.003958267 0.014563013 0.095167302 -0.096577473 -0.034873463 0.990151405
1341846324.655955 0.114648722 -0.003735324 0.014745447 0.093789496 -0.097879231 -0.036666274 0.990090311
1341846324.688082 0.114653118 -0.003655940 0.014823629 0.092659079 -0.097932003 -0.035283238 0.990241766
1341846324.755922 0.114354655 -0.002705847 0.014365679 0.093349479 -0.100318655 -0.032401718 0.990036428
1341846324.782029 0.114401177 -0.002387649 0.014509339 0.091062881 -0.105134420 -0.033999227 0.989696145
1341846324.814016 0.114754610 -0.002049424 0.014416742 0.087677427 -0.106500737 -0.036133662 0.989780068
1341846324.849979 0.114445910 -0.001512214 0.014810263 0.082815535 -0.102556065 -0.039611049 0.990482092
1341846324.881924 0.114284284 -0.001350136 0.014731118 0.079921074 -0.103507355 -0.040434167 0.990587652
1341846324.913902 0.114400990 -0.001142928 0.015016882 0.078331076 -0.105429895 -0.036902491 0.990649819
1341846324.949999 0.114371084 -0.001076370 0.015210479 0.078448936 -0.105797552 -0.033413421 0.990725100
1341846324.981922 0.114251964 -0.001042391 0.014775834 0.081555516 -0.108301602 -0.029348530 0.990332305
1341846325.018013 0.114028476 -0.000725844 0.014868931 0.085689388 -0.113032117 -0.027155893 0.989516854
1341846325.050079 0.114050761 -0.000216611 0.014476336 0.087833442 -0.117934845 -0.028640334 0.988714516
1341846325.081901 0.114116117 0.000268784 0.014431789 0.087241247 -0.122946993 -0.031527732 0.988068342
1341846325.118531 0.114366055 0.000871322 0.014506954 0.083789408 -0.124374956 -0.034473222 0.988089979
1341846325.149933 0.113578908 0.002055843 0.014239129 0.079222575 -0.120361276 -0.036877330 0.988876641
1341846325.181925 0.114321940 0.000969071 0.014786908 0.074388154 -0.121018678 -0.034532130 0.989256501
1341846325.218055 0.114261441 0.001169499 0.014926323 0.071301490 -0.120931871 -0.030550124 0.989625335
1341846325.249811 0.114154726 0.001441554 0.014974254 0.068856895 -0.120821081 -0.027348012 0.989905596
1341846325.285925 0.113430023 0.002935729 0.014487626 0.067474887 -0.119506583 -0.025187945 0.990217566
1341846325.317988 0.113733858 0.002876730 0.014670974 0.064519592 -0.117856286 -0.022120090 0.990685523
1341846325.349844 0.113637246 0.002759698 0.014911936 0.067079395 -0.113373488 -0.018548112 0.991111875
1341846325.387302 0.113598682 0.003033802 0.014911831 0.071784541 -0.110526249 -0.016365953 0.991142333
1341846325.417931 0.114571773 0.002674008 0.015581300 0.074140415 -0.107331641 -0.012947575 0.991370499
1341846325.450747 0.114759363 0.002434223 0.015389098 0.078580879 -0.099680938 -0.010539019 0.991855681
1341846325.485954 0.114285730 0.002997971 0.016075833 0.087734133 -0.092659466 -0.006984652 0.991800487
1341846325.517875 0.114215456 0.003200510 0.016164279 0.090810783 -0.090080149 -0.004377415 0.991776109
1341846325.553859 0.114176311 0.003386312 0.016186090 0.094195455 -0.086224139 -0.005007317 0.991800129
1341846325.585855 0.113646626 0.004384387 0.015203916 0.096876092 -0.082231469 -0.006311177 0.991873562
1341846325.617990 0.114109792 0.004676598 0.015892735 0.094113536 -0.081218868 -0.007794519 0.992212355
1341846325.653982 0.113511421 0.004564930 0.015321603 0.091014273 -0.078348614 -0.010866239 0.992703259
1341846325.685819 0.113514915 0.004519333 0.015419365 0.096275486 -0.077200271 -0.008733264 0.992317915
1341846325.717857 0.113442197 0.004905567 0.015528971 0.100277320 -0.076457322 -0.001879211 0.992015719
1341846325.754083 0.113741815 0.004599613 0.016238349 0.102163702 -0.077163130 0.002728432 0.991766572
1341846325.786087 0.113854259 0.004793216 0.016284771 0.108716570 -0.077070870 0.005068426 0.991067648
1341846325.821856 0.114084840 0.004527587 0.016236162 0.112165757 -0.075944394 0.006220893 0.990763664
1341846325.853827 0.113291360 0.005712577 0.015532872 0.113076568 -0.073710732 0.009906244 0.990798831
1341846325.885958 0.113073006 0.006106668 0.015221671 0.113262519 -0.076072633 0.015296537 0.990530431
1341846325.921984 0.113194920 0.006194341 0.015624209 0.111364581 -0.080516674 0.020094326 0.990308642
1341846325.953899 0.113548830 0.006262167 0.015777681 0.114056729 -0.081381589 0.022667538 0.989875853
1341846325.985823 0.113906600 0.006330855 0.016615884 0.116370901 -0.079041153 0.026315721 0.989705920
1341846326.021991 0.113674596 0.006994903 0.016879991 0.119600900 -0.078573301 0.032418329 0.989176869
1341846326.054055 0.113753676 0.007373421 0.016850395 0.124423496 -0.079558000 0.036892425 0.988346219
1341846326.089984 0.113981389 0.007859808 0.016790353 0.127246067 -0.078108929 0.036187775 0.988128483
1341846326.121822 0.113867074 0.008240420 0.017133785 0.127555892 -0.073796853 0.033841442 0.988503039
1341846326.154079 0.113743730 0.008270961 0.017246973 0.128069401 -0.071141504 0.032533281 0.988675237
1341846326.190178 0.113665454 0.008611254 0.017252447 0.130386293 -0.071601659 0.035038117 0.988253474
1341846326.222162 0.113538407 0.009100040 0.017102936 0.129402027 -0.072833717 0.039798964 0.988112569
1341846326.259181 0.113477513 0.009393669 0.017203031 0.125662431 -0.075257353 0.043193799 0.988270998
1341846326.291222 0.113575310 0.009640966 0.017362252 0.121838406 -0.076174080 0.043495893 0.988666296
1341846326.322766 0.113805376 0.010638772 0.017621059 0.118444555 -0.076378852 0.042493392 0.989106417
1341846326.359773 0.113903441 0.010852557 0.017665818 0.114626713 -0.074878030 0.039992165 0.989775062
1341846326.392109 0.113854907 0.010682026 0.017918903 0.112909511 -0.072895594 0.039874848 0.990125060
1341846326.423985 0.113728613 0.010902016 0.018003568 0.117049091 -0.072135940 0.045557890 0.989454627
1341846326.459869 0.113594361 0.011346218 0.017887352 0.118945844 -0.074160360 0.048605062 0.988933623
1341846326.491143 0.113777950 0.011559834 0.018130178 0.119588003 -0.075674273 0.048947204 0.988724589
1341846326.526163 0.114059351 0.012103695 0.018092645 0.119137265 -0.073630877 0.049113136 0.988925040
1341846326.560211 0.113793001 0.012469987 0.018288571 0.113860689 -0.068776004 0.048243441 0.989938498
1341846326.591828 0.113826223 0.012978195 0.018547947 0.110774614 -0.066978000 0.050015517 0.990323901
1341846326.627027 0.113855392 0.013380094 0.018583136 0.110996090 -0.065327182 0.048928704 0.990463614
1341846326.658442 0.113953076 0.013922939 0.018676069 0.109696865 -0.061501507 0.046684165 0.990961492
1341846326.694856 0.113752969 0.014158363 0.018774955 0.105654784 -0.057436753 0.046515662 0.991652310
1341846326.726206 0.113791049 0.014099679 0.018845536 0.099565148 -0.056445744 0.044389207 0.992436528
1341846326.762753 0.113905393 0.014559045 0.018795179 0.094262965 -0.053963464 0.040604830 0.993254125
1341846326.794046 0.113925152 0.015230460 0.018974226 0.087301724 -0.049975615 0.037656222 0.994214714
1341846326.826821 0.113961719 0.015747268 0.019333376 0.080917738 -0.047761269 0.035156060 0.994954884
1341846326.858887 0.113853008 0.016490610 0.019085582 0.072747126 -0.045907121 0.033579167 0.995727301
1341846326.895360 0.113637313 0.016285723 0.019088471 0.069113821 -0.045703627 0.035327908 0.995934963
1341846326.926897 0.113623306 0.016578699 0.019084658 0.070868522 -0.049591839 0.037394252 0.995550096
1341846326.958888 0.113747850 0.016916681 0.019469356 0.073425069 -0.052547626 0.040232319 0.995102465
1341846326.994594 0.113947593 0.017343203 0.019263191 0.074013479 -0.052201468 0.042340420 0.994989634
1341846327.026301 0.113916285 0.017854998 0.019256398 0.072373517 -0.050473616 0.042288609 0.995201588
1341846327.063945 0.113990985 0.017889708 0.019526267 0.069089182 -0.048048303 0.038596164 0.995704949
1341846327.094662 0.113934055 0.018760653 0.019790828 0.069772869 -0.045618247 0.035813980 0.995875537
1341846327.128901 0.113832705 0.019104406 0.019866139 0.068994313 -0.045140211 0.034102593 0.996011615
1341846327.161940 0.113970071 0.019490255 0.019853208 0.068089530 -0.046616808 0.033602886 0.996022880
1341846327.193867 0.114106826 0.019686431 0.019706622 0.067012690 -0.045369696 0.031153556 0.996233046
1341846327.229885 0.114185624 0.020014694 0.020236989 0.068561248 -0.042383526 0.029986801 0.996295035
1341846327.262014 0.114416175 0.020574015 0.019992286 0.069025509 -0.039032079 0.029296622 0.996420443
1341846327.294023 0.114776880 0.020683000 0.017965659 0.070566803 -0.027672121 0.014333864 0.997020125
1341846327.330015 0.114585720 0.021355780 0.020174723 0.073353179 -0.014681980 0.015222341 0.997081757
1341846327.361939 0.114273190 0.021589320 0.021202777 0.072124906 -0.008645115 0.012811904 0.997275829
1341846327.393887 0.114393115 0.022093570 0.021142282 0.072532907 -0.007277580 0.005347029 0.997325122
1341846327.429966 0.114481397 0.023191972 0.020718124 0.073104978 -0.008444350 0.007011869 0.997263849
1341846327.461965 0.114009477 0.023660960 0.020481879 0.064173579 -0.010016338 0.004600640 0.997877896
1341846327.497931 0.114195049 0.023918392 0.021165797 0.058743142 -0.012616051 0.001061474 0.998192847
1341846327.530068 0.114207461 0.024321597 0.021322822 0.057602938 -0.012814009 0.005030967 0.998244643
1341846327.561895 0.114091061 0.024588881 0.021470100 0.055509444 -0.014893777 0.008330988 0.998312294
1341846327.598010 0.114069469 0.024769017 0.021638650 0.056733552 -0.018469227 0.013891386 0.998121858
1341846327.629945 0.113705240 0.025201716 0.021423012 0.056451693 -0.021182522 0.013431207 0.998090208
1341846327.662003 0.113911733 0.025603727 0.021095447 0.056697432 -0.026031388 0.010554104 0.997996211
1341846327.697919 0.114013493 0.026123676 0.021163035 0.059970759 -0.027902143 0.011391032 0.997745097
1341846327.730075 0.113803864 0.027474070 0.021445457 0.058622416 -0.027654378 0.012108979 0.997823656
1341846327.766017 0.113743283 0.027178191 0.021362020 0.050365377 -0.027317081 0.012095839 0.998283923
1341846327.797917 0.113501802 0.027736530 0.021326007 0.046599884 -0.026922267 0.014638381 0.998443484
1341846327.830054 0.113553293 0.028119141 0.021317700 0.040393792 -0.027325215 0.015061253 0.998696566
1341846327.865944 0.113839917 0.028550463 0.021465039 0.037554279 -0.027229087 0.013531225 0.998831868
1341846327.898010 0.113685496 0.029271269 0.021880018 0.035857886 -0.025587499 0.014833757 0.998919129
1341846327.929991 0.113863692 0.029237006 0.021820648 0.029784365 -0.028182605 0.013692983 0.999065161
1341846327.966065 0.113786623 0.029739605 0.021724051 0.026954550 -0.027053561 0.011120063 0.999208629
1341846327.998073 0.113695800 0.030163521 0.021799760 0.021248538 -0.025265191 0.006891777 0.999431193
1341846328.034045 0.113948166 0.030020447 0.021745624 0.013208155 -0.025262248 0.004474038 0.999583602
1341846328.065993 0.113866247 0.030417623 0.021734565 0.009161737 -0.023775855 0.004812533 0.999663770
1341846328.098045 0.113891251 0.030152418 0.022066340 0.008074069 -0.023345076 0.005741091 0.999678373
1341846328.133967 0.113903373 0.030104196 0.021792138 0.010480030 -0.024909813 0.009105322 0.999593318
1341846328.166023 0.113708563 0.030014865 0.021829570 0.009819751 -0.027103584 0.009933889 0.999535024
1341846328.198018 0.113647565 0.029563554 0.021591354 0.009481677 -0.029658685 0.007216764 0.999489069
1341846328.234044 0.113581911 0.029136775 0.021617590 0.011557673 -0.030766079 0.005931488 0.999442220
1341846328.265899 0.113720618 0.028877085 0.021503959 0.013534836 -0.033284601 0.006600798 0.999332488
1341846328.302051 0.113648921 0.027735002 0.021296771 0.013743207 -0.033329446 0.007062112 0.999324977
1341846328.333917 0.113563187 0.027178688 0.021190694 0.016324127 -0.033156797 0.009411193 0.999272525
1341846328.366008 0.113559745 0.026672870 0.021108447 0.020402925 -0.033824127 0.007222824 0.999193430
1341846328.402010 0.113580212 0.026151368 0.021085659 0.033869337 -0.032869142 0.012417076 0.998808444
1341846328.433920 0.113702863 0.025271857 0.020932479 0.037728749 -0.035609327 0.011791044 0.998583734
1341846328.470003 0.113852546 0.024541603 0.020843403 0.037128810 -0.037318256 0.005580106 0.998597860
1341846328.502194 0.113948077 0.023866000 0.020671310 0.039646298 -0.035392638 -0.001713812 0.998585284
1341846328.534033 0.114045851 0.023343509 0.020725794 0.041501489 -0.033126500 -0.003741938 0.998582125
1341846328.570125 0.114020504 0.022581162 0.020517673 0.042457122 -0.031865485 -0.004875779 0.998578131
1341846328.602804 0.113477349 0.021356355 0.020646160 0.045637518 -0.035446294 -0.001125833 0.998328388
1341846328.636433 0.113652028 0.019924246 0.020456931 0.048135903 -0.044528890 0.000618272 0.997847557
1341846328.672663 0.113778919 0.019497698 0.020303966 0.053162850 -0.050151695 0.000635793 0.997325480
1341846328.702975 0.113974832 0.018749749 0.020325717 0.054429583 -0.054221392 -0.001140613 0.997043729
1341846328.738215 0.114090346 0.017537747 0.020424517 0.060573563 -0.055965059 -0.006363150 0.996573269
1341846328.770129 0.114155188 0.017211273 0.019893954 0.065296695 -0.056712598 -0.009437974 0.996208310
1341846328.802331 0.114165135 0.016593255 0.019601857 0.065713987 -0.059899945 -0.008996941 0.995998323
1341846328.838051 0.114265084 0.015991893 0.019633597 0.068702228 -0.062177036 -0.009969779 0.995647848
1341846328.869939 0.114461698 0.016310012 0.019507248 0.069444619 -0.064046413 -0.009471050 0.995482743
1341846328.904486 0.114394762 0.015784627 0.019796668 0.065224938 -0.066690505 -0.010465777 0.995584548
1341846328.939814 0.114612281 0.014818583 0.019808307 0.066341981 -0.070771649 -0.009220507 0.995241225
1341846328.970217 0.114604175 0.014748327 0.019653752 0.070701487 -0.072419189 -0.006465913 0.994844198
1341846329.006232 0.114765637 0.014266423 0.019418895 0.070502989 -0.075459078 -0.001366047 0.994652390
1341846329.038243 0.114836439 0.013398649 0.018978149 0.073590152 -0.076390453 -0.000560909 0.994358420
1341846329.072238 0.114997149 0.013222173 0.018707372 0.077912845 -0.075970508 -0.000410436 0.994061351
1341846329.106125 0.114921317 0.013311857 0.018752836 0.077080764 -0.076490328 -0.001645441 0.994085014
1341846329.138340 0.114904463 0.012474541 0.018702682 0.078151286 -0.077088892 -0.003960331 0.993948698
1341846329.169991 0.114986546 0.012434955 0.018402856 0.080113806 -0.078189626 -0.004148202 0.993705690
1341846329.208656 0.115095556 0.012188065 0.018447280 0.080851898 -0.079436302 -0.005496365 0.993540466
1341846329.238169 0.115223549 0.012239067 0.018294282 0.080752932 -0.080773331 -0.005207710 0.993442237
1341846329.273827 0.115140460 0.011700221 0.018362952 0.078315653 -0.081627801 -0.004430017 0.993571281
1341846329.306052 0.115190484 0.011642451 0.018160328 0.079119578 -0.084156968 -0.005517180 0.993291140
1341846329.338104 0.115370542 0.011621878 0.018155923 0.075971015 -0.086172447 -0.007793792 0.993348897
1341846329.373907 0.115272842 0.010980831 0.018059796 0.072104692 -0.086351089 -0.009857558 0.993603170
1341846329.405985 0.115299724 0.010615101 0.017979896 0.073566727 -0.088107318 -0.012102586 0.993316948
1341846329.442057 0.115356676 0.010577500 0.017900739 0.073586538 -0.088521540 -0.015730932 0.993227839
1341846329.473950 0.115258276 0.010126574 0.017783742 0.072631739 -0.089310221 -0.021559572 0.993118107
1341846329.506147 0.115270287 0.009986760 0.017534329 0.073247485 -0.091062881 -0.024167594 0.992853582
1341846329.542121 0.115128867 0.009624949 0.017431317 0.071282767 -0.093688443 -0.024771556 0.992737412
1341846329.574086 0.115208209 0.008969963 0.017568130 0.073153518 -0.096424006 -0.026081817 0.992305756
1341846329.606387 0.115282156 0.009017581 0.017396208 0.076420702 -0.097137719 -0.026942873 0.991966844
1341846329.641955 0.115203433 0.008890805 0.017206956 0.076334178 -0.098161563 -0.026967943 0.991872013
1341846329.681570 0.115098134 0.008513809 0.017247533 0.075099625 -0.100968294 -0.026280023 0.991702974
1341846329.748113 0.115301535 0.008305846 0.017189816 0.077540703 -0.101371124 -0.028815085 0.991403580
1341846329.774077 0.115296558 0.007911022 0.017165031 0.075313754 -0.099419132 -0.026721429 0.991831481
1341846329.810175 0.115179613 0.007555442 0.017144427 0.075322248 -0.097990401 -0.024550410 0.992029071
1341846329.842255 0.115190201 0.006884259 0.016990623 0.075668439 -0.097928226 -0.021099200 0.992088318
1341846329.874044 0.115081370 0.006679304 0.017034141 0.077296503 -0.097994797 -0.017830065 0.992020369
1341846329.910073 0.115112558 0.006766784 0.016862772 0.077533312 -0.098438516 -0.015806094 0.991992235
1341846329.942009 0.115076840 0.006791416 0.016930703 0.072746947 -0.098959662 -0.010379872 0.992374480
1341846329.978087 0.114963882 0.006040664 0.017052250 0.069981016 -0.099332102 -0.008729642 0.992552042
1341846330.016305 0.115226060 0.006289825 0.016751323 0.072622404 -0.098500162 -0.011114446 0.992421389
1341846330.048192 0.115119837 0.006476377 0.016541647 0.068891473 -0.096722104 -0.009934508 0.992874682
1341846330.080418 0.115043074 0.005878431 0.016695242 0.064091578 -0.096812986 -0.008512472 0.993200421
1341846330.115886 0.115057558 0.005336472 0.016715555 0.066555992 -0.095448248 -0.007071696 0.993181705
1341846330.147839 0.114926919 0.005847543 0.016490208 0.069609769 -0.095043741 -0.005304769 0.993022203
1341846330.181257 0.115125313 0.006290957 0.016368842 0.064912677 -0.096132830 -0.001873855 0.993247867
1341846330.215852 0.115047134 0.005866969 0.016454026 0.058417819 -0.094608761 -0.003184236 0.993793964
1341846330.247833 0.114874832 0.005657978 0.016544178 0.056628298 -0.094030760 -0.004188159 0.993948638
1341846330.283913 0.114969678 0.006170527 0.016251210 0.053602643 -0.094595224 -0.004098845 0.994063258
1341846330.316011 0.114781871 0.005786624 0.016295508 0.047084793 -0.094812676 -0.005539360 0.994365573
1341846330.347868 0.114714913 0.005399478 0.016399430 0.044457421 -0.096644036 -0.006790543 0.994302452
1341846330.383835 0.114820935 0.005294422 0.016409574 0.042391542 -0.097221471 -0.006455155 0.994338632
1341846330.415934 0.114719987 0.004855454 0.016427066 0.041776855 -0.096064411 -0.008486908 0.994461834
1341846330.452561 0.114651918 0.004807549 0.016233969 0.044748235 -0.096448436 -0.009677331 0.994284511
1341846330.483903 0.114501297 0.004986609 0.016138431 0.044769615 -0.098214015 -0.006978854 0.994133294
1341846330.515970 0.114419155 0.004714172 0.016112598 0.042969316 -0.100231811 -0.004774513 0.994024396
1341846330.552099 0.114534393 0.004613781 0.016016070 0.043977559 -0.101852395 -0.001956696 0.993825078
1341846330.583876 0.114478312 0.004912816 0.015877232 0.043900549 -0.101856858 -0.001892653 0.993828118
1341846330.619992 0.114291087 0.005289092 0.015748907 0.040153470 -0.102465510 -0.003074274 0.993921101
1341846330.652136 0.114405811 0.005009992 0.015585901 0.033257704 -0.104101636 -0.004650418 0.993999600
1341846330.683796 0.114340298 0.004925009 0.015399329 0.028763218 -0.103467010 -0.006596583 0.994195044
1341846330.719991 0.114145875 0.004522814 0.015278222 0.025509821 -0.105470724 -0.006091802 0.994076490
1341846330.752103 0.114086635 0.004408994 0.015220232 0.026701564 -0.109997101 -0.001556661 0.993571997
1341846330.787952 0.113817394 0.004592305 0.015122107 0.027740134 -0.113983095 0.001538750 0.993094146
1341846330.819823 0.113987580 0.004607516 0.015020304 0.026991712 -0.118983373 0.002528137 0.992526114
1341846330.852208 0.114108555 0.004821675 0.014799617 0.026651457 -0.120927192 0.003756829 0.992296457
1341846330.888445 0.113779314 0.004969096 0.014338635 0.023332538 -0.121542282 0.003795483 0.992304742
1341846330.914111 0.114007518 0.004986669 0.014065042 0.017541999 -0.123017460 0.002181265 0.992247045
1341846330.949903 0.113698319 0.004619403 0.014283484 0.013815008 -0.123874553 0.001390447 0.992200732
1341846330.981986 0.113455676 0.004752477 0.014101967 0.014928672 -0.127812400 0.001894651 0.991684198
1341846331.014111 0.113530323 0.004887047 0.014059244 0.014599324 -0.131947994 0.001845376 0.991147399
1341846331.082139 0.113549665 0.004777344 0.013867610 0.016256148 -0.135115415 -0.000984881 0.990696013
1341846331.114334 0.113471486 0.004908740 0.013722111 0.016292006 -0.136913210 -0.001472054 0.990447938
1341846331.149989 0.113589227 0.004594677 0.013776747 0.016045535 -0.138216004 -0.002457938 0.990269065
1341846331.181954 0.113586329 0.004953392 0.014001773 0.020268336 -0.138944790 -0.002712187 0.990088999
1341846331.218151 0.113262020 0.005052837 0.013514059 0.019399945 -0.141428679 -0.001617738 0.989757001
1341846331.249914 0.113571174 0.004679959 0.013587347 0.016567586 -0.143509731 -0.003383975 0.989504457
1341846331.282227 0.114207625 0.003996552 0.013793093 0.020879053 -0.141006976 -0.003241411 0.989783108
1341846331.318141 0.113924548 0.004688390 0.013572045 0.027667407 -0.134874046 -0.005196468 0.990462780
1341846331.349926 0.113988362 0.004754514 0.013840282 0.027233319 -0.132138610 -0.007671638 0.990827382
1341846331.382003 0.115255065 0.003645559 0.014356480 0.027672455 -0.128386304 -0.005887502 0.991320610
1341846331.418008 0.114454336 0.004405575 0.014138558 0.037006356 -0.117064424 -0.006415201 0.992413878
1341846331.450327 0.114077426 0.004641308 0.014708815 0.039532255 -0.111247443 -0.007203630 0.992980003
1341846331.486219 0.113937490 0.005175555 0.014965225 0.040597066 -0.109029129 -0.004953842 0.993196845
1341846331.518344 0.114206381 0.005084483 0.015155441 0.039148036 -0.108793505 -0.006125362 0.993274331
1341846331.550202 0.114307985 0.004780468 0.015631050 0.041368440 -0.104586475 -0.007491107 0.993626833
1341846331.586139 0.114009932 0.005256871 0.015662106 0.044261076 -0.102558859 -0.006280211 0.993721902
1341846331.617931 0.114184976 0.005284943 0.015891934 0.043151304 -0.102783881 -0.006604009 0.993745387
1341846331.654027 0.114329897 0.004748376 0.016118474 0.042996846 -0.100454770 -0.006182505 0.993992865
1341846331.686123 0.114211448 0.005059054 0.016050441 0.045536637 -0.097441696 -0.004155261 0.994190216
1341846331.717954 0.114062347 0.005436693 0.016226273 0.042877134 -0.098146200 -0.004077812 0.994239509
1341846331.754076 0.114273742 0.004934950 0.016759109 0.039877042 -0.098131806 -0.005592656 0.994358420
1341846331.785920 0.114276156 0.004916179 0.016999045 0.042907484 -0.095341794 -0.006450426 0.994498491
1341846331.818053 0.114203140 0.005262493 0.017412717 0.043831144 -0.093845338 -0.005798272 0.994604588
1341846331.853849 0.114126593 0.005009323 0.017881818 0.042233463 -0.093393184 -0.006437296 0.994712293
1341846331.885987 0.114298917 0.004889400 0.018284675 0.045275897 -0.091277234 -0.008556905 0.994758904
1341846331.922014 0.114199482 0.005144518 0.018749768 0.047660083 -0.088299364 -0.008657726 0.994915485
1341846331.954037 0.114308193 0.005177154 0.019102236 0.047584500 -0.085795708 -0.008203275 0.995141983
1341846331.986135 0.114452414 0.004661402 0.019606015 0.049065538 -0.080485567 -0.006126374 0.995528579
1341846332.022364 0.114028662 0.004585884 0.020150928 0.055928707 -0.075341918 -0.005373987 0.995573580
1341846332.054175 0.113864988 0.004787073 0.020666929 0.062463406 -0.075556196 -0.002507027 0.995180011
1341846332.086502 0.113870524 0.005079675 0.021037979 0.065345339 -0.075827807 -0.001104957 0.994976878
1341846332.122051 0.113800794 0.005249470 0.021337006 0.067457236 -0.074606463 -0.001775009 0.994927287
1341846332.153983 0.113425598 0.005710734 0.021826191 0.066557832 -0.074442536 -0.004797843 0.994990170
1341846332.190165 0.113475598 0.005465412 0.022208625 0.060150929 -0.075711228 -0.007641605 0.995284498
1341846332.222699 0.113385908 0.004916096 0.022855695 0.056422442 -0.076442145 -0.008448158 0.995440483
1341846332.254145 0.113392502 0.004785793 0.023032455 0.059079062 -0.075929672 -0.009102771 0.995319784
1341846332.289948 0.113295570 0.004987413 0.023125814 0.060941741 -0.076175041 -0.006602482 0.995208442
1341846332.322172 0.113222405 0.004911299 0.023649996 0.061443049 -0.076835416 -0.004667229 0.995137811
1341846332.354003 0.113237657 0.004766889 0.024173601 0.064011775 -0.075139448 -0.007083755 0.995091140
1341846332.390180 0.113245666 0.005168505 0.024354467 0.066714793 -0.070534036 -0.009971509 0.995225906
1341846332.422055 0.113038860 0.005272933 0.024798576 0.065136977 -0.067954712 -0.013089031 0.995473742
1341846332.458114 0.113122933 0.005061273 0.025087144 0.064523421 -0.065621436 -0.017619662 0.995600402
1341846332.489993 0.112792656 0.005267620 0.025301991 0.065805227 -0.063288823 -0.016090870 0.995693386
1341846332.522130 0.112533808 0.005328263 0.025656942 0.064440258 -0.066760041 -0.010834272 0.995627046
1341846332.558114 0.112636380 0.005238969 0.025823299 0.063569985 -0.072661214 -0.003880577 0.995321155
1341846332.589874 0.112911180 0.005546013 0.026160346 0.063450992 -0.076158114 0.001177514 0.995074093
1341846332.621889 0.112967610 0.005771288 0.026245188 0.059498820 -0.076012053 0.002222930 0.995327652
1341846332.658202 0.113077275 0.005721441 0.026802892 0.055815648 -0.076012641 0.000835388 0.995543063
1341846332.690001 0.112920769 0.005785856 0.027206877 0.053684030 -0.074476644 0.000564816 0.995776534
1341846332.726000 0.112749591 0.005633883 0.027578374 0.051775526 -0.075277314 0.005021661 0.995804906
1341846332.758386 0.112912878 0.005641833 0.027872650 0.052300341 -0.078377321 0.006832856 0.995527506
1341846332.789937 0.113196850 0.005927626 0.028255438 0.052283391 -0.077947907 0.005098413 0.995572507
1341846332.825925 0.113183945 0.005878967 0.028775821 0.050260019 -0.075577587 0.003970596 0.995864570
1341846332.857898 0.113214269 0.005824248 0.029074384 0.051143691 -0.074252769 0.003154454 0.995922148
1341846332.894069 0.113192305 0.006214419 0.029275713 0.051700681 -0.074377112 0.003620978 0.995882511
1341846332.926029 0.113363013 0.006311512 0.029503316 0.048290636 -0.074224405 0.001562696 0.996070445
1341846332.958015 0.113383360 0.006334542 0.029789262 0.045463815 -0.071686201 -0.001289067 0.996389747
1341846332.994073 0.113453053 0.006447645 0.030086707 0.043068841 -0.070669472 -0.002662670 0.996565998
1341846333.026545 0.113667123 0.006530826 0.030529041 0.040903758 -0.070041411 -0.005152092 0.996691823
1341846333.057998 0.113839410 0.006655405 0.031142455 0.040457226 -0.068110220 -0.005945351 0.996839404
1341846333.094024 0.113829896 0.006622600 0.031348903 0.040357798 -0.066573672 -0.001903793 0.996963203
1341846333.126095 0.114083424 0.006813514 0.031707462 0.041260313 -0.065930866 0.001111974 0.996970117
1341846333.161973 0.114126995 0.007029422 0.031809065 0.040582471 -0.062930457 0.002119388 0.997190177
1341846333.195660 0.114127085 0.007104382 0.032146759 0.037976887 -0.061021775 0.003801393 0.997406483
1341846333.226331 0.114046901 0.007088210 0.032410461 0.036534443 -0.059571635 0.003071137 0.997550488
1341846333.262056 0.114030316 0.007314656 0.032633930 0.034261145 -0.058504090 0.000095665 0.997699082
1341846333.294147 0.114031427 0.007303698 0.032677285 0.030874774 -0.058511298 -0.000512367 0.997809052
1341846333.326100 0.114268288 0.007198826 0.033078000 0.028884700 -0.060983017 -0.001141632 0.997720122
1341846333.362100 0.114159636 0.007471920 0.033004306 0.026141681 -0.060406402 -0.004643168 0.997820675
1341846333.394119 0.114232831 0.007416277 0.033109158 0.022971615 -0.061829068 -0.005049559 0.997809589
1341846333.429974 0.114184454 0.007362065 0.032974862 0.021768188 -0.063037165 -0.005380044 0.997759223
1341846333.462115 0.114197545 0.007241921 0.033092916 0.021316761 -0.062963441 -0.006947926 0.997763991
1341846333.494040 0.114307143 0.007348787 0.033178754 0.022776665 -0.062669203 -0.007778339 0.997744083
1341846333.529953 0.114325821 0.007292681 0.033157401 0.023143940 -0.061423622 -0.008158173 0.997810066
1341846333.562063 0.114238150 0.007248890 0.032728918 0.023654474 -0.059028454 -0.006069360 0.997957528
1341846333.594090 0.114018276 0.007589418 0.032860760 0.022956025 -0.059113242 -0.005955157 0.997969568
1341846333.629994 0.114141710 0.007570771 0.033154845 0.019179014 -0.061702538 -0.007903965 0.997879028
1341846333.662127 0.114165641 0.007786872 0.033085134 0.017390085 -0.062686935 -0.009172346 0.997839570
1341846333.697964 0.114140682 0.007484833 0.033102557 0.014477715 -0.062119521 -0.007994892 0.997931659
1341846333.730092 0.114116229 0.007342923 0.032893635 0.016437897 -0.061944578 -0.007108058 0.997918904
1341846333.762089 0.114112936 0.007465129 0.032834642 0.018798180 -0.061197996 -0.005689625 0.997932434
1341846333.798006 0.114165112 0.007320200 0.032675285 0.019677529 -0.061055530 -0.006057978 0.997922003
1341846333.830055 0.114276610 0.007383337 0.032579768 0.022609062 -0.060244996 -0.007281998 0.997900963
1341846333.866045 0.114036284 0.007356012 0.032380000 0.023872305 -0.057755273 -0.007290417 0.998018682
1341846333.897987 0.114053197 0.007278546 0.032205820 0.025729628 -0.058065351 -0.008989790 0.997940660
1341846333.930099 0.113928981 0.007117321 0.031945545 0.027961837 -0.056547105 -0.009297971 0.997964978
1341846333.965889 0.113953590 0.007238707 0.031799775 0.031083992 -0.056105677 -0.009312518 0.997897387
1341846333.997985 0.113991305 0.006983194 0.031568728 0.032865386 -0.055128906 -0.009757214 0.997890532
1341846334.030076 0.113942958 0.006926793 0.031035662 0.035878655 -0.054278627 -0.008302657 0.997846484
1341846334.066000 0.113770016 0.006937659 0.031118138 0.037238698 -0.053861458 -0.006125166 0.997834980
1341846334.097932 0.113986269 0.006925174 0.030852474 0.039341908 -0.054788586 -0.006373821 0.997702241
1341846334.133884 0.113742478 0.006870270 0.030555321 0.040706258 -0.052960735 -0.006498327 0.997745395
1341846334.166115 0.113624714 0.006998235 0.030305883 0.041342597 -0.054087263 -0.005393421 0.997665405
1341846334.198072 0.113549449 0.006923893 0.030084772 0.041326474 -0.055325434 -0.006062362 0.997594297
1341846334.234097 0.113654770 0.006968095 0.029896155 0.041895088 -0.055068396 -0.006894968 0.997579455
1341846334.266045 0.113571167 0.007008274 0.029633889 0.042390965 -0.053560264 -0.006503057 0.997643232
1341846334.297946 0.113378726 0.006995032 0.029425101 0.043509394 -0.055030804 -0.005111198 0.997523129
1341846334.334036 0.113400832 0.007002310 0.029189438 0.043572798 -0.056812383 -0.004570935 0.997423112
1341846334.365871 0.113318115 0.007141655 0.028965067 0.043849893 -0.056201421 -0.006974085 0.997431636
1341846334.401845 0.113305748 0.007026224 0.028719351 0.041856728 -0.055531107 -0.007595737 0.997550309
1341846334.433864 0.113077745 0.006875910 0.028350253 0.041821089 -0.056023594 -0.007111041 0.997527838
1341846334.466105 0.113261625 0.007023552 0.027983850 0.042582493 -0.058710959 -0.006287813 0.997346580
1341846334.502142 0.113153525 0.007202106 0.027719215 0.041630648 -0.059639409 -0.005372002 0.997337043
1341846334.540153 0.113151252 0.007077954 0.027358601 0.040654864 -0.060585707 -0.007094489 0.997309506
1341846334.566584 0.113058373 0.007437656 0.027025918 0.040403381 -0.061258059 -0.009844875 0.997255266
1341846334.602351 0.112582885 0.007434805 0.026771000 0.037678894 -0.063034520 -0.015491395 0.997179508
1341846334.634069 0.112605758 0.007265093 0.026412504 0.034789912 -0.064737983 -0.021053812 0.997073412
1341846334.670161 0.112574905 0.007175335 0.026189314 0.032648467 -0.065316558 -0.022972522 0.997065723
1341846334.702085 0.112423338 0.007034788 0.025918584 0.030959569 -0.067354538 -0.022636967 0.996991694
1341846334.734751 0.112406835 0.007061508 0.025593812 0.030962555 -0.070113949 -0.021291912 0.996830940
1341846334.770889 0.112311840 0.007115690 0.025224403 0.030833585 -0.071405053 -0.018856179 0.996792376
1341846334.802194 0.112234898 0.007219337 0.024830632 0.030853987 -0.073764861 -0.018366266 0.996629059
1341846334.833908 0.112369262 0.007281999 0.024490081 0.030425124 -0.075644173 -0.019559329 0.996478617
1341846334.869874 0.112273216 0.007353408 0.024219967 0.028967172 -0.075705789 -0.020152740 0.996505618
1341846334.902006 0.112089850 0.007359480 0.023810646 0.027602755 -0.076880492 -0.020066885 0.996456087
1341846334.938010 0.112054072 0.007379946 0.023621650 0.027130038 -0.080119491 -0.020453466 0.996206045
1341846334.970032 0.112273157 0.007148302 0.023096524 0.026121959 -0.081588477 -0.020830004 0.996105969
1341846335.002203 0.112129144 0.007118415 0.023024743 0.027482208 -0.081168838 -0.019379742 0.996132910
1341846335.037880 0.111921363 0.007209012 0.022520142 0.029827641 -0.083754346 -0.016579011 0.995901883
1341846335.069990 0.112079449 0.007399675 0.022356914 0.030547919 -0.087046541 -0.017018806 0.995590329
1341846335.106038 0.112371095 0.007240356 0.021959465 0.030565700 -0.086681858 -0.018207142 0.995600581
1341846335.138045 0.112054780 0.007244198 0.021687075 0.032382671 -0.084834337 -0.019287137 0.995681942
1341846335.169900 0.112097301 0.007386325 0.020983372 0.032627225 -0.087516725 -0.018581238 0.995455146
1341846335.206091 0.112203181 0.007366093 0.020832157 0.031776719 -0.089843415 -0.020697167 0.995233655
1341846335.239365 0.112283237 0.007208569 0.020476144 0.031716082 -0.088766120 -0.023473917 0.995270669
1341846335.269948 0.112221375 0.007063840 0.019878665 0.033266343 -0.087267004 -0.024764100 0.995321333
1341846335.305972 0.112050228 0.007077611 0.019562969 0.034964077 -0.088582136 -0.023923932 0.995167494
1341846335.338012 0.112246878 0.007041193 0.019275770 0.036262196 -0.090636440 -0.022033893 0.994979680
1341846335.374005 0.112351835 0.006743107 0.019126514 0.040090799 -0.089127526 -0.020718750 0.994997382
1341846335.406025 0.112353459 0.006779830 0.018789608 0.046888772 -0.087096550 -0.017850311 0.994935691
1341846335.438079 0.112368606 0.006913212 0.018199259 0.051823780 -0.086271077 -0.014205988 0.994821489
1341846335.473998 0.112512589 0.007065322 0.018025568 0.054075211 -0.085106120 -0.012703246 0.994822323
1341846335.507038 0.112725616 0.007242831 0.017431494 0.055501759 -0.082829274 -0.014150907 0.994916379
1341846335.538040 0.112532400 0.007565464 0.017258998 0.055708598 -0.079968967 -0.016406404 0.995104194
1341846335.574119 0.112329401 0.007580446 0.016956696 0.053269390 -0.079590827 -0.016601121 0.995264828
1341846335.605970 0.112527795 0.007336966 0.016747480 0.051154509 -0.080948368 -0.016809022 0.995262802
1341846335.641978 0.112701736 0.007418151 0.016206112 0.052489918 -0.079956919 -0.018807270 0.995237648
1341846335.673993 0.112575054 0.007559595 0.015775548 0.052576818 -0.078846455 -0.019479902 0.995308697
1341846335.706178 0.112622723 0.007511102 0.015299757 0.051721964 -0.080330066 -0.018538723 0.995252848
1341846335.741982 0.112791538 0.007472792 0.015009288 0.052129384 -0.080945931 -0.018848626 0.995175838
1341846335.773960 0.112751938 0.007636847 0.014574148 0.052628417 -0.080149263 -0.019639533 0.995198786
1341846335.806271 0.112776302 0.007854669 0.014150009 0.050915565 -0.080669396 -0.019815974 0.995242357
1341846335.842031 0.112843953 0.007659065 0.014007608 0.048482601 -0.079982176 -0.019671649 0.995422184
1341846335.873966 0.112865917 0.007629051 0.013652851 0.049529724 -0.078689381 -0.020266617 0.995461702
1341846335.910005 0.112627842 0.007921129 0.013256133 0.049451973 -0.078103364 -0.018869273 0.995539188
1341846335.941936 0.112625524 0.007928192 0.012906581 0.048394453 -0.080152325 -0.018030392 0.995443881
1341846335.974198 0.112582311 0.007898014 0.012805194 0.048361741 -0.081115425 -0.020159468 0.995326579
1341846336.010032 0.112487108 0.008000335 0.012132593 0.048349332 -0.080507465 -0.021758799 0.995342851
1341846336.042129 0.112252519 0.008056536 0.011815634 0.047354996 -0.081491701 -0.021729236 0.995311201
1341846336.078076 0.112293348 0.007938525 0.011540655 0.047127355 -0.083505668 -0.022244127 0.995143712
1341846336.110739 0.112398975 0.008079589 0.011326215 0.048073262 -0.083947957 -0.023651050 0.995028794
1341846336.142002 0.112228133 0.008122268 0.010800417 0.047960076 -0.083684422 -0.022915939 0.995073676
1341846336.183953 0.112214833 0.008206963 0.010430034 0.047378182 -0.086529560 -0.022120684 0.994876206
1341846336.210112 0.112179965 0.008297037 0.010392957 0.046117011 -0.088054433 -0.022012550 0.994804084
1341846336.241891 0.112312555 0.008191429 0.010235621 0.045278680 -0.087653525 -0.022626998 0.994864166
1341846336.277946 0.112004027 0.008018228 0.010021791 0.045323521 -0.086782269 -0.020849835 0.994977355
1341846336.309977 0.111942671 0.007936303 0.009535276 0.047622133 -0.089178212 -0.018351257 0.994707286
1341846336.346143 0.112026155 0.008204694 0.009216727 0.049665749 -0.090504065 -0.016730309 0.994516194
1341846336.377975 0.112043299 0.008195412 0.009135814 0.050486028 -0.090563126 -0.017470438 0.994456768
1341846336.410032 0.112045877 0.008280180 0.008585689 0.051538538 -0.090027012 -0.017003244 0.994459569
1341846336.446041 0.112049952 0.008442460 0.008089700 0.051259480 -0.090282597 -0.017133225 0.994448543
1341846336.477990 0.112027384 0.008438655 0.008194723 0.050232377 -0.090445064 -0.017275743 0.994483769
1341846336.510056 0.112023741 0.008348352 0.007901519 0.050413281 -0.089744747 -0.017082933 0.994541347
1341846336.546024 0.112071380 0.008353754 0.007535176 0.051120080 -0.089910366 -0.015100344 0.994522452
1341846336.578003 0.112002179 0.008613212 0.007298800 0.050981496 -0.090230778 -0.012977620 0.994530439
1341846336.614020 0.112245552 0.008639702 0.007105536 0.050558019 -0.090040967 -0.013947176 0.994556129
1341846336.645982 0.112081841 0.008866988 0.006671152 0.049961764 -0.088141598 -0.015054770 0.994740307
1341846336.678036 0.111856729 0.008674818 0.006432684 0.047752768 -0.089525357 -0.014530523 0.994732976
1341846336.714024 0.111658104 0.008504277 0.006765561 0.049293235 -0.091748334 -0.015533349 0.994440138
1341846336.746016 0.111592092 0.008396033 0.006356761 0.052421831 -0.093948580 -0.012799613 0.994113564
1341846336.778014 0.111613058 0.008657466 0.005791781 0.055216555 -0.097690180 -0.010060953 0.993632972
1341846336.820006 0.111788712 0.008836492 0.005371284 0.055562500 -0.101636544 -0.007409410 0.993241131
1341846336.845952 0.111771494 0.008646036 0.005595476 0.056068804 -0.103248820 -0.008394109 0.993038535
1341846336.882056 0.111887187 0.008737830 0.004518019 0.057963777 -0.103788398 -0.008889105 0.992869139
1341846336.914273 0.110944375 0.008507705 0.005069861 0.060104556 -0.106720194 -0.007654808 0.992441237
1341846336.945998 0.111351915 0.008308682 0.004799864 0.065493047 -0.114356406 -0.004230686 0.991269588
1341846336.981980 0.111895226 0.009013379 0.003476154 0.069253825 -0.118462391 -0.005817879 0.990523458
1341846337.014238 0.112826616 0.009234247 0.002115076 0.066236287 -0.121673010 -0.007771172 0.990327239
1341846337.046017 0.111778796 0.009316486 0.003797809 0.064736098 -0.122708313 -0.012076112 0.990255535
1341846337.082104 0.112124808 0.009166582 0.002482563 0.063836917 -0.122642651 -0.015785920 0.990269899
1341846337.114317 0.112121947 0.009163013 0.002233295 0.062065780 -0.124652289 -0.016556578 0.990118921
1341846337.150037 0.112550184 0.009067548 0.001808334 0.060184095 -0.126810431 -0.017916016 0.989937365
1341846337.181873 0.112956002 0.008931700 0.001195948 0.059609722 -0.126883045 -0.021139102 0.989899218
1341846337.214073 0.112390377 0.009583586 0.002192636 0.058886632 -0.125297904 -0.022680866 0.990110278
1341846337.250087 0.112616070 0.008738894 0.000322129 0.054424081 -0.125655964 -0.023453876 0.990302205
1341846337.282028 0.111574344 0.008997653 0.002114732 0.056158751 -0.129701421 -0.019764956 0.989764154
1341846337.317920 0.112721883 0.009006930 0.001200123 0.055199038 -0.132480159 -0.018763147 0.989469588
1341846337.350018 0.113464303 0.009023588 -0.000426780 0.053447742 -0.131496444 -0.019496487 0.989682734
1341846337.382159 0.113579266 0.008759153 -0.000363036 0.050519709 -0.131408706 -0.021661690 0.989803135
1341846337.417941 0.112648234 0.008407060 0.000329698 0.051358841 -0.129883468 -0.022400159 0.989944875
1341846337.450137 0.113034524 0.008823662 -0.000459687 0.052011777 -0.131970912 -0.020754920 0.989670515
1341846337.482096 0.113115944 0.008699100 -0.000282414 0.050099272 -0.132445350 -0.019885657 0.989723623
1341846337.518008 0.112890199 0.008489284 0.000005867 0.050835326 -0.132874757 -0.019335970 0.989639401
1341846337.549978 0.113502622 0.008792356 -0.000993251 0.051470540 -0.133824378 -0.021045543 0.989443719
1341846337.585971 0.113271922 0.008624667 -0.000947139 0.048870645 -0.133519217 -0.023356661 0.989564896
1341846337.617903 0.113190226 0.008274241 -0.000503945 0.049492311 -0.134218439 -0.022461353 0.989460170
1341846337.650141 0.113368064 0.008779363 -0.000751797 0.052518658 -0.134922713 -0.022561077 0.989206076
1341846337.686352 0.113488667 0.008955776 -0.000718104 0.051032946 -0.134754449 -0.022266340 0.989313483
1341846337.718002 0.113464542 0.008757752 -0.000306420 0.049001914 -0.134575710 -0.022107175 0.989444017
1341846337.749920 0.113606118 0.008881464 -0.000007219 0.048825547 -0.133086726 -0.022240799 0.989651144
1341846337.786157 0.113611817 0.009113705 -0.000069114 0.046299234 -0.130162761 -0.022629559 0.990152478
1341846337.817945 0.113530554 0.008663534 0.000173083 0.043222718 -0.127926230 -0.021500375 0.990608096
1341846337.854071 0.113611154 0.009012602 0.000326969 0.042620290 -0.124614760 -0.021875218 0.991048038
1341846337.885951 0.113874003 0.009321371 0.000247733 0.040258810 -0.122591123 -0.023135865 0.991370499
1341846337.918223 0.113669418 0.009296403 0.000791658 0.036208499 -0.121089488 -0.026549397 0.991625667
1341846337.954120 0.113725811 0.009157020 0.000429870 0.033651952 -0.119038567 -0.027720405 0.991931915
1341846337.985994 0.113064498 0.009638998 0.002020788 0.032005351 -0.118203819 -0.027366599 0.992096066
1341846338.018107 0.112985373 0.009578862 0.002130779 0.028409658 -0.116361491 -0.026650099 0.992442787
1341846338.054055 0.112969697 0.009518048 0.002342759 0.026180981 -0.114762172 -0.027684294 0.992661953
1341846338.085986 0.112994082 0.009618842 0.003229101 0.022926744 -0.112101085 -0.027883912 0.993040860
1341846338.121875 0.112906173 0.009420528 0.003126619 0.020852737 -0.109167889 -0.027224090 0.993431628
1341846338.154089 0.112740733 0.009927685 0.003638515 0.020201851 -0.108718179 -0.023401158 0.993591785
1341846338.186029 0.112185761 0.009765838 0.004564459 0.018742071 -0.108900577 -0.020331772 0.993667960
1341846338.222071 0.112070039 0.010177261 0.005206385 0.018167399 -0.108060285 -0.019884516 0.993779421
1341846338.254107 0.111735895 0.010119942 0.004844772 0.016002022 -0.105768986 -0.020079225 0.994059205
1341846338.290130 0.111964792 0.009789433 0.006210523 0.016325360 -0.106531113 -0.018600458 0.994001329
1341846338.321952 0.111938775 0.009962145 0.007243427 0.016493611 -0.105784468 -0.016724309 0.994111657
1341846338.354022 0.111890875 0.009830690 0.007732302 0.015479445 -0.105200358 -0.016273268 0.994197369
1341846338.389969 0.111774430 0.009991109 0.007414912 0.015346574 -0.103717990 -0.016351879 0.994353890
1341846338.422377 0.111661710 0.010035560 0.007782729 0.013684329 -0.103038341 -0.016215447 0.994451046
1341846338.454010 0.111716859 0.010095413 0.008300070 0.012877718 -0.103660449 -0.017466869 0.994376004
1341846338.489894 0.111705206 0.010045336 0.008250392 0.010935444 -0.103861541 -0.017415782 0.994379163
1341846338.522066 0.111855775 0.009921421 0.009553386 0.011669166 -0.104416035 -0.017284242 0.994315028
1341846338.558058 0.111703485 0.010211073 0.009849813 0.011986913 -0.103764914 -0.019023025 0.994347692
1341846338.589842 0.111843452 0.010102243 0.010438311 0.009516943 -0.104592890 -0.018608034 0.994295478
1341846338.622019 0.111958288 0.009933032 0.010442741 0.009446500 -0.103779189 -0.017177651 0.994407177
1341846338.657984 0.111662097 0.010198695 0.010722791 0.010603670 -0.103263430 -0.016484907 0.994460881
1341846338.690198 0.112058453 0.010303404 0.010719148 0.008214722 -0.104778394 -0.015386426 0.994342625
1341846338.722454 0.112080097 0.010048361 0.011275624 0.007296126 -0.103796951 -0.015836887 0.994445622
1341846338.757945 0.111966565 0.010307137 0.011270257 0.008007722 -0.103217930 -0.014409030 0.994522154
1341846338.790039 0.112016633 0.010354219 0.011631433 0.005674837 -0.105560027 -0.013503263 0.994305074
1341846338.826048 0.112062991 0.010235240 0.012565347 0.005886521 -0.105115972 -0.014583883 0.994335592
1341846338.858027 0.112068489 0.010348689 0.012440171 0.006302022 -0.103083998 -0.016188474 0.994520962
1341846338.889902 0.112039879 0.010359884 0.012811592 0.003690676 -0.103964999 -0.016810160 0.994432032
1341846338.925948 0.112215497 0.010030626 0.013243016 0.001838460 -0.104063652 -0.017559247 0.994413912
1341846338.958108 0.112145260 0.010281589 0.013847554 0.003213646 -0.101844050 -0.019262027 0.994608700
1341846338.990057 0.112231508 0.010079986 0.014329950 0.003055017 -0.102326408 -0.018206200 0.994579554
1341846339.025928 0.112357832 0.010027765 0.014891616 0.005324027 -0.101730332 -0.018283937 0.994629741
1341846339.057939 0.112221442 0.010296484 0.015250988 0.008713590 -0.098989047 -0.018395718 0.994880319
1341846339.093927 0.112011179 0.010400834 0.015061023 0.007485175 -0.098425254 -0.016968198 0.994971633
1341846339.126562 0.112150326 0.010613836 0.015458536 0.004965739 -0.099962041 -0.018144373 0.994813383
1341846339.157969 0.112469271 0.010573870 0.016137099 0.002686426 -0.097995766 -0.020418661 0.994973719
1341846339.194113 0.112178877 0.010853437 0.016304094 0.001299144 -0.095795058 -0.020369768 0.995191813
1341846339.228165 0.112140410 0.010902777 0.016164105 -0.002287760 -0.097377501 -0.018795652 0.995067418
1341846339.257998 0.112455279 0.010628772 0.017337920 -0.006076509 -0.097898558 -0.017104298 0.995030820
1341846339.294132 0.112365179 0.010662508 0.017668258 -0.006050169 -0.095327891 -0.016502449 0.995290756
1341846339.326577 0.112096332 0.011134733 0.017122114 -0.008724179 -0.095551580 -0.014555956 0.995279789
1341846339.362269 0.112399474 0.010837700 0.018171545 -0.014201456 -0.098965459 -0.015605194 0.994867146
1341846339.394725 0.112663262 0.011004971 0.018411046 -0.014326056 -0.097449265 -0.017358758 0.994985938
1341846339.426160 0.112335101 0.011000374 0.018742580 -0.016527314 -0.096759073 -0.015362364 0.995052040
1341846339.462186 0.112680607 0.010951055 0.019283358 -0.017750377 -0.098483667 -0.016700512 0.994840205
1341846339.496743 0.112982854 0.010869502 0.019520560 -0.014932360 -0.095523596 -0.019220741 0.995129585
1341846339.530143 0.112831943 0.010978061 0.019906746 -0.013845774 -0.091737337 -0.018539540 0.995514393
1341846339.562052 0.112769157 0.010841584 0.020573789 -0.013746925 -0.092322640 -0.015853841 0.995508015
1341846339.595122 0.113000713 0.010829588 0.020558156 -0.011651734 -0.091916643 -0.016405800 0.995563388
1341846339.632085 0.113117591 0.010826537 0.020826522 -0.009966678 -0.088514805 -0.018706936 0.995849311
1341846339.664568 0.113087058 0.010736523 0.021218328 -0.009461821 -0.085323356 -0.020696662 0.996093392
1341846339.698896 0.112985916 0.010695782 0.021469943 -0.009228290 -0.083395861 -0.022871397 0.996211231
1341846339.731977 0.113105252 0.010635504 0.021770576 -0.009307482 -0.083930112 -0.022943396 0.996163964
1341846339.762241 0.113246925 0.010565590 0.022289054 -0.008996936 -0.083082400 -0.023627603 0.996221900
1341846339.797873 0.113173723 0.010451684 0.022312902 -0.009619407 -0.082263723 -0.022429414 0.996311724
1341846339.830245 0.113254599 0.010408935 0.022475028 -0.009791524 -0.082822740 -0.022255756 0.996267617
1341846339.862015 0.113333091 0.010481867 0.022850119 -0.009879092 -0.082992882 -0.022285290 0.996251941
1341846339.897797 0.113506816 0.010386997 0.023103647 -0.011219623 -0.082370661 -0.022269771 0.996289730
1341846339.929916 0.113390759 0.010235813 0.023395134 -0.011917702 -0.080702424 -0.021460274 0.996435940
1341846339.961960 0.113489889 0.010139252 0.023534862 -0.011022836 -0.081667341 -0.019755593 0.996402860
1341846339.997845 0.113700658 0.010173223 0.024002390 -0.009509401 -0.081092298 -0.019465843 0.996471107
1341846340.029925 0.113782786 0.010139504 0.024449879 -0.008458761 -0.079090171 -0.017961102 0.996669769
1341846340.066044 0.113833562 0.010023166 0.024525274 -0.006978722 -0.078132756 -0.015990566 0.996790290
1341846340.098009 0.113809168 0.010133998 0.024836181 -0.005458724 -0.077451199 -0.015507239 0.996860564
1341846340.130102 0.113858409 0.010092684 0.024985934 -0.006260791 -0.077499397 -0.016860822 0.996830165
1341846340.166041 0.114034601 0.009991967 0.025300058 -0.005125491 -0.075728789 -0.018767679 0.996938646
1341846340.197867 0.113888569 0.010048072 0.025504500 -0.003937091 -0.072730295 -0.018995738 0.997162938
1341846340.229904 0.113872856 0.010177131 0.025690470 -0.004813289 -0.072579086 -0.019397553 0.997162402
1341846340.265859 0.114003100 0.009981271 0.026172535 -0.005728345 -0.071991600 -0.019815918 0.997191906
1341846340.298061 0.114062935 0.010009259 0.026420400 -0.003656209 -0.070180312 -0.018805318 0.997350335
1341846340.334063 0.113972194 0.010212888 0.026502090 -0.004168517 -0.070483945 -0.017668121 0.997347713
1341846340.366064 0.114148960 0.009991946 0.026941774 -0.006179621 -0.073089398 -0.018044030 0.997143030
1341846340.397995 0.114185043 0.009800859 0.026883157 -0.005041582 -0.072469585 -0.018176122 0.997192264
1341846340.433895 0.114189982 0.009856179 0.027051032 -0.004458481 -0.072498672 -0.017719699 0.997201145
1341846340.465959 0.114111014 0.009828434 0.027355500 -0.003858613 -0.074664310 -0.016601164 0.997063100
1341846340.501858 0.114249371 0.009818283 0.027464453 -0.003281253 -0.078528285 -0.015834898 0.996780753
1341846340.534329 0.114432380 0.009830963 0.027305055 -0.002839108 -0.079951555 -0.016314877 0.996661186
1341846340.566041 0.114471994 0.009668128 0.027285138 -0.002085251 -0.080491632 -0.015952695 0.996625423
1341846340.601909 0.114760272 0.009681352 0.027233347 0.000645797 -0.081914462 -0.015001818 0.996526241
1341846340.634005 0.114886522 0.009768753 0.027156625 0.001701148 -0.082753278 -0.015268712 0.996451676
1341846340.666028 0.115053132 0.009659996 0.027042370 0.001020559 -0.082673356 -0.017017655 0.996430874
1341846340.701946 0.115202673 0.009618072 0.027080033 0.003276899 -0.081675187 -0.019389406 0.996464968
1341846340.733954 0.115334384 0.009760696 0.027012829 0.004644670 -0.080256343 -0.020589551 0.996550798
1341846340.770081 0.115341716 0.009762002 0.026908465 0.004177129 -0.079501294 -0.022890951 0.996563137
1341846340.801980 0.115421936 0.009669072 0.026873825 0.004518588 -0.078361548 -0.028790630 0.996498942
1341846340.833999 0.115515403 0.009873640 0.026827654 0.005282450 -0.076282851 -0.032524087 0.996541619
1341846340.870013 0.115418151 0.009823388 0.026914302 0.004055520 -0.075935297 -0.034594107 0.996504188
1341846340.901955 0.115443215 0.009769232 0.026880555 0.005114423 -0.076315194 -0.034459498 0.996474981
1341846340.933918 0.115457669 0.009720799 0.026794745 0.006341365 -0.076944321 -0.032027379 0.996500671
1341846340.970122 0.115465917 0.009859839 0.026582690 0.007732598 -0.079825751 -0.027050238 0.996411741
1341846341.001922 0.115438804 0.009722977 0.026463225 0.007857753 -0.084000424 -0.022196520 0.996187508
1341846341.037923 0.115583770 0.009761699 0.026403723 0.009056509 -0.087085091 -0.019128321 0.995976031
1341846341.070300 0.115526244 0.009720067 0.026340062 0.009182077 -0.087524064 -0.019171396 0.995935559
1341846341.102028 0.115463421 0.009739287 0.026131459 0.009073204 -0.088589333 -0.019346029 0.995839000
1341846341.137982 0.115522794 0.009784210 0.026233913 0.009598075 -0.090845078 -0.019287612 0.995631993
1341846341.170048 0.115668029 0.009723528 0.026235992 0.009901524 -0.091664724 -0.018186433 0.995574594
1341846341.202110 0.115660600 0.009649582 0.025980398 0.011044696 -0.091838710 -0.016857134 0.995569944
1341846341.237996 0.115706980 0.009652719 0.026057787 0.012637944 -0.092078745 -0.015273723 0.995554388
1341846341.269883 0.115585074 0.009604748 0.025967767 0.013668082 -0.091036417 -0.014973762 0.995641172
1341846341.306107 0.115568221 0.009642468 0.025835039 0.014319419 -0.091545783 -0.015571089 0.995576143
1341846341.338109 0.115563393 0.009598614 0.025551958 0.015248150 -0.090624332 -0.018048719 0.995604813
1341846341.370120 0.115555838 0.009602517 0.025647180 0.016045609 -0.089390248 -0.020230664 0.995661914
1341846341.406074 0.115428418 0.009588089 0.025624353 0.016145356 -0.088712350 -0.021029700 0.995704353
1341846341.438113 0.115381390 0.009401625 0.025692897 0.016717268 -0.090629011 -0.020367896 0.995536029
1341846341.470024 0.115370318 0.009471072 0.025604386 0.019856259 -0.090659149 -0.021811258 0.995445073
1341846341.506077 0.115403742 0.009678170 0.025496943 0.020391392 -0.089996889 -0.023007507 0.995467424
1341846341.538156 0.115227818 0.009601822 0.025561027 0.019208286 -0.091124274 -0.023122154 0.995385706
1341846341.574016 0.115327381 0.009547707 0.025408899 0.019674763 -0.093686573 -0.021728888 0.995170116
1341846341.612466 0.115302011 0.009617677 0.025342036 0.020384373 -0.094101213 -0.021657953 0.995118260
1341846341.643972 0.115182452 0.009671682 0.025271988 0.019544737 -0.095153980 -0.022579646 0.995014489
1341846341.679982 0.115258671 0.009673589 0.025256379 0.019308079 -0.096982889 -0.022393348 0.994846761
1341846341.712332 0.115300067 0.009695762 0.025061691 0.019715283 -0.099226512 -0.019445103 0.994679451
1341846341.744185 0.115316443 0.009657821 0.025200980 0.019929131 -0.101678602 -0.017248059 0.994468093
1341846341.780061 0.115319207 0.009688086 0.025105195 0.020302506 -0.102273777 -0.015698982 0.994425178
1341846341.812163 0.115336835 0.009660712 0.025237143 0.020488419 -0.103283919 -0.014185977 0.994339705
1341846341.842595 0.115347639 0.009608145 0.025289759 0.022327248 -0.103530437 -0.010900071 0.994315863
1341846341.875779 0.115333185 0.009640434 0.025089718 0.023968503 -0.103541888 -0.007924642 0.994304657
1341846341.906227 0.115475528 0.009367704 0.025046010 0.024575779 -0.104707584 -0.005376038 0.994184792
1341846341.942069 0.115435258 0.009174726 0.024761217 0.027365727 -0.104350954 -0.003341568 0.994158328
1341846341.974775 0.115520015 0.009260706 0.024632119 0.030638969 -0.104664154 -0.001551798 0.994034350
1341846342.010161 0.115392305 0.009319576 0.024615984 0.031508174 -0.105594806 0.000074688 0.993909895
1341846342.042024 0.115658522 0.009095522 0.024535386 0.032433134 -0.107235961 0.000754401 0.993704140
1341846342.080032 0.115731239 0.009186883 0.024553735 0.034888234 -0.105216563 0.001108399 0.993836522
1341846342.112265 0.115567125 0.009049059 0.024434909 0.034664880 -0.104125842 0.002570955 0.993956506
1341846342.147954 0.115607001 0.008694557 0.024511240 0.035511073 -0.105440497 0.006246859 0.993771732
1341846342.179852 0.115829833 0.008788161 0.024460252 0.038723167 -0.105717227 0.008269787 0.993607581
1341846342.211848 0.115709119 0.008830007 0.024606258 0.039534267 -0.104804352 0.008040179 0.993674219
1341846342.247920 0.115672849 0.008692500 0.024504019 0.040443141 -0.104472466 0.007290099 0.993678391
1341846342.279870 0.115745761 0.008694821 0.024588296 0.041719574 -0.104213417 0.007632985 0.993650258
1341846342.316068 0.115792274 0.008635183 0.024461024 0.042728171 -0.104229875 0.009160523 0.993592739
1341846342.347894 0.115866274 0.008754829 0.024471326 0.043409985 -0.104470223 0.009211668 0.993537486
1341846342.379953 0.115857296 0.008693117 0.024417548 0.043486726 -0.103683330 0.009085071 0.993617713
1341846342.416195 0.115831956 0.008721001 0.024438234 0.044023573 -0.103442796 0.010386861 0.993606389
1341846342.447907 0.115808763 0.008747553 0.024426056 0.044227619 -0.104386777 0.011367648 0.993487895
