1341845689.265745 -0.011266137 0.016126567 -0.020607302 -0.006115504 -0.022050027 0.021047970 0.999516606
1341845689.297769 -0.011440327 0.016741265 -0.020343209 -0.007258786 -0.022275984 0.021751950 0.999488831
1341845689.333650 -0.011300176 0.016413411 -0.020484991 -0.008280450 -0.021146426 0.021435598 0.999512315
1341845689.365881 -0.011112508 0.016415002 -0.020505277 -0.007801267 -0.021070009 0.020828102 0.999530613
1341845689.401592 -0.011012388 0.016123358 -0.020524450 -0.006939965 -0.022172805 0.020842148 0.999512792
1341845689.433744 -0.011572225 0.015881874 -0.021357866 -0.006524500 -0.022755448 0.020196665 0.999515772
1341845689.465651 -0.010280426 0.017202558 -0.019067682 -0.002158672 -0.025160270 0.019311463 0.999494553
1341845689.501840 -0.011397942 0.016322168 -0.020602129 0.000994677 -0.028076824 0.016639806 0.999466777
1341845689.533687 -0.010320283 0.015244281 -0.019923892 0.002049111 -0.029954765 0.012680872 0.999468684
1341845689.565814 -0.010035253 0.014400952 -0.018718880 0.004173554 -0.030021720 0.009083403 0.999499261
1341845689.601682 -0.010875506 0.014702550 -0.021786261 0.007550003 -0.031746179 0.005373467 0.999453008
1341845689.633591 -0.011692773 0.014588214 -0.023792949 0.009183297 -0.034249842 0.001708249 0.999369621
1341845689.669672 -0.011356898 0.013699641 -0.023243854 0.009530989 -0.035952274 0.000778136 0.999307752
1341845689.701700 -0.012888231 0.015832286 -0.024243945 0.011763948 -0.037793174 0.000155047 0.999216318
1341845689.733773 -0.011125049 0.013190622 -0.024407830 0.010566865 -0.041531976 -0.001430531 0.999080300
1341845689.769822 -0.011952328 0.013960268 -0.024736229 0.011034232 -0.042436518 -0.002935950 0.999033928
1341845689.802003 -0.011311668 0.013250793 -0.023424223 0.010843577 -0.044962011 -0.003088842 0.998925090
1341845689.833757 -0.011241707 0.014807566 -0.023610720 0.012783473 -0.048041511 -0.004945248 0.998751283
1341845689.869861 -0.011997762 0.014124859 -0.024397736 0.013052763 -0.049726970 -0.005627041 0.998661697
1341845689.901825 -0.011907575 0.015138930 -0.023620170 0.013755954 -0.051379103 -0.005777944 0.998567760
1341845689.937674 -0.012485513 0.015373798 -0.024116160 0.014808971 -0.053451132 -0.005251712 0.998446822
1341845689.969679 -0.014592457 0.017388785 -0.026767375 0.015923567 -0.053334374 -0.005351006 0.998435378
1341845690.003830 -0.014986036 0.020103581 -0.026109898 0.017329043 -0.053080648 -0.007471130 0.998411894
1341845690.037686 -0.014454872 0.018157369 -0.026376542 0.016323589 -0.053876210 -0.008081055 0.998381495
1341845690.069636 -0.013535084 0.018868117 -0.025644921 0.017001275 -0.053912491 -0.007157721 0.998375237
1341845690.106587 -0.014535935 0.018171031 -0.026906176 0.016644076 -0.053941768 -0.007425809 0.998377740
1341845690.138859 -0.013421512 0.019500798 -0.025534591 0.017060859 -0.054801039 -0.008901800 0.998311818
1341845690.169919 -0.013621251 0.019331224 -0.026090443 0.017105369 -0.053938176 -0.007196052 0.998371840
1341845690.206103 -0.014367281 0.018937016 -0.027228244 0.016211830 -0.053703576 -0.006879021 0.998401642
1341845690.237700 -0.013909385 0.018042425 -0.025949458 0.015302630 -0.054663945 -0.007150561 0.998361945
1341845690.269981 -0.012932794 0.018405283 -0.025167055 0.016247500 -0.056503166 -0.007923487 0.998238742
1341845690.306143 -0.014073523 0.017018819 -0.026848922 0.015720505 -0.056905773 -0.008903671 0.998216093
1341845690.338646 -0.014609047 0.016789837 -0.028071454 0.014592052 -0.056679878 -0.007625706 0.998256624
1341845690.373833 -0.014265788 0.018341729 -0.027334534 0.014453906 -0.057436883 -0.008472462 0.998208523
1341845690.405976 -0.012591554 0.018086560 -0.024280740 0.014505939 -0.058373399 -0.010216431 0.998137116
1341845690.437908 -0.014677816 0.018252647 -0.027435830 0.014528694 -0.056817047 -0.009549323 0.998233199
1341845690.473654 -0.013841347 0.018079830 -0.026735591 0.014348448 -0.058167648 -0.007388581 0.998176336
1341845690.505978 -0.013876842 0.018120462 -0.026235117 0.015265681 -0.059778657 -0.008918106 0.998055100
1341845690.537884 -0.013986967 0.018475927 -0.027352365 0.015473493 -0.059492052 -0.010265271 0.998056054
1341845690.573708 -0.013779747 0.018248210 -0.026638968 0.014500592 -0.058268271 -0.008608854 0.998158514
1341845690.605848 -0.013445717 0.018378448 -0.025515055 0.014622323 -0.058087174 -0.007888672 0.998173237
1341845690.641747 -0.013136019 0.018773358 -0.026131660 0.015945328 -0.058746494 -0.009134480 0.998103797
1341845690.673751 -0.012793386 0.017876685 -0.025447343 0.015379117 -0.057855967 -0.009077746 0.998165190
1341845690.706003 -0.013035133 0.018365148 -0.025212115 0.015985005 -0.056581017 -0.009241028 0.998227239
1341845690.741684 -0.012999207 0.018285014 -0.025554573 0.016704390 -0.056161553 -0.010090818 0.998230934
1341845690.773770 -0.013325829 0.018487958 -0.025677564 0.017077461 -0.054977227 -0.009510663 0.998296261
1341845690.805715 -0.013887575 0.018173296 -0.026057806 0.017336227 -0.053572331 -0.009355444 0.998369634
1341845690.841674 -0.013258731 0.018615298 -0.025432084 0.017704772 -0.053139552 -0.008330155 0.998395383
1341845690.873770 -0.014072048 0.018108085 -0.025636934 0.017057959 -0.051959865 -0.008520267 0.998467147
1341845690.909837 -0.012516299 0.017931726 -0.024564255 0.016673310 -0.052112270 -0.007294322 0.998475373
1341845690.941576 -0.012828283 0.018808128 -0.024868261 0.017107226 -0.051789816 -0.007935720 0.998479903
1341845690.973879 -0.011814758 0.017751465 -0.023152404 0.016586130 -0.051742509 -0.006932788 0.998498619
1341845691.011558 -0.011828957 0.018098345 -0.023652464 0.016371809 -0.050897103 -0.005678017 0.998553514
1341845691.041642 -0.011623454 0.017906297 -0.022810178 0.016381282 -0.050827008 -0.005654380 0.998557091
1341845691.077986 -0.011614203 0.018153528 -0.023110110 0.017047795 -0.050984401 -0.007222328 0.998527825
1341845691.109685 -0.011309342 0.018369423 -0.023154877 0.017821696 -0.050345302 -0.007553052 0.998544276
1341845691.141759 -0.011081398 0.018126288 -0.021836860 0.018093791 -0.049381644 -0.007226108 0.998589933
1341845691.177729 -0.011097858 0.018455444 -0.023234762 0.019005137 -0.049756028 -0.008521711 0.998544216
1341845691.209644 -0.011355955 0.017720254 -0.024277540 0.018481752 -0.049526900 -0.009787031 0.998553813
1341845691.241757 -0.011167775 0.018868299 -0.023391070 0.019141017 -0.048308391 -0.010719025 0.998591542
1341845691.277595 -0.011614338 0.018201331 -0.023562113 0.019910786 -0.048597414 -0.009634535 0.998573482
1341845691.310138 -0.013143747 0.018382018 -0.025339335 0.019998020 -0.049679562 -0.010325108 0.998511612
1341845691.345620 -0.010813404 0.019854931 -0.024019679 0.020933803 -0.049707294 -0.012235541 0.998469472
1341845691.378062 -0.010752494 0.017821169 -0.023589835 0.020435838 -0.047755707 -0.013039245 0.998564839
1341845691.451922 -0.011402809 0.017325975 -0.025307640 0.020097744 -0.046909850 -0.013850641 0.998600900
1341845691.478799 -0.010901397 0.017831119 -0.024524206 0.019239722 -0.045764208 -0.012911543 0.998683512
1341845691.509739 -0.011355332 0.017462585 -0.023825426 0.019921422 -0.045555465 -0.014282854 0.998660982
1341845691.545833 -0.011027168 0.018270303 -0.024782449 0.020239662 -0.046103742 -0.015979178 0.998603761
1341845691.578399 -0.012049006 0.019305360 -0.026039204 0.019738805 -0.043890789 -0.018827789 0.998663843
1341845691.613857 -0.011351340 0.019465115 -0.024914274 0.020375388 -0.040945597 -0.023924492 0.998667061
1341845691.645632 -0.010610873 0.017890826 -0.024070522 0.020830154 -0.038462281 -0.025418757 0.998719513
1341845691.677793 -0.011215828 0.017290449 -0.024175111 0.021221926 -0.038359798 -0.022047795 0.998795331
1341845691.713727 -0.011141886 0.017307060 -0.023922192 0.021654170 -0.040185492 -0.019801389 0.998761296
1341845691.746050 -0.011809115 0.018867338 -0.025467293 0.022950349 -0.039431185 -0.022529593 0.998704612
1341845691.778411 -0.011302520 0.019392919 -0.025412234 0.021676173 -0.036942270 -0.023348352 0.998809397
1341845691.813646 -0.010539101 0.018322075 -0.024154937 0.020007195 -0.036566049 -0.021130430 0.998907447
1341845691.845603 -0.011780323 0.017522683 -0.023895884 0.019816386 -0.037113573 -0.020126365 0.998911798
1341845691.881595 -0.010483266 0.018302273 -0.023989329 0.020381935 -0.038523991 -0.022156306 0.998804092
1341845691.913600 -0.010285371 0.017334331 -0.022994848 0.019957015 -0.037554998 -0.021558322 0.998862624
1341845691.945997 -0.011030169 0.017003495 -0.021931851 0.020540521 -0.038161755 -0.018312179 0.998892605
1341845691.981657 -0.010266582 0.017047403 -0.021835482 0.022775805 -0.043823212 -0.016976433 0.998635352
1341845692.013904 -0.011248952 0.017258106 -0.023850817 0.024433553 -0.046612024 -0.014623778 0.998507082
1341845692.049676 -0.010933831 0.017254446 -0.023636753 0.024855137 -0.047517594 -0.013694879 0.998467207
1341845692.081862 -0.010885878 0.017440440 -0.023713585 0.025655285 -0.048290763 -0.013028641 0.998418808
1341845692.113695 -0.010763709 0.017734466 -0.024456602 0.026317019 -0.049250513 -0.013870453 0.998343349
1341845692.149736 -0.010908960 0.017993584 -0.024168141 0.026147218 -0.047963809 -0.014846529 0.998396397
1341845692.182123 -0.010468297 0.017417863 -0.023566775 0.027189480 -0.047599148 -0.014520415 0.998390794
1341845692.213661 -0.009728327 0.017174095 -0.024585987 0.027781706 -0.048343409 -0.013819821 0.998348653
1341845692.249828 -0.010314037 0.017220277 -0.025309732 0.027564803 -0.047615726 -0.013879958 0.998388827
1341845692.282146 -0.010322340 0.017256815 -0.025724778 0.027135924 -0.046761442 -0.014552156 0.998431385
1341845692.317711 -0.010521653 0.016429212 -0.025482925 0.026519615 -0.047589406 -0.014824771 0.998404801
1341845692.349688 -0.010598280 0.016606657 -0.024779521 0.027244646 -0.048763812 -0.014589142 0.998332083
1341845692.381560 -0.010442332 0.016858079 -0.025478458 0.028593138 -0.048546948 -0.015969135 0.998283803
1341845692.417776 -0.010382456 0.016749091 -0.025817299 0.029685799 -0.048384339 -0.017741911 0.998229861
1341845692.449672 -0.010106151 0.016769012 -0.026534019 0.030422471 -0.048480336 -0.019652810 0.998167276
1341845692.481594 -0.009871490 0.014930665 -0.026497930 0.030476125 -0.049079955 -0.019093653 0.998147190
1341845692.517778 -0.009661878 0.015148054 -0.026185423 0.031865239 -0.049472328 -0.019733379 0.998071969
1341845692.549744 -0.009948962 0.014996213 -0.027284143 0.033241194 -0.049399193 -0.020839700 0.998008251
1341845692.585822 -0.010112436 0.015078450 -0.027516551 0.033542171 -0.049254838 -0.021712827 0.997986674
1341845692.617836 -0.008554182 0.015421933 -0.029598301 0.034086533 -0.048851047 -0.020796867 0.998007596
1341845692.649770 -0.009335539 0.015252491 -0.031477615 0.034576211 -0.048650887 -0.020085063 0.998015106
1341845692.685749 -0.011002460 0.015002917 -0.029722076 0.034615457 -0.048906215 -0.020745654 0.997987747
1341845692.717676 -0.010111482 0.015331326 -0.027963653 0.035039086 -0.048980068 -0.021076620 0.997962415
1341845692.749897 -0.010011676 0.015120296 -0.028034525 0.035177171 -0.047619421 -0.020430712 0.998036861
1341845692.785833 -0.010197696 0.015015543 -0.028433977 0.036162745 -0.048622154 -0.020987071 0.997941732
1341845692.817657 -0.010141853 0.015422272 -0.028514888 0.037563462 -0.049168050 -0.025156008 0.997766852
1341845692.853833 -0.010314272 0.015358455 -0.029233517 0.038498856 -0.047360156 -0.026522465 0.997783244
1341845692.885614 -0.010230257 0.014396841 -0.030277530 0.039656438 -0.047561582 -0.026902854 0.997718155
1341845692.917728 -0.010259464 0.014249211 -0.030318499 0.040486060 -0.048388500 -0.027424609 0.997630894
1341845692.953573 -0.010904201 0.014657754 -0.030514911 0.041546423 -0.046995249 -0.028422751 0.997625947
1341845692.985667 -0.010909270 0.014601154 -0.030335046 0.042883512 -0.046708696 -0.029179581 0.997560978
1341845693.017585 -0.011881633 0.014918271 -0.032489154 0.042675976 -0.046238910 -0.028789710 0.997603059
1341845693.053684 -0.011159138 0.014506068 -0.031023137 0.042723402 -0.045965202 -0.028784065 0.997613847
1341845693.086059 -0.010442819 0.014525790 -0.029588263 0.043617722 -0.046487637 -0.027045479 0.997599602
1341845693.121690 -0.011309857 0.014494885 -0.033535402 0.043436490 -0.047182266 -0.025833867 0.997606993
1341845693.153852 -0.011608079 0.014267283 -0.034053426 0.042280074 -0.047822613 -0.026683535 0.997603834
1341845693.185655 -0.010940197 0.015153076 -0.032874525 0.042114638 -0.046108928 -0.027431814 0.997671187
1341845693.221687 -0.011224590 0.014805990 -0.033203103 0.042016629 -0.045871764 -0.023847938 0.997778356
1341845693.254518 -0.012014573 0.014053007 -0.033454075 0.042366426 -0.048869707 -0.021882698 0.997666240
1341845693.289735 -0.012633538 0.014798108 -0.035237856 0.042537317 -0.047987007 -0.023989910 0.997653365
1341845693.321741 -0.012261044 0.015624702 -0.035333026 0.042402286 -0.043111712 -0.023955349 0.997882545
1341845693.353715 -0.012205777 0.015122815 -0.034853734 0.042424180 -0.040212259 -0.021570271 0.998057067
1341845693.389830 -0.012450494 0.015153104 -0.035008162 0.042665537 -0.039067708 -0.021959964 0.998083711
1341845693.421993 -0.011618617 0.015239689 -0.033432554 0.043108255 -0.037462585 -0.022594579 0.998112082
1341845693.453700 -0.011969779 0.015641971 -0.033982933 0.043634538 -0.035503205 -0.025930112 0.998079717
1341845693.489783 -0.011072034 0.015244082 -0.032703966 0.044560011 -0.034606487 -0.024597904 0.998104036
1341845693.522084 -0.011253202 0.015112070 -0.032223444 0.046644025 -0.035520446 -0.024356296 0.997982681
1341845693.557666 -0.009667400 0.014828011 -0.032660615 0.047965024 -0.037721533 -0.025244026 0.997817218
1341845693.589792 -0.009540143 0.014921509 -0.032685660 0.048860125 -0.038123373 -0.026302820 0.997731149
1341845693.622158 -0.009593910 0.014952917 -0.032553267 0.048764199 -0.036867004 -0.026496261 0.997777939
1341845693.657659 -0.011543155 0.015416513 -0.033459995 0.048611496 -0.035128713 -0.025815200 0.997865975
1341845693.689929 -0.011588167 0.015464409 -0.033540931 0.047769863 -0.034421306 -0.024995780 0.997952104
1341845693.721602 -0.010819678 0.015234265 -0.032999221 0.045079194 -0.033416782 -0.025821855 0.998090386
1341845693.757636 -0.010735680 0.015149472 -0.033368483 0.043407060 -0.032783985 -0.026492475 0.998167872
1341845693.789776 -0.011215518 0.015334236 -0.033164773 0.042517990 -0.033670444 -0.025818702 0.998194337
1341845693.825637 -0.011227091 0.015469985 -0.032743514 0.040948164 -0.033965543 -0.025495626 0.998258233
1341845693.857724 -0.010950094 0.015296618 -0.031749863 0.040357180 -0.034069356 -0.025024178 0.998290718
1341845693.889741 -0.010971481 0.015236640 -0.031936973 0.040714171 -0.033793401 -0.023371976 0.998325646
1341845693.925573 -0.011193033 0.015297549 -0.031971801 0.040219385 -0.033320844 -0.022745989 0.998376071
1341845693.957722 -0.011068573 0.015278492 -0.032227620 0.040943254 -0.032940485 -0.022133894 0.998373032
1341845693.990410 -0.010724230 0.015106385 -0.031966291 0.041849315 -0.032042671 -0.022016797 0.998367250
1341845694.025740 -0.010437122 0.014989973 -0.032778177 0.041948285 -0.030556763 -0.022593444 0.998396814
1341845694.057728 -0.009910051 0.015081299 -0.030716460 0.042818859 -0.030082228 -0.023485709 0.998353660
1341845694.093631 -0.010484000 0.014997366 -0.032513522 0.044553142 -0.030029450 -0.023047464 0.998289585
1341845694.125598 -0.010366751 0.014962706 -0.032805700 0.046070874 -0.030240914 -0.022944842 0.998216629
1341845694.157890 -0.009966263 0.015105826 -0.031238012 0.046404522 -0.029641092 -0.023591781 0.998204112
1341845694.193528 -0.009918315 0.014935982 -0.031860381 0.047536813 -0.029241323 -0.024269402 0.998146355
1341845694.226254 -0.009851106 0.014913482 -0.032150742 0.048955001 -0.029648436 -0.024142433 0.998068929
1341845694.261793 -0.010191771 0.014951954 -0.032518376 0.049268041 -0.028752223 -0.022927787 0.998108327
1341845694.293655 -0.010250484 0.014948926 -0.032287046 0.049780857 -0.028994421 -0.021360928 0.998110652
1341845694.325844 -0.010133204 0.014937025 -0.031942304 0.051223233 -0.030926093 -0.018838879 0.998030484
1341845694.361761 -0.010154586 0.014916169 -0.032083556 0.052667476 -0.033140127 -0.017106082 0.997915447
1341845694.393754 -0.007227031 0.015488363 -0.031643994 0.053849664 -0.036739029 -0.016868645 0.997730374
1341845694.425809 -0.007300851 0.015524493 -0.031507775 0.053769626 -0.038161203 -0.017311042 0.997673750
1341845694.461731 -0.009450036 0.014958545 -0.032109469 0.053204913 -0.038047355 -0.016804347 0.997717023
1341845694.493931 -0.009421479 0.014949946 -0.032089181 0.051469259 -0.037703220 -0.018653518 0.997788250
1341845694.529694 -0.009381327 0.014866237 -0.032070305 0.050263714 -0.037518922 -0.019517537 0.997840166
1341845694.561652 -0.009637767 0.014938287 -0.031506792 0.050416671 -0.038672380 -0.020094905 0.997776926
1341845694.595586 -0.009563866 0.015062119 -0.031376462 0.051341020 -0.040104855 -0.018585932 0.997702479
1341845694.629850 -0.009546017 0.015100596 -0.031221384 0.052761473 -0.041879419 -0.017370798 0.997577369
1341845694.661659 -0.008835925 0.014809365 -0.033233367 0.053958464 -0.042429529 -0.015441251 0.997521818
1341845694.693720 -0.011315597 0.016972678 -0.037750091 0.054307211 -0.036506027 -0.015543564 0.997735679
1341845694.735664 -0.010148183 0.016462035 -0.034940150 0.052262668 -0.030068066 -0.015220403 0.998064578
1341845694.767988 -0.010380834 0.016947260 -0.035825249 0.050639957 -0.024023186 -0.012732118 0.998346806
1341845694.803611 -0.010127803 0.017351868 -0.032859452 0.048922434 -0.018802455 -0.012668480 0.998545229
1341845694.835585 -0.009320449 0.016351707 -0.031566333 0.047555510 -0.015317779 -0.010763950 0.998693109
1341845694.867728 -0.010549037 0.017000336 -0.033990771 0.047109623 -0.011689532 -0.011099324 0.998759627
1341845694.903566 -0.010754361 0.017262245 -0.034215972 0.045605022 -0.009116529 -0.008678424 0.998880267
1341845694.935679 -0.009116601 0.016889067 -0.030593555 0.045403600 -0.008262505 -0.007549638 0.998906016
1341845694.967669 -0.009875217 0.018149963 -0.030752789 0.046673235 -0.006525049 -0.007805214 0.998858452
1341845695.003730 -0.011183339 0.018237893 -0.032431670 0.046957940 -0.003433915 -0.007281464 0.998864412
1341845695.035689 -0.008633333 0.016347041 -0.030719034 0.045672268 -0.001247428 -0.006136762 0.998936832
1341845695.072465 -0.008680023 0.016347535 -0.030263888 0.045867734 0.000122847 -0.004971826 0.998935103
1341845695.103895 -0.009146730 0.016496867 -0.029346233 0.046149645 -0.001569725 -0.003795600 0.998926103
1341845695.135680 -0.008680262 0.016164487 -0.028521705 0.047247935 -0.005363098 -0.003401075 0.998863041
1341845695.172193 -0.009563757 0.015390700 -0.028143181 0.050020155 -0.010775303 -0.003555400 0.998683751
1341845695.203618 -0.009602875 0.015375891 -0.028599424 0.052591518 -0.018736558 -0.001091349 0.998439729
1341845695.235612 -0.009720794 0.015566249 -0.027501374 0.056959391 -0.026192358 -0.001670193 0.998031437
1341845695.271738 -0.009055019 0.016327614 -0.028164767 0.060015228 -0.032112565 -0.003691631 0.997673929
1341845695.303569 -0.009590555 0.015747471 -0.030317793 0.060937785 -0.035858847 -0.004370010 0.997487664
1341845695.335657 -0.009095593 0.016340291 -0.030648593 0.061825816 -0.039560083 -0.007560043 0.997274041
1341845695.371706 -0.008817945 0.015807433 -0.030656980 0.061925478 -0.042584561 -0.010780459 0.997113585
1341845695.403745 -0.008158136 0.016376857 -0.030693095 0.062670715 -0.046156269 -0.012510140 0.996887922
1341845695.435657 -0.008245233 0.016666796 -0.030308282 0.064488076 -0.049563456 -0.013175536 0.996599793
1341845695.471720 -0.008705341 0.016124597 -0.030811150 0.065456033 -0.053553954 -0.012718564 0.996336162
1341845695.503710 -0.008854697 0.014922621 -0.031902835 0.064656593 -0.057016864 -0.014684179 0.996169150
1341845695.539693 -0.008822451 0.015156549 -0.031338003 0.064537555 -0.059503727 -0.016214160 0.996007681
1341845695.603908 -0.009058553 0.016038531 -0.032171436 0.065694436 -0.061559360 -0.020140817 0.995735407
1341845695.633744 -0.008560258 0.015902463 -0.032947153 0.065295890 -0.063257575 -0.020091394 0.995656192
1341845695.665980 -0.008511571 0.015111727 -0.032445721 0.064367302 -0.065009914 -0.020770805 0.995589852
1341845695.701693 -0.008340326 0.015787881 -0.033027910 0.064815126 -0.066188693 -0.019616488 0.995506525
1341845695.733686 -0.008032521 0.016493933 -0.034059610 0.064897045 -0.066868052 -0.018869681 0.995470226
1341845695.769679 -0.007793030 0.015867060 -0.034519117 0.064010173 -0.067166805 -0.019918969 0.995487094
1341845695.801697 -0.008058092 0.016033920 -0.034433197 0.062559642 -0.066664234 -0.018449644 0.995641410
1341845695.833635 -0.008062328 0.015268927 -0.033482712 0.061408073 -0.066505149 -0.017365992 0.995743215
1341845695.869766 -0.008389285 0.015412456 -0.032889396 0.061180227 -0.065952040 -0.017002424 0.995800316
1341845695.901827 -0.008315266 0.015654771 -0.033126540 0.059952367 -0.065910697 -0.015801674 0.995897472
1341845695.933900 -0.008253711 0.016867826 -0.033196814 0.059343155 -0.066049308 -0.015750455 0.995925546
1341845695.969774 -0.008262869 0.016206358 -0.032914676 0.058012772 -0.065178916 -0.014631929 0.996078372
1341845696.001940 -0.007930986 0.016742067 -0.032641735 0.057717536 -0.064457566 -0.014763108 0.996140540
1341845696.037778 -0.007894608 0.016601089 -0.032661010 0.056751851 -0.063822292 -0.013122120 0.996259868
1341845696.069962 -0.008194008 0.016639018 -0.032231487 0.055820715 -0.063708663 -0.011616242 0.996338427
1341845696.102048 -0.008024236 0.016692383 -0.032179356 0.055661410 -0.064863391 -0.008532669 0.996304035
1341845696.137759 -0.008245848 0.016807528 -0.032505844 0.055131972 -0.064859264 -0.009064566 0.996329010
1341845696.169934 -0.008126804 0.016799247 -0.031827666 0.054392170 -0.065489143 -0.008230822 0.996335745
1341845696.201602 -0.008764849 0.017296117 -0.032797165 0.053714585 -0.065141365 -0.009103886 0.996387720
1341845696.237582 -0.008287250 0.016853726 -0.032198876 0.051715046 -0.065415576 -0.010645629 0.996460259
1341845696.269654 -0.007945303 0.016542293 -0.032142736 0.050253913 -0.066266336 -0.011083887 0.996474028
1341845696.305713 -0.007805043 0.016582722 -0.032718189 0.049996417 -0.067338273 -0.011098269 0.996414959
1341845696.337790 -0.008088917 0.016633822 -0.032317333 0.049605366 -0.067508154 -0.009372041 0.996440709
1341845696.369780 -0.007676790 0.016833013 -0.033034898 0.049245752 -0.068543248 -0.008325583 0.996397197
1341845696.406019 -0.007659000 0.016498862 -0.033263799 0.047490004 -0.068825349 -0.008120672 0.996464670
1341845696.437910 -0.007575878 0.016301781 -0.033589348 0.045577224 -0.068933174 -0.007739931 0.996549547
1341845696.473667 -0.008288014 0.016915714 -0.033267722 0.044736680 -0.067549594 -0.008566948 0.996675611
1341845696.505801 -0.007856033 0.016821755 -0.032643192 0.042807914 -0.066932678 -0.007954116 0.996807039
1341845696.537879 -0.007944444 0.016767932 -0.032492980 0.042379785 -0.067244627 -0.007214390 0.996809959
1341845696.573790 -0.007835845 0.016792556 -0.032672573 0.042023323 -0.068261340 -0.006866726 0.996758342
1341845696.611644 -0.007833356 0.016731454 -0.033203159 0.041698031 -0.068904527 -0.005675409 0.996735275
1341845696.648592 -0.007119860 0.016744653 -0.034097448 0.041089904 -0.069674522 -0.005699429 0.996706843
1341845696.679660 -0.007255644 0.016905632 -0.033810105 0.040055308 -0.069290049 -0.005003230 0.996779501
1341845696.705640 -0.007525567 0.016905386 -0.033578005 0.038838804 -0.068098210 -0.005754776 0.996905744
1341845696.741801 -0.007517568 0.016915675 -0.033102978 0.038313635 -0.067036152 -0.005155700 0.997001350
1341845696.773765 -0.007617458 0.016914893 -0.032613926 0.038033724 -0.066098608 -0.004743569 0.997076690
1341845696.805698 -0.006552052 0.016624801 -0.031545874 0.036232974 -0.066404976 -0.003853814 0.997127235
1341845696.841908 -0.005213738 0.018100798 -0.031606670 0.036826774 -0.066424534 -0.003028099 0.997107029
1341845696.873637 -0.005799838 0.018413521 -0.031935818 0.036191162 -0.064686812 -0.002634100 0.997245610
1341845696.905693 -0.007459922 0.016764527 -0.032532301 0.033714876 -0.063225374 -0.001195596 0.997428894
1341845696.941841 -0.007410455 0.016863678 -0.032498825 0.032406636 -0.062214550 0.000381230 0.997536480
1341845696.973560 -0.007153964 0.016690379 -0.033066329 0.031612512 -0.062411353 0.001749830 0.997548163
1341845697.009723 -0.007080429 0.017268877 -0.033109240 0.030993730 -0.062056433 0.001688006 0.997589886
1341845697.041678 -0.007271206 0.016769135 -0.032749522 0.029626925 -0.060508840 0.001497398 0.997726738
1341845697.073636 -0.006211581 0.016246459 -0.031494964 0.029324261 -0.059847187 0.001019349 0.997776210
1341845697.109770 -0.005971204 0.016238306 -0.032141376 0.029539088 -0.059430026 0.000103650 0.997795343
1341845697.141787 -0.006717287 0.017578429 -0.032225437 0.029741505 -0.058457084 -0.000472625 0.997846663
1341845697.173791 -0.006806192 0.017535022 -0.032776363 0.029945286 -0.057992168 0.000242340 0.997867763
1341845697.209803 -0.006125251 0.017312644 -0.033405945 0.029943112 -0.058591198 0.001358475 0.997831941
1341845697.241685 -0.006359946 0.017954018 -0.033552710 0.029740646 -0.057960026 0.001245635 0.997875035
1341845697.277780 -0.006194193 0.017387271 -0.032631271 0.029158721 -0.057670280 0.001946357 0.997907877
1341845697.309575 -0.006475838 0.017323613 -0.032951787 0.028933490 -0.058129724 0.002045672 0.997887552
1341845697.342252 -0.006358214 0.016948868 -0.032385603 0.028488409 -0.058357116 0.002359239 0.997886419
1341845697.377604 -0.006441649 0.017017977 -0.032221410 0.028881909 -0.058435075 0.001619128 0.997871995
1341845697.409528 -0.007125042 0.017392425 -0.032370955 0.028866578 -0.057533026 0.000943893 0.997925758
1341845697.441666 -0.006782942 0.016847882 -0.030795619 0.028744699 -0.057681028 0.001093808 0.997920573
1341845697.477718 -0.006883286 0.017369304 -0.031399794 0.030023726 -0.057996586 0.001339559 0.997864366
1341845697.509822 -0.006980003 0.017607788 -0.031059876 0.030121485 -0.057556249 0.000841774 0.997887373
1341845697.545892 -0.007063384 0.017474044 -0.031159278 0.030010462 -0.058030393 0.001045266 0.997863114
1341845697.577742 -0.007267646 0.017664323 -0.031635884 0.030836252 -0.058724429 0.001674680 0.997796416
1341845697.609653 -0.006340744 0.018291673 -0.031886756 0.031111542 -0.059730172 0.001360377 0.997728705
1341845697.645769 -0.005633460 0.019228745 -0.030540522 0.031125171 -0.060539585 0.001484568 0.997679293
1341845697.677795 -0.000328528 0.020721102 -0.028713556 0.031498231 -0.063371517 0.002830573 0.997488797
1341845697.713520 -0.001968004 0.019352993 -0.030903822 0.030082878 -0.062254205 0.003420251 0.997600973
1341845697.745975 -0.003802036 0.019159514 -0.028496403 0.029884005 -0.061584987 0.003668954 0.997647583
1341845697.777683 -0.004199027 0.019310029 -0.028689187 0.029606098 -0.062049139 0.003565892 0.997627497
1341845697.813673 -0.002335108 0.021307586 -0.027666198 0.029693419 -0.062671006 0.002679725 0.997588813
1341845697.845793 -0.002446319 0.020505356 -0.027877247 0.027887002 -0.062051807 0.002418041 0.997680366
1341845697.877887 -0.001532742 0.021767141 -0.026276711 0.027711757 -0.062706083 0.002638600 0.997643709
1341845697.913637 -0.002575485 0.021683963 -0.026747787 0.027522383 -0.062344592 0.001857023 0.997673392
1341845697.945734 -0.002062192 0.020960350 -0.027154477 0.026222579 -0.062779799 0.001202717 0.997682095
1341845697.981763 -0.002219357 0.020961687 -0.026873382 0.026042342 -0.062600367 0.000840879 0.997698486
1341845698.013639 -0.002360117 0.020899830 -0.026661748 0.026337199 -0.062204599 0.000743284 0.997715533
1341845698.045700 -0.002315483 0.020914746 -0.026921464 0.026602438 -0.062267128 0.000955408 0.997704446
1341845698.081804 -0.001977388 0.021197679 -0.027082859 0.026489208 -0.063202187 0.000641380 0.997648954
1341845698.113733 -0.001972716 0.021238850 -0.027090250 0.026895111 -0.063598752 0.000213542 0.997613072
1341845698.145605 -0.002068461 0.021099227 -0.027070710 0.027216578 -0.063747190 -0.000628530 0.997594655
1341845698.181637 -0.002050455 0.021047546 -0.026946114 0.027012508 -0.063845977 -0.000651799 0.997593880
1341845698.213981 -0.002209604 0.021118492 -0.026648769 0.027529620 -0.064771540 -0.001080058 0.997519732
1341845698.249641 -0.001756940 0.021077855 -0.027946515 0.027880359 -0.066199139 -0.001233718 0.997416079
1341845698.281737 -0.001826184 0.021062700 -0.027511226 0.026595488 -0.066234298 -0.001391273 0.997448623
1341845698.313940 -0.002370534 0.020898191 -0.026868016 0.026718954 -0.065977924 -0.002737968 0.997459531
1341845698.349629 -0.001078061 0.021224752 -0.028244035 0.026816111 -0.066601068 -0.003019095 0.997414708
1341845698.381667 -0.001219934 0.021214513 -0.027804809 0.026755199 -0.067291170 -0.002912475 0.997370362
1341845698.413724 -0.001140784 0.021238947 -0.028126068 0.027132263 -0.068627201 -0.002191799 0.997270942
1341845698.449543 -0.001481759 0.021456053 -0.027686775 0.027776139 -0.070107996 -0.001846338 0.997150898
1341845698.481693 -0.001444538 0.021510655 -0.027966395 0.027606247 -0.071049124 -0.001942042 0.997088850
1341845698.517644 -0.001884451 0.021243272 -0.027543753 0.027731504 -0.071379453 -0.003088418 0.997058868
1341845698.549633 -0.001959613 0.021263659 -0.027328288 0.028429637 -0.072191253 -0.004449370 0.996975601
1341845698.581773 -0.001880886 0.021219229 -0.027548172 0.028985014 -0.072669506 -0.005484341 0.996919751
1341845698.617608 -0.001760507 0.021266120 -0.027529992 0.029215004 -0.073028073 -0.006078455 0.996883392
1341845698.649887 -0.001759493 0.021263374 -0.027557388 0.030008478 -0.073340222 -0.007067390 0.996830344
1341845698.685838 -0.000826096 0.021007281 -0.026331456 0.030586999 -0.074067444 -0.006575807 0.996762335
1341845698.717744 -0.000653574 0.020966314 -0.026900498 0.029965548 -0.074004762 -0.006582099 0.996785820
1341845698.749680 -0.001472257 0.021427577 -0.027259117 0.030145256 -0.073364303 -0.006265246 0.996829808
1341845698.785826 -0.001750811 0.021055374 -0.028045034 0.029543426 -0.073129229 -0.006131750 0.996865928
1341845698.817603 -0.001352499 0.021578321 -0.027790081 0.029152708 -0.073187046 -0.006104549 0.996873379
1341845698.849705 -0.001290488 0.021593576 -0.028092692 0.028386138 -0.073221877 -0.006412419 0.996890962
1341845698.885714 -0.001736860 0.021259509 -0.027598307 0.027932663 -0.073088318 -0.006816842 0.996910930
1341845698.917723 -0.001353369 0.021631083 -0.027838837 0.027081963 -0.072853535 -0.006839313 0.996951401
1341845698.953706 -0.001413617 0.021658095 -0.027842809 0.026721125 -0.072261050 -0.006940079 0.997003615
1341845698.985694 -0.000615549 0.021960145 -0.027522154 0.026176648 -0.072643191 -0.006465076 0.996993482
1341845699.017571 -0.000543997 0.022012720 -0.027788199 0.025175069 -0.073446497 -0.005493177 0.996966243
1341845699.053593 -0.001441929 0.021492457 -0.028081002 0.023694519 -0.073041551 -0.005586486 0.997031748
1341845699.086340 -0.000134462 0.021364182 -0.027739106 0.021595884 -0.073372006 -0.005353826 0.997056425
1341845699.117688 -0.000395417 0.021299034 -0.027613459 0.019709092 -0.073023289 -0.006022485 0.997117281
1341845699.153695 0.000009790 0.021486655 -0.027053939 0.018228013 -0.073002852 -0.006415331 0.997144520
1341845699.185845 0.000023941 0.021480469 -0.026923370 0.017020835 -0.072461307 -0.006292361 0.997206151
1341845699.221973 -0.000876768 0.021838535 -0.027421763 0.016660864 -0.071675740 -0.007100780 0.997263551
1341845699.253571 0.000229069 0.021489920 -0.026699437 0.016040623 -0.072980456 -0.006319701 0.997184336
1341845699.285622 0.000231093 0.021423718 -0.026753413 0.017227868 -0.074146084 -0.005397952 0.997083962
1341845699.321906 -0.000485862 0.021827225 -0.028616374 0.017859453 -0.074620999 -0.004763693 0.997040689
1341845699.354916 -0.000455791 0.021830810 -0.028814517 0.017864173 -0.075385138 -0.004194179 0.996985674
1341845699.385859 -0.000539843 0.021859543 -0.028404020 0.018488675 -0.075271271 -0.005088607 0.996978700
1341845699.421535 0.007041303 0.021277873 -0.028035423 0.018659823 -0.078512602 -0.002582091 0.996735156
1341845699.454093 0.007073197 0.021700110 -0.027742878 0.018668691 -0.077658445 -0.003767320 0.996798098
1341845699.489836 0.000563591 0.021441007 -0.027091410 0.018193441 -0.073846161 -0.006694362 0.997081220
1341845699.522001 0.001524283 0.021542490 -0.028048206 0.018501697 -0.075110979 -0.006010369 0.996985376
1341845699.556281 0.001372325 0.020757649 -0.027633678 0.018902836 -0.075335808 -0.004974104 0.996966600
1341845699.595416 0.001214040 0.020973770 -0.028073780 0.019406114 -0.074780799 -0.005485990 0.996996045
1341845699.628631 0.001284776 0.021052837 -0.028185494 0.019029727 -0.073502906 -0.006002816 0.997095346
1341845699.663810 0.000821836 0.020662222 -0.026941352 0.018907204 -0.072608329 -0.005819775 0.997164309
1341845699.696113 0.001254787 0.020962076 -0.028238563 0.019783823 -0.072505593 -0.003431121 0.997165859
1341845699.727683 0.001423278 0.020943943 -0.028713610 0.017992511 -0.072375193 -0.003398168 0.997209370
1341845699.763748 0.000852501 0.021446090 -0.028845355 0.017071001 -0.071767457 -0.004891667 0.997263312
1341845699.789808 0.006957547 0.021133468 -0.027875284 0.016865656 -0.074055016 -0.002355424 0.997108757
1341845699.821737 0.007034199 0.021147683 -0.027977968 0.016996523 -0.073472798 -0.002240474 0.997149825
1341845699.857825 0.001785614 0.021160638 -0.028759615 0.016722696 -0.071056031 -0.004515216 0.997321904
1341845699.889686 0.001726641 0.021255953 -0.028688850 0.017078331 -0.071197577 -0.004555557 0.997305632
1341845699.925749 0.001064678 0.021682439 -0.029615674 0.017856386 -0.070386454 -0.005377327 0.997345507
1341845699.957536 0.000814636 0.021370888 -0.029533690 0.018193636 -0.069895476 -0.004417805 0.997378588
1341845699.989671 0.000821961 0.021276537 -0.029527621 0.019332359 -0.070358731 -0.003482352 0.997328341
1341845700.025810 0.000595982 0.021323618 -0.028966568 0.020425515 -0.070192553 -0.003363988 0.997318685
1341845700.058133 0.000615915 0.021162065 -0.029335415 0.020874368 -0.069695361 -0.004240697 0.997340858
1341845700.090754 0.000535238 0.021162489 -0.029228257 0.021062862 -0.069114648 -0.004673097 0.997375369
1341845700.125852 0.000579284 0.021100188 -0.029321332 0.021167681 -0.069178149 -0.005299119 0.997365654
1341845700.157773 0.000427848 0.021097163 -0.029034227 0.021804841 -0.068958178 -0.005654822 0.997365177
1341845700.193533 0.000382163 0.021054227 -0.029175451 0.021901188 -0.068120047 -0.005456631 0.997421801
1341845700.225771 0.000438396 0.021112286 -0.029245229 0.022066714 -0.067482255 -0.005618381 0.997460604
1341845700.257669 0.001118799 0.021525981 -0.029531844 0.022530666 -0.067436799 -0.005143009 0.997455895
1341845700.293641 0.000764966 0.021480734 -0.029456573 0.022410965 -0.066687517 -0.003651866 0.997515500
1341845700.325714 0.000754572 0.021432910 -0.029231941 0.022715187 -0.066741720 -0.004130630 0.997503102
1341845700.357742 0.000769321 0.021447631 -0.029352752 0.022645904 -0.066167243 -0.004491043 0.997541428
1341845700.393681 0.000465975 0.021245275 -0.029549306 0.021960152 -0.064896069 -0.005155929 0.997637033
1341845700.425997 0.000366876 0.021178555 -0.029405763 0.021688344 -0.064429261 -0.005532986 0.997671247
1341845700.461682 0.000195229 0.021077976 -0.029125838 0.021623194 -0.064200401 -0.005753241 0.997686148
1341845700.493808 0.000025384 0.020975018 -0.029036971 0.021172285 -0.064010844 -0.006062254 0.997706175
1341845700.526106 -0.000115502 0.020957097 -0.028733123 0.020852940 -0.063830204 -0.006167231 0.997723818
1341845700.562458 -0.000049195 0.020962011 -0.028948635 0.020479398 -0.063773736 -0.005523231 0.997738957
1341845700.594110 0.000801553 0.020736480 -0.028346490 0.020195637 -0.064103767 -0.004859937 0.997727036
1341845700.626137 0.000904495 0.020780472 -0.028538266 0.020053493 -0.064256646 -0.005558641 0.997716427
1341845700.661872 0.000806185 0.020778857 -0.028491745 0.019743983 -0.063405372 -0.006652794 0.997770369
1341845700.693861 0.000232710 0.021004537 -0.029249508 0.019243581 -0.062742546 -0.006915198 0.997820258
1341845700.732394 0.000136650 0.021051968 -0.028953185 0.019620487 -0.063549034 -0.005888921 0.997768462
1341845700.767794 0.000979583 0.020793496 -0.028450223 0.019768428 -0.064035334 -0.005410832 0.997737169
1341845700.799058 0.001038296 0.020842835 -0.028423076 0.020047763 -0.063881382 -0.005642463 0.997740149
1341845700.829639 0.000434642 0.020809203 -0.029661827 0.020184126 -0.063442461 -0.006176199 0.997762263
1341845700.867749 0.000373990 0.020721823 -0.029471127 0.020010825 -0.063107088 -0.006058267 0.997787774
1341845700.897703 0.000255419 0.020706275 -0.029052328 0.020570043 -0.063267916 -0.005479589 0.997769535
1341845700.930007 0.000305141 0.020641916 -0.029124090 0.021252127 -0.064143695 -0.006674036 0.997692049
1341845700.961797 0.000094840 0.020820262 -0.028702619 0.021101091 -0.063590549 -0.006836185 0.997729540
1341845700.997752 0.000023190 0.020838717 -0.028595008 0.020979729 -0.063607894 -0.007300856 0.997727692
1341845701.029597 0.000197673 0.020813724 -0.028865479 0.021323897 -0.064106435 -0.007088841 0.997690022
1341845701.061618 0.002974821 0.020597834 -0.027382931 0.021352289 -0.065968521 -0.006817319 0.997569919
1341845701.097561 0.002982971 0.020672079 -0.027375838 0.021663558 -0.066194832 -0.006588237 0.997549772
1341845701.129741 0.002872020 0.020618264 -0.027310621 0.021591520 -0.065580130 -0.006318406 0.997593701
1341845701.165734 0.000541985 0.021237936 -0.028673001 0.021853860 -0.064444594 -0.006906624 0.997658074
1341845701.197714 0.000525177 0.021295132 -0.028778076 0.022433814 -0.064948142 -0.006386732 0.997615993
1341845701.230497 0.000606300 0.021381410 -0.029201560 0.022649756 -0.065145925 -0.007142371 0.997593105
1341845701.265852 0.000052215 0.020923456 -0.029168215 0.022807030 -0.065207526 -0.007316338 0.997584224
1341845701.297730 0.000149358 0.020986486 -0.029250156 0.023847450 -0.066043951 -0.008001149 0.997499585
1341845701.329611 0.000158289 0.020946179 -0.029354356 0.023321399 -0.065750815 -0.008751914 0.997525096
1341845701.365791 0.000560789 0.021193810 -0.028913355 0.023345772 -0.065768808 -0.008350718 0.997526824
1341845701.397757 0.000423484 0.021127477 -0.028743068 0.022800986 -0.065360792 -0.008609053 0.997564018
1341845701.433542 -0.000288307 0.020713041 -0.028687488 0.022242852 -0.064637907 -0.008259872 0.997626662
1341845701.465617 0.000253971 0.020810038 -0.028398026 0.022372345 -0.065186597 -0.005762679 0.997605622
1341845701.497704 0.000281608 0.020819033 -0.028400084 0.022004202 -0.065459244 -0.005235936 0.997598886
1341845701.533597 0.000445926 0.021169312 -0.028701397 0.022060867 -0.065372549 -0.006402055 0.997596502
1341845701.565815 0.000645230 0.021357408 -0.029082654 0.022110060 -0.064667590 -0.006911535 0.997637928
1341845701.597762 0.000769223 0.021455720 -0.029325658 0.022051401 -0.064474508 -0.007306684 0.997648954
1341845701.633825 0.000784421 0.021459464 -0.029432841 0.022760058 -0.064784825 -0.007476645 0.997611642
1341845701.665709 0.006980888 0.021259053 -0.028220998 0.023215571 -0.067669012 -0.005818740 0.997420728
1341845701.701676 0.006989283 0.021210693 -0.028202189 0.023956310 -0.067492612 -0.006079639 0.997413576
1341845701.733527 0.000689063 0.021368330 -0.029292332 0.024628086 -0.064108633 -0.007803118 0.997608483
1341845701.765764 0.000524337 0.020825606 -0.028552702 0.024301615 -0.064026214 -0.008299142 0.997617722
1341845701.801701 0.000347809 0.020698609 -0.028209368 0.024235822 -0.063590191 -0.008239455 0.997647762
1341845701.833700 0.000369558 0.020716416 -0.028140645 0.024644723 -0.063694365 -0.007993353 0.997633100
1341845701.865775 0.000510109 0.020825159 -0.028345414 0.024819586 -0.063779652 -0.007380352 0.997628033
1341845701.901711 0.000544304 0.020821219 -0.028460929 0.024542628 -0.063483678 -0.007720818 0.997651160
1341845701.933585 0.000655659 0.021014225 -0.029087638 0.024414936 -0.063072123 -0.007878914 0.997679174
1341845701.969726 0.000618870 0.020922067 -0.028658694 0.023974940 -0.063155979 -0.007394248 0.997688234
1341845702.002544 0.000516597 0.020872913 -0.028492242 0.024006970 -0.062900230 -0.007476470 0.997703016
1341845702.034379 0.000486903 0.020846095 -0.028408824 0.024350509 -0.062591836 -0.008445327 0.997706354
1341845702.070436 0.000488664 0.020835888 -0.028389772 0.024440106 -0.062522195 -0.008927612 0.997704327
1341845702.101809 0.000566610 0.020885855 -0.028586835 0.024865167 -0.063090071 -0.008554872 0.997661352
1341845702.137663 0.000405590 0.020779185 -0.028296147 0.025007091 -0.063632101 -0.008626468 0.997622728
1341845702.169629 0.000522520 0.020775441 -0.028372156 0.025417196 -0.063777670 -0.009615117 0.997594059
1341845702.201769 0.000766910 0.021257594 -0.028770741 0.025932025 -0.063397042 -0.009895066 0.997602344
1341845702.237691 0.000628103 0.021182075 -0.028474629 0.026060198 -0.063030235 -0.010232392 0.997618854
1341845702.269760 0.000699065 0.021208597 -0.028586159 0.026487986 -0.063078113 -0.010235895 0.997604549
1341845702.301761 0.000349942 0.020742798 -0.028273014 0.026116209 -0.062440600 -0.011155117 0.997644544
1341845702.337713 0.000401897 0.020803986 -0.028353337 0.025815299 -0.062020596 -0.011336414 0.997676551
1341845702.369720 0.000387140 0.020806950 -0.028322851 0.025734033 -0.062577352 -0.010837287 0.997649431
1341845702.405655 0.000450252 0.020821461 -0.028392799 0.025684530 -0.062554799 -0.011240060 0.997647703
1341845702.437629 0.000348938 0.020773077 -0.028253933 0.025643582 -0.061953288 -0.011052586 0.997688353
1341845702.469691 0.000353496 0.020743607 -0.028239449 0.026012819 -0.061474439 -0.011357795 0.997704983
1341845702.506265 0.000723620 0.021207502 -0.028619813 0.026463853 -0.061664656 -0.010898306 0.997686505
1341845702.537648 0.000641515 0.021171918 -0.028469307 0.026300138 -0.061950359 -0.009355031 0.997688830
1341845702.569753 0.000705988 0.021194244 -0.028591579 0.026253281 -0.062056582 -0.009288246 0.997684062
1341845702.605685 0.000727104 0.021194004 -0.028603127 0.025713746 -0.062187098 -0.008645410 0.997695744
1341845702.637718 0.000826281 0.021249553 -0.028712275 0.025403054 -0.062192004 -0.009809706 0.997692645
1341845702.673733 0.000812058 0.021249834 -0.028722439 0.025252670 -0.061865635 -0.009991528 0.997714937
1341845702.705735 0.000781690 0.020906476 -0.028634204 0.024324711 -0.061266705 -0.010459891 0.997770190
1341845702.737648 0.000891441 0.020950258 -0.028800942 0.023350986 -0.060539953 -0.012259105 0.997817338
1341845702.773644 0.000745139 0.020949531 -0.028931957 0.021289185 -0.059713244 -0.012845680 0.997905850
1341845702.805893 0.000975364 0.021360831 -0.028940603 0.020665709 -0.059227411 -0.013002814 0.997945905
1341845702.837969 0.001132993 0.021392930 -0.029216725 0.019110341 -0.058584765 -0.014188387 0.997998655
1341845702.874009 0.000925949 0.021319004 -0.028912228 0.017209683 -0.057567280 -0.013463537 0.998102486
1341845702.908704 0.000575315 0.020847522 -0.028473331 0.016669592 -0.057285435 -0.013678632 0.998124897
1341845702.941673 0.000481441 0.020804746 -0.028311169 0.017644122 -0.057637732 -0.012617394 0.998101890
1341845702.973595 0.000737827 0.021253940 -0.028572077 0.020178204 -0.059303954 -0.010440214 0.997981429
1341845703.005769 0.001501970 0.020407960 -0.027356461 0.021198845 -0.061087370 -0.009072908 0.997866035
1341845703.041648 0.001713803 0.020517079 -0.027733445 0.022228299 -0.061923862 -0.009397491 0.997789025
1341845703.073714 0.001055615 0.021315098 -0.029152710 0.021777771 -0.061188664 -0.010822108 0.997829914
1341845703.109699 0.000915341 0.021225411 -0.028987961 0.019493518 -0.058889449 -0.013250707 0.997986197
1341845703.142006 0.001054645 0.021365287 -0.029232003 0.018120972 -0.057632800 -0.013961949 0.998075724
1341845703.173706 0.000712334 0.020832131 -0.028461182 0.016553000 -0.057200655 -0.013887409 0.998128891
1341845703.209732 0.000608774 0.020787118 -0.028261160 0.016627476 -0.057304002 -0.013996207 0.998120189
1341845703.242050 0.000538129 0.020767361 -0.028164299 0.017857846 -0.057413384 -0.013551954 0.998098791
1341845703.273874 0.001000621 0.021236213 -0.028659737 0.018927241 -0.058512297 -0.013770610 0.998012245
1341845703.309758 0.000944055 0.021226341 -0.028593613 0.019819312 -0.059323274 -0.012063975 0.997969151
1341845703.341850 0.000830593 0.021220488 -0.028784454 0.020269874 -0.059122495 -0.011816314 0.997974992
1341845703.377702 0.001490503 0.020774432 -0.027637284 0.020641714 -0.058809765 -0.012851064 0.997973025
1341845703.409585 0.001463519 0.020734692 -0.027586659 0.020776967 -0.058740832 -0.013197456 0.997969747
1341845703.441629 0.001443521 0.020711156 -0.027537029 0.020590998 -0.059077289 -0.014199038 0.997940004
1341845703.477741 0.001717042 0.020767065 -0.027465975 0.020590939 -0.059178092 -0.014460042 0.997930288
1341845703.509995 0.001629359 0.020693159 -0.027287226 0.020972688 -0.059103251 -0.014867913 0.997920811
1341845703.541800 0.000969376 0.021206457 -0.028613294 0.021941343 -0.058714267 -0.015338350 0.997915804
1341845703.577765 0.002635600 0.020115728 -0.026243415 0.021271046 -0.059644368 -0.015323892 0.997875392
1341845703.609650 0.002642702 0.020005671 -0.025920264 0.021614039 -0.059861880 -0.015484318 0.997852504
1341845703.651761 0.001964087 0.020532113 -0.027060345 0.022446191 -0.059963342 -0.015747352 0.997823954
1341845703.677758 0.002034494 0.020407982 -0.026739735 0.022524480 -0.060656186 -0.014510565 0.997799039
1341845703.709916 0.002227279 0.020590976 -0.027264668 0.022318130 -0.061162066 -0.014732851 0.997769535
1341845703.745719 0.002307561 0.020762855 -0.027587742 0.021004517 -0.060630411 -0.015835315 0.997813642
1341845703.777733 0.003087048 0.020182293 -0.026441425 0.019422850 -0.060122792 -0.016430328 0.997866750
1341845703.809711 0.003028196 0.020184895 -0.026328268 0.019255713 -0.059639778 -0.016337238 0.997900486
1341845703.845769 0.003027655 0.020189820 -0.026301775 0.019237163 -0.059752189 -0.016249474 0.997895539
1341845703.877728 0.003070935 0.020199798 -0.026384180 0.019009035 -0.059670761 -0.016218988 0.997905314
1341845703.913808 0.003098520 0.020178847 -0.026356334 0.018582758 -0.059591793 -0.015881652 0.997923434
1341845703.945653 0.003051158 0.020184463 -0.026335865 0.018908754 -0.059147820 -0.016836857 0.997928083
1341845703.977870 0.002792838 0.020164929 -0.026328960 0.019234395 -0.058601875 -0.017059002 0.997950315
1341845704.013637 0.002475409 0.020685822 -0.027087754 0.020715924 -0.058822010 -0.016707676 0.997913659
1341845704.045703 0.002554948 0.020731788 -0.027234348 0.021711307 -0.059276979 -0.016069688 0.997876048
1341845704.077666 0.002586669 0.020695835 -0.027254915 0.022102924 -0.059364621 -0.016100874 0.997861743
1341845704.113706 0.002909543 0.020803861 -0.027557129 0.021991890 -0.059210144 -0.015527255 0.997882485
1341845704.145681 0.002870582 0.020738656 -0.027459411 0.021562528 -0.058806334 -0.016160814 0.997905672
1341845704.181785 0.003070787 0.020211831 -0.026404664 0.020842869 -0.058354385 -0.016418640 0.997943282
1341845704.213778 0.002281968 0.020711755 -0.027038984 0.021189950 -0.057889611 -0.016420906 0.997962952
1341845704.245863 0.002329137 0.020779699 -0.027124362 0.021148140 -0.057765033 -0.015911246 0.997979343
1341845704.281578 0.002551473 0.020633234 -0.027098922 0.020617288 -0.057646841 -0.015405209 0.998005211
1341845704.313707 0.002803086 0.020750215 -0.027476953 0.019882824 -0.057147242 -0.015531899 0.998046875
1341845704.349873 0.002701310 0.020646235 -0.027256016 0.019040037 -0.055542998 -0.015425888 0.998155534
1341845704.381729 0.002221273 0.020641431 -0.026985571 0.018279430 -0.053589970 -0.015775211 0.998271048
1341845704.413817 0.002060039 0.020553321 -0.026806690 0.018398888 -0.052005216 -0.015427100 0.998358130
1341845704.449837 0.002724062 0.020580186 -0.027318843 0.018082911 -0.050905980 -0.016000245 0.998411536
1341845704.481600 0.003368973 0.019944550 -0.025643513 0.016621860 -0.049527410 -0.015663445 0.998511612
1341845704.513671 0.003167463 0.019859795 -0.025230199 0.018152919 -0.049314652 -0.015155497 0.998503268
1341845704.549869 0.002192719 0.020422244 -0.025971724 0.023365397 -0.049975820 -0.012279517 0.998401582
1341845704.581901 0.002087966 0.019832723 -0.024718460 0.026925124 -0.052207056 -0.010481502 0.998218179
1341845704.617838 0.002831388 0.020708574 -0.027035827 0.029060852 -0.053100344 -0.011890694 0.998095393
1341845704.650477 0.002521744 0.020559624 -0.026948819 0.029432306 -0.052885968 -0.013369249 0.998077214
1341845704.681708 0.003089456 0.019825153 -0.025119698 0.030264877 -0.053972676 -0.012931868 0.997999847
1341845704.717704 0.003243573 0.019975742 -0.025493884 0.031431060 -0.055258658 -0.012365073 0.997900605
1341845704.749702 0.002717865 0.020611281 -0.027064199 0.032042697 -0.054962676 -0.014950298 0.997862160
1341845704.781791 0.003267880 0.019867936 -0.025326114 0.030566538 -0.054772876 -0.017188007 0.997882843
1341845704.817744 0.003181726 0.019891327 -0.025135301 0.031540588 -0.055599984 -0.017147968 0.997807443
1341845704.849705 0.003066914 0.019961409 -0.025487380 0.032905113 -0.057418786 -0.017437207 0.997655392
1341845704.885675 0.003025278 0.019918434 -0.025470879 0.032919172 -0.058339790 -0.017212722 0.997605383
1341845704.917742 0.003214679 0.020027699 -0.025766470 0.032356542 -0.058950495 -0.018200234 0.997570395
1341845704.949746 0.003117957 0.019981554 -0.025654223 0.031657744 -0.059450272 -0.019594701 0.997536719
1341845704.985761 0.002784584 0.019857880 -0.025403451 0.030562211 -0.059592057 -0.019619802 0.997561932
1341845705.017537 0.003027242 0.019996015 -0.025774904 0.030067679 -0.060101364 -0.020299256 0.997532785
1341845705.049660 0.003078801 0.020003954 -0.025848623 0.029105667 -0.060437128 -0.020687716 0.997533083
1341845705.085710 0.002984415 0.019949703 -0.025693204 0.028848849 -0.061026495 -0.021467000 0.997488201
1341845705.117831 0.003089747 0.019997017 -0.025867039 0.028850602 -0.061802305 -0.021872340 0.997431576
1341845705.154005 0.003070130 0.019991202 -0.025925051 0.027245484 -0.061636947 -0.022471163 0.997473598
1341845705.185648 0.003640133 0.020123824 -0.025959216 0.026669625 -0.061742362 -0.022566870 0.997480452
1341845705.217695 0.003657062 0.020130415 -0.025997037 0.026599007 -0.061251096 -0.022309925 0.997518420
1341845705.253735 0.003657079 0.020113707 -0.026051592 0.025839813 -0.060867239 -0.022254188 0.997563124
1341845705.285554 0.003926166 0.020735962 -0.027348731 0.026391897 -0.061114337 -0.022089582 0.997537255
1341845705.321646 0.003931762 0.020716250 -0.027338304 0.026747843 -0.061562557 -0.021256814 0.997518301
1341845705.353674 0.002494915 0.020544186 -0.026956212 0.026739290 -0.061363652 -0.020712281 0.997542202
1341845705.385774 0.004075386 0.020325564 -0.026511839 0.027074933 -0.062189631 -0.021033525 0.997475326
1341845705.421801 0.004058186 0.020357195 -0.026443772 0.028321750 -0.061794866 -0.021377247 0.997457922
1341845705.453568 0.004081714 0.020350637 -0.026230119 0.030656490 -0.062175516 -0.021069998 0.997371733
1341845705.485749 0.004088411 0.020410668 -0.026301326 0.032487135 -0.063112549 -0.019349908 0.997289777
1341845705.521655 0.003764302 0.020219786 -0.026201516 0.033653382 -0.063417114 -0.018505773 0.997247815
1341845705.553548 0.004136437 0.020325772 -0.026354006 0.034204282 -0.063656598 -0.017679498 0.997228801
1341845705.589775 0.004155142 0.020348696 -0.026492653 0.033777378 -0.063234068 -0.018254882 0.997259915
1341845705.621894 0.004139401 0.020384345 -0.026378796 0.033846010 -0.063700534 -0.016687995 0.997255325
1341845705.653569 0.004154864 0.020358792 -0.026322743 0.034139380 -0.066557050 -0.016124444 0.997067988
1341845705.689868 0.004160820 0.020334549 -0.026410542 0.034576826 -0.067576066 -0.017068140 0.996968687
1341845705.721810 0.004096986 0.020292573 -0.026397889 0.034494855 -0.066529475 -0.017010050 0.997042954
1341845705.753738 0.003899040 0.020138584 -0.026059005 0.034257594 -0.065923750 -0.018621132 0.997062564
1341845705.789861 0.004086443 0.020276519 -0.026352206 0.034356587 -0.064848281 -0.018541932 0.997131169
1341845705.821704 0.003172003 0.020470515 -0.026963513 0.034316968 -0.063919060 -0.017951589 0.997203290
1341845705.863629 0.003090908 0.020446271 -0.026818305 0.035043690 -0.064947113 -0.018213231 0.997106910
1341845705.895623 0.003813383 0.020229936 -0.026012650 0.036635630 -0.067028604 -0.015165524 0.996962905
1341845705.931726 0.003944558 0.020230517 -0.026192700 0.037758611 -0.069835894 -0.013330511 0.996754527
1341845705.963641 0.004111435 0.020286616 -0.026242213 0.037533585 -0.071560010 -0.016042972 0.996600747
1341845705.995677 0.004037668 0.020242283 -0.026456490 0.035797097 -0.070397958 -0.020559981 0.996664405
1341845706.031837 0.003988622 0.020236500 -0.026380403 0.033214986 -0.068336196 -0.021266289 0.996882498
1341845706.063631 0.003007334 0.020245688 -0.026052574 0.032945078 -0.069032937 -0.020134393 0.996866941
1341845706.095737 0.003820670 0.020151842 -0.026078165 0.032826249 -0.070880122 -0.021793200 0.996706307
1341845706.131716 0.003860057 0.020119192 -0.026236175 0.031302620 -0.069896676 -0.023225958 0.996792436
1341845706.163718 0.003848355 0.020197278 -0.026045870 0.031420503 -0.069028988 -0.022000493 0.996876955
1341845706.195662 0.005064485 0.020568840 -0.026678823 0.031906363 -0.069949210 -0.020507950 0.996829212
1341845706.231610 0.005151649 0.020614922 -0.026899492 0.030757146 -0.069226421 -0.020600451 0.996913910
1341845706.263724 0.003534855 0.020513410 -0.026682034 0.029630702 -0.066413239 -0.020305712 0.997145414
1341845706.299838 0.003927241 0.020204959 -0.026137467 0.028544933 -0.066342011 -0.019030632 0.997206986
1341845706.331753 0.003834296 0.020141944 -0.025961554 0.027949061 -0.066855058 -0.020401845 0.997162461
1341845706.363574 0.003702867 0.020174254 -0.025494218 0.027704099 -0.066672854 -0.019361788 0.997202218
1341845706.399690 0.003307537 0.020295145 -0.023787607 0.027977873 -0.066953376 -0.019403379 0.997174978
1341845706.431735 0.003132036 0.019442523 -0.023672679 0.027550213 -0.066332512 -0.019277703 0.997230828
1341845706.463612 0.003285607 0.018887188 -0.022740379 0.027454432 -0.065758392 -0.017582962 0.997302830
1341845706.499655 0.003025577 0.019229755 -0.023138797 0.028721008 -0.066513598 -0.016128525 0.997241616
1341845706.531782 0.002985638 0.019658316 -0.024214471 0.029619705 -0.066789970 -0.016753808 0.997186601
1341845706.563559 0.002749365 0.019319782 -0.023558982 0.029669011 -0.064168848 -0.017212987 0.997349381
1341845706.599529 0.002816883 0.018584138 -0.022271415 0.030516386 -0.063037112 -0.016170314 0.997413456
1341845706.631786 0.002635782 0.018450662 -0.022039557 0.032100555 -0.064333439 -0.017037373 0.997266531
1341845706.667647 0.002338842 0.018902149 -0.022982787 0.033117902 -0.062807947 -0.017783213 0.997317493
1341845706.700732 0.002922104 0.019141313 -0.023483271 0.033388760 -0.061080907 -0.016401403 0.997439384
1341845706.732115 0.002937710 0.019163759 -0.023507984 0.034344681 -0.060837686 -0.016118720 0.997426391
1341845706.768143 0.002609545 0.019086871 -0.023317523 0.034909304 -0.059904683 -0.014598766 0.997486651
1341845706.800357 0.002570632 0.019077398 -0.023338975 0.035466731 -0.059362244 -0.013225203 0.997518599
1341845706.832602 0.002619349 0.019084932 -0.023414440 0.035435311 -0.059444010 -0.013687124 0.997508585
1341845706.869449 0.002660893 0.019084215 -0.023429988 0.034497917 -0.059302215 -0.013442040 0.997553229
1341845706.904495 0.004817756 0.019256607 -0.023130106 0.033979364 -0.061215378 -0.012195944 0.997471452
1341845706.933651 0.004830840 0.019257441 -0.023160599 0.034070797 -0.061113615 -0.011962767 0.997477353
1341845706.964608 0.004869028 0.019244408 -0.023231154 0.033440467 -0.060773570 -0.011850955 0.997520864
1341845706.994021 0.004828394 0.019257909 -0.023163076 0.032690205 -0.060719911 -0.010046575 0.997568786
1341845707.029674 0.004846765 0.019264292 -0.023195110 0.033554681 -0.061273925 -0.009361249 0.997512877
1341845707.061864 0.004805598 0.019239716 -0.023160951 0.033977915 -0.060664780 -0.009370814 0.997535646
1341845707.097704 0.002802438 0.019143062 -0.023292763 0.034793749 -0.058392055 -0.009162277 0.997645140
1341845707.129770 0.002746875 0.019143924 -0.023196569 0.037216138 -0.058722079 -0.008087500 0.997547626
1341845707.161817 0.002525870 0.019090649 -0.023300530 0.039432611 -0.058810171 -0.007747102 0.997460008
1341845707.197721 0.002849223 0.019098468 -0.023244692 0.040262353 -0.057590879 -0.008438888 0.997492373
1341845707.229795 0.002856874 0.019117875 -0.023227422 0.041177899 -0.056773808 -0.008996541 0.997496963
1341845707.261851 0.002909177 0.018801345 -0.022669114 0.041407607 -0.056434255 -0.008246923 0.997513175
1341845707.297710 0.003120529 0.018778337 -0.022705566 0.041186340 -0.055684090 -0.008390659 0.997563303
1341845707.329761 0.003074305 0.018789871 -0.022570407 0.040818613 -0.053843491 -0.008222020 0.997680843
1341845707.365850 0.002978502 0.018766925 -0.022333372 0.041513704 -0.052242540 -0.007002622 0.997746587
1341845707.397796 0.002962007 0.018801305 -0.022267958 0.042857781 -0.052438792 -0.004489994 0.997693956
1341845707.429752 0.002587769 0.019108338 -0.022896461 0.044400949 -0.051830318 -0.004686015 0.997657359
1341845707.465767 0.002622754 0.019093096 -0.023007808 0.045378748 -0.049854983 -0.005874472 0.997707725
1341845707.497642 0.002553379 0.019107845 -0.022885730 0.045970403 -0.048261397 -0.005439456 0.997761488
1341845707.533665 0.002588852 0.019130824 -0.022811776 0.046768446 -0.047158912 -0.004157396 0.997783303
1341845707.565754 0.002618327 0.019096656 -0.022871265 0.047828332 -0.044706922 -0.005316648 0.997840405
1341845707.597603 0.002859068 0.018813247 -0.022161227 0.048226330 -0.042858690 -0.005350893 0.997902155
1341845707.633748 0.003248613 0.018930329 -0.022299232 0.048725441 -0.042885344 -0.004432258 0.997881234
1341845707.665870 0.003298426 0.018915752 -0.022383278 0.049210824 -0.042962391 -0.003633387 0.997857332
1341845707.698455 0.003358411 0.018893542 -0.022479190 0.048498426 -0.042019092 -0.004226558 0.997930050
1341845707.734303 0.003132805 0.018831760 -0.022410883 0.047788396 -0.041510984 -0.005358473 0.997980177
1341845707.766259 0.002992042 0.018819034 -0.022197731 0.048141763 -0.041732330 -0.005165671 0.997954965
1341845707.801730 0.002592434 0.019076249 -0.022771081 0.049485065 -0.041580282 -0.004704477 0.997897863
1341845707.836344 0.005074239 0.019487729 -0.023508554 0.050128292 -0.042725295 -0.005335604 0.997814238
1341845707.866230 0.005062328 0.019486492 -0.023530431 0.049745627 -0.043412499 -0.004718209 0.997806847
1341845707.901694 0.003230068 0.018930944 -0.022286594 0.049061127 -0.042615078 -0.004210504 0.997877359
1341845707.933640 0.003210780 0.018932581 -0.022241987 0.049444482 -0.043322060 -0.004154077 0.997828245
1341845707.965831 0.003048199 0.019232858 -0.022750556 0.049792048 -0.043100148 -0.004772892 0.997817814
1341845708.001954 0.003022306 0.019248197 -0.022721667 0.049733873 -0.042535491 -0.003844779 0.997848928
1341845708.034393 0.003038137 0.019228194 -0.022711266 0.049978167 -0.043437552 -0.005095838 0.997792244
1341845708.069946 0.003180231 0.019210164 -0.022919515 0.049596041 -0.043532688 -0.005341840 0.997805893
1341845708.101700 0.003074316 0.019206498 -0.022739537 0.049268350 -0.043497797 -0.005634474 0.997822046
1341845708.133697 0.003132938 0.019196332 -0.022813415 0.049643252 -0.044479411 -0.006139520 0.997757196
1341845708.169675 0.003217400 0.018890416 -0.022231488 0.049455218 -0.044737618 -0.006545867 0.997752428
1341845708.201793 0.003273066 0.018917462 -0.022005111 0.049098294 -0.044647064 -0.006748158 0.997772753
1341845708.233744 0.003387561 0.018971266 -0.022228548 0.049628254 -0.045471024 -0.006705772 0.997709572
1341845708.269711 0.003013962 0.019215591 -0.022698944 0.050381705 -0.046022471 -0.007451889 0.997641265
1341845708.301629 0.004918354 0.019512076 -0.023646709 0.050749488 -0.047705058 -0.007763149 0.997541189
1341845708.337612 0.004897791 0.019498814 -0.023608971 0.050127059 -0.047351606 -0.009978551 0.997569799
1341845708.369900 0.003114207 0.019238509 -0.022853920 0.049474273 -0.046069983 -0.010036413 0.997661829
1341845708.401883 0.003472899 0.019371592 -0.022616198 0.049820863 -0.047133896 -0.009683119 0.997598350
1341845708.443610 0.003580694 0.019348754 -0.022790499 0.049893990 -0.047219057 -0.010260326 0.997584939
1341845708.470492 0.003499585 0.019368377 -0.022635654 0.049191039 -0.047369707 -0.009071235 0.997624218
1341845708.501776 0.004822348 0.019452147 -0.023492219 0.049287841 -0.049364820 -0.009032112 0.997523069
1341845708.543852 0.003710221 0.019274371 -0.023055831 0.049461626 -0.050806727 -0.008899216 0.997443259
1341845708.569583 0.003838598 0.019315474 -0.023278583 0.049003784 -0.051912703 -0.010956221 0.997388422
1341845708.605675 0.003539604 0.019278390 -0.023186896 0.048182052 -0.051897231 -0.011128138 0.997427344
1341845708.637641 0.004187715 0.019071806 -0.022753736 0.048324656 -0.054489251 -0.011854583 0.997273803
1341845708.669692 0.004267976 0.019102313 -0.022821270 0.048095513 -0.055739764 -0.012793034 0.997204185
1341845708.705736 0.004301367 0.019110102 -0.022900792 0.046878103 -0.055452358 -0.013730930 0.997265756
1341845708.738027 0.004228333 0.019095661 -0.022808462 0.046855070 -0.056512445 -0.014884164 0.997190773
1341845708.773829 0.004318243 0.019096671 -0.022930980 0.046654351 -0.058546569 -0.015061265 0.997080147
1341845708.805763 0.004298231 0.019101018 -0.022947928 0.045590073 -0.058589704 -0.015521430 0.997119784
1341845708.838653 0.004287739 0.019092338 -0.022929374 0.045453910 -0.059298374 -0.016960453 0.997060657
1341845708.873912 0.004366111 0.019024549 -0.022774577 0.045349218 -0.060782731 -0.017992238 0.996957958
1341845708.905735 0.004498377 0.019041823 -0.022956127 0.044910904 -0.060990203 -0.018283499 0.996959805
1341845708.938426 0.004345151 0.019111214 -0.022976145 0.044968672 -0.061663043 -0.019716749 0.996888518
1341845708.973642 0.004384627 0.019022228 -0.022865141 0.044803966 -0.062775232 -0.019237446 0.996835887
1341845709.005742 0.004431619 0.018971849 -0.022980576 0.044356383 -0.063561663 -0.019997898 0.996791124
1341845709.041686 0.004394955 0.019034099 -0.023086015 0.044294041 -0.064183146 -0.021031812 0.996732771
1341845709.073656 0.004542022 0.019229244 -0.023121042 0.043899670 -0.064686552 -0.021405255 0.996709704
1341845709.105658 0.004605954 0.019188132 -0.023173289 0.043753456 -0.065709420 -0.021625625 0.996644497
1341845709.141741 0.004510691 0.019076265 -0.023070905 0.043482307 -0.066972978 -0.022377297 0.996555626
1341845709.173646 0.004615853 0.019180184 -0.023276113 0.043071456 -0.066883065 -0.022523936 0.996576250
1341845709.205765 0.004673942 0.019258164 -0.023259250 0.042573947 -0.067186654 -0.022630146 0.996574759
1341845709.241765 0.004665537 0.019222040 -0.023233218 0.041933127 -0.066979185 -0.022564283 0.996617377
1341845709.273754 0.004423969 0.019058157 -0.022890624 0.041388560 -0.066523746 -0.022079825 0.996681511
1341845709.309890 0.004823764 0.019278921 -0.023204444 0.041659832 -0.067075677 -0.021586297 0.996644020
1341845709.341728 0.004895549 0.019305473 -0.023389898 0.040886518 -0.067427531 -0.021079585 0.996663153
1341845709.373776 0.004948350 0.019317094 -0.023435703 0.039578699 -0.067405514 -0.020726949 0.996724844
1341845709.409657 0.005063002 0.019322377 -0.023732414 0.037417751 -0.067339763 -0.018372338 0.996858895
1341845709.442072 0.005005728 0.019327395 -0.023706289 0.035189919 -0.067860417 -0.015826777 0.996948421
1341845709.473660 0.004803886 0.019240165 -0.023523210 0.033402152 -0.068276227 -0.016080813 0.996977448
1341845709.509632 0.005111613 0.019351607 -0.023876356 0.031577483 -0.068276323 -0.015626341 0.997044146
1341845709.541673 0.005074907 0.019321643 -0.023793397 0.029646330 -0.069491878 -0.015701108 0.997018278
1341845709.578645 0.005106558 0.019396681 -0.023691207 0.028812477 -0.070557892 -0.015478723 0.996971369
1341845709.609672 0.005194849 0.019457484 -0.024053970 0.028518392 -0.071999617 -0.016734235 0.996856391
1341845709.642057 0.005200788 0.019450521 -0.024053883 0.028426327 -0.073093034 -0.015754238 0.996795416
1341845709.677625 0.005196742 0.019348847 -0.023837723 0.027400741 -0.073955573 -0.015676750 0.996761739
1341845709.709730 0.005246782 0.019427922 -0.024021704 0.027229516 -0.074210688 -0.016829466 0.996728659
1341845709.745593 0.005234457 0.019373601 -0.024004158 0.026324006 -0.074100181 -0.016882945 0.996760309
1341845709.777709 0.005189235 0.019393956 -0.023947198 0.026109576 -0.074526414 -0.015300592 0.996759713
1341845709.809687 0.005245348 0.019403163 -0.024075300 0.026106615 -0.074446000 -0.017058991 0.996737301
1341845709.845686 0.005198298 0.019380065 -0.024025794 0.025971480 -0.072503641 -0.019100212 0.996846974
1341845709.878752 0.004647097 0.019384373 -0.024201786 0.025949806 -0.070385784 -0.020539436 0.996970713
1341845709.909693 0.005092419 0.019456184 -0.023889536 0.027314179 -0.070438512 -0.019239241 0.996956468
1341845709.945663 0.005089931 0.019457493 -0.023867643 0.029133039 -0.071800686 -0.018305331 0.996825337
1341845709.977698 0.004906207 0.019487588 -0.024431357 0.030322433 -0.071623348 -0.018228654 0.996804059
1341845710.013739 0.005288428 0.019474179 -0.024016080 0.030936068 -0.071002759 -0.019141080 0.996812522
1341845710.045754 0.005241742 0.019467110 -0.023956202 0.031639561 -0.070659868 -0.019214341 0.996813416
1341845710.077705 0.005210309 0.019440519 -0.023909900 0.031435773 -0.071062662 -0.019262584 0.996790290
1341845710.113730 0.005254363 0.019454582 -0.023974719 0.031718288 -0.070688695 -0.019887473 0.996795654
1341845710.145759 0.005200274 0.019421602 -0.023931110 0.031796761 -0.071013331 -0.019088153 0.996785700
1341845710.177824 0.005174074 0.019436764 -0.023918180 0.032315567 -0.071738139 -0.018878901 0.996721089
1341845710.213581 0.005095290 0.019441886 -0.023909524 0.032706980 -0.071619242 -0.019241448 0.996709943
1341845710.245636 0.005110730 0.019416410 -0.023863949 0.033684239 -0.072260879 -0.019328259 0.996629417
1341845710.281582 0.005162471 0.019445755 -0.023948990 0.035644956 -0.074069284 -0.020725150 0.996400356
1341845710.313617 0.005248572 0.019463981 -0.024154389 0.035867315 -0.074292049 -0.020853467 0.996373117
1341845710.345643 0.005237744 0.019475723 -0.024142005 0.036106814 -0.073811375 -0.019885639 0.996419966
1341845710.381860 0.005156457 0.019461747 -0.023998939 0.037011232 -0.074540995 -0.020284805 0.996324420
1341845710.413817 0.005215319 0.019458981 -0.024038302 0.036951479 -0.074672267 -0.020023270 0.996322095
1341845710.445824 0.005265845 0.019466054 -0.024067027 0.036240261 -0.074083239 -0.018665884 0.996418536
1341845710.481794 0.005395425 0.019430175 -0.024365079 0.036424555 -0.075304776 -0.020128325 0.996291757
1341845710.513650 0.005604867 0.019554146 -0.024631971 0.036555201 -0.075229689 -0.019057518 0.996313691
1341845710.549635 0.005557239 0.019551976 -0.024529034 0.037297525 -0.075430669 -0.018035224 0.996290028
1341845710.581654 0.005245665 0.019441871 -0.024004646 0.038150795 -0.075601950 -0.018240906 0.996240973
1341845710.613694 0.005123941 0.019421615 -0.023980465 0.037972830 -0.075101599 -0.017577579 0.996297538
1341845710.649564 0.005079828 0.019426456 -0.023928020 0.038530815 -0.075033881 -0.017062090 0.996290207
1341845710.681648 0.005153050 0.019442668 -0.024038846 0.039364271 -0.075186588 -0.017598310 0.996236742
1341845710.713728 0.005175196 0.019470770 -0.024070479 0.039475661 -0.074432001 -0.016735177 0.996303916
1341845710.749785 0.005174755 0.019132612 -0.024013836 0.039802011 -0.073880546 -0.016695624 0.996332586
1341845710.781816 0.005307240 0.019195627 -0.024201082 0.040309280 -0.073851906 -0.016879493 0.996311247
1341845710.817567 0.005325404 0.019207107 -0.024272364 0.040350679 -0.073218361 -0.017667064 0.996342719
1341845710.850205 0.005163623 0.019106029 -0.023983801 0.039702900 -0.072447844 -0.015993543 0.996453285
1341845710.882136 0.005213394 0.019131051 -0.024029538 0.039718393 -0.073155977 -0.015434721 0.996409774
1341845710.917631 0.005623913 0.019551760 -0.024633817 0.039882980 -0.073198192 -0.016298428 0.996386349
1341845710.950281 0.005583732 0.019560074 -0.024589108 0.039900180 -0.072213046 -0.015787404 0.996465743
1341845710.985647 0.004821264 0.019490507 -0.024432445 0.041313898 -0.072875701 -0.015633259 0.996362329
1341845711.017722 0.005096395 0.019500103 -0.024655700 0.042335283 -0.074316211 -0.017963907 0.996173739
1341845711.049965 0.005570676 0.019535374 -0.024870118 0.040675562 -0.072269060 -0.019026488 0.996373713
1341845711.085583 0.005519485 0.019581102 -0.024716781 0.040230911 -0.070202664 -0.018103577 0.996556699
1341845711.117670 0.005281440 0.019474091 -0.024469417 0.040945120 -0.071464531 -0.017767128 0.996443987
1341845711.149770 0.005491977 0.019597055 -0.024627199 0.040957041 -0.071597964 -0.017739607 0.996434391
1341845711.191691 0.005436965 0.019549467 -0.024582084 0.039996702 -0.069802798 -0.017932868 0.996597350
1341845711.218829 0.005223710 0.019453947 -0.024406908 0.040671282 -0.070292674 -0.017770598 0.996538520
1341845711.253627 0.005351296 0.019567711 -0.024525350 0.041079886 -0.072596818 -0.017356729 0.996363819
1341845711.285627 0.005556549 0.019638117 -0.024876758 0.039864346 -0.072689764 -0.017964210 0.996395648
1341845711.317874 0.005585004 0.019670231 -0.024899837 0.039181948 -0.071865842 -0.018523952 0.996472239
1341845711.353756 0.005414557 0.019556923 -0.024736244 0.037477747 -0.070611171 -0.020212654 0.996594667
1341845711.385687 0.005313866 0.019535648 -0.024602871 0.036096178 -0.068759978 -0.020563642 0.996767879
1341845711.417635 0.005280870 0.019548507 -0.024468238 0.036160402 -0.068667054 -0.019098926 0.996801138
1341845711.453809 0.005392576 0.019611469 -0.024627360 0.037458058 -0.070404634 -0.018349437 0.996646047
1341845711.485895 0.005273355 0.019540938 -0.024528995 0.037889432 -0.070772253 -0.017596681 0.996617258
1341845711.521704 0.005178447 0.019498909 -0.024409741 0.038395844 -0.070034072 -0.016904961 0.996662021
1341845711.553696 0.005196470 0.019523254 -0.024484983 0.038728200 -0.069855347 -0.016829934 0.996662974
1341845711.585708 0.005286593 0.019473806 -0.024550520 0.037543472 -0.068803802 -0.018051079 0.996760070
1341845711.621659 0.005291123 0.019496143 -0.024504256 0.037331708 -0.067617275 -0.017672496 0.996855974
1341845711.653731 0.005234914 0.019526336 -0.024594160 0.037547410 -0.068202771 -0.017352909 0.996813595
1341845711.685758 0.005322972 0.019493794 -0.024527270 0.037560411 -0.068202935 -0.017296756 0.996814072
1341845711.721850 0.005238518 0.019471485 -0.024398863 0.038017645 -0.067988791 -0.016188305 0.996829987
1341845711.754323 0.005344837 0.019517638 -0.024410829 0.038213007 -0.069256164 -0.015413935 0.996747553
1341845711.789716 0.005312665 0.019516978 -0.024425354 0.038402554 -0.069830149 -0.015602376 0.996697307
1341845711.821820 0.005431278 0.019566219 -0.024594404 0.038664844 -0.069644801 -0.016032645 0.996693313
1341845711.854173 0.005391382 0.019510061 -0.024499008 0.038938522 -0.069261253 -0.017399974 0.996686459
1341845711.889875 0.005411237 0.019505907 -0.024583120 0.038075909 -0.067399368 -0.018083850 0.996835232
1341845711.923959 0.005517158 0.019523503 -0.024571737 0.037221767 -0.065605186 -0.017908780 0.996990323
1341845711.957595 0.005484161 0.019509129 -0.024490297 0.036591634 -0.065515615 -0.019468557 0.996990323
1341845711.989820 0.005468213 0.019503612 -0.024545703 0.035672523 -0.064376697 -0.020031510 0.997086704
1341845712.021796 0.005442296 0.019485321 -0.024453852 0.035158828 -0.063779950 -0.018111065 0.997179985
1341845712.057899 0.005477558 0.019468147 -0.024535926 0.034825455 -0.064512372 -0.018126279 0.997144341
1341845712.090038 0.005540443 0.019457808 -0.024667423 0.033609267 -0.062945031 -0.021506425 0.997219026
1341845712.127587 0.005560203 0.019515196 -0.024648787 0.032226700 -0.060866263 -0.020883016 0.997406960
1341845712.164065 0.005636893 0.019552495 -0.024610793 0.033062179 -0.063724078 -0.017811459 0.997260690
1341845712.195638 0.005398349 0.019507077 -0.024632981 0.034430001 -0.066133723 -0.019139998 0.997032881
1341845712.225662 0.005659348 0.019485449 -0.024842279 0.033279434 -0.064422861 -0.021549946 0.997134805
1341845712.257830 0.005611145 0.019526126 -0.024687018 0.032823492 -0.062647954 -0.021983115 0.997253537
1341845712.289935 0.005608156 0.019534748 -0.024694510 0.033207219 -0.063597381 -0.020758303 0.997206986
