1341846314.190094 -0.011107061 0.000934390 -0.006341256 -0.002895860 0.014857613 0.006257802 0.999865830
1341846314.225969 -0.015903618 0.002354652 -0.011196860 -0.004826851 0.018582443 0.009508983 0.999770463
1341846314.257923 -0.016874572 0.002961044 -0.010158120 -0.007231446 0.021166850 0.010571906 0.999693930
1341846314.290052 -0.018595345 0.004485651 -0.011138298 -0.005289677 0.023615157 0.008405576 0.999671817
1341846314.325981 -0.025187768 0.006610067 -0.018516256 -0.005918385 0.026836390 0.008323398 0.999587655
1341846314.357905 -0.031047890 0.009669169 -0.022050455 -0.006266057 0.032170866 0.006167960 0.999443710
1341846314.389899 -0.024395820 0.006250173 -0.015506244 -0.005883567 0.032291289 0.008012139 0.999429047
1341846314.427905 -0.034125682 0.011373819 -0.026560975 -0.004765735 0.037259381 0.005996221 0.999276280
1341846314.458114 -0.023236070 0.009805964 -0.015266862 -0.004691135 0.038126241 0.002839229 0.999257863
1341846314.493987 -0.024508329 0.008810282 -0.017124198 -0.003578310 0.043357715 -0.000433375 0.999053121
1341846314.526085 -0.021255152 0.006957041 -0.014894053 -0.003477596 0.045106493 -0.003389049 0.998970389
1341846314.558292 -0.023608457 0.006961442 -0.014596439 -0.004701931 0.049216140 -0.002042073 0.998775005
1341846314.594085 -0.028624337 0.008475394 -0.019575059 -0.004166435 0.054484811 -0.001347478 0.998504996
1341846314.626096 -0.031669986 0.009261988 -0.017963007 -0.002104862 0.060419098 -0.001216121 0.998170137
1341846314.658455 -0.031623006 0.007820811 -0.017408947 -0.004479028 0.062879942 -0.002218539 0.998008549
1341846314.694004 -0.023841675 0.006856928 -0.014947897 -0.005446942 0.063587204 -0.002734056 0.997957647
1341846314.725910 -0.023462923 0.005413151 -0.010813579 -0.001759405 0.067299679 -0.001081943 0.997730672
1341846314.761942 -0.028181089 0.009067146 -0.014798677 0.002991903 0.069071829 0.002953130 0.997602820
1341846314.794030 -0.026700890 0.008101409 -0.013219764 0.005559317 0.069335893 0.007197282 0.997551918
1341846314.826092 -0.025661606 0.009377895 -0.014805812 0.008447003 0.073219851 0.007644672 0.997250736
1341846314.862145 -0.027938945 0.010837046 -0.022436900 0.008485418 0.078247137 0.008140599 0.996864676
1341846314.894072 -0.023526099 0.009660555 -0.015950730 0.008654649 0.080650441 0.008985664 0.996664405
1341846314.925969 -0.020618344 0.009047155 -0.012065675 0.009590166 0.082250319 0.010435767 0.996510923
1341846314.961937 -0.022749469 0.011340555 -0.011122189 0.008431878 0.083107650 0.015614795 0.996382535
1341846314.994564 -0.022915041 0.011472743 -0.011409332 0.004605002 0.083408199 0.017619343 0.996349037
1341846315.029900 -0.011322794 0.009627930 0.002038662 0.005566545 0.084412411 0.010779003 0.996357024
1341846315.061965 -0.021574356 0.010939252 -0.011567568 0.003727999 0.089790918 0.015806455 0.995828211
1341846315.094388 -0.021006005 0.010948354 -0.010749013 0.003577146 0.088682763 0.017851563 0.995893538
1341846315.129851 -0.020333812 0.011188680 -0.009242295 0.006191380 0.088647433 0.015174790 0.995928228
1341846315.161941 -0.020681135 0.012523590 -0.011201371 0.005563539 0.090040073 0.014444563 0.995817840
1341846315.197984 -0.019370794 0.011318958 -0.013112136 -0.004034733 0.086308777 0.017496401 0.996106625
1341846315.230076 -0.018956495 0.011366508 -0.012959461 -0.007310591 0.085316747 0.011938874 0.996255517
1341846315.262069 -0.019340880 0.011191174 -0.013333112 -0.010668645 0.084000476 0.015563687 0.996287048
1341846315.298000 -0.018605750 0.010118562 -0.014973980 -0.013408837 0.080564119 0.019053942 0.996477067
1341846315.329931 -0.018337889 0.010240310 -0.014410648 -0.008480661 0.079578079 0.018616635 0.996618688
1341846315.361981 -0.019288747 0.010643686 -0.013605827 -0.003962681 0.080555856 0.024619687 0.996438146
1341846315.397962 -0.011307395 0.009160459 -0.019295834 -0.002102692 0.072347924 0.028719421 0.996963680
1341846315.429923 -0.011217613 0.009145884 -0.019044204 0.000857497 0.074866198 0.029930376 0.996743977
1341846315.466047 -0.011445385 0.009895421 -0.020016396 0.003012477 0.080384456 0.028889081 0.996340632
1341846315.497883 -0.010192697 0.009694197 -0.017744727 0.001087346 0.081578717 0.034016922 0.996085644
1341846315.530008 -0.010376630 0.009920049 -0.018665303 0.001650052 0.083397381 0.034287091 0.995924950
1341846315.566108 -0.010469151 0.009924998 -0.018612329 0.000406282 0.085486390 0.036199931 0.995681405
1341846315.597986 -0.008607412 0.009529994 -0.019578908 -0.000057684 0.083160162 0.038494173 0.995792449
1341846315.630109 -0.008523938 0.009501294 -0.019343415 0.000230461 0.084327206 0.036726046 0.995761037
1341846315.666042 -0.009066455 0.009974132 -0.021185365 -0.000090548 0.086992212 0.036599115 0.995536447
1341846315.698114 0.002071519 0.009265359 -0.017294405 -0.004864093 0.086639255 0.034174256 0.995641530
1341846315.733985 0.001482704 0.008755238 -0.016363610 -0.007648982 0.090134405 0.036479231 0.995231926
1341846315.766041 0.001508143 0.008747796 -0.016395381 -0.007355762 0.087430418 0.039303493 0.995367825
1341846315.798188 0.002038816 0.008451723 -0.016238173 -0.009007006 0.085975222 0.037435457 0.995552957
1341846315.834140 0.001569071 0.008354783 -0.015763737 -0.007602430 0.088665210 0.035533704 0.995398402
1341846315.866751 0.001510580 0.008403027 -0.016274754 -0.004911933 0.089808904 0.034690112 0.995342553
1341846315.898492 -0.010949564 0.009521461 -0.019164249 -0.003987859 0.097241186 0.030879853 0.994773686
1341846315.936901 -0.010508684 0.008661849 -0.019467849 -0.002369884 0.097787037 0.032587383 0.994670868
1341846315.966572 -0.010165079 0.007133456 -0.020248849 -0.001161675 0.098402403 0.031676207 0.994641781
1341846316.002119 -0.010549789 0.007324649 -0.020626964 0.000866300 0.098110586 0.031211985 0.994685531
1341846316.034204 -0.010558010 0.007238159 -0.020431504 0.002802729 0.097541608 0.031946525 0.994714618
1341846316.066113 -0.011908934 0.006954502 -0.020506186 0.005403728 0.098698162 0.027479906 0.994723260
1341846316.101867 -0.012470182 0.007036147 -0.022248596 0.006554246 0.096760109 0.028805425 0.994869232
1341846316.134066 -0.011957272 0.006640244 -0.021517415 0.004712623 0.091494322 0.027591838 0.995412111
1341846316.169952 -0.012796530 0.007001673 -0.020227697 0.005618828 0.090800218 0.024276152 0.995557308
1341846316.202049 -0.013197348 0.006532999 -0.019956175 0.005671648 0.087810069 0.021479644 0.995889485
1341846316.233979 -0.012941578 0.006563979 -0.020587416 0.006156826 0.085541703 0.020652462 0.996101499
1341846316.270052 -0.012921772 0.006475937 -0.020715622 0.004292882 0.085690208 0.018235160 0.996145666
1341846316.301915 -0.013509221 0.005577604 -0.020784857 0.003937242 0.086733371 0.016931595 0.996079862
1341846316.334208 -0.013173524 0.004565997 -0.013569968 0.006015994 0.090698719 0.016185390 0.995728672
1341846316.370006 -0.013215788 0.004501950 -0.013466606 0.007949213 0.088419169 0.018231448 0.995884776
1341846316.401994 -0.013656836 0.004506823 -0.013919229 0.009695170 0.087670311 0.020180531 0.995897949
1341846316.438069 -0.014404421 0.003970805 -0.014983040 0.011283216 0.087197430 0.023270939 0.995855272
1341846316.470076 -0.014212915 0.003046879 -0.015091438 0.015679467 0.087406024 0.024366727 0.995751262
1341846316.502034 -0.016483944 0.004296556 -0.016237089 0.018888179 0.086998761 0.022543801 0.995774209
1341846316.537975 -0.016695289 0.004190444 -0.016303016 0.016041726 0.083329745 0.022340529 0.996142447
1341846316.570121 -0.016203718 0.003404841 -0.015205795 0.014982355 0.081918351 0.021474956 0.996295035
1341846316.601885 -0.017469713 0.002686914 -0.017082540 0.016267130 0.081993058 0.019796330 0.996303499
1341846316.638009 -0.018099852 0.002647707 -0.017176496 0.018752892 0.080587663 0.020728651 0.996355534
1341846316.669925 -0.019171653 0.001877456 -0.014943793 0.020699123 0.080730550 0.021067411 0.996298313
1341846316.705941 -0.019624842 0.001768854 -0.014523784 0.025165591 0.080907181 0.021083804 0.996180832
1341846316.738062 -0.021510016 0.002163288 -0.015836554 0.027927693 0.081723921 0.021520970 0.996031165
1341846316.770433 -0.022539459 0.002691607 -0.015976265 0.027122505 0.080553494 0.024197042 0.996087372
1341846316.805932 -0.023068925 0.001736446 -0.016145071 0.026869109 0.080566779 0.022751030 0.996127248
1341846316.838029 -0.023861842 0.001916754 -0.015907958 0.028242039 0.078857407 0.025359273 0.996163070
1341846316.870034 -0.025265491 0.001458935 -0.016309837 0.028116500 0.076262496 0.027040033 0.996324420
1341846316.906344 -0.027011903 0.001728336 -0.015511679 0.029847629 0.074010715 0.024890667 0.996499836
1341846316.937940 -0.027248785 0.001633429 -0.015798243 0.029389931 0.072519258 0.022662777 0.996676266
1341846316.973994 -0.028083788 0.001909179 -0.016089793 0.028847190 0.070578195 0.022583613 0.996833265
1341846317.005913 -0.028459871 0.001629239 -0.016022667 0.027485780 0.067298137 0.024239248 0.997059643
1341846317.037936 -0.030630484 0.001191591 -0.014529533 0.027818741 0.066454314 0.021926185 0.997160554
1341846317.073972 -0.030749217 0.001115981 -0.014572673 0.029108612 0.064124286 0.022843720 0.997255683
1341846317.106113 -0.031655941 0.000554240 -0.015757265 0.030692944 0.062446225 0.028117931 0.997179925
1341846317.137887 -0.033335727 -0.000093509 -0.017765716 0.033305302 0.056789923 0.032117840 0.997313380
1341846317.173970 -0.034562938 0.000649475 -0.016412580 0.035204403 0.050288524 0.031734623 0.997609437
1341846317.205887 -0.031587854 0.002254652 -0.015796039 0.035898320 0.045760602 0.033927083 0.997730553
1341846317.248131 -0.032460865 0.002139810 -0.015751172 0.037153985 0.043244340 0.035403725 0.997745514
1341846317.273950 -0.037658110 0.001105102 -0.013846370 0.038318317 0.042046085 0.036696650 0.997705996
1341846317.306289 -0.038001262 0.001064308 -0.014308533 0.038654469 0.039970968 0.037759561 0.997738600
1341846317.348137 -0.038294714 0.000979409 -0.014441987 0.039884668 0.040859610 0.038880788 0.997611165
1341846317.373974 -0.038927764 0.001122476 -0.015520819 0.041443445 0.041016359 0.042204648 0.997406065
1341846317.410120 -0.039930940 0.001304601 -0.014561835 0.041743580 0.040004995 0.045520086 0.997288823
1341846317.442569 -0.040527992 0.000979072 -0.013812279 0.044510365 0.040647555 0.047602490 0.997045934
1341846317.474010 -0.040973704 0.001062580 -0.013634291 0.050487179 0.040533636 0.051249076 0.996584952
1341846317.509927 -0.041953225 0.001423863 -0.013933264 0.053264070 0.038724866 0.055975340 0.996258020
1341846317.542282 -0.042915020 0.001358400 -0.014107280 0.052222881 0.036673382 0.055737820 0.996404111
1341846317.573943 -0.046131328 -0.000059987 -0.013918302 0.051119398 0.038226098 0.054456837 0.996473789
1341846317.610159 -0.047015838 -0.000410636 -0.012923125 0.053547755 0.040857255 0.054849528 0.996220291
1341846317.643553 -0.047599979 -0.000150030 -0.013004120 0.055986382 0.039621837 0.058887143 0.995905578
1341846317.677993 -0.048233233 -0.000044758 -0.013328619 0.056560382 0.037195154 0.058654465 0.995980442
1341846317.709996 -0.048636209 0.000256360 -0.013132893 0.059785403 0.034582406 0.058751881 0.995880485
1341846317.741834 -0.048990916 0.000929895 -0.013067195 0.060298819 0.033006344 0.058490369 0.995918453
1341846317.777923 -0.050763320 0.000741506 -0.013874669 0.058184315 0.033073768 0.056077342 0.996180713
1341846317.810021 -0.052282482 0.000532009 -0.013054299 0.057572514 0.031712409 0.055414684 0.996297598
1341846317.841886 -0.053148340 0.001107193 -0.012891681 0.057389718 0.031057036 0.053042762 0.996457934
1341846317.878017 -0.053670872 0.001272411 -0.012936193 0.055191677 0.030759998 0.049455430 0.996775746
1341846317.909910 -0.053978112 0.000839558 -0.013209798 0.053904347 0.031506151 0.045714755 0.997001469
1341846317.946031 -0.055166751 0.000276673 -0.013169345 0.054446939 0.032897796 0.047661118 0.996835828
1341846317.978041 -0.064302132 -0.001790111 -0.012255989 0.056041308 0.035434410 0.049228597 0.996584356
1341846318.009897 -0.064387389 -0.001446974 -0.012154248 0.058652692 0.035380535 0.047372941 0.996525884
1341846318.045949 -0.065761156 -0.000872792 -0.012253230 0.059395354 0.037001107 0.045686606 0.996501803
1341846318.078074 -0.067236386 -0.001081578 -0.012306585 0.058448888 0.036276028 0.043382604 0.996687412
1341846318.109894 -0.068561219 -0.001246219 -0.013017109 0.057674520 0.033010583 0.040972512 0.996947944
1341846318.145957 -0.069572844 -0.000883105 -0.012238274 0.057472270 0.030410981 0.039562881 0.997099221
1341846318.178001 -0.070119537 -0.001210238 -0.012348116 0.056560770 0.030626232 0.037582785 0.997221351
1341846318.214074 -0.072586499 -0.002190905 -0.014011188 0.056268562 0.030392960 0.036115680 0.997299254
1341846318.245970 -0.073288552 -0.002447411 -0.013815533 0.059199907 0.024836356 0.036213260 0.997279882
1341846318.278018 -0.076820061 -0.002955906 -0.012593771 0.062744416 0.021268852 0.035890341 0.997157276
1341846318.313937 -0.077688307 -0.002220774 -0.012492286 0.065290093 0.015344333 0.033579037 0.997183144
1341846318.345989 -0.078172229 -0.002583331 -0.011548332 0.066429369 0.005875154 0.032653432 0.997239351
1341846318.382046 -0.079513393 -0.002684347 -0.013053333 0.068419985 -0.000562611 0.032272246 0.997134328
1341846318.414072 -0.077103145 -0.002301020 -0.015441342 0.069275126 -0.008054647 0.032494694 0.997035682
1341846318.446035 -0.077790909 -0.002209709 -0.014204139 0.071694680 -0.013655498 0.032267213 0.996811032
1341846318.482196 -0.078262009 -0.001861990 -0.014461775 0.073139124 -0.015773917 0.032105684 0.996680021
1341846318.514144 -0.079282790 -0.001961005 -0.015200274 0.072974861 -0.016768655 0.032233480 0.996671677
1341846318.546259 -0.080828167 -0.003396019 -0.015780693 0.073860571 -0.018730059 0.033947721 0.996514618
1341846318.582042 -0.089076072 -0.003266298 -0.014567096 0.075916223 -0.015451951 0.033001646 0.996448100
1341846318.614115 -0.089912623 -0.002920387 -0.013169664 0.076018535 -0.015363971 0.032341011 0.996463358
1341846318.650038 -0.091807425 -0.003011039 -0.014416936 0.075318255 -0.014894935 0.028388236 0.996644080
1341846318.682350 -0.092985056 -0.003145714 -0.014684069 0.074610136 -0.014978976 0.026279023 0.996753931
1341846318.714063 -0.093581073 -0.003077393 -0.014548122 0.074366577 -0.016726723 0.026291557 0.996743977
1341846318.749905 -0.095107630 -0.003930447 -0.015269468 0.074720748 -0.016556207 0.027977776 0.996674418
1341846318.782036 -0.096352324 -0.004153057 -0.015362194 0.076152682 -0.017095925 0.030792961 0.996473908
1341846318.814121 -0.097943559 -0.004078205 -0.015572212 0.076030828 -0.021856459 0.027864890 0.996476352
1341846318.850072 -0.099115975 -0.004320742 -0.016004765 0.076311104 -0.027320083 0.025297903 0.996388614
1341846318.883516 -0.103002563 -0.005916709 -0.019421430 0.077977665 -0.032823440 0.024418805 0.996115386
1341846318.918047 -0.103925467 -0.004996885 -0.018734463 0.081890874 -0.044705916 0.023195203 0.995367885
1341846318.950044 -0.105291262 -0.005401945 -0.017363565 0.083600767 -0.053638812 0.020272946 0.994848132
1341846318.982028 -0.104935743 -0.003943143 -0.017906833 0.085921794 -0.057520241 0.014881956 0.994528711
1341846319.018123 -0.108119801 -0.004695373 -0.020149820 0.084669270 -0.062314577 0.015126782 0.994343579
1341846319.050745 -0.100384556 -0.004115624 -0.018511966 0.086288936 -0.072132431 0.014142512 0.993554771
1341846319.081905 -0.099439256 -0.003271593 -0.017956244 0.092704691 -0.073462062 0.014133123 0.992879331
1341846319.117976 -0.102321908 -0.003164677 -0.018776089 0.094741561 -0.071404040 0.019202370 0.992752135
1341846319.150093 -0.103651993 -0.003322874 -0.019023871 0.096515618 -0.075647682 0.025136402 0.992134213
1341846319.186069 -0.103267856 -0.001406782 -0.018437406 0.099260598 -0.077309430 0.025138436 0.991735160
1341846319.218149 -0.107135706 0.001019908 -0.017495848 0.097689614 -0.071818650 0.023853682 0.992335498
1341846319.250034 -0.109183438 0.000679654 -0.019548085 0.091052167 -0.064924680 0.023688225 0.993445098
1341846319.286594 -0.110796727 -0.000905219 -0.019896165 0.088163711 -0.061365068 0.027817477 0.993824720
1341846319.318034 -0.111973606 -0.001564363 -0.019386150 0.088404737 -0.060359512 0.031177275 0.993765235
1341846319.350268 -0.100460850 -0.000771392 -0.017475596 0.089587070 -0.065517768 0.035612743 0.993183434
1341846319.386163 -0.104163729 -0.001814542 -0.017339334 0.091152281 -0.068293773 0.042202722 0.992595613
1341846319.418386 -0.102778241 -0.000856106 -0.018219536 0.092626102 -0.074738912 0.043058585 0.991957903
1341846319.453961 -0.102388553 0.000473309 -0.017264841 0.093263350 -0.077788010 0.041203052 0.991742551
1341846319.486271 -0.106053643 -0.000180358 -0.018788092 0.092352249 -0.076200157 0.039302729 0.992028117
1341846319.518456 -0.108723253 0.000163730 -0.021122165 0.089446321 -0.078691810 0.040635489 0.992046237
1341846319.554083 -0.108391203 -0.000563778 -0.018725375 0.086849861 -0.081535235 0.037835397 0.992158055
1341846319.586296 -0.109996706 -0.000805766 -0.019443074 0.087128758 -0.080531150 0.034252491 0.992345750
1341846319.622031 -0.112230211 0.000106917 -0.020373618 0.086061500 -0.083101153 0.031452883 0.992319643
1341846319.653962 -0.113602445 -0.001014687 -0.019566940 0.084627122 -0.087784067 0.029828867 0.992089927
1341846319.686352 -0.114187680 -0.001223389 -0.020203492 0.086140297 -0.091721192 0.031391423 0.991555154
1341846319.721992 -0.114481010 -0.000734153 -0.020519668 0.087166406 -0.096325994 0.032556582 0.990991116
1341846319.754063 -0.113671102 0.001192676 -0.020463333 0.085187338 -0.099278361 0.031592559 0.990903020
1341846319.786397 -0.114490509 0.001050268 -0.019215647 0.080753513 -0.099087976 0.034255259 0.991204798
1341846319.822008 -0.115514010 0.001037453 -0.019968908 0.077310205 -0.099422656 0.039157409 0.991264343
1341846319.853917 -0.115985565 0.001379970 -0.020134665 0.072569624 -0.100432441 0.042834938 0.991368830
1341846319.889942 -0.116192475 -0.000379834 -0.019808205 0.068458177 -0.101536840 0.048778493 0.991274178
1341846319.922039 -0.117873900 -0.000768171 -0.020084003 0.068117678 -0.104734167 0.049498521 0.990929186
1341846319.953946 -0.117320143 -0.001162175 -0.019234898 0.068474866 -0.111340433 0.046326403 0.990337491
1341846319.990054 -0.117437430 -0.000761150 -0.019028312 0.071276225 -0.114076912 0.038753536 0.990153670
1341846320.028122 -0.117781907 -0.001066078 -0.019311797 0.073152661 -0.118190527 0.037695456 0.989575028
1341846320.054177 -0.116825774 -0.000950597 -0.018714797 0.076504558 -0.124465860 0.038144074 0.988534451
1341846320.090047 -0.115196615 -0.000020946 -0.018689824 0.078943484 -0.127199650 0.038461443 0.987982273
1341846320.122011 -0.113724306 0.000113550 -0.017771211 0.079727441 -0.125861302 0.039621282 0.988044858
1341846320.157952 -0.113339365 -0.000150671 -0.017284200 0.079913482 -0.123121500 0.039793916 0.988368034
1341846320.190003 -0.110758908 -0.001091550 -0.015617200 0.082214452 -0.121195972 0.039413996 0.988432527
1341846320.221941 -0.110657945 -0.001279094 -0.015629278 0.086251132 -0.117274791 0.040377609 0.988522649
1341846320.258015 -0.109592713 -0.002007041 -0.016770983 0.089861885 -0.116408356 0.042658199 0.988207579
1341846320.289887 -0.108915716 -0.003289321 -0.017492382 0.094329275 -0.117004253 0.043264870 0.987694323
1341846320.321954 -0.107373744 -0.002267213 -0.017277244 0.104404293 -0.118729092 0.042431552 0.986510396
1341846320.357890 -0.104128808 -0.001705745 -0.015568171 0.110046819 -0.120218642 0.043639716 0.985663593
1341846320.390064 -0.101359464 -0.002100067 -0.018437255 0.110631578 -0.117305994 0.044457592 0.985912502
1341846320.426544 -0.098155960 -0.002226453 -0.014627908 0.113684468 -0.110948190 0.040743366 0.986461520
1341846320.458122 -0.100002430 -0.002224882 -0.012154891 0.115315922 -0.102510035 0.038506661 0.987274587
1341846320.490186 -0.098147213 -0.002353243 -0.010637995 0.119110323 -0.095994011 0.038698442 0.987471700
1341846320.525911 -0.095472135 -0.002500519 -0.013782238 0.121997721 -0.088926785 0.037072808 0.987843215
1341846320.558091 -0.094976261 -0.002255898 -0.016159490 0.123079605 -0.084078632 0.032651916 0.988289416
1341846320.594093 -0.093808144 -0.003080831 -0.014991858 0.123919077 -0.079250135 0.029380785 0.988686085
1341846320.631955 -0.090804465 -0.002696509 -0.014422087 0.126981735 -0.072157554 0.028745349 0.988859236
1341846320.664916 -0.089343935 -0.002427121 -0.014551107 0.126961976 -0.070133865 0.027613360 0.989039660
1341846320.699927 -0.087168127 -0.003024984 -0.013669794 0.126938358 -0.067552112 0.025975008 0.989266753
1341846320.731822 -0.085335813 -0.002275416 -0.013387634 0.129516125 -0.061215106 0.024973022 0.989370823
1341846320.763877 -0.083811611 0.001153888 -0.015144357 0.128647879 -0.060565885 0.025686948 0.989505768
1341846320.799999 -0.081430845 -0.002122911 -0.014230601 0.119604245 -0.062731639 0.020713145 0.990621269
1341846320.831871 -0.076764941 -0.002063165 -0.010937970 0.121953972 -0.055071361 0.018787116 0.990828633
1341846320.863887 -0.080618463 -0.000197376 -0.015575704 0.121477745 -0.042040437 0.017846489 0.991542876
1341846320.900014 -0.079228476 -0.002183045 -0.013806197 0.113257833 -0.047719020 0.022612164 0.992161393
1341846320.931889 -0.075058021 -0.003122678 -0.012424465 0.114532053 -0.049430981 0.021466842 0.991956711
1341846320.967866 -0.074741185 0.000304279 -0.013683298 0.115424342 -0.043315474 0.017889690 0.992210150
1341846321.000017 -0.070324078 -0.000537546 -0.014800441 0.108570874 -0.044660356 0.016034551 0.992955506
1341846321.031860 -0.067935832 -0.002419034 -0.014915032 0.105548479 -0.044691738 0.014553851 0.993302703
1341846321.068047 -0.066651247 -0.001269164 -0.014843305 0.106679596 -0.041322552 0.012118327 0.993360460
1341846321.099840 -0.066114642 -0.001362392 -0.015322424 0.104141936 -0.040010136 0.012639943 0.993676901
1341846321.131821 -0.063345142 -0.002924446 -0.014939542 0.103814729 -0.039550867 0.014565640 0.993703187
1341846321.167887 -0.062321194 -0.002458182 -0.014555874 0.106814310 -0.035506241 0.014449227 0.993539751
1341846321.200042 -0.070973724 -0.001593865 -0.014842154 0.107586026 -0.028529651 0.014877204 0.993674994
1341846321.231950 -0.069355451 -0.002550148 -0.014717326 0.106506266 -0.028012494 0.013860947 0.993820667
1341846321.267939 -0.067113936 -0.001679945 -0.014644929 0.107512824 -0.026445998 0.009211180 0.993809223
1341846321.299948 -0.065671608 -0.002211700 -0.013719570 0.105947584 -0.022336122 0.003276105 0.994115412
1341846321.331858 -0.065520152 -0.002540510 -0.013376755 0.106128454 -0.019033730 -0.000263260 0.994170189
1341846321.367913 -0.062191684 -0.003839495 -0.013952137 0.106912255 -0.017802117 -0.004277840 0.994099855
1341846321.399897 -0.062308371 -0.003020020 -0.013601970 0.109262392 -0.011954287 -0.005549142 0.993925571
1341846321.435994 -0.061526537 -0.003629477 -0.013387965 0.110465549 -0.008752336 -0.005731326 0.993824899
1341846321.467946 -0.060283028 -0.003179670 -0.012492492 0.112790599 -0.006499138 -0.005243454 0.993583679
1341846321.499882 -0.058107611 -0.003669222 -0.012616337 0.113897569 -0.004351036 -0.004420869 0.993473113
1341846321.536109 -0.054700989 -0.002119412 -0.014802122 0.114165910 -0.000225296 -0.006967409 0.993437231
1341846321.568960 -0.056142293 -0.000847592 -0.011703959 0.111923814 0.007834663 -0.009756234 0.993637979
1341846321.603938 -0.054731052 -0.001860800 -0.011781319 0.108053744 0.009545957 -0.009571988 0.994053125
1341846321.637163 -0.050424356 -0.000528992 -0.013232660 0.106161714 0.012920185 -0.010291367 0.994211674
1341846321.668306 -0.052451555 -0.000078519 -0.010916113 0.102215417 0.023602763 -0.007368495 0.994454920
1341846321.704411 -0.054563224 -0.000461438 -0.010519547 0.098746806 0.026359279 -0.000245373 0.994763374
1341846321.736861 -0.052968547 -0.000358303 -0.010313496 0.097738087 0.023034928 0.008215431 0.994911611
1341846321.771881 -0.050531670 0.001845926 -0.010087938 0.096363358 0.021450588 0.013470399 0.995023906
1341846321.804114 -0.049085125 0.001146124 -0.010054229 0.091767214 0.023374582 0.016750271 0.995365143
1341846321.836152 -0.047932375 0.001880032 -0.008653179 0.089391142 0.025249133 0.017384369 0.995524704
1341846321.871882 -0.048657242 0.003049742 -0.009267399 0.084545597 0.026991786 0.015530526 0.995932877
1341846321.904074 -0.047430795 0.002546138 -0.008742399 0.077830009 0.027986135 0.012345183 0.996497333
1341846321.939847 -0.046809170 0.001964036 -0.008369887 0.073574744 0.030741885 0.009576382 0.996769786
1341846322.004094 -0.047991183 0.001629666 -0.007815691 0.066695891 0.029613733 0.008816878 0.997294784
1341846322.034203 -0.044758793 0.000895021 -0.007876988 0.064483158 0.028663935 0.008412845 0.997471571
1341846322.066178 -0.044904578 0.000253935 -0.007966053 0.061355785 0.033123560 0.006381300 0.997545779
1341846322.107979 -0.045485131 -0.002186091 -0.007877290 0.057893399 0.035520010 0.005075303 0.997677743
1341846322.133980 -0.045639843 -0.004143586 -0.007098396 0.058871698 0.036349785 0.003186245 0.997598469
1341846322.166164 -0.046076883 -0.005114475 -0.008595726 0.060453452 0.035677183 0.005459229 0.997518241
1341846322.202932 -0.045421239 -0.006082279 -0.008511666 0.061527036 0.032671701 0.005663802 0.997554481
1341846322.234093 -0.045369379 -0.006223510 -0.008883292 0.060519822 0.031353951 0.003420566 0.997668564
1341846322.265941 -0.045811851 -0.007344116 -0.009470229 0.057930946 0.028875289 0.003586025 0.997896492
1341846322.301996 -0.044347066 -0.009600704 -0.008410405 0.055494059 0.026185615 0.004486202 0.998105526
1341846322.333949 -0.046413459 -0.010693878 -0.009598274 0.054494999 0.025694702 0.003754581 0.998176277
1341846322.369871 -0.045329899 -0.012837977 -0.009519004 0.054818541 0.019715978 0.000372876 0.998301566
1341846322.402292 -0.043037504 -0.015111001 -0.009736856 0.056062609 0.019719858 -0.005794616 0.998215675
1341846322.433955 -0.045636591 -0.018560225 -0.007610880 0.059924010 0.023006415 -0.009931719 0.997888327
1341846322.470030 -0.044037186 -0.020524064 -0.008450687 0.067799233 0.017344937 -0.005216646 0.997534573
1341846322.502433 -0.042887498 -0.023080532 -0.010063223 0.072734378 0.013644685 -0.002144759 0.997255683
1341846322.534002 -0.041902587 -0.026341185 -0.010092990 0.079917610 0.012839518 0.000265830 0.996718764
1341846322.570196 -0.043163821 -0.026385624 -0.009183990 0.090431213 0.013457133 0.000724366 0.995811522
1341846322.601920 -0.044082895 -0.027003843 -0.009810714 0.096153341 0.010960497 0.003272342 0.995300770
1341846322.638119 -0.041946273 -0.029905297 -0.009664545 0.100413151 0.006324665 0.003808697 0.994918406
1341846322.669947 -0.040193290 -0.030175585 -0.010258439 0.105677314 0.008458637 0.002547640 0.994361222
1341846322.702026 -0.042901542 -0.031843267 -0.009369674 0.108487591 0.012048313 0.003330923 0.994019210
1341846322.738006 -0.042440698 -0.031402998 -0.009643206 0.110352099 0.009052943 0.005273795 0.993837297
1341846322.770087 -0.044307023 -0.029726349 -0.008804297 0.111494496 0.010473942 0.005310552 0.993695676
1341846322.806047 -0.045594353 -0.031488579 -0.008526647 0.114662245 0.010923848 0.007255640 0.993317962
1341846322.838063 -0.046657786 -0.032042105 -0.008944210 0.116686262 0.007141653 0.008681625 0.993105173
1341846322.870081 -0.045789298 -0.034470689 -0.009091992 0.118082359 0.001694961 0.009449132 0.992957413
1341846322.906018 -0.044049527 -0.035150744 -0.008189689 0.123046413 -0.000950264 0.009490641 0.992355049
1341846322.938349 -0.044609208 -0.033526842 -0.008284913 0.124582700 0.000507019 0.010059101 0.992158115
1341846322.970069 -0.043648034 -0.033925511 -0.008768529 0.119627088 -0.000408504 0.013067483 0.992732823
1341846323.011820 -0.043353494 -0.036251094 -0.008014931 0.116371296 -0.000144307 0.012995744 0.993120730
1341846323.038050 -0.043582171 -0.036463216 -0.007743686 0.116019331 0.000072438 0.015947919 0.993118942
1341846323.073951 -0.043220364 -0.035837390 -0.007778517 0.114059180 -0.000512496 0.018049318 0.993309855
1341846323.105962 -0.043243289 -0.038445450 -0.006810605 0.110316157 -0.000451726 0.018005237 0.993733346
1341846323.138158 -0.043520417 -0.038480513 -0.006790217 0.111230187 -0.000067130 0.014239258 0.993692636
1341846323.174092 -0.043866340 -0.038863931 -0.007188824 0.108981021 -0.000187324 0.013029654 0.993958414
1341846323.206059 -0.042467650 -0.039859712 -0.008053660 0.105657168 -0.001550932 0.010749043 0.994343340
1341846323.238053 -0.042303059 -0.039938550 -0.008275565 0.103139505 0.001699765 0.008764328 0.994626820
1341846323.273997 -0.044669263 -0.039788485 -0.007948797 0.099270552 0.003112535 0.009594209 0.995009363
1341846323.305946 -0.043323502 -0.041337650 -0.008420972 0.093563408 -0.001721642 0.010859470 0.995552599
1341846323.342027 -0.040045060 -0.043552551 -0.007504136 0.091007523 -0.001746263 0.009013928 0.995807827
1341846323.374048 -0.043030951 -0.044558797 -0.008042858 0.091184415 0.003496218 0.010134083 0.995776355
1341846323.405987 -0.044736329 -0.046461694 -0.009471620 0.090391047 -0.000048350 0.015034596 0.995792866
1341846323.441956 -0.042792179 -0.047928479 -0.007304291 0.091683112 -0.005190691 0.016718708 0.995634317
1341846323.473878 -0.042349193 -0.049649157 -0.007311107 0.095312186 -0.004007183 0.015601761 0.995317101
1341846323.506129 -0.043066815 -0.048698291 -0.008111962 0.098354161 -0.003709303 0.012900018 0.995060921
1341846323.541972 -0.041889869 -0.049060643 -0.008482650 0.096798822 -0.004321518 0.011006346 0.995233715
1341846323.573913 -0.039748903 -0.047213618 -0.008216492 0.097379431 -0.001072084 0.005212846 0.995233119
1341846323.609927 -0.041607603 -0.047022440 -0.006494336 0.098518252 0.005949238 0.001865819 0.995115697
1341846323.642014 -0.043065909 -0.048694339 -0.006973092 0.096663803 0.008158987 0.003152706 0.995278656
1341846323.674081 -0.043662030 -0.049858589 -0.007203834 0.096696079 0.006779522 0.005285597 0.995276868
1341846323.710069 -0.042866070 -0.057078667 -0.008337768 0.095171712 0.005145319 0.009164247 0.995405376
1341846323.742111 -0.042751551 -0.058377583 -0.008394308 0.099302344 0.003108582 0.010604047 0.994995952
1341846323.774928 -0.043519866 -0.053804409 -0.008467072 0.105302222 0.001371039 0.006916821 0.994415283
1341846323.810012 -0.042945608 -0.054492544 -0.009485631 0.106404833 -0.000142389 0.003534453 0.994316638
1341846323.842207 -0.042617597 -0.055679433 -0.009609835 0.107537448 -0.000020526 -0.001675608 0.994199634
1341846323.878019 -0.043885957 -0.057150371 -0.009509771 0.107926503 -0.000179319 -0.006021824 0.994140625
1341846323.909826 -0.043371137 -0.059120901 -0.009945413 0.110211976 -0.002085362 -0.009692953 0.993858635
1341846323.942459 -0.044108890 -0.059103735 -0.010335753 0.114356041 -0.001798267 -0.010882375 0.993378580
1341846323.978055 -0.044924632 -0.059370723 -0.009451919 0.116902411 -0.004379719 -0.008825700 0.993094563
1341846324.015934 -0.043406252 -0.058898300 -0.009367203 0.120948449 -0.007264643 -0.009227907 0.992589295
1341846324.047722 -0.042676080 -0.058123715 -0.009994949 0.124459729 -0.005987073 -0.010289263 0.992153287
1341846324.083904 -0.043013338 -0.056026883 -0.009578018 0.125571162 -0.004508175 -0.010672395 0.992016971
1341846324.115968 -0.042533051 -0.056020085 -0.010048170 0.123127833 -0.002961534 -0.012208461 0.992311299
1341846324.151967 -0.042063206 -0.054843094 -0.010101805 0.123113915 -0.000076529 -0.016823534 0.992249906
1341846324.183941 -0.042833444 -0.052631970 -0.009379558 0.121057555 0.004424237 -0.020078363 0.992432535
1341846324.219984 -0.043412589 -0.053531509 -0.010065511 0.116000727 0.006450313 -0.019062201 0.993045270
1341846324.251968 -0.043979146 -0.053647380 -0.009092133 0.115368620 0.006799746 -0.019881066 0.993100524
1341846324.284052 -0.044316176 -0.051597741 -0.008742554 0.116571814 0.006301997 -0.020549484 0.992949665
1341846324.319880 -0.044932831 -0.049788684 -0.009685721 0.115486413 0.003225634 -0.020812089 0.993085802
1341846324.351917 -0.044561755 -0.046713632 -0.008614355 0.113334112 -0.000358435 -0.021754421 0.993318677
1341846324.388001 -0.043295976 -0.045886353 -0.009997252 0.108717330 -0.000724358 -0.025673989 0.993740857
1341846324.419908 -0.043598492 -0.043466553 -0.008896347 0.104799725 0.001434109 -0.027964758 0.994099081
1341846324.452027 -0.043693956 -0.047837019 -0.008932283 0.097493164 0.001966067 -0.028279670 0.994832397
1341846324.487928 -0.043870877 -0.047017548 -0.009069258 0.095980465 0.001550357 -0.026189156 0.995037436
1341846324.519985 -0.045390245 -0.045256093 -0.009432137 0.095097311 0.000278352 -0.022133064 0.995221853
1341846324.556001 -0.045835789 -0.041562937 -0.009201469 0.094780236 -0.004671643 -0.018033048 0.995323896
1341846324.587888 -0.045669973 -0.039244838 -0.008048852 0.092223249 -0.007864188 -0.015796864 0.995581985
1341846324.620086 -0.045706004 -0.038405284 -0.008861301 0.089885302 -0.010251474 -0.018344091 0.995730400
1341846324.655955 -0.045480501 -0.036578391 -0.007975725 0.089146413 -0.011355827 -0.020036291 0.995752215
1341846324.688082 -0.045498151 -0.036216266 -0.006995187 0.088504776 -0.011389486 -0.018822378 0.995832801
1341846324.755922 -0.047427457 -0.031785976 -0.007814167 0.090359621 -0.013665348 -0.015369371 0.995696843
1341846324.782029 -0.047136884 -0.029337816 -0.007962276 0.088955425 -0.018422628 -0.016307019 0.995731711
1341846324.814016 -0.044532891 -0.027675238 -0.008270291 0.085809037 -0.020843362 -0.017906435 0.995932579
1341846324.849979 -0.045735937 -0.026146881 -0.006492553 0.080482177 -0.016964275 -0.020508280 0.996400654
1341846324.881924 -0.046932649 -0.025822643 -0.006322484 0.077296749 -0.017677778 -0.020403203 0.996642590
1341846324.913902 -0.046339460 -0.024360545 -0.005636026 0.076709658 -0.019586006 -0.017442338 0.996708453
1341846324.949999 -0.046421923 -0.024753189 -0.004830709 0.076643661 -0.019783931 -0.014077458 0.996762812
1341846324.981922 -0.048398729 -0.024473909 -0.004451722 0.080632620 -0.021191360 -0.011030478 0.996457517
1341846325.018013 -0.048699055 -0.022400964 -0.004875731 0.085816257 -0.026413936 -0.008835912 0.995921612
1341846325.050079 -0.049531646 -0.020292610 -0.006036581 0.088087849 -0.030693393 -0.009888865 0.995590627
1341846325.081901 -0.049368732 -0.017793885 -0.006554434 0.087870196 -0.035849448 -0.011964741 0.995414734
1341846325.118531 -0.047088336 -0.015022698 -0.007316254 0.084217727 -0.038947251 -0.013992128 0.995587647
1341846325.149933 -0.047301639 -0.014850212 -0.005863518 0.078530975 -0.036337737 -0.015785184 0.996124148
1341846325.181925 -0.048027396 -0.014265120 -0.006057611 0.075214244 -0.034659594 -0.013844634 0.996468723
1341846325.218055 -0.048329197 -0.013060784 -0.005522347 0.072809696 -0.034506474 -0.009780734 0.996700764
1341846325.249811 -0.048745017 -0.011848335 -0.004680392 0.071160138 -0.034540363 -0.006023139 0.996848464
1341846325.285925 -0.048103318 -0.010543643 -0.005001643 0.068568178 -0.035333544 -0.003208537 0.997015357
1341846325.317988 -0.042175669 -0.015372791 -0.003598258 0.063659482 -0.036542922 0.000755759 0.997302115
1341846325.349844 -0.046686292 -0.011516485 -0.002913807 0.068227865 -0.029634286 0.002901542 0.997225344
1341846325.387302 -0.046706352 -0.009587933 -0.003443762 0.073897921 -0.026763106 0.005520671 0.996891379
1341846325.417931 -0.044836968 -0.010279937 -0.003138385 0.075921483 -0.022972707 0.008011845 0.996816933
1341846325.450747 -0.043516688 -0.011596089 -0.004185914 0.079703934 -0.015562087 0.009242204 0.996654272
1341846325.485954 -0.046241462 -0.008264547 -0.001892743 0.090267353 -0.007214752 0.012524029 0.995812654
1341846325.517875 -0.046189189 -0.007192422 -0.001853515 0.093801998 -0.004748957 0.015298977 0.995462000
1341846325.553859 -0.046471070 -0.006202705 -0.002143468 0.097082488 -0.000911986 0.014809028 0.995165765
1341846325.585855 -0.046970636 -0.003675231 -0.002102148 0.100197785 0.002366208 0.013106443 0.994878411
1341846325.617990 -0.043530084 -0.004518409 -0.000775728 0.096718587 0.002340915 0.012696792 0.995227993
1341846325.653982 -0.044012323 -0.006516863 0.000155665 0.092917733 0.004629499 0.009630806 0.995616436
1341846325.685819 -0.044266518 -0.006110842 0.000431680 0.098590270 0.006125885 0.010978932 0.995048702
1341846325.717857 -0.044861153 -0.004680505 0.000402639 0.103041045 0.007322298 0.017573714 0.994494915
1341846325.754083 -0.045282394 -0.004408976 0.001014907 0.106021270 0.007355157 0.021977453 0.994093716
1341846325.786087 -0.044865094 -0.003222832 0.000915001 0.113162465 0.007696302 0.023542516 0.993267715
1341846325.821856 -0.044957768 -0.001180365 0.001029180 0.117317580 0.009461888 0.025019452 0.992734134
1341846325.853827 -0.045829300 -0.000265735 0.001430962 0.118108906 0.010386650 0.028363513 0.992541134
1341846325.885958 -0.047039207 0.001919294 0.000876579 0.118964627 0.007956152 0.034490995 0.992267311
1341846325.921984 -0.045534723 0.002738341 0.001325322 0.118175291 0.003267109 0.037991647 0.992260337
1341846325.953899 -0.044830926 0.002624184 0.001723877 0.121069171 0.003134729 0.040238906 0.991823196
1341846325.985823 -0.045684732 0.004779508 0.002235155 0.124228068 0.006541924 0.044232223 0.991245687
1341846326.021991 -0.045849614 0.005184808 0.002833328 0.126971588 0.006365712 0.050356679 0.990606844
1341846326.054055 -0.045169421 0.006764161 0.003217171 0.132305250 0.004979826 0.054093748 0.989719331
1341846326.089984 -0.047489613 0.007305148 0.001490454 0.134705245 0.007973053 0.053254213 0.989421487
1341846326.121822 -0.047164485 0.009050224 0.003030052 0.134975672 0.011757876 0.051175747 0.989456594
1341846326.154079 -0.048196875 0.009144018 0.003497659 0.135308802 0.014994992 0.049285658 0.989463270
1341846326.190178 -0.048754286 0.010780738 0.004171626 0.138227746 0.014561245 0.051961839 0.988929212
1341846326.222162 -0.049198382 0.013021664 0.003824441 0.137984082 0.012812687 0.057692587 0.988669693
1341846326.259181 -0.049131930 0.015027526 0.003916749 0.135216489 0.010004037 0.062254433 0.988807797
1341846326.291222 -0.048824839 0.016615311 0.004409331 0.132074758 0.009130238 0.062363658 0.989233911
1341846326.322766 -0.048463393 0.016505472 0.003856598 0.127552256 0.009422770 0.060712937 0.989927053
1341846326.359773 -0.048145566 0.017307466 0.003809692 0.123556592 0.010779986 0.058591053 0.990547657
1341846326.392109 -0.047888208 0.016326256 0.005076069 0.121475391 0.012409934 0.059785437 0.990714610
1341846326.423985 -0.048630271 0.017583992 0.005926523 0.126264825 0.013515582 0.064689338 0.989792824
1341846326.459869 -0.049522623 0.019667296 0.005728935 0.129009411 0.011574788 0.068314716 0.989219785
1341846326.491143 -0.048223071 0.021081096 0.006420990 0.130290985 0.009671082 0.067905188 0.989100397
1341846326.526163 -0.047411602 0.024361974 0.005964666 0.130362421 0.011825362 0.067487307 0.989096165
1341846326.560211 -0.047721069 0.025464457 0.006662494 0.125353068 0.015986679 0.067697607 0.989670694
1341846326.591828 -0.048170671 0.025381334 0.006982422 0.121768251 0.018382154 0.069165953 0.989975095
1341846326.627027 -0.048124235 0.026745075 0.007138481 0.121587090 0.020094795 0.068220258 0.990029693
1341846326.658442 -0.047882240 0.029527677 0.007944089 0.120569795 0.023695065 0.066984817 0.990158796
1341846326.694856 -0.048604283 0.031369664 0.008403867 0.117314845 0.027543064 0.066818133 0.990461469
1341846326.726206 -0.048298392 0.032932531 0.009083593 0.111927539 0.028398182 0.065375946 0.991156757
1341846326.762753 -0.047754392 0.035664380 0.008233014 0.106791034 0.030429924 0.063248135 0.991801083
1341846326.794046 -0.048176687 0.036552392 0.009876618 0.099845007 0.034338001 0.061222874 0.992523849
1341846326.826821 -0.048422106 0.036903195 0.011110715 0.092009641 0.036905970 0.058956720 0.993325889
1341846326.858887 -0.048309252 0.038408425 0.010738635 0.083766565 0.038068287 0.057360023 0.994104505
1341846326.895360 -0.049437530 0.040415667 0.010445279 0.081821509 0.038858585 0.058138911 0.994190693
1341846326.926897 -0.049856450 0.041296367 0.010857775 0.083845019 0.035355646 0.059696909 0.994060457
1341846326.958888 -0.048871446 0.043329723 0.010544710 0.086791843 0.032065812 0.063331902 0.993694127
1341846326.994594 -0.048274383 0.044937883 0.009858575 0.087573253 0.031978860 0.065920793 0.993460000
1341846327.026301 -0.048276305 0.047101762 0.010540649 0.086460464 0.033399548 0.065151051 0.993561447
1341846327.063945 -0.047945675 0.047382113 0.011688989 0.083342552 0.035772886 0.061721094 0.993964195
1341846327.094662 -0.047913685 0.045004919 0.010277424 0.081076510 0.037943181 0.060312465 0.994157612
1341846327.128901 -0.048269447 0.046692949 0.010263447 0.080658585 0.038177911 0.058802281 0.994273067
1341846327.161940 -0.048334036 0.048351582 0.010595424 0.079892382 0.037146632 0.058327328 0.994401932
1341846327.193867 -0.047650520 0.048975367 0.010988467 0.078599490 0.038055003 0.056898274 0.994553447
1341846327.229885 -0.047312941 0.051213235 0.011574795 0.080536410 0.041238468 0.055428404 0.994354546
1341846327.262014 -0.047096595 0.052372541 0.012485867 0.080037251 0.045393094 0.053031471 0.994344592
1341846327.294023 -0.046043530 0.052405607 0.011200589 0.081986308 0.054658841 0.047909644 0.993979514
1341846327.330015 -0.045884859 0.055103313 0.011383555 0.086264916 0.067800850 0.044489015 0.992966354
1341846327.361939 -0.044872236 0.056622520 0.014866414 0.083995819 0.073050708 0.038141426 0.993052661
1341846327.393887 -0.046241283 0.059353508 0.013718128 0.083421029 0.075652823 0.032804523 0.993096888
1341846327.429966 -0.047201026 0.062312413 0.014365444 0.082432523 0.076097712 0.031129625 0.993199348
1341846327.461965 -0.047773547 0.065619394 0.014542692 0.075283900 0.071902379 0.030598029 0.994095623
1341846327.497931 -0.046526432 0.066037327 0.015167448 0.070855163 0.068882443 0.031356815 0.994611204
1341846327.530068 -0.046813719 0.067896612 0.015135122 0.070250630 0.069596343 0.033395793 0.994538009
1341846327.561895 -0.047789343 0.065907441 0.016320264 0.066454105 0.068607233 0.036808372 0.994747221
1341846327.598010 -0.048552316 0.066915132 0.017290361 0.068481579 0.065939404 0.041830961 0.994591594
1341846327.629945 -0.048607375 0.068943925 0.017635364 0.069561787 0.061079610 0.042325500 0.994805992
1341846327.662003 -0.049007509 0.069736302 0.017047638 0.069305681 0.057814669 0.037947074 0.995195568
1341846327.697919 -0.048882533 0.072373666 0.017115636 0.073050588 0.056654606 0.038966693 0.994955003
1341846327.730075 -0.049270406 0.075354822 0.016676014 0.070360497 0.056184053 0.038848642 0.995180130
1341846327.766017 -0.049103383 0.075562149 0.017110195 0.064273469 0.054892510 0.040899582 0.995581686
1341846327.797917 -0.048581615 0.078222275 0.017670531 0.062237736 0.053929128 0.043495320 0.995653689
1341846327.830054 -0.048750825 0.078334093 0.017749880 0.054331649 0.053580068 0.043103468 0.996152282
1341846327.865944 -0.048813634 0.079404704 0.017016638 0.049621407 0.055308599 0.042656031 0.996322811
1341846327.898010 -0.048809409 0.081263661 0.017942242 0.048383914 0.056252915 0.044074450 0.996269047
1341846327.929991 -0.048581317 0.082509041 0.018319458 0.044425696 0.054394741 0.042356171 0.996631086
1341846327.966065 -0.048692215 0.084239103 0.017974308 0.040380307 0.054594554 0.040694363 0.996861458
1341846327.998073 -0.049045663 0.086188607 0.017843161 0.034903239 0.055694435 0.038212620 0.997105658
1341846328.034045 -0.048592728 0.086585030 0.018205291 0.028874546 0.056268632 0.036119387 0.997344196
1341846328.065993 -0.048919104 0.086939603 0.017252907 0.022766219 0.057520907 0.036417566 0.997420073
1341846328.098045 -0.048819646 0.085331284 0.018016994 0.020334138 0.058283862 0.036531016 0.997424185
1341846328.133967 -0.049031559 0.085004032 0.017859817 0.023251031 0.057061743 0.039783873 0.997306645
1341846328.166023 -0.049227808 0.084627092 0.018115569 0.022855589 0.054342948 0.040175740 0.997451961
1341846328.198018 -0.049076010 0.082436785 0.017375026 0.022283288 0.051076762 0.039584000 0.997661173
1341846328.234044 -0.049406011 0.080466904 0.016644532 0.024018353 0.050295174 0.038495164 0.997703195
1341846328.265899 -0.050052442 0.078569852 0.016312644 0.024692340 0.049406771 0.038367465 0.997736037
1341846328.302051 -0.050095771 0.077117100 0.016229998 0.027857596 0.048499588 0.039933175 0.997635782
1341846328.333917 -0.048788581 0.074572720 0.015252318 0.029946296 0.047330990 0.041621257 0.997562408
1341846328.366008 -0.049444627 0.072732441 0.014530418 0.034786344 0.047493517 0.039280728 0.997492492
1341846328.402010 -0.047561582 0.069129363 0.011714965 0.046167634 0.047563981 0.042403910 0.996899247
1341846328.433920 -0.049516171 0.066281445 0.014889760 0.048028544 0.048165973 0.039534185 0.996900380
1341846328.470003 -0.048457172 0.063146241 0.013914810 0.046430547 0.046242539 0.033109289 0.997301161
1341846328.502194 -0.047544204 0.060261164 0.013553855 0.047515053 0.047375843 0.026847119 0.997385144
1341846328.534033 -0.047345858 0.057879068 0.013564370 0.048270009 0.050417803 0.023859294 0.997275710
1341846328.570125 -0.047722697 0.054114863 0.013375148 0.049194112 0.051501554 0.024423877 0.997161508
1341846328.602804 -0.048212469 0.051026400 0.010268868 0.053444672 0.046589848 0.026691364 0.997126222
1341846328.636433 -0.047723625 0.048032064 0.009848544 0.056947038 0.038026486 0.027893750 0.997262716
1341846328.672663 -0.048979294 0.045522816 0.012764433 0.062283471 0.035401456 0.022960922 0.997166157
1341846328.702975 -0.047441840 0.045082130 0.011923503 0.064708829 0.030129183 0.021859994 0.997209668
1341846328.738215 -0.046786744 0.041410446 0.011250755 0.068197370 0.028148806 0.018900810 0.997095525
1341846328.770129 -0.046706900 0.040089440 0.011663935 0.072259545 0.026976479 0.017581239 0.996865928
1341846328.802331 -0.046106506 0.037924528 0.010492971 0.072181836 0.023200203 0.019165188 0.996937394
1341846328.838051 -0.045492798 0.035256404 0.010891242 0.075406373 0.020611327 0.016250448 0.996807396
1341846328.869939 -0.045628581 0.036088023 0.010450642 0.076582871 0.019713191 0.015031588 0.996755004
1341846328.904486 -0.046583463 0.036182739 0.010465040 0.072159328 0.018068554 0.013325142 0.997140408
1341846328.939814 -0.044833761 0.029646121 0.009080215 0.072361588 0.013552739 0.015059430 0.997172654
1341846328.970217 -0.044750314 0.029416891 0.008840878 0.076721691 0.011702192 0.017635038 0.996827900
1341846329.006232 -0.044678923 0.029609473 0.008748579 0.077915050 0.009061939 0.022049539 0.996674955
1341846329.038243 -0.044036929 0.026769193 0.007487777 0.080599681 0.007894986 0.022004876 0.996472359
1341846329.072238 -0.043662883 0.027257791 0.007278606 0.085358478 0.008053513 0.022660583 0.996060014
1341846329.106125 -0.043770958 0.026670292 0.006725247 0.084301680 0.007562406 0.021291453 0.996184111
1341846329.138340 -0.043644942 0.024272649 0.006754936 0.084909797 0.006716075 0.019323589 0.996178627
1341846329.169991 -0.043618686 0.024140477 0.005891850 0.087298289 0.005624929 0.018225174 0.995999634
1341846329.208656 -0.043507393 0.022662917 0.005390193 0.087067239 0.004934651 0.017125417 0.996043026
1341846329.238169 -0.042987030 0.023054473 0.005532860 0.087194860 0.003617410 0.016268963 0.996051848
1341846329.273827 -0.043481085 0.020397797 0.005217636 0.084342718 0.002824550 0.016967528 0.996288300
1341846329.306052 -0.043576509 0.020211162 0.004342215 0.084929638 0.000477482 0.016155392 0.996255815
1341846329.338104 -0.042742558 0.020114373 0.003944963 0.081609152 -0.001823924 0.014743092 0.996553659
1341846329.373907 -0.042909332 0.017063735 0.004090938 0.076865993 -0.002333196 0.013054994 0.996953249
1341846329.405985 -0.043025356 0.015995763 0.003728845 0.078181043 -0.003556931 0.009897955 0.996883690
1341846329.442057 -0.042655692 0.015630154 0.002843263 0.077481233 -0.004272604 0.006418578 0.996963978
1341846329.473950 -0.042866211 0.013627373 0.002713365 0.075990088 -0.005183292 0.000403414 0.997094989
1341846329.506147 -0.043173295 0.013224735 0.002248233 0.076335281 -0.006728541 -0.002489200 0.997056365
1341846329.542121 -0.043936051 0.011371688 0.002226960 0.073826104 -0.009149622 -0.003294196 0.997223675
1341846329.574086 -0.043599408 0.008592163 0.002127244 0.074950106 -0.011452689 -0.004557734 0.997111082
1341846329.606387 -0.043172669 0.008849895 0.001381038 0.078239508 -0.012438644 -0.005891350 0.996839583
1341846329.641955 -0.043767661 0.008414068 0.000909308 0.078087807 -0.013173207 -0.005658717 0.996843398
1341846329.681570 -0.044058021 0.006363477 0.000275273 0.076365024 -0.015862476 -0.005585361 0.996938109
1341846329.748113 -0.043170702 0.005891865 0.000278716 0.078752354 -0.016488764 -0.007677811 0.996728241
1341846329.774077 -0.042677823 0.004059245 0.000105524 0.076136731 -0.015246257 -0.005124089 0.996967673
1341846329.810175 -0.042629480 0.004172111 0.001048586 0.076827265 -0.013830669 -0.002665607 0.996944904
1341846329.842255 -0.043448050 0.001190179 0.000030279 0.077125408 -0.013308663 0.000315821 0.996932507
1341846329.874044 -0.043411452 0.002115527 0.000943109 0.079986088 -0.013249040 0.003736774 0.996700943
1341846329.910073 -0.043526307 0.002722017 0.000523353 0.080551699 -0.013677865 0.005767662 0.996639907
1341846329.942009 -0.043805908 0.002883089 0.000726987 0.076582067 -0.013975109 0.010872282 0.996906042
1341846329.978087 -0.043434557 -0.000612201 0.000873895 0.073202401 -0.014868300 0.012697434 0.997125447
1341846330.016305 -0.042791188 0.000358234 -0.000203249 0.075377747 -0.014145480 0.010476414 0.996999681
1341846330.048192 -0.043900192 0.000207199 -0.001435145 0.071535230 -0.011746334 0.011303556 0.997304857
1341846330.080418 -0.043612372 -0.001485864 -0.000632587 0.066724442 -0.012361943 0.014232946 0.997593343
1341846330.115886 -0.043538488 -0.003712527 -0.000355303 0.068815149 -0.010767818 0.014735818 0.997462451
1341846330.147839 -0.044246688 -0.001919505 -0.001367095 0.072041541 -0.010131434 0.016172905 0.997219026
1341846330.181257 -0.043883871 -0.000973143 -0.002899592 0.067544408 -0.011186431 0.019326828 0.997466326
1341846330.215852 -0.043942455 -0.001926355 -0.000862820 0.060955700 -0.010131544 0.019794568 0.997892737
1341846330.247833 -0.044519186 -0.002610574 -0.001002910 0.059039935 -0.009364704 0.018321153 0.998043537
1341846330.283913 -0.045132868 0.000027805 -0.002092466 0.057041038 -0.009459060 0.018689636 0.998152077
1341846330.316011 -0.045251437 -0.002528489 -0.001360671 0.049017772 -0.010376719 0.017967608 0.998582363
1341846330.347868 -0.045324750 -0.003550135 -0.001850544 0.046471477 -0.012108291 0.017483171 0.998693228
1341846330.383835 -0.044813428 -0.003764088 -0.001696817 0.044827532 -0.012884493 0.017560778 0.998757243
1341846330.415934 -0.045054626 -0.005637950 -0.001283077 0.043725729 -0.011792659 0.015257736 0.998857439
1341846330.452561 -0.045560755 -0.005864025 -0.001754137 0.046544153 -0.011988598 0.014314963 0.998741686
1341846330.483903 -0.046105552 -0.005217989 -0.002221716 0.046794944 -0.013654357 0.016705189 0.998671472
1341846330.515970 -0.046138152 -0.006567228 -0.002898856 0.044640191 -0.015973622 0.019943831 0.998676300
1341846330.552099 -0.045939304 -0.006755838 -0.002965014 0.045991529 -0.017326565 0.022188745 0.998545051
1341846330.583876 -0.046535753 -0.005208793 -0.002909738 0.046442430 -0.017068541 0.022624156 0.998518884
1341846330.619992 -0.047586683 -0.004158938 -0.003930382 0.042494927 -0.017686497 0.021269403 0.998713672
1341846330.652136 -0.047093719 -0.005257697 -0.004052229 0.035442382 -0.019698489 0.020301985 0.998971283
1341846330.683796 -0.047653727 -0.005796025 -0.004306179 0.030621001 -0.019018715 0.018500905 0.999178827
1341846330.719991 -0.048583921 -0.007505146 -0.005137464 0.027185583 -0.020783452 0.019605173 0.999221981
1341846330.752103 -0.049018890 -0.008076863 -0.005615603 0.028585633 -0.024833521 0.023824396 0.998998761
1341846330.787952 -0.049765363 -0.007361418 -0.006023853 0.030166524 -0.029346507 0.027574535 0.998733401
1341846330.819823 -0.049456794 -0.007306203 -0.005998706 0.029815322 -0.033876423 0.027742978 0.998595893
1341846330.852208 -0.049225904 -0.006339812 -0.006668299 0.029737212 -0.035774119 0.028681135 0.998505533
1341846330.888445 -0.049772017 -0.004209078 -0.007291523 0.027616156 -0.037497733 0.029692596 0.998473644
1341846330.914111 -0.049662791 -0.004262894 -0.006976638 0.021600731 -0.038996030 0.028020849 0.998612821
1341846330.949903 -0.050366476 -0.005431153 -0.005830141 0.018311942 -0.039840482 0.027982207 0.998646259
1341846330.981986 -0.051486503 -0.005520730 -0.007578800 0.018986419 -0.043417681 0.028040020 0.998482943
1341846331.014111 -0.051171724 -0.004748981 -0.007591873 0.018829139 -0.047635198 0.028848108 0.998270571
1341846331.082139 -0.051628888 -0.005165937 -0.008086202 0.020516003 -0.050312135 0.025364438 0.998200595
1341846331.114334 -0.051745053 -0.004794366 -0.008410608 0.020566089 -0.052462731 0.025324104 0.998089850
1341846331.149989 -0.050876752 -0.005850840 -0.007797215 0.020131417 -0.054446291 0.024773596 0.998006284
1341846331.181954 -0.051876586 -0.005638895 -0.008597913 0.023615800 -0.053637546 0.023076998 0.998014390
1341846331.218151 -0.052095342 -0.003388792 -0.009136681 0.023985241 -0.056841236 0.024125336 0.997803450
1341846331.249914 -0.050681297 -0.004736627 -0.008532537 0.020936359 -0.059467129 0.023645217 0.997730553
1341846331.282227 -0.048338737 -0.006780254 -0.009177242 0.025322556 -0.056402639 0.021352056 0.997858524
1341846331.318141 -0.049751502 -0.004737821 -0.007923660 0.031685587 -0.050190769 0.019692441 0.998042643
1341846331.349926 -0.049077298 -0.004610474 -0.008948908 0.030641647 -0.047819465 0.018919108 0.998206615
1341846331.382003 -0.044343945 -0.007558997 -0.005833001 0.031417854 -0.045267988 0.020910373 0.998261750
1341846331.418008 -0.046297133 -0.005898326 -0.006198928 0.040046390 -0.033511844 0.019174987 0.998451591
1341846331.450327 -0.048174422 -0.005403203 -0.006204557 0.042567648 -0.026872072 0.018224750 0.998565853
1341846331.486219 -0.049321968 -0.004752049 -0.006195803 0.042813338 -0.024025876 0.019243298 0.998608768
1341846331.518344 -0.048142593 -0.004900787 -0.005883032 0.041545622 -0.023820994 0.017912054 0.998691976
1341846331.550202 -0.047191560 -0.005935109 -0.004051297 0.043471713 -0.019907992 0.017198646 0.998708189
1341846331.586139 -0.048620880 -0.004353416 -0.003790117 0.046364117 -0.017563101 0.017451631 0.998617709
1341846331.617931 -0.047635090 -0.004037232 -0.003252358 0.045540970 -0.018153490 0.017778797 0.998639286
1341846331.654027 -0.046723984 -0.004827360 -0.001812150 0.045812227 -0.016098207 0.018297249 0.998652697
1341846331.686123 -0.047354277 -0.003674180 -0.001582599 0.048684761 -0.012857864 0.019780511 0.998535514
1341846331.717954 -0.048145238 -0.002275717 -0.000976286 0.046333421 -0.013124947 0.019564912 0.998648107
1341846331.754076 -0.046464611 -0.004065515 0.000676947 0.043013275 -0.013844667 0.018927485 0.998799205
1341846331.785920 -0.046544358 -0.004340502 0.002148884 0.045950804 -0.010701694 0.017264865 0.998737156
1341846331.818053 -0.046719227 -0.002650781 0.003101314 0.047339529 -0.008948062 0.017770110 0.998680711
1341846331.853849 -0.046705682 -0.003686921 0.004310981 0.045430195 -0.008441827 0.016650721 0.998793066
1341846331.885987 -0.045512773 -0.003773136 0.005848445 0.048520461 -0.006812313 0.015062970 0.998685360
1341846331.922014 -0.045708541 -0.002706077 0.006776578 0.050818752 -0.003677277 0.014720609 0.998592615
1341846331.954037 -0.044941086 -0.002604465 0.008012820 0.050811563 -0.001291675 0.015157862 0.998592377
1341846331.986135 -0.044039533 -0.004660266 0.010064398 0.052127656 0.003659906 0.017132318 0.998486757
1341846332.022364 -0.045809343 -0.005181117 0.011499023 0.058832224 0.009622474 0.016903887 0.998078346
1341846332.054175 -0.046614885 -0.004272442 0.013482259 0.065901481 0.010182367 0.018780077 0.997597396
1341846332.086502 -0.045878403 -0.003880688 0.014419954 0.068780422 0.009668296 0.020329872 0.997377753
1341846332.122051 -0.046046797 -0.003504704 0.015800416 0.070809469 0.010820800 0.019388946 0.997242689
1341846332.153983 -0.046671230 -0.001290586 0.017275104 0.070320755 0.010784029 0.017102327 0.997319520
1341846332.190165 -0.046829969 -0.000918622 0.019281982 0.064306132 0.009532673 0.014451834 0.997780025
1341846332.222699 -0.046836477 -0.003286971 0.020991027 0.060033116 0.009033369 0.013555817 0.998063445
1341846332.254145 -0.046868537 -0.003653108 0.022303205 0.062920563 0.009577542 0.012962104 0.997888386
1341846332.289948 -0.047278862 -0.002987336 0.023628274 0.065076455 0.009576498 0.015098668 0.997720063
1341846332.322172 -0.047015712 -0.003247719 0.024445277 0.065606847 0.008898913 0.017317338 0.997655571
1341846332.354003 -0.046003759 -0.003678612 0.025496149 0.068074681 0.010202718 0.014892573 0.997516930
1341846332.390180 -0.045866497 -0.001929901 0.026934173 0.070979439 0.014610514 0.011981901 0.997298777
1341846332.422055 -0.046686459 -0.001873890 0.028200552 0.068908066 0.017958371 0.008724499 0.997423232
1341846332.458114 -0.045723513 -0.002367212 0.029523376 0.068277359 0.019431204 0.004843740 0.997465372
1341846332.489993 -0.046905164 -0.001688050 0.030294627 0.069495104 0.022011638 0.006269596 0.997319698
1341846332.522130 -0.047898497 -0.001217625 0.031523183 0.069048703 0.018919589 0.011495819 0.997367620
1341846332.558114 -0.047165044 -0.001573693 0.032978769 0.068888992 0.012543875 0.018914826 0.997366130
1341846332.589874 -0.046033561 -0.000283606 0.033363905 0.069626763 0.008988070 0.023259018 0.997261465
1341846332.621889 -0.045781933 0.000481719 0.033423945 0.065745480 0.008654065 0.025396628 0.997475684
1341846332.658202 -0.044927903 -0.000089188 0.034811974 0.061340921 0.008634092 0.023990430 0.997791171
1341846332.690001 -0.045206983 0.000282377 0.035715152 0.059526641 0.010180786 0.024632277 0.997870862
1341846332.726000 -0.045710240 -0.000302298 0.038019367 0.058206011 0.009685278 0.028795838 0.997842193
1341846332.758386 -0.044907056 0.000016038 0.039007038 0.059153512 0.006434692 0.030677488 0.997756660
1341846332.789937 -0.043459985 0.000995787 0.038962543 0.059054501 0.006013165 0.029618835 0.997797191
1341846332.825925 -0.043360598 0.001030887 0.040345412 0.056856740 0.008648024 0.027572678 0.997964084
1341846332.857898 -0.043283142 0.000844161 0.041488536 0.057624862 0.010240644 0.026786199 0.997926354
1341846332.894069 -0.042888474 0.002244274 0.042538907 0.058460917 0.009690953 0.027695468 0.997858405
1341846332.926029 -0.042046718 0.002704009 0.041816667 0.055080105 0.009396503 0.025974937 0.998099744
1341846332.958015 -0.041889656 0.002864030 0.043459419 0.052083787 0.012136584 0.023379114 0.998295248
1341846332.994073 -0.041404728 0.003255792 0.044414528 0.049505126 0.013018491 0.021828895 0.998450398
1341846333.026545 -0.040903352 0.003180388 0.045472037 0.046679333 0.014072970 0.019707596 0.998616338
1341846333.057998 -0.039932124 0.003437544 0.046936776 0.046135902 0.015761036 0.019898569 0.998612583
1341846333.094024 -0.039934143 0.003309469 0.048403852 0.046328761 0.017793017 0.023155427 0.998499274
1341846333.126095 -0.039432216 0.003970128 0.049159411 0.047408558 0.019162348 0.025528083 0.998365462
1341846333.161973 -0.038467724 0.004868738 0.048971601 0.046950411 0.020844448 0.027041782 0.998313546
1341846333.195660 -0.038853925 0.004832421 0.049202543 0.044207904 0.023122415 0.028156567 0.998357773
1341846333.226331 -0.038536172 0.004874111 0.050063767 0.042767528 0.023710866 0.027754033 0.998417974
1341846333.262056 -0.038952429 0.005567594 0.049956609 0.039843485 0.024967847 0.024937073 0.998582602
1341846333.294147 -0.038578283 0.005278327 0.050967678 0.036181469 0.024639947 0.024680419 0.998736501
1341846333.326100 -0.038180109 0.005601624 0.051610250 0.034775168 0.023067612 0.023263790 0.998858035
1341846333.362100 -0.037912477 0.006702367 0.050973061 0.032553382 0.022367479 0.021400563 0.998990476
1341846333.394119 -0.037886303 0.006031190 0.051740013 0.028551402 0.021250833 0.021351485 0.999138296
1341846333.429974 -0.037600432 0.006050540 0.052098140 0.027704382 0.018897654 0.021619067 0.999203682
1341846333.462115 -0.037597202 0.005720234 0.051986806 0.027367268 0.019559989 0.020193450 0.999230027
1341846333.494040 -0.037689015 0.005852770 0.052005462 0.028493458 0.020736540 0.019239418 0.999193668
1341846333.529953 -0.037265316 0.005666615 0.052113928 0.029092783 0.021491176 0.018761426 0.999169528
1341846333.562063 -0.036843270 0.006148894 0.052403282 0.030427916 0.022825349 0.020137046 0.999073386
1341846333.594090 -0.037708644 0.006898979 0.052323099 0.029683465 0.022848949 0.021030884 0.999076843
1341846333.629994 -0.037857614 0.007249990 0.052419573 0.026609061 0.020852400 0.020007320 0.999228120
1341846333.662127 -0.037689108 0.007141103 0.052039672 0.023419037 0.019509034 0.019371193 0.999347627
1341846333.697964 -0.037337746 0.005873392 0.052080549 0.020176537 0.019304711 0.020238064 0.999405146
1341846333.730092 -0.037251290 0.006254038 0.051712215 0.023023736 0.019115536 0.021125479 0.999328911
1341846333.762089 -0.037466746 0.006469424 0.051299594 0.024679260 0.020220980 0.022711819 0.999232829
1341846333.798006 -0.037446566 0.005875225 0.051130950 0.025441783 0.020553153 0.022545399 0.999210656
1341846333.830055 -0.037356000 0.006145434 0.050556164 0.028468641 0.021709101 0.020732591 0.999143839
1341846333.866045 -0.037868720 0.006045015 0.049991973 0.029284466 0.023383237 0.019514984 0.999107003
1341846333.897987 -0.038179997 0.005671361 0.049626041 0.030786112 0.023710974 0.018525412 0.999072969
1341846333.930099 -0.037679024 0.005432802 0.048761204 0.033565022 0.023722682 0.017166356 0.999007463
1341846333.965889 -0.038012657 0.005411226 0.047982462 0.035735242 0.024885699 0.016712420 0.998911619
1341846333.997985 -0.038046747 0.004839047 0.047293197 0.037888240 0.025903281 0.016387912 0.998811781
1341846334.030076 -0.038393289 0.004895445 0.046463944 0.041144691 0.027128331 0.017663941 0.998628616
1341846334.066000 -0.038956240 0.004766233 0.045679741 0.042511992 0.027218591 0.019091222 0.998542666
1341846334.097932 -0.038861670 0.004705699 0.045024041 0.044574313 0.026989611 0.018609660 0.998467982
1341846334.133884 -0.039864767 0.004724802 0.044284515 0.046159316 0.028957775 0.018804817 0.998337209
1341846334.166115 -0.040422153 0.004845915 0.043768145 0.046587300 0.027798319 0.019327905 0.998340309
1341846334.198072 -0.040763788 0.004815923 0.042988423 0.047261354 0.026544483 0.018378928 0.998360634
1341846334.234097 -0.040250827 0.005030981 0.042327490 0.047700103 0.026392423 0.017491873 0.998359740
1341846334.266045 -0.040873691 0.004501279 0.041234743 0.047132563 0.028257931 0.017649103 0.998332858
1341846334.297946 -0.042076521 0.004337952 0.040261492 0.048131622 0.027750913 0.019140717 0.998271942
1341846334.334036 -0.041990165 0.004668694 0.039721817 0.048750095 0.025832275 0.019896207 0.998278618
1341846334.365871 -0.042214476 0.005068540 0.038949225 0.048690684 0.026122998 0.018126799 0.998307705
1341846334.401845 -0.042390190 0.004854256 0.038004700 0.047036964 0.026893519 0.016998349 0.998386383
1341846334.433864 -0.043453403 0.004207048 0.037250802 0.046618991 0.026578028 0.017584102 0.998404264
1341846334.466105 -0.043703798 0.004689755 0.036472645 0.047530781 0.025085004 0.018605009 0.998381436
1341846334.502142 -0.043756787 0.004892632 0.035204444 0.046237864 0.023514602 0.019350706 0.998466134
1341846334.540153 -0.044185899 0.004657277 0.034094788 0.045591429 0.022750055 0.018054366 0.998537898
1341846334.566584 -0.044839911 0.005634207 0.033948336 0.045216277 0.022112196 0.014875134 0.998621643
1341846334.602351 -0.045507532 0.005857105 0.033256315 0.041799743 0.019587826 0.011071153 0.998872638
1341846334.634069 -0.045740761 0.005322826 0.032319963 0.038045987 0.017386498 0.006217713 0.999105394
1341846334.670161 -0.046113186 0.005089678 0.031366564 0.035964448 0.017060423 0.003769230 0.999200284
1341846334.702085 -0.047390446 0.004596953 0.030583516 0.034426678 0.016016545 0.003957479 0.999271035
1341846334.734751 -0.047371581 0.004700600 0.029419921 0.034641031 0.013098074 0.005742820 0.999297500
1341846334.770889 -0.047956582 0.004484703 0.028238747 0.034300197 0.011726721 0.008243513 0.999308765
1341846334.802194 -0.048376162 0.004613874 0.027509637 0.034015682 0.009189596 0.008687604 0.999341309
1341846334.833908 -0.048051119 0.004990529 0.026415899 0.033802047 0.007203362 0.007570895 0.999373913
1341846334.869874 -0.048771653 0.005230452 0.025164735 0.032276239 0.007610837 0.007271292 0.999423563
1341846334.902006 -0.049654678 0.004903220 0.024155188 0.030362625 0.006280886 0.007216441 0.999493182
1341846334.938010 -0.049948856 0.004918516 0.023100419 0.029944856 0.003337226 0.006996811 0.999521494
1341846334.970032 -0.049402457 0.004454823 0.022395745 0.029341402 0.001683864 0.006389431 0.999547601
1341846335.002203 -0.049949326 0.004162925 0.021068135 0.030774970 0.002435681 0.007318256 0.999496579
1341846335.037880 -0.051313803 0.004578201 0.020208562 0.033999175 0.000172485 0.009525205 0.999376476
1341846335.069990 -0.050623193 0.004849242 0.019061729 0.034035858 -0.003481884 0.009618253 0.999368250
1341846335.106038 -0.050193872 0.004433863 0.018022183 0.033981949 -0.002767120 0.008080577 0.999385953
1341846335.138045 -0.051326580 0.004355581 0.016788829 0.035764299 -0.000752273 0.006836284 0.999336600
1341846335.169900 -0.051637940 0.004841940 0.014772543 0.036150061 -0.003383800 0.006604422 0.999318838
1341846335.206091 -0.051469244 0.004576063 0.013849046 0.035009731 -0.005435286 0.004581604 0.999361694
1341846335.239365 -0.051073473 0.004031560 0.013169227 0.034469642 -0.004938994 0.002788809 0.999389648
1341846335.269948 -0.051983293 0.003791607 0.012096982 0.036015581 -0.002868227 0.001143255 0.999346495
1341846335.305972 -0.052477919 0.003802117 0.010462548 0.037948191 -0.004142614 0.001847379 0.999269426
1341846335.338012 -0.052060265 0.003648429 0.009596891 0.039209191 -0.006097220 0.003557858 0.999206126
1341846335.374005 -0.051319536 0.002419104 0.008421935 0.042588536 -0.005297167 0.004303449 0.999069393
1341846335.406025 -0.052084703 0.002719620 0.007710524 0.049836423 -0.002037307 0.006570056 0.998733759
1341846335.438079 -0.052251827 0.003118470 0.006202141 0.054961331 -0.001493914 0.010298161 0.998434305
1341846335.473998 -0.051676780 0.003464799 0.005083782 0.057108052 -0.000507826 0.011605261 0.998300433
1341846335.507038 -0.051685274 0.004071863 0.003912725 0.058439735 0.002243273 0.009750461 0.998240829
1341846335.538040 -0.052444328 0.004977863 0.003061146 0.058426745 0.005161313 0.007660444 0.998248994
1341846335.574119 -0.053452108 0.005589271 0.001937904 0.056381088 0.005683617 0.007746582 0.998363137
1341846335.605970 -0.053344153 0.004680900 0.001275268 0.054138821 0.004641290 0.007098896 0.998497427
1341846335.641978 -0.052956529 0.004839537 0.000004507 0.055313244 0.005638010 0.004862757 0.998441279
1341846335.673993 -0.053515445 0.004899734 -0.001528972 0.054978345 0.006801507 0.004305773 0.998455107
1341846335.706178 -0.054084413 0.005157724 -0.002235286 0.054653097 0.005505127 0.005397962 0.998475671
1341846335.741982 -0.053578947 0.004699861 -0.003574421 0.054757655 0.005009406 0.004655883 0.998476267
1341846335.773960 -0.053948645 0.005150891 -0.005113308 0.055059019 0.005760182 0.003918802 0.998458803
1341846335.806271 -0.054069381 0.005905529 -0.006533229 0.053304125 0.005066188 0.004336866 0.998556077
1341846335.842031 -0.054047137 0.005234206 -0.007122706 0.050879858 0.005855072 0.004384990 0.998677969
1341846335.873966 -0.054139480 0.005327048 -0.008325514 0.051809844 0.007320683 0.003675309 0.998623371
1341846335.910005 -0.054878160 0.006010293 -0.009686592 0.051643640 0.007531999 0.005477212 0.998622119
1341846335.941936 -0.055310097 0.006159117 -0.010770005 0.050682928 0.005561122 0.006438528 0.998678565
1341846335.974198 -0.055072073 0.005986684 -0.012145817 0.050219957 0.004649143 0.004217311 0.998718441
1341846336.010032 -0.055861272 0.006196115 -0.012874390 0.050253928 0.005261615 0.002545153 0.998719335
1341846336.042129 -0.056419771 0.006317339 -0.014233676 0.049266871 0.004059779 0.003226046 0.998772144
1341846336.078076 -0.056691468 0.005997882 -0.015095035 0.049015112 0.002284162 0.002358707 0.998792648
1341846336.110739 -0.056469414 0.006281955 -0.016144615 0.049704157 0.001863082 0.000737692 0.998761952
1341846336.142002 -0.057737704 0.006143751 -0.017391780 0.049308401 0.002567103 0.001373614 0.998779356
1341846336.183953 -0.058323536 0.006546904 -0.018840056 0.049039498 0.000163645 0.002317963 0.998794138
1341846336.210112 -0.058093499 0.007041577 -0.018661691 0.047955219 -0.001878276 0.002985575 0.998843253
1341846336.241891 -0.058246996 0.006644160 -0.019180201 0.047134515 -0.000931521 0.002032791 0.998885989
1341846336.277946 -0.059332289 0.006010540 -0.019963752 0.047288675 -0.000054608 0.003679272 0.998874485
1341846336.309977 -0.059792280 0.005882025 -0.020834243 0.049719192 -0.002442503 0.006661067 0.998737991
1341846336.346143 -0.059637930 0.006396205 -0.022263238 0.051778924 -0.003945730 0.007730745 0.998620808
1341846336.377975 -0.059576195 0.006386976 -0.022994511 0.052373104 -0.003826413 0.007172979 0.998594463
1341846336.410032 -0.060120106 0.006735548 -0.024146069 0.053459853 -0.002879886 0.007013535 0.998541236
1341846336.446041 -0.060460333 0.007405962 -0.025418140 0.053422794 -0.003202609 0.007208235 0.998540819
1341846336.477990 -0.060247395 0.007235810 -0.025668148 0.052241843 -0.003645249 0.007150127 0.998602211
1341846336.510056 -0.060354650 0.006872658 -0.026558761 0.052214008 -0.002983951 0.007623808 0.998602331
1341846336.546024 -0.060660247 0.006756050 -0.027489526 0.053132899 -0.002856306 0.009302988 0.998539984
1341846336.578003 -0.061109591 0.007753151 -0.028361641 0.053415589 -0.003099843 0.010866122 0.998508394
1341846336.614020 -0.060262881 0.007749124 -0.028840005 0.052694738 -0.003162017 0.010569768 0.998549700
1341846336.645982 -0.061301861 0.008498201 -0.029921811 0.051921088 -0.001055995 0.009343032 0.998606920
1341846336.678036 -0.062080771 0.007725909 -0.030404368 0.049650867 -0.002625057 0.009717577 0.998715878
1341846336.714024 -0.062477760 0.006792482 -0.030232701 0.050844941 -0.004557910 0.009024433 0.998655379
1341846336.746016 -0.063632868 0.006379824 -0.031059237 0.054298759 -0.005969920 0.010706995 0.998449504
1341846336.778014 -0.063461095 0.007389114 -0.032819819 0.057337794 -0.010341723 0.014840734 0.998190999
1341846336.820006 -0.063419290 0.007998462 -0.033195797 0.058171216 -0.014280997 0.017119389 0.998057663
1341846336.845952 -0.062875338 0.007609927 -0.033044107 0.058757849 -0.016088622 0.015840963 0.998016894
1341846336.882056 -0.063905425 0.007814285 -0.034778759 0.060730398 -0.016250907 0.015472878 0.997901976
1341846336.914273 -0.065094128 0.006664147 -0.036451895 0.062102988 -0.019742416 0.017277362 0.997724891
1341846336.945998 -0.064930432 0.006134934 -0.036353312 0.068507202 -0.026688928 0.018902030 0.997114420
1341846336.981980 -0.064827889 0.008564697 -0.036522813 0.072624400 -0.030777948 0.017758843 0.996726155
1341846337.014238 -0.065074921 0.009396823 -0.037801873 0.069946408 -0.033190433 0.015558416 0.996877015
1341846337.046017 -0.064301237 0.008766965 -0.036849298 0.067217492 -0.035073593 0.011404252 0.997056484
1341846337.082104 -0.064839110 0.008820631 -0.038556851 0.066442728 -0.034963429 0.008000785 0.997145355
1341846337.114317 -0.065406300 0.009063455 -0.038167171 0.064813450 -0.036979124 0.007666109 0.997182548
1341846337.150037 -0.064991832 0.008959562 -0.038449459 0.063117303 -0.039062250 0.006101501 0.997222662
1341846337.181873 -0.064946301 0.009338791 -0.037327040 0.063014306 -0.039186195 0.003577406 0.997236609
1341846337.214073 -0.064897515 0.010333173 -0.038993564 0.061220910 -0.037443671 0.001073967 0.997421086
1341846337.250087 -0.066433631 0.008301411 -0.040232092 0.057250053 -0.038063493 0.002015796 0.997631967
1341846337.282028 -0.066931270 0.008392118 -0.039660472 0.058647145 -0.041987401 0.005082422 0.997382462
1341846337.317920 -0.065555401 0.009520778 -0.039722316 0.058833871 -0.044204298 0.005682661 0.997272432
1341846337.350018 -0.066045038 0.010422223 -0.040152594 0.057862222 -0.043179862 0.005504161 0.997375131
1341846337.382159 -0.065264575 0.009606303 -0.040264465 0.054535627 -0.043538094 0.003734298 0.997555196
1341846337.417941 -0.066313878 0.008537282 -0.040669736 0.054865334 -0.042095803 0.003571039 0.997599602
1341846337.450137 -0.066496551 0.009646988 -0.041708980 0.055868071 -0.043898646 0.004596060 0.997462034
1341846337.482096 -0.065627456 0.009242445 -0.041645978 0.054054301 -0.044767845 0.005661429 0.997517884
1341846337.518008 -0.066443615 0.008438327 -0.041939121 0.054668415 -0.044669330 0.005680094 0.997488737
1341846337.549978 -0.066382229 0.009904739 -0.042048801 0.055771798 -0.045368627 0.003965939 0.997404397
1341846337.585971 -0.066486828 0.009476141 -0.042204332 0.052837580 -0.045590505 0.002989866 0.997557402
1341846337.617903 -0.066126063 0.007426604 -0.041689839 0.053024136 -0.046496555 0.003328831 0.997504592
1341846337.650141 -0.066182032 0.009222990 -0.041864090 0.056425612 -0.046833284 0.003045056 0.997303128
1341846337.686352 -0.065911278 0.009930603 -0.042019479 0.054949127 -0.046720933 0.003110795 0.997390628
1341846337.718002 -0.065505341 0.009372872 -0.041618641 0.052847717 -0.046382301 0.003159262 0.997519851
1341846337.749920 -0.064929485 0.009917212 -0.040808469 0.052908864 -0.044859242 0.002866196 0.997587144
1341846337.786157 -0.065177381 0.010507845 -0.040568449 0.050012190 -0.041800044 0.003032681 0.997868896
1341846337.817945 -0.064672917 0.009694926 -0.040249687 0.047058992 -0.040065233 0.004736199 0.998077035
1341846337.854071 -0.064032324 0.010880807 -0.039767712 0.046675675 -0.037213195 0.004333526 0.998207271
1341846337.885951 -0.064959437 0.011660813 -0.039232753 0.043882798 -0.033957750 0.002098753 0.998457193
1341846337.918223 -0.064713523 0.011698874 -0.038292732 0.039814945 -0.032671556 -0.000900640 0.998672366
1341846337.954120 -0.064198785 0.011076767 -0.037935872 0.037013587 -0.031732619 -0.001051250 0.998810232
1341846337.985994 -0.064378507 0.012435042 -0.036793258 0.035285126 -0.030625382 -0.001007398 0.998907387
1341846338.018107 -0.063709669 0.011892131 -0.036395576 0.031347055 -0.029229084 0.000711613 0.999080837
1341846338.054055 -0.063687325 0.012354863 -0.035097223 0.029451743 -0.027802477 -0.000372838 0.999179363
1341846338.085986 -0.062693067 0.012298780 -0.034301076 0.025946081 -0.025312463 -0.000263276 0.999342799
1341846338.121875 -0.062965386 0.011684725 -0.034242719 0.023720840 -0.022727853 0.001471811 0.999459147
1341846338.154089 -0.063282289 0.011737676 -0.033979036 0.022917528 -0.021875663 0.004827729 0.999486327
1341846338.186029 -0.062779173 0.012034696 -0.033000089 0.021948082 -0.022736620 0.007504830 0.999472380
1341846338.222071 -0.061958008 0.012310341 -0.031565487 0.020775041 -0.022018407 0.007009152 0.999517143
1341846338.254107 -0.061970849 0.012120683 -0.030420493 0.019132571 -0.019951494 0.007112287 0.999592543
1341846338.290130 -0.061734110 0.011747434 -0.029953280 0.019219160 -0.020341633 0.009320770 0.999564886
1341846338.321952 -0.061447635 0.012396310 -0.028398259 0.019737348 -0.019754855 0.011426386 0.999544740
1341846338.354022 -0.061431162 0.012186309 -0.027706508 0.019078279 -0.019062951 0.011295147 0.999572456
1341846338.389969 -0.061348122 0.012898983 -0.026654650 0.019164728 -0.018070335 0.011083716 0.999591589
1341846338.422377 -0.061538484 0.012914310 -0.025384529 0.017334666 -0.017392719 0.011564904 0.999631584
1341846338.454010 -0.061546918 0.013272473 -0.024247093 0.016736817 -0.017553911 0.010217605 0.999653637
1341846338.489894 -0.061188344 0.013109042 -0.023023115 0.014908723 -0.018334325 0.010804405 0.999662340
1341846338.522066 -0.060390167 0.012152071 -0.022192800 0.014804652 -0.018600153 0.010985035 0.999657035
1341846338.558058 -0.060407992 0.013468876 -0.022211570 0.014962430 -0.018264173 0.009720669 0.999673963
1341846338.589842 -0.059774067 0.013105205 -0.020116812 0.012659382 -0.019151421 0.009642860 0.999689937
1341846338.622019 -0.059027404 0.012432711 -0.018916359 0.013066549 -0.018794777 0.010961804 0.999677896
1341846338.657984 -0.059680957 0.013418820 -0.018849764 0.014021887 -0.018067108 0.012432718 0.999661148
1341846338.690198 -0.058909118 0.013750782 -0.017259838 0.012186592 -0.019374656 0.012413393 0.999660969
1341846338.722454 -0.058176979 0.012873997 -0.015774325 0.010846516 -0.018766327 0.012597836 0.999685705
1341846338.757945 -0.059129279 0.013581981 -0.016176967 0.011559637 -0.017690079 0.013722672 0.999682546
1341846338.790039 -0.058691289 0.013849532 -0.014024651 0.009651219 -0.020388929 0.014739687 0.999636889
1341846338.826048 -0.057895713 0.013156050 -0.012082729 0.009683514 -0.020084564 0.013575528 0.999659240
1341846338.858027 -0.058366794 0.013917435 -0.012427431 0.010058175 -0.017641172 0.011626111 0.999726176
1341846338.889902 -0.057893880 0.014255714 -0.010735196 0.007840070 -0.018996324 0.011281622 0.999725163
1341846338.925948 -0.057029661 0.013492446 -0.008845972 0.006587666 -0.019060697 0.010253726 0.999744058
1341846338.958108 -0.056893367 0.014006278 -0.008034067 0.007344915 -0.016935976 0.009224028 0.999787033
1341846338.990057 -0.056674447 0.013395241 -0.006141749 0.007258804 -0.016852297 0.009576674 0.999785781
1341846339.025928 -0.055889219 0.013236204 -0.005253019 0.009217797 -0.016758244 0.010471729 0.999762237
1341846339.057939 -0.055961445 0.014031778 -0.004338369 0.012602850 -0.013916058 0.010526829 0.999768317
1341846339.093927 -0.056629919 0.014844130 -0.003895111 0.012008897 -0.013690250 0.011372792 0.999769509
1341846339.126562 -0.055951297 0.015323247 -0.003436092 0.009063717 -0.015150180 0.010557440 0.999788404
1341846339.157969 -0.054461677 0.015053748 -0.001346505 0.006299702 -0.013740510 0.009340039 0.999842107
1341846339.194113 -0.055459745 0.015515469 -0.001255901 0.004501218 -0.011655723 0.009792039 0.999873996
1341846339.228165 -0.054978095 0.016237246 0.000100622 0.001880842 -0.013954820 0.011681388 0.999832630
1341846339.257998 -0.053582679 0.015453061 0.002081095 -0.001586876 -0.014318205 0.012956607 0.999812305
1341846339.294132 -0.053389505 0.016248597 0.003175792 -0.000849592 -0.011776926 0.013178009 0.999843478
1341846339.326577 -0.055353727 0.017748335 0.002922690 -0.003202783 -0.011766832 0.015039680 0.999812484
1341846339.362269 -0.053246494 0.017158298 0.004117712 -0.008509152 -0.015759155 0.015063689 0.999726117
1341846339.394725 -0.052352838 0.017395092 0.006209640 -0.009005898 -0.014436477 0.013997624 0.999757230
1341846339.426160 -0.052758403 0.017268479 0.006491582 -0.011279175 -0.013982550 0.015140336 0.999723971
1341846339.462186 -0.051167320 0.016537024 0.008490173 -0.013503313 -0.016156519 0.014492539 0.999673247
1341846339.496743 -0.050114967 0.016893659 0.009975648 -0.010120336 -0.013294192 0.012179288 0.999786198
1341846339.530143 -0.050906755 0.017621463 0.010650808 -0.008423339 -0.008527741 0.012114974 0.999854743
1341846339.562052 -0.050311752 0.016448075 0.011707143 -0.009098110 -0.009356467 0.013950931 0.999817491
1341846339.595122 -0.049250524 0.016240370 0.012715560 -0.007067889 -0.009668667 0.014025217 0.999829888
1341846339.632085 -0.048747376 0.016703635 0.014054036 -0.005184595 -0.006336676 0.012145041 0.999892712
1341846339.664568 -0.048445102 0.016596094 0.015278711 -0.004951232 -0.003471441 0.009706734 0.999934614
1341846339.698896 -0.048411936 0.016429316 0.016191514 -0.004968649 -0.002174569 0.008694362 0.999947488
1341846339.731977 -0.047876071 0.016420104 0.017258804 -0.004720835 -0.002320256 0.007224645 0.999960065
1341846339.762241 -0.047145396 0.016161896 0.018542632 -0.004493543 -0.001391276 0.006613343 0.999967098
1341846339.797873 -0.047125362 0.016020017 0.019320564 -0.004506539 -0.000864176 0.007920264 0.999958098
1341846339.830245 -0.046866938 0.015773339 0.019608965 -0.004937434 -0.001246555 0.007527157 0.999958694
1341846339.862015 -0.046373308 0.015865693 0.020227656 -0.005411461 -0.001593129 0.008092299 0.999951363
1341846339.897797 -0.045966927 0.015864735 0.021305062 -0.006313956 -0.000440449 0.007568550 0.999951303
1341846339.929916 -0.045733724 0.015436241 0.022475336 -0.006737790 0.000651457 0.008742113 0.999938846
1341846339.961960 -0.045709066 0.015117133 0.023061061 -0.005778095 0.000279451 0.010009616 0.999933183
1341846339.997845 -0.044657346 0.015186205 0.023045726 -0.004332733 0.000469994 0.010442770 0.999935985
1341846340.029925 -0.044179164 0.015107656 0.024594216 -0.003418445 0.002680394 0.011429854 0.999925256
1341846340.066044 -0.043884624 0.014908195 0.025499038 -0.001357021 0.003765231 0.012618242 0.999912381
1341846340.098009 -0.043733660 0.015083252 0.026005877 -0.000201063 0.004184218 0.013760777 0.999896526
1341846340.130102 -0.043576367 0.015118897 0.026305873 -0.001016835 0.004315019 0.012685522 0.999909699
1341846340.166041 -0.042661369 0.014676846 0.027278589 -0.000304132 0.005809163 0.011140961 0.999921024
1341846340.197867 -0.043025792 0.014643772 0.028358776 0.000762935 0.008805517 0.011275319 0.999897361
1341846340.229904 -0.042925667 0.015025830 0.028940825 -0.000059697 0.008689843 0.011153776 0.999900043
1341846340.265859 -0.042289946 0.014536400 0.030215375 -0.000861624 0.009370067 0.010388250 0.999901772
1341846340.298061 -0.041916195 0.014562200 0.030876841 0.001241433 0.011294706 0.010936092 0.999875605
1341846340.334063 -0.042449571 0.015395708 0.031677064 0.000980241 0.011255078 0.012850284 0.999853611
1341846340.366064 -0.041890342 0.014610780 0.032437161 -0.001304266 0.008969567 0.011662366 0.999890924
1341846340.397995 -0.041190591 0.014218205 0.032830708 0.000104541 0.008777482 0.011513755 0.999895155
1341846340.433895 -0.041234519 0.014725956 0.033598628 0.001351389 0.008981398 0.012472159 0.999880970
1341846340.465959 -0.041454758 0.014363027 0.034044456 0.001682871 0.006907319 0.014135302 0.999874830
1341846340.501858 -0.040585272 0.014429391 0.033430573 0.002421225 0.002892258 0.014142774 0.999892890
1341846340.534329 -0.040244810 0.014589288 0.033446793 0.003051434 0.001503465 0.013597433 0.999901772
1341846340.566041 -0.039814319 0.014089746 0.033636931 0.003879813 0.000346490 0.014274169 0.999890506
1341846340.601909 -0.039154913 0.014080451 0.033896141 0.006334395 -0.000815084 0.014612533 0.999872863
1341846340.634005 -0.038872823 0.014514795 0.033255026 0.007637049 -0.001352655 0.013209024 0.999882638
1341846340.666028 -0.038185108 0.014219121 0.032870043 0.007007325 -0.001490912 0.011291245 0.999910593
1341846340.701946 -0.037972189 0.013823077 0.032507662 0.008570555 0.000074792 0.009540803 0.999917746
1341846340.733954 -0.037835408 0.014355996 0.032504138 0.010007848 0.001952418 0.008021674 0.999915838
1341846340.770081 -0.037429776 0.014431064 0.032325979 0.009344517 0.001943774 0.005723781 0.999938071
1341846340.801980 -0.037014794 0.014199871 0.031774383 0.009287362 0.002961372 0.000049697 0.999952495
1341846340.833999 -0.037074991 0.014619495 0.031751018 0.009417501 0.005385015 -0.003500377 0.999935031
1341846340.870013 -0.037181519 0.014500882 0.032008540 0.008016004 0.005318913 -0.005121386 0.999940634
1341846340.901955 -0.036886055 0.014166709 0.032029431 0.008798220 0.004625574 -0.005227859 0.999936938
1341846340.933918 -0.036981750 0.014225176 0.031810358 0.010733012 0.004245088 -0.002939168 0.999929070
1341846340.970122 -0.037704725 0.014601293 0.031313837 0.012303199 0.002129492 0.001347321 0.999921143
1341846341.001922 -0.037910372 0.013969222 0.030816972 0.012971253 -0.001728624 0.006438249 0.999893665
1341846341.037923 -0.037494946 0.014297881 0.030591166 0.014634438 -0.004595833 0.009085393 0.999841094
1341846341.070300 -0.037248455 0.013995418 0.030072575 0.014635582 -0.005791484 0.009111585 0.999834597
1341846341.102028 -0.037707105 0.014086818 0.029595517 0.014662275 -0.006617602 0.009103619 0.999829173
1341846341.137982 -0.037437472 0.013920886 0.029158367 0.014429282 -0.008824031 0.009426483 0.999812484
1341846341.170048 -0.036984239 0.013933341 0.029362639 0.015218749 -0.009869295 0.010455275 0.999780834
1341846341.202110 -0.037100665 0.013567605 0.028868327 0.016249681 -0.010097934 0.012292490 0.999741435
1341846341.237996 -0.036886338 0.013551110 0.028906826 0.018005265 -0.010048746 0.013298298 0.999698937
1341846341.269883 -0.037229631 0.013516936 0.028221302 0.019122723 -0.009167591 0.013375225 0.999685645
1341846341.306107 -0.037282832 0.013670859 0.028514907 0.019831775 -0.009834208 0.012389855 0.999678195
1341846341.338109 -0.037092961 0.013558797 0.028012354 0.020514218 -0.009584511 0.010368724 0.999689817
1341846341.370120 -0.036836807 0.013532531 0.027708661 0.020812334 -0.008614331 0.008301464 0.999711812
1341846341.406074 -0.037636980 0.013556490 0.027781421 0.020967579 -0.007412116 0.007242315 0.999726415
1341846341.438113 -0.037680771 0.012924511 0.028122779 0.021582529 -0.009400563 0.007922366 0.999691486
1341846341.470024 -0.037378807 0.013190415 0.027665365 0.024572816 -0.009712096 0.006256945 0.999631286
1341846341.506077 -0.037730291 0.013994730 0.027508561 0.025051329 -0.008596930 0.004988354 0.999636769
1341846341.538156 -0.038280219 0.013445229 0.027558377 0.023777448 -0.009796064 0.005131185 0.999656141
1341846341.574016 -0.037773564 0.013504709 0.027457912 0.024810998 -0.012719697 0.006312876 0.999591291
1341846341.612466 -0.038066573 0.013745782 0.027004549 0.025342438 -0.012908218 0.006757112 0.999572635
1341846341.643972 -0.038294345 0.013858331 0.026639713 0.024575587 -0.013984034 0.005382581 0.999585688
1341846341.679982 -0.038638812 0.013614483 0.026796589 0.024246752 -0.015111575 0.005547716 0.999576390
1341846341.712332 -0.039289106 0.013632523 0.026741635 0.025082763 -0.016643373 0.007787314 0.999516487
1341846341.744185 -0.038748100 0.013411880 0.026794657 0.025056593 -0.019448742 0.010514072 0.999441564
1341846341.780061 -0.038843334 0.013768116 0.026746059 0.026009716 -0.020021958 0.011724923 0.999392390
1341846341.812163 -0.038736984 0.013431529 0.026138145 0.025842452 -0.020918937 0.013742562 0.999352634
1341846341.842595 -0.038409274 0.012892912 0.026315192 0.027516065 -0.021467399 0.017009955 0.999246061
1341846341.875779 -0.038342066 0.012855021 0.025698364 0.029148400 -0.021837544 0.020087240 0.999134600
1341846341.906227 -0.038085524 0.012354147 0.025345078 0.030403377 -0.022513339 0.021688418 0.999048769
1341846341.942069 -0.038040627 0.012025460 0.024985043 0.033610839 -0.022422804 0.023603253 0.998904586
1341846341.974775 -0.038063653 0.012074674 0.024509097 0.036894374 -0.022538537 0.025081303 0.998750091
1341846342.010161 -0.038286135 0.012258464 0.024720097 0.037798364 -0.023893762 0.026905328 0.998637319
1341846342.042024 -0.037607860 0.011478715 0.024488119 0.038891751 -0.025034893 0.027211718 0.998559058
1341846342.080032 -0.037220910 0.011783449 0.024125678 0.041190129 -0.022990063 0.027451901 0.998509467
1341846342.112265 -0.037846580 0.011318732 0.024209306 0.041154109 -0.021982936 0.029199520 0.998484075
1341846342.147954 -0.037737906 0.010384864 0.024310023 0.042704854 -0.023308855 0.031292841 0.998325467
1341846342.179852 -0.037011672 0.010828658 0.023226380 0.045912199 -0.023410182 0.033202026 0.998119056
1341846342.211848 -0.037291054 0.010949339 0.023771530 0.046808772 -0.022505347 0.032611772 0.998117685
1341846342.247920 -0.037255630 0.010505812 0.023670916 0.047618791 -0.022401942 0.031500950 0.998117328
1341846342.279870 -0.037183892 0.010550960 0.023722813 0.049061295 -0.021903381 0.031982560 0.998043239
1341846342.316068 -0.037158091 0.010514912 0.023178829 0.050347909 -0.021739753 0.032790020 0.997956574
1341846342.347894 -0.037179403 0.010980992 0.023105469 0.051119123 -0.021627825 0.032801379 0.997919381
1341846342.379953 -0.036926288 0.010558638 0.023139382 0.050921738 -0.021160603 0.032612804 0.997945666
1341846342.416195 -0.037038226 0.010766432 0.022910619 0.051705137 -0.020912252 0.033752944 0.997872710
1341846342.447907 -0.037183162 0.010928055 0.023035524 0.052069265 -0.021753598 0.034645814 0.997805178
