1341846314.458114 0.025205808 0.003051595 0.003117162 -0.005589575 0.026000442 0.001266365 0.999645531
1341846314.493987 0.024185017 0.002051192 0.002269451 -0.003862136 0.031784516 -0.004058080 0.999479055
1341846314.526085 0.024785649 0.003688842 0.001159252 -0.002966792 0.034309063 -0.006411130 0.999386311
1341846314.558292 0.024336642 0.003963047 0.006706604 -0.004096985 0.039199024 -0.005896464 0.999205649
1341846314.594085 0.027972380 0.001493573 0.005669700 -0.003693501 0.042854097 -0.005840704 0.999057472
1341846314.626096 0.030422889 0.003041455 -0.000000229 -0.002718257 0.045971435 -0.005153588 0.998925805
1341846314.658455 0.032885592 0.003660846 0.001358061 -0.004525657 0.047531236 -0.005434017 0.998844683
1341846314.694004 0.037487257 0.001315252 0.005794686 -0.004551894 0.050135601 -0.007605944 0.998703063
1341846314.725910 0.036313709 -0.002103475 0.003425474 -0.002199238 0.053432316 -0.002664778 0.998565495
1341846314.761942 0.036567155 -0.001415079 0.001504020 0.001813688 0.054228786 0.001246754 0.998526096
1341846314.794030 0.043793041 -0.001020919 -0.000096218 0.005054418 0.053948902 0.005173707 0.998517454
1341846314.826092 0.048193362 0.001976019 -0.002643787 0.008559627 0.056680202 0.006946926 0.998331487
1341846314.862145 0.047752067 -0.000064065 -0.004209588 0.007494686 0.061790716 0.006161273 0.998041928
1341846314.894072 0.046954341 -0.001587408 -0.004706855 0.006608756 0.067078240 0.007186363 0.997699916
1341846314.925969 0.051714741 0.001261121 -0.002472918 0.007394813 0.067433581 0.012095463 0.997623026
1341846314.961937 0.055343863 0.004305511 -0.002671186 0.005307798 0.066264443 0.017713444 0.997630715
1341846314.994564 0.056118399 0.003254456 -0.002782260 0.001697293 0.068222001 0.016559113 0.997531295
1341846315.029900 0.060398702 0.003622811 -0.000067513 0.002018215 0.070718184 0.013681821 0.997400463
1341846315.061965 0.061060559 0.001581939 -0.003338751 0.000332795 0.073107995 0.018009033 0.997161388
1341846315.094388 0.061066825 -0.000168287 -0.002094363 -0.000105065 0.072565086 0.016740836 0.997223139
1341846315.129851 0.064278908 0.002238619 -0.002499699 0.002995505 0.071891882 0.017027343 0.997262597
1341846315.161941 0.066234097 0.006222527 -0.007744939 0.001155592 0.071452588 0.020362364 0.997235477
1341846315.197984 0.064894006 0.006079685 -0.005939259 -0.005301846 0.070642084 0.015292358 0.997370422
1341846315.230076 0.066805951 0.004945720 -0.005437265 -0.009051310 0.069578238 0.012405011 0.997458279
1341846315.262069 0.065926827 0.005071885 -0.005346646 -0.012123583 0.067777440 0.013763102 0.997531831
1341846315.298000 0.069680460 0.003033313 0.000020224 -0.014668888 0.061831553 0.015651409 0.997856081
1341846315.329931 0.070934214 -0.000008839 0.002718416 -0.011777459 0.060885340 0.015882080 0.997948885
1341846315.361981 0.074098550 0.000463605 0.001782062 -0.006789117 0.058760118 0.020536564 0.998037755
1341846315.397962 0.076415725 -0.000665796 0.001869215 -0.004602932 0.058449648 0.023406038 0.998005271
1341846315.429923 0.078949921 0.001278440 0.000605451 -0.000889886 0.060738545 0.026176615 0.997810006
1341846315.466047 0.085198604 0.003784305 -0.001579387 0.001137530 0.062014300 0.029021988 0.997652590
1341846315.497883 0.083786704 0.002456385 -0.001131512 -0.000909433 0.065050095 0.032851752 0.997340679
1341846315.530008 0.083145350 0.002633702 -0.001246872 -0.000600296 0.067095533 0.033013240 0.997200072
1341846315.566108 0.083364628 0.004417698 -0.002246227 -0.000740875 0.069705494 0.034560475 0.996968508
1341846315.597986 0.085943043 0.003128890 -0.001475403 -0.001620485 0.069016285 0.034745213 0.997008979
1341846315.630109 0.085873969 0.003033055 -0.001140302 -0.001498341 0.070466302 0.033577498 0.996947765
1341846315.666042 0.085832067 0.003761267 -0.004384234 -0.002319389 0.072385363 0.032456275 0.996845841
1341846315.698114 0.085707076 0.005115595 -0.007718408 -0.006898624 0.076263383 0.029496016 0.996627450
1341846315.733985 0.083552428 0.004237098 -0.000260965 -0.009413457 0.080207221 0.031536337 0.996234715
1341846315.766041 0.083632089 0.004578785 -0.001111825 -0.009081891 0.077307858 0.033150647 0.996414602
1341846315.798188 0.082500845 0.004843433 -0.000628708 -0.009842418 0.077562131 0.031140786 0.996452451
1341846315.834140 0.081719846 0.004578363 0.001912168 -0.008593900 0.079985268 0.030180123 0.996302009
1341846315.866751 0.084897183 0.001486768 0.000495979 -0.007804993 0.079238057 0.030352104 0.996362984
1341846315.898492 0.083723545 0.001595914 0.002021745 -0.006442301 0.079927534 0.030430049 0.996315300
1341846315.936901 0.083499856 -0.000181180 0.000791200 -0.004150354 0.081475146 0.029315384 0.996235490
1341846315.966572 0.076325670 0.000514876 0.000110798 -0.000054804 0.086122729 0.027192539 0.995913386
1341846316.002119 0.074641623 -0.000469191 -0.001243408 0.001269528 0.086067110 0.026573505 0.995934069
1341846316.034204 0.074165851 -0.000778438 -0.000994323 0.003130534 0.085888535 0.026329977 0.995951831
1341846316.066113 0.069734760 -0.003012760 -0.002166325 0.004629863 0.087232552 0.025191093 0.995858669
1341846316.101867 0.071130954 -0.000455243 -0.001585258 0.006821233 0.084022909 0.027815275 0.996052146
1341846316.134066 0.070730254 -0.000389662 -0.001457678 0.005853490 0.079882875 0.025996365 0.996448040
1341846316.169952 0.066726014 -0.000954420 0.000996942 0.005787273 0.079129688 0.023433652 0.996572077
1341846316.202049 0.058882788 -0.001517069 0.002231641 0.006330795 0.079779364 0.019505022 0.996601582
1341846316.233979 0.057548169 -0.000989660 -0.000882733 0.006894256 0.078575060 0.017954290 0.996722639
1341846316.270052 0.056969326 -0.001261317 -0.000114664 0.005374019 0.079175860 0.015085567 0.996732056
1341846316.301915 0.057488017 -0.002269711 -0.000051753 0.005757315 0.079143181 0.014079001 0.996747196
1341846316.334208 0.054956671 -0.002674757 0.000123903 0.007258947 0.078502044 0.016272549 0.996754706
1341846316.370006 0.049188979 -0.004240956 0.001913629 0.008688024 0.079553336 0.014954225 0.996680558
1341846316.401994 0.046336967 -0.003365995 0.001179311 0.010761147 0.079349466 0.017258996 0.996639371
1341846316.438069 0.049148299 -0.005363521 0.001563715 0.012240746 0.076642863 0.021110678 0.996759951
1341846316.470076 0.045778193 -0.004268071 0.001114192 0.017453561 0.076389000 0.022501655 0.996671319
1341846316.502034 0.042184830 0.000378676 -0.003339336 0.020810952 0.074227944 0.023863684 0.996738493
1341846316.537975 0.040424000 -0.000894144 -0.002746517 0.017606091 0.071437016 0.023098959 0.997022212
1341846316.570121 0.039336577 -0.003901601 -0.001340378 0.016548244 0.071169876 0.020278057 0.997120738
1341846316.601885 0.034942798 -0.007631639 -0.001199598 0.016931687 0.071769960 0.017354051 0.997126460
1341846316.638009 0.031027261 -0.008321570 -0.001601813 0.019109689 0.071377665 0.018275710 0.997098804
1341846316.669925 0.029074062 -0.008932437 0.000278646 0.021456297 0.070831530 0.017558716 0.997102916
1341846316.705941 0.026451282 -0.010724033 -0.002093307 0.025340645 0.071224056 0.019270444 0.996952176
1341846316.738062 0.024696279 -0.007599321 -0.005793112 0.028435258 0.069872938 0.022411179 0.996898651
1341846316.770433 0.021487154 -0.006910514 -0.006548553 0.027522992 0.069522895 0.022241773 0.996952534
1341846316.805932 0.020063587 -0.009428518 -0.005834952 0.027489293 0.069523104 0.021252900 0.996975005
1341846316.838029 0.015579873 -0.009041462 -0.003123476 0.028958950 0.068872303 0.022651974 0.996947765
1341846316.870034 0.014960138 -0.010224050 -0.001508799 0.028971998 0.064412750 0.024929784 0.997191131
1341846316.906344 0.008133290 -0.007147714 -0.001258245 0.031839415 0.063900113 0.022356339 0.997197688
1341846316.937940 0.009045404 -0.009088761 -0.002384110 0.030387923 0.061278839 0.020572728 0.997445881
1341846316.973994 0.006789993 -0.008081019 -0.001308981 0.030114507 0.059452772 0.021355964 0.997548223
1341846317.005913 0.004950778 -0.009449392 -0.001590485 0.028420839 0.056425590 0.021385277 0.997773051
1341846317.037936 0.001202851 -0.008396226 0.001269227 0.029843742 0.054991104 0.020453153 0.997831166
1341846317.073972 -0.001004812 -0.010720828 0.000228458 0.029864069 0.053224564 0.020487737 0.997925639
1341846317.106113 -0.003957282 -0.011125616 -0.000633500 0.032138363 0.051552806 0.024850789 0.997843623
1341846317.137887 -0.007805229 -0.010396798 -0.001601589 0.035511557 0.045429941 0.028430678 0.997931242
1341846317.173970 -0.010013606 -0.009722839 0.002519262 0.036762178 0.038863592 0.030381965 0.998105764
1341846317.205887 -0.014267841 -0.010521261 0.001759729 0.036446299 0.037315741 0.031007484 0.998157203
1341846317.248131 -0.016929120 -0.011133797 0.002718912 0.037498254 0.034658547 0.032002196 0.998182654
1341846317.273950 -0.017812267 -0.010817157 0.001588757 0.038650256 0.029659508 0.034650616 0.998211324
1341846317.306289 -0.018057635 -0.009631798 -0.004193717 0.039611872 0.027446872 0.037302874 0.998141289
1341846317.348137 -0.016886927 -0.011901476 0.001922913 0.039741930 0.027954964 0.038005129 0.998095512
1341846317.373974 -0.019260891 -0.012060242 0.002464267 0.040771969 0.028701719 0.041436486 0.997896194
1341846317.410120 -0.020803407 -0.011543192 0.003301671 0.041298885 0.027211750 0.044169459 0.997799039
1341846317.442569 -0.022444950 -0.012432070 0.005065514 0.044015937 0.027529972 0.046450965 0.997570515
1341846317.474010 -0.027705055 -0.013745471 0.003501114 0.048986647 0.029115589 0.047853496 0.997227490
1341846317.509927 -0.029995028 -0.012457835 0.001475436 0.051729426 0.026553469 0.052378248 0.996933043
1341846317.542282 -0.031859454 -0.011734447 0.000597406 0.051152829 0.023892652 0.052654069 0.997015595
1341846317.573943 -0.031433865 -0.013596009 0.002973638 0.050512347 0.024356611 0.052445028 0.997048020
1341846317.610159 -0.036415555 -0.013575067 0.004748033 0.053438906 0.027614046 0.051915847 0.996838272
1341846317.643553 -0.045251053 -0.012299713 0.001730539 0.055793144 0.029240569 0.053109031 0.996599972
1341846317.677993 -0.048716281 -0.013832585 0.003659381 0.056097466 0.026592523 0.054976039 0.996555805
1341846317.709996 -0.050624650 -0.013718145 0.002704540 0.058815040 0.023954110 0.054663461 0.996483266
1341846317.741834 -0.051659167 -0.010300146 0.001602678 0.060129907 0.022155706 0.055220012 0.996415675
1341846317.777923 -0.053816818 -0.011228772 0.002169820 0.057833008 0.021091782 0.054404270 0.996619582
1341846317.810021 -0.058049217 -0.011575500 0.003267237 0.057579204 0.020262823 0.052715249 0.996742249
1341846317.841886 -0.060365580 -0.009954994 0.001303864 0.057124980 0.019266278 0.050308034 0.996912539
1341846317.878017 -0.059787311 -0.009441256 0.004307547 0.055301946 0.018534927 0.047442831 0.997169673
1341846317.909910 -0.060028438 -0.010421996 0.004532482 0.054348353 0.019171711 0.043952398 0.997370005
1341846317.946031 -0.065584116 -0.011902860 0.004094686 0.055194080 0.021177227 0.045115929 0.997231007
1341846317.978041 -0.069019705 -0.013428289 0.005647623 0.056869593 0.020310279 0.045140401 0.997153819
1341846318.009897 -0.068813071 -0.012649863 0.006077760 0.059323128 0.020013710 0.043392766 0.997094393
1341846318.045949 -0.072477184 -0.011352360 0.004116230 0.059727542 0.021453841 0.042272955 0.997088432
1341846318.078074 -0.078406624 -0.012631964 0.001415017 0.058388490 0.021069080 0.040002812 0.997269571
1341846318.109894 -0.081965864 -0.011561288 0.003169175 0.058648437 0.017512076 0.038080577 0.997398376
1341846318.145957 -0.082061969 -0.010951577 0.005598724 0.058117643 0.014890395 0.035595592 0.997563839
1341846318.178001 -0.084741764 -0.012285306 0.005855489 0.057003979 0.015476499 0.032894209 0.997711897
1341846318.214074 -0.089212440 -0.013421745 0.006370297 0.057568956 0.014671309 0.031171860 0.997746885
1341846318.245970 -0.093336239 -0.014985746 0.005731009 0.060269915 0.009622882 0.032179549 0.997616887
1341846318.278018 -0.099641718 -0.017026454 0.003288511 0.063229583 0.005881764 0.031599760 0.997481287
1341846318.313937 -0.104575410 -0.015767254 0.002843759 0.065319106 0.001119713 0.030179320 0.997407317
1341846318.345989 -0.106507540 -0.016525712 0.002284470 0.066580713 -0.008423746 0.029250765 0.997316599
1341846318.382046 -0.110064909 -0.016728293 0.002181477 0.068507306 -0.015190216 0.028212721 0.997135937
1341846318.414072 -0.122589909 -0.019290218 -0.000228361 0.069370255 -0.018575029 0.029685305 0.996976197
1341846318.446035 -0.124767371 -0.019075887 0.001216263 0.071933232 -0.025337754 0.030009205 0.996635854
1341846318.482196 -0.127067313 -0.017738562 0.001185218 0.073541224 -0.027235413 0.029370554 0.996487498
1341846318.514144 -0.117528774 -0.016655484 -0.002640616 0.073408805 -0.032196302 0.030340025 0.996320248
1341846318.546259 -0.118633933 -0.017428914 0.000454151 0.074877493 -0.033429045 0.029797297 0.996186733
1341846318.582042 -0.124957249 -0.017011760 -0.000914590 0.076245442 -0.031403847 0.028688058 0.996181428
1341846318.614115 -0.130417123 -0.017002849 -0.002856553 0.075903624 -0.030787772 0.027848259 0.996250570
1341846318.650038 -0.131986722 -0.017416904 -0.001772650 0.075342499 -0.031668700 0.024851602 0.996344864
1341846318.682350 -0.136247188 -0.017198300 -0.003211375 0.074974045 -0.031530906 0.022858195 0.996424735
1341846318.714063 -0.137936145 -0.016103972 -0.002257534 0.074871860 -0.032834373 0.022358531 0.996401608
1341846318.749905 -0.133013055 -0.016526947 -0.001435328 0.075888306 -0.035166241 0.024249321 0.996200919
1341846318.782036 -0.138478413 -0.016526174 -0.002114375 0.077502988 -0.034848467 0.026058285 0.996042073
1341846318.814121 -0.142507315 -0.016681429 -0.002619190 0.077357106 -0.039674174 0.024260936 0.995918274
1341846318.850072 -0.146691889 -0.016633537 -0.003203825 0.077872440 -0.044977963 0.021391563 0.995718479
1341846318.883516 -0.150585100 -0.019941719 -0.010045568 0.079939313 -0.052625742 0.020924073 0.995189607
1341846318.918047 -0.154184774 -0.018272212 -0.007270036 0.083338931 -0.063888155 0.019324526 0.994283378
1341846318.950044 -0.169696122 -0.021440260 -0.010231892 0.084554881 -0.069934383 0.016932985 0.993817389
1341846318.982028 -0.160508364 -0.015956588 -0.008781858 0.087114237 -0.075926431 0.010971670 0.993240118
1341846319.018123 -0.166168272 -0.017834626 -0.012014748 0.086156182 -0.080684431 0.011874396 0.992938161
1341846319.050745 -0.167079329 -0.020291816 -0.007812179 0.086933933 -0.086669289 0.010312743 0.992383301
1341846319.081905 -0.164911315 -0.019302759 -0.009316226 0.092724219 -0.088230565 0.009794839 0.991726637
1341846319.117976 -0.171369001 -0.017742720 -0.010312048 0.095402405 -0.086438783 0.014856109 0.991567433
1341846319.150093 -0.173801765 -0.018290402 -0.011944884 0.097124368 -0.090703711 0.021674734 0.990893483
1341846319.186069 -0.182080254 -0.016092999 -0.012203477 0.099098898 -0.091301546 0.022985844 0.990613520
1341846319.218149 -0.179763675 -0.008211483 -0.006283024 0.097876132 -0.087329052 0.020159423 0.991154671
1341846319.250034 -0.186994806 -0.008422093 -0.010817301 0.091520801 -0.079846345 0.019881049 0.992397726
1341846319.286594 -0.180258453 -0.014715782 -0.010631750 0.087930717 -0.078995906 0.024390006 0.992689788
1341846319.318034 -0.183080599 -0.014907612 -0.011625863 0.088625431 -0.078092590 0.027923008 0.992606342
1341846319.350268 -0.189136684 -0.016213797 -0.011103570 0.089291856 -0.076729618 0.033977840 0.992464125
1341846319.386163 -0.198017731 -0.019092193 -0.011820273 0.090770423 -0.079417996 0.039816853 0.991901278
1341846319.418386 -0.193662941 -0.017069440 -0.015720164 0.091870666 -0.086666502 0.041870285 0.991108239
1341846319.453961 -0.190716103 -0.014123539 -0.005641315 0.093069606 -0.090536699 0.039017752 0.990766764
1341846319.486271 -0.196173340 -0.014335660 -0.003168615 0.092304237 -0.090152912 0.037853967 0.990918517
1341846319.518456 -0.201727629 -0.013508965 -0.006338048 0.089142069 -0.093469031 0.040939741 0.990778089
1341846319.554083 -0.200006843 -0.015162563 -0.008118957 0.086509265 -0.096102037 0.036628570 0.990928292
1341846319.586296 -0.204108670 -0.015493357 -0.009059239 0.086909406 -0.095017649 0.032753762 0.991133511
1341846319.622031 -0.213687420 -0.015400078 -0.014038608 0.085433304 -0.096508607 0.029275959 0.991226554
1341846319.653962 -0.213946149 -0.017982954 -0.013233414 0.084117733 -0.101850659 0.028349603 0.990831435
1341846319.686352 -0.215802431 -0.018035131 -0.015565738 0.085696131 -0.105850086 0.029988088 0.990228593
1341846319.721992 -0.216879770 -0.016366467 -0.016508136 0.086682707 -0.110389411 0.030631324 0.989627182
1341846319.754063 -0.219841480 -0.012152658 -0.019128956 0.083959378 -0.112010956 0.030585494 0.989681184
1341846319.786397 -0.219444156 -0.013298071 -0.017539266 0.079450741 -0.112601131 0.033700675 0.989885271
1341846319.822008 -0.224645764 -0.012285739 -0.020226534 0.076129764 -0.112319782 0.037569035 0.990038931
1341846319.853917 -0.223966584 -0.012181766 -0.021290960 0.071252413 -0.113718718 0.041236561 0.990096271
1341846319.889942 -0.225644872 -0.014893891 -0.017896798 0.067505218 -0.114441082 0.046685986 0.990033686
1341846319.922039 -0.227218032 -0.015605569 -0.021001598 0.067022987 -0.118167639 0.047354680 0.989596784
1341846319.953946 -0.225951612 -0.016603703 -0.012880584 0.067808844 -0.124831140 0.043724172 0.988891959
1341846319.990054 -0.225097612 -0.015725894 -0.010186804 0.070894219 -0.127890795 0.036347948 0.988583207
1341846320.028122 -0.226831406 -0.016097616 -0.017085364 0.072571985 -0.131479919 0.035529729 0.988020241
1341846320.054177 -0.223273382 -0.017067989 -0.014292791 0.075531617 -0.138039216 0.035977956 0.986886859
1341846320.090047 -0.221034169 -0.012495446 -0.014569704 0.078423955 -0.140163660 0.035730176 0.986370683
1341846320.122011 -0.218591899 -0.012535611 -0.011732734 0.079232797 -0.138394907 0.036935341 0.986511409
1341846320.157952 -0.215704560 -0.012821130 -0.006820892 0.079740979 -0.136063859 0.037146755 0.986786783
1341846320.190003 -0.211642295 -0.016545294 -0.007057812 0.081632830 -0.133613929 0.036733042 0.986982286
1341846320.221941 -0.210052535 -0.016498474 -0.008418305 0.085568480 -0.130113035 0.038115200 0.987064242
1341846320.258015 -0.205191448 -0.019353772 -0.011931345 0.088984087 -0.129708648 0.040900648 0.986703932
1341846320.289887 -0.203138113 -0.022535227 -0.012855697 0.093347408 -0.129870027 0.040850423 0.986281514
1341846320.321954 -0.198019445 -0.020407597 -0.007062834 0.103911005 -0.132604524 0.040651355 0.984868526
1341846320.357890 -0.194692314 -0.017974073 -0.004034798 0.109398127 -0.132862568 0.042899627 0.984143913
1341846320.390064 -0.190272167 -0.019052373 -0.003580836 0.110448226 -0.129859507 0.043393277 0.984405756
1341846320.426544 -0.181572303 -0.020107763 0.004553145 0.113252379 -0.123796426 0.040420849 0.984994650
1341846320.458122 -0.178480610 -0.019298831 0.001787702 0.114628367 -0.115797035 0.036916401 0.985945523
1341846320.490186 -0.174328089 -0.021254895 0.011104622 0.117909536 -0.109670192 0.039220631 0.986170113
1341846320.525911 -0.169483319 -0.021240087 0.000176966 0.121466421 -0.101691298 0.035534143 0.986733079
1341846320.558091 -0.168381900 -0.020754255 -0.003007849 0.122565344 -0.097151771 0.032092255 0.987172365
1341846320.594093 -0.162418425 -0.021615898 0.006634173 0.124126770 -0.093432605 0.028803380 0.987437725
1341846320.631955 -0.157854304 -0.020871118 0.003083933 0.126829877 -0.085555024 0.027902206 0.987833977
1341846320.664916 -0.154678330 -0.019842340 -0.001049537 0.126747385 -0.083027847 0.026500935 0.988098741
1341846320.699927 -0.146996573 -0.021916287 0.001249653 0.126385838 -0.080814868 0.024868967 0.988370955
1341846320.731822 -0.135819331 -0.020162178 -0.000384421 0.128919557 -0.076033235 0.023438076 0.988458097
1341846320.763877 -0.139536008 -0.010314549 -0.003593117 0.127944484 -0.073886417 0.024469344 0.988722563
1341846320.799999 -0.131386951 -0.019686384 -0.003868636 0.119055375 -0.076348893 0.019744951 0.989750922
1341846320.831871 -0.122187980 -0.021502577 0.019046655 0.121584840 -0.070211768 0.016218342 0.989961803
1341846320.863887 -0.129042998 -0.014690771 -0.003120536 0.120920442 -0.055813376 0.015994381 0.990962803
1341846320.900014 -0.126328349 -0.019194815 0.000232180 0.112945303 -0.061107185 0.020757932 0.991503119
1341846320.931889 -0.115992635 -0.022759592 0.001868361 0.113719545 -0.062737413 0.020324742 0.991321743
1341846320.967866 -0.125234634 -0.012712808 -0.001978684 0.115219057 -0.054035120 0.016892251 0.991725504
1341846321.000017 -0.125762790 -0.014716770 -0.003028690 0.108664632 -0.053047918 0.014442072 0.992556989
1341846321.031860 -0.119533300 -0.019425828 -0.002693613 0.105631419 -0.052994933 0.012258130 0.992916524
1341846321.068047 -0.116832331 -0.015777016 -0.000690184 0.107024878 -0.049446091 0.009445068 0.992981136
1341846321.099840 -0.116417497 -0.017079348 -0.003587855 0.104178302 -0.047847949 0.010035264 0.993356287
1341846321.131821 -0.106917888 -0.020719182 0.000277574 0.103911340 -0.047875386 0.012623955 0.993353426
1341846321.167887 -0.105805300 -0.019691864 -0.001425600 0.106717244 -0.043664008 0.013059576 0.993244350
1341846321.200042 -0.101674736 -0.017487494 -0.000345435 0.107801892 -0.041593838 0.013030673 0.993216455
1341846321.231950 -0.104760550 -0.021212438 -0.000408429 0.106215797 -0.039118808 0.011913561 0.993501902
1341846321.267939 -0.099337548 -0.020675108 -0.004551888 0.106581494 -0.037867725 0.007288018 0.993555903
1341846321.299948 -0.096405737 -0.021231845 -0.002661225 0.105458125 -0.033332650 0.001081729 0.993864357
1341846321.331858 -0.095017813 -0.021702301 0.001008198 0.105794981 -0.030476693 -0.002067669 0.993918657
1341846321.367913 -0.089557759 -0.023532348 0.001091633 0.107031345 -0.027921408 -0.005307321 0.993849337
1341846321.399897 -0.088488430 -0.021524897 0.003278630 0.109714814 -0.022393676 -0.007054011 0.993685782
1341846321.435994 -0.087799408 -0.023480495 0.005314996 0.110953525 -0.018629042 -0.007614295 0.993621826
1341846321.467946 -0.083938509 -0.022235714 0.006456362 0.113248505 -0.016630262 -0.006998677 0.993402839
1341846321.499882 -0.078405455 -0.022906501 0.007799951 0.114611000 -0.014420255 -0.006394694 0.993285179
1341846321.536109 -0.069043159 -0.020651506 0.001127744 0.114245676 -0.010483578 -0.008472558 0.993361056
1341846321.568960 -0.074427187 -0.017306631 0.008078028 0.112214364 -0.002217820 -0.011789668 0.993611634
1341846321.603938 -0.071637332 -0.019509118 0.009125612 0.108561710 -0.000096660 -0.011758713 0.994020164
1341846321.637163 -0.064047277 -0.016409341 0.005812438 0.106745109 0.003640234 -0.012627233 0.994199574
1341846321.668306 -0.064559706 -0.015540644 0.010589954 0.102479436 0.013187230 -0.009202847 0.994605124
1341846321.704411 -0.070085615 -0.017030498 0.013614341 0.098909348 0.015871150 -0.001823969 0.994968235
1341846321.736861 -0.065264098 -0.016280429 0.012643612 0.097909175 0.012458644 0.006867693 0.995093644
1341846321.771881 -0.059281308 -0.011947208 0.011247809 0.095943965 0.011316990 0.012113612 0.995248675
1341846321.804114 -0.055464704 -0.013186241 0.012734928 0.091369636 0.013003377 0.015652074 0.995609164
1341846321.836152 -0.054994315 -0.011241087 0.013132231 0.088791981 0.015406888 0.016078942 0.995801210
1341846321.871882 -0.054380931 -0.007292098 0.013197389 0.084444255 0.016747873 0.013163208 0.996200502
1341846321.904074 -0.052992269 -0.008184938 0.015175230 0.077838711 0.018332822 0.009409360 0.996752977
1341846321.939847 -0.051495995 -0.010262738 0.014915503 0.073424369 0.021334486 0.006849176 0.997049034
1341846322.004094 -0.054347862 -0.011188676 0.015156182 0.066508390 0.020064203 0.006103253 0.997565448
1341846322.034203 -0.046774600 -0.012804465 0.015705664 0.064510770 0.019451393 0.005181781 0.997713983
1341846322.066178 -0.046987161 -0.012768418 0.016518541 0.061806962 0.023763021 0.003090383 0.997800410
1341846322.107979 -0.048338298 -0.018403700 0.016759278 0.058676209 0.026064327 0.001712896 0.997935295
1341846322.133980 -0.048359882 -0.023687469 0.017543016 0.059487227 0.026832622 -0.000233659 0.997868359
1341846322.166164 -0.049141210 -0.025357926 0.016618965 0.061516132 0.026119495 0.001645079 0.997762918
1341846322.202932 -0.047749817 -0.027518760 0.016159754 0.062563464 0.023304418 0.002346576 0.997766137
1341846322.234093 -0.047609016 -0.027944729 0.015693562 0.061676398 0.021859650 0.000038421 0.997856796
1341846322.265941 -0.047590856 -0.031591129 0.014055596 0.058641646 0.019012336 0.000690418 0.998097777
1341846322.301996 -0.044847939 -0.036671896 0.014147288 0.056338284 0.016634783 0.001316106 0.998272300
1341846322.333949 -0.049234305 -0.041239511 0.011968778 0.054804057 0.015751997 0.000897040 0.998372436
1341846322.369871 -0.046799183 -0.046110153 0.012268081 0.055283230 0.009931977 -0.002177390 0.998418927
1341846322.402292 -0.041190859 -0.050094429 0.011949094 0.056917287 0.009964645 -0.007510799 0.998300910
1341846322.433955 -0.047116164 -0.058885757 0.013950830 0.060738556 0.013032261 -0.012706611 0.997987747
1341846322.470030 -0.046657342 -0.061617244 0.012061968 0.069104344 0.008361496 -0.008264319 0.997540176
1341846322.502433 -0.042375080 -0.066472210 0.013364715 0.074719407 0.004302459 -0.005278190 0.997181356
1341846322.534002 -0.040458802 -0.069211513 0.015450935 0.083574273 0.003279547 -0.003418635 0.996490300
1341846322.570196 -0.041265167 -0.073501743 0.015628863 0.093078852 0.003173564 -0.001878248 0.995651901
1341846322.601920 -0.043142140 -0.076445252 0.013637437 0.098648198 0.000482531 0.002061914 0.995120108
1341846322.638119 -0.037651420 -0.082018487 0.015286715 0.103402026 -0.004198160 0.002167110 0.994628429
1341846322.669947 -0.034424949 -0.083471738 0.015996030 0.108645365 -0.001501056 0.000895940 0.994079053
1341846322.702026 -0.039732847 -0.092225552 0.013861288 0.109598145 0.001866313 0.001793292 0.993972600
1341846322.738006 -0.038649082 -0.085598335 0.015184430 0.113038421 -0.001533149 0.004291493 0.993580163
1341846322.770087 -0.035151191 -0.093335003 0.016630469 0.111921892 -0.001589170 0.004440126 0.993705809
1341846322.806047 -0.037614059 -0.096928097 0.017752113 0.115526214 -0.001379474 0.006459679 0.993282437
1341846322.838063 -0.040906280 -0.099589273 0.015725840 0.117128849 -0.004989437 0.007415165 0.993076503
1341846322.870081 -0.038532622 -0.102953017 0.015474334 0.118901767 -0.010415144 0.008893096 0.992811561
1341846322.906018 -0.033996273 -0.107095271 0.020065708 0.123446703 -0.013435897 0.009172625 0.992217839
1341846322.938349 -0.034858633 -0.101814009 0.018525343 0.125186846 -0.011961933 0.009485085 0.992015719
1341846322.970069 -0.034388717 -0.103513807 0.017468933 0.120080918 -0.012348157 0.011209370 0.992624044
1341846323.011820 -0.032431275 -0.107658908 0.019855564 0.117400691 -0.012274525 0.011435615 0.992942929
1341846323.038050 -0.034105401 -0.109596491 0.020836128 0.116860338 -0.011747046 0.013849502 0.992982328
1341846323.073951 -0.033443939 -0.108174749 0.020696634 0.114548899 -0.012404183 0.016280498 0.993206739
1341846323.105962 -0.032329537 -0.114879705 0.023107678 0.110764213 -0.012597468 0.016285215 0.993633389
1341846323.138158 -0.034162350 -0.114412263 0.022130674 0.111773022 -0.012128153 0.012771516 0.993577659
1341846323.174092 -0.034879852 -0.114970721 0.021243356 0.109677486 -0.012436612 0.011121204 0.993827224
1341846323.206059 -0.032565121 -0.117264241 0.021295708 0.106673799 -0.013247332 0.008816778 0.994166732
1341846323.238053 -0.031554706 -0.117817722 0.020503771 0.104261324 -0.010157279 0.006548705 0.994476497
1341846323.273997 -0.036321875 -0.118166223 0.019448871 0.099998400 -0.009009369 0.007703039 0.994916975
1341846323.305946 -0.033360265 -0.122185275 0.020149885 0.094071709 -0.013772573 0.008447238 0.995434344
1341846323.342027 -0.026881255 -0.126268089 0.023903240 0.092246741 -0.013312143 0.006712378 0.995624542
1341846323.374048 -0.034018755 -0.128620028 0.023274541 0.092510022 -0.008221224 0.007834094 0.995647013
1341846323.405987 -0.038968585 -0.132637501 0.020295586 0.091915689 -0.011483288 0.013014682 0.995615542
1341846323.441956 -0.032997329 -0.136677817 0.021722168 0.092557177 -0.017031342 0.015304890 0.995444059
1341846323.473878 -0.031286586 -0.140404195 0.024182150 0.096229717 -0.016223770 0.014846375 0.995116174
1341846323.506129 -0.034787305 -0.138500810 0.020498877 0.099532090 -0.015138171 0.011127339 0.994856954
1341846323.541972 -0.030782897 -0.139225721 0.019125581 0.097918160 -0.016041335 0.009280065 0.995021880
1341846323.573913 -0.023899021 -0.144410565 0.020746471 0.096834965 -0.013274754 0.004218791 0.995202959
1341846323.609927 -0.028385023 -0.144594878 0.020841857 0.097757488 -0.006062391 -0.000154484 0.995191813
1341846323.642014 -0.032661624 -0.147524536 0.020437123 0.096574701 -0.003587420 0.000628203 0.995319068
1341846323.674081 -0.033337429 -0.151126444 0.019775970 0.096141249 -0.005281699 0.003055011 0.995348990
1341846323.710069 -0.032649051 -0.158187181 0.019529764 0.096830480 -0.006952846 0.007237446 0.995250285
1341846323.742111 -0.033212457 -0.160942584 0.020590058 0.100897811 -0.008883243 0.009167861 0.994814873
1341846323.774928 -0.033582475 -0.159744814 0.018621910 0.104994453 -0.010762224 0.005724885 0.994398057
1341846323.810012 -0.033154879 -0.157340214 0.019249471 0.107667007 -0.011908302 0.002644257 0.994112194
1341846323.842207 -0.032976367 -0.158682436 0.019070234 0.109204598 -0.011724559 -0.002508926 0.993946970
1341846323.878019 -0.036307238 -0.161443412 0.017706644 0.109776549 -0.011574623 -0.006593314 0.993867040
1341846323.909826 -0.034760252 -0.166641891 0.018522099 0.112396300 -0.013760074 -0.010990144 0.993507445
1341846323.942459 -0.035895228 -0.166879803 0.016541960 0.116317898 -0.013575667 -0.011803895 0.993049145
1341846323.978055 -0.037786808 -0.169105828 0.016494785 0.118261486 -0.016138501 -0.009898432 0.992802024
1341846324.015934 -0.033625856 -0.168229550 0.017216552 0.122536100 -0.019241260 -0.009914151 0.992227972
1341846324.047722 -0.032965746 -0.166368201 0.016727891 0.126343966 -0.017779969 -0.010902451 0.991767228
1341846324.083904 -0.033939242 -0.161043242 0.015963525 0.127384171 -0.016066110 -0.011433080 0.991657436
1341846324.115968 -0.031428684 -0.161295518 0.014950645 0.124683946 -0.014871742 -0.012704827 0.992003739
1341846324.151967 -0.029284885 -0.160635307 0.014831615 0.124062434 -0.012502709 -0.017006658 0.992049873
1341846324.183941 -0.031877495 -0.154681221 0.017246703 0.122314714 -0.007671707 -0.020781310 0.992244124
1341846324.219984 -0.034791712 -0.155239165 0.016873965 0.117617622 -0.005133405 -0.020331785 0.992837548
1341846324.251968 -0.034545042 -0.154674038 0.017291283 0.116948463 -0.005272395 -0.020532131 0.992911696
1341846324.284052 -0.035198703 -0.149712607 0.017008565 0.117980160 -0.005875531 -0.021026360 0.992775917
1341846324.319880 -0.036632352 -0.144535020 0.019045882 0.117197394 -0.009146807 -0.020994179 0.992844582
1341846324.351917 -0.035308506 -0.137752697 0.016996423 0.114511997 -0.012689504 -0.022832565 0.993078351
1341846324.388001 -0.032856304 -0.136821970 0.015586354 0.109907970 -0.012788037 -0.026629321 0.993502676
1341846324.419908 -0.034215037 -0.130390391 0.019007925 0.105911866 -0.010380119 -0.029093476 0.993895650
1341846324.452027 -0.035327807 -0.135674238 0.018890738 0.099306270 -0.010022028 -0.029778918 0.994560719
1341846324.487928 -0.035815708 -0.134130508 0.018818995 0.097733825 -0.010338945 -0.027808579 0.994770288
1341846324.519985 -0.040013619 -0.130020291 0.018444365 0.096650258 -0.011576412 -0.023755819 0.994967520
1341846324.556001 -0.039657228 -0.121171020 0.018314045 0.096363172 -0.016674805 -0.019637723 0.995012760
1341846324.587888 -0.039396793 -0.115882829 0.021301940 0.093441062 -0.019875081 -0.017255662 0.995276868
1341846324.620086 -0.038852822 -0.114251837 0.019309547 0.090943851 -0.022320084 -0.019391218 0.995416999
1341846324.655955 -0.037582856 -0.109393828 0.020173155 0.090380810 -0.023773851 -0.021042420 0.995401084
1341846324.688082 -0.037943356 -0.109112792 0.020995738 0.089290768 -0.023640424 -0.020138111 0.995521307
1341846324.755922 -0.042047989 -0.097631723 0.018985685 0.091507658 -0.025827965 -0.016705986 0.995329142
1341846324.782029 -0.041905761 -0.092144936 0.020538440 0.089944072 -0.030802423 -0.017499538 0.995316565
1341846324.814016 -0.036056679 -0.085877322 0.019810446 0.086884238 -0.032970075 -0.019219525 0.995487154
1341846324.849979 -0.040699970 -0.083963960 0.024573522 0.081235997 -0.028763808 -0.022426097 0.996027291
1341846324.881924 -0.043779042 -0.083557628 0.024319906 0.077881388 -0.029459318 -0.022413930 0.996275187
1341846324.913902 -0.041885611 -0.080211341 0.025974730 0.077161297 -0.031433985 -0.019289322 0.996336281
1341846324.949999 -0.042906296 -0.081162818 0.027410915 0.077159993 -0.031327959 -0.016298998 0.996393085
1341846324.981922 -0.046999395 -0.080205835 0.026555866 0.081318200 -0.033220630 -0.012522594 0.996055663
1341846325.018013 -0.045737106 -0.074521191 0.025577197 0.086062938 -0.038592704 -0.009487478 0.995496750
1341846325.050079 -0.047196981 -0.069765978 0.022086071 0.088242531 -0.043123771 -0.010597459 0.995108664
1341846325.081901 -0.046259467 -0.063218363 0.024003081 0.088206969 -0.048707977 -0.013363985 0.994820833
1341846325.118531 -0.041345887 -0.057024010 0.020971278 0.084500797 -0.051316775 -0.015043270 0.994987369
1341846325.149933 -0.041781653 -0.056779206 0.023202265 0.078500658 -0.048894618 -0.016686190 0.995574474
1341846325.181925 -0.043473054 -0.055112142 0.023777213 0.075320624 -0.047259443 -0.014693949 0.995930433
1341846325.218055 -0.044360843 -0.052721668 0.025341151 0.072745018 -0.047037646 -0.010471580 0.996185720
1341846325.249811 -0.045262959 -0.049585428 0.025728824 0.070837572 -0.047021639 -0.006701298 0.996356428
1341846325.285925 -0.043958239 -0.045312751 0.026309080 0.068647742 -0.047855094 -0.004088581 0.996484160
1341846325.317988 -0.040217552 -0.051718745 0.027240034 0.064343810 -0.045997642 -0.002169288 0.996864796
1341846325.349844 -0.041082304 -0.048465673 0.030686127 0.068470217 -0.041681867 0.001393552 0.996781051
1341846325.387302 -0.041015029 -0.044137336 0.029730141 0.073571287 -0.038931154 0.004262043 0.996520698
1341846325.417931 -0.038249232 -0.048001081 0.027765622 0.074476890 -0.033940222 0.006315939 0.996625006
1341846325.450747 -0.035487533 -0.050434604 0.027321003 0.079044357 -0.026249913 0.008351606 0.996490419
1341846325.485954 -0.040926628 -0.042855524 0.031894296 0.088949926 -0.018472815 0.011167428 0.995802104
1341846325.517875 -0.041152447 -0.040613167 0.031591341 0.092396282 -0.016013473 0.013636667 0.995500147
1341846325.553859 -0.040826950 -0.038786266 0.032838084 0.095608182 -0.012684908 0.013687285 0.995244086
1341846325.585855 -0.042387590 -0.027422117 0.036416922 0.100466974 -0.009770920 0.012288237 0.994816542
1341846325.617990 -0.041998055 -0.020236962 0.035661489 0.098494351 -0.008314466 0.011535246 0.995036006
1341846325.653982 -0.044175573 -0.025185751 0.038082112 0.094533972 -0.005535015 0.007778980 0.995475829
1341846325.685819 -0.044572040 -0.030299269 0.037066936 0.098160021 -0.003970502 0.008760607 0.995124161
1341846325.717857 -0.046337843 -0.025506662 0.037168883 0.103024594 -0.002599862 0.015659677 0.994552135
1341846325.754083 -0.047052301 -0.026318925 0.036801718 0.105457291 -0.002592270 0.020067915 0.994217932
1341846325.786087 -0.045901142 -0.023414338 0.038401857 0.112481214 -0.002537679 0.021579074 0.993416309
1341846325.821856 -0.046464939 -0.017497854 0.038568314 0.116928153 -0.000541967 0.022870457 0.992876887
1341846325.853827 -0.048968885 -0.015092592 0.039013524 0.117865287 0.000418667 0.026403096 0.992678404
1341846325.885958 -0.051150184 -0.011144182 0.038391314 0.118573323 -0.002171129 0.032220200 0.992420018
1341846325.921984 -0.049533941 -0.009268557 0.039796636 0.117625676 -0.006502172 0.036876321 0.992351770
1341846325.953899 -0.045517180 -0.008622008 0.040397052 0.120282911 -0.007150264 0.038873840 0.991952479
1341846325.985823 -0.047366709 -0.004413082 0.041354157 0.123525821 -0.003814370 0.043026410 0.991400838
1341846326.021991 -0.048351102 -0.004172799 0.041670371 0.126002222 -0.003820258 0.049224705 0.990800560
1341846326.054055 -0.048160918 -0.000415133 0.043940488 0.131350294 -0.004774076 0.052298389 0.989944041
1341846326.089984 -0.046886433 0.005526487 0.043440092 0.134407163 -0.003001181 0.051778175 0.989567935
1341846326.121822 -0.047193352 0.009975109 0.044670060 0.134692743 0.001197434 0.049753711 0.989636779
1341846326.154079 -0.048907265 0.011001608 0.046432480 0.135427728 0.004043759 0.047830030 0.989623785
1341846326.190178 -0.050402440 0.014178455 0.047337700 0.137825713 0.003783365 0.050362043 0.989168048
1341846326.222162 -0.050884709 0.018690491 0.047766220 0.137246951 0.001761656 0.056844220 0.988902867
1341846326.259181 -0.050460864 0.023250587 0.047450513 0.134554878 -0.001121351 0.060024105 0.989085853
1341846326.291222 -0.047474004 0.024755804 0.049016669 0.130158186 -0.002906408 0.060826946 0.989621401
1341846326.322766 -0.046542935 0.028872116 0.049808778 0.126683965 -0.002675295 0.059719235 0.990140200
1341846326.359773 -0.046462517 0.031295650 0.051102903 0.122951679 -0.000957539 0.057045151 0.990771353
1341846326.392109 -0.046503194 0.029397016 0.055105418 0.121198662 0.000950642 0.057425141 0.990965366
1341846326.423985 -0.047785349 0.032055136 0.055530813 0.125722706 0.001836016 0.062744245 0.990077555
1341846326.459869 -0.049468987 0.037478153 0.054344863 0.128349125 -0.000464863 0.066738032 0.989480853
1341846326.491143 -0.047175877 0.039372321 0.057298403 0.129033998 -0.002110360 0.066729032 0.989390254
1341846326.526163 -0.044214614 0.046115022 0.055475391 0.128501996 0.000095027 0.066350453 0.989487171
1341846326.560211 -0.045021493 0.050093282 0.057119485 0.123777218 0.004146676 0.066773653 0.990052164
1341846326.591828 -0.046257239 0.051173929 0.059431441 0.120611928 0.006577967 0.067453459 0.990383506
1341846326.627027 -0.045597378 0.055556607 0.059979718 0.121024728 0.007977883 0.066785172 0.990368187
1341846326.658442 -0.044922289 0.061281916 0.060646199 0.119604558 0.011718323 0.065778174 0.990570903
1341846326.694856 -0.046119899 0.063811786 0.063474566 0.115618691 0.015197868 0.066021107 0.990980625
1341846326.726206 -0.044848036 0.069628872 0.063405775 0.110499486 0.015988588 0.064318873 0.991663933
1341846326.762753 -0.044365671 0.074566074 0.062101185 0.104899816 0.018637154 0.061277319 0.992418170
1341846326.794046 -0.045485221 0.078879118 0.063366644 0.098128542 0.022707002 0.058625247 0.993185937
1341846326.826821 -0.046507150 0.084413327 0.067375809 0.090826973 0.025464065 0.055893876 0.993970811
1341846326.858887 -0.046854608 0.087079465 0.065349437 0.082617044 0.026584987 0.055656739 0.994670808
1341846326.895360 -0.047998313 0.087083444 0.067003392 0.080063395 0.026478849 0.057023339 0.994805038
1341846326.926897 -0.050010603 0.089902148 0.067020729 0.081956767 0.023229459 0.059263457 0.994601071
1341846326.958888 -0.047331549 0.092950650 0.068586551 0.084922507 0.020316556 0.061578564 0.994275331
1341846326.994594 -0.046078954 0.094208136 0.065747805 0.084843248 0.020282272 0.064205274 0.994116664
1341846327.026301 -0.045802306 0.099011362 0.065135181 0.083151422 0.021670142 0.063255139 0.994291246
1341846327.063945 -0.044193942 0.100511506 0.067724414 0.080064312 0.023402924 0.060528614 0.994674981
1341846327.094662 -0.045281287 0.103462040 0.069663718 0.080118313 0.026333697 0.057388771 0.994783461
1341846327.128901 -0.046275523 0.107731976 0.070123196 0.079558529 0.026700050 0.056240931 0.994884133
1341846327.161940 -0.045460019 0.111441337 0.069688894 0.078604661 0.025209067 0.055851180 0.995020807
1341846327.193867 -0.042602181 0.113102093 0.073052034 0.077761620 0.025909983 0.054860286 0.995124221
1341846327.229885 -0.042564530 0.116747081 0.072732650 0.078899838 0.029524703 0.052694224 0.995050967
1341846327.262014 -0.042247754 0.120965332 0.074762069 0.078588553 0.033865213 0.050027769 0.995074987
1341846327.294023 -0.032897141 0.123202078 0.064032607 0.079809539 0.041433718 0.047854468 0.994798303
1341846327.330015 -0.037138257 0.131929025 0.076161310 0.086015344 0.055310257 0.041948527 0.993872464
1341846327.361939 -0.039175566 0.135631517 0.080876067 0.083935879 0.061289374 0.037336521 0.993883491
1341846327.393887 -0.041093647 0.137618974 0.079794466 0.082136020 0.064631432 0.029122116 0.994096756
1341846327.429966 -0.044160672 0.147086263 0.075500570 0.081322141 0.064980529 0.028091587 0.994170547
1341846327.461965 -0.046912722 0.149981245 0.079456314 0.072690845 0.061563075 0.027759792 0.995065510
1341846327.497931 -0.043140277 0.151515469 0.080114700 0.067712717 0.058218930 0.025509099 0.995678067
1341846327.530068 -0.044559721 0.156012446 0.082477592 0.066821933 0.059388589 0.028662290 0.995583355
1341846327.561895 -0.046693999 0.159440592 0.084392376 0.065010026 0.057759158 0.031684976 0.995707631
1341846327.598010 -0.047568962 0.160402924 0.085609242 0.066215113 0.054645922 0.037083428 0.995617509
1341846327.629945 -0.047505312 0.167556331 0.086323045 0.068627425 0.049365375 0.039197467 0.995648980
1341846327.662003 -0.048384190 0.164333597 0.084902629 0.066529505 0.046495453 0.034451272 0.996104956
1341846327.697919 -0.048423067 0.172040045 0.082031690 0.070311740 0.045052815 0.035554115 0.995872676
1341846327.730075 -0.050019268 0.181181788 0.083451875 0.068103127 0.044858463 0.035931151 0.996021390
1341846327.766017 -0.049707752 0.180533499 0.083115794 0.061831973 0.044114556 0.036971051 0.996425509
1341846327.797917 -0.049645148 0.188212767 0.084588334 0.059389010 0.043060340 0.039854638 0.996509075
1341846327.830054 -0.049180459 0.189852327 0.085758187 0.052027535 0.042833965 0.039950315 0.996926486
1341846327.865944 -0.048494782 0.190740749 0.085603349 0.047129523 0.044262938 0.039170351 0.997138560
1341846327.898010 -0.048968658 0.194658369 0.088532440 0.045276430 0.045355849 0.040789545 0.997110367
1341846327.929991 -0.048724379 0.197154224 0.088947430 0.040788271 0.043664861 0.038912665 0.997454524
1341846327.966065 -0.048016980 0.202760145 0.088399142 0.037631471 0.043604508 0.037167892 0.997647762
1341846327.998073 -0.047979835 0.204922020 0.088624381 0.030931633 0.044570174 0.034285385 0.997938514
1341846328.034045 -0.048340283 0.206577331 0.088651717 0.024871930 0.045827411 0.031954281 0.998128295
1341846328.065993 -0.048808854 0.206835806 0.086660393 0.018990664 0.046905644 0.031719085 0.998214960
1341846328.098045 -0.050280206 0.201727808 0.088877358 0.016069807 0.048221540 0.032215618 0.998187661
1341846328.133967 -0.049188938 0.202503040 0.088588476 0.020399164 0.046405423 0.035839073 0.998071134
1341846328.166023 -0.049757347 0.201135933 0.087846167 0.019303221 0.043518048 0.036841691 0.998186469
1341846328.198018 -0.050355032 0.194773510 0.086937115 0.017060123 0.041489523 0.032555226 0.998462677
1341846328.234044 -0.050301678 0.192229301 0.085681386 0.020233184 0.039501615 0.033179484 0.998463511
1341846328.265899 -0.049803190 0.190406546 0.084192850 0.022140360 0.037795648 0.032819510 0.998500943
1341846328.302051 -0.049297377 0.184134036 0.082599305 0.023793915 0.037052102 0.034065176 0.998449087
1341846328.333917 -0.049279664 0.178076714 0.082449481 0.026190251 0.037062198 0.035577089 0.998335958
1341846328.366008 -0.049694572 0.173417971 0.082302466 0.031066932 0.036679771 0.033841647 0.998270571
1341846328.402010 -0.048551470 0.165531352 0.078648403 0.042214841 0.038610585 0.035130296 0.997743964
1341846328.433920 -0.049586769 0.156778663 0.079667851 0.044682261 0.036854431 0.034829602 0.997713447
1341846328.470003 -0.047732983 0.151446104 0.077886932 0.044595156 0.035004474 0.029585350 0.997953236
1341846328.502194 -0.045526452 0.146964952 0.076857381 0.047002871 0.036061149 0.023597822 0.997964621
1341846328.534033 -0.044467703 0.138603941 0.076304428 0.047273666 0.039015125 0.020561935 0.997907937
1341846328.570125 -0.046269298 0.130201697 0.076379105 0.048475988 0.040627684 0.019858396 0.997800112
1341846328.602804 -0.048930544 0.121181577 0.073666729 0.052024748 0.036262657 0.023014747 0.997721791
1341846328.636433 -0.047860485 0.115600184 0.073390082 0.056799687 0.028257187 0.020270171 0.997779787
1341846328.672663 -0.049955215 0.106532186 0.074333988 0.059911542 0.024295622 0.019349966 0.997720361
1341846328.702975 -0.043539535 0.103605069 0.072953738 0.064009286 0.017867817 0.020451237 0.997579694
1341846328.738215 -0.043920595 0.096026540 0.072280459 0.068365514 0.017510816 0.014385920 0.997402906
1341846328.770129 -0.041699875 0.092615716 0.071047358 0.071684808 0.015016019 0.015517202 0.997193575
1341846328.802331 -0.041698404 0.085784622 0.068569079 0.071617998 0.011635736 0.016828347 0.997222304
1341846328.838051 -0.040358845 0.079484351 0.067589782 0.074756958 0.009516889 0.013377819 0.997066677
1341846328.869939 -0.039542411 0.081196196 0.066347279 0.075805306 0.008139993 0.012875137 0.997006297
1341846328.904486 -0.040181063 0.073940292 0.064128429 0.069944032 0.005541962 0.012319482 0.997459471
1341846328.939814 -0.037610549 0.064212061 0.064141430 0.071428053 0.001740591 0.012566006 0.997365117
1341846328.970217 -0.038095366 0.063457243 0.062947229 0.075780645 0.000317940 0.015153985 0.997009337
1341846329.006232 -0.037037581 0.058890108 0.062191688 0.076186419 -0.002682389 0.019977089 0.996889830
1341846329.038243 -0.035164725 0.053005550 0.061766814 0.079247721 -0.004074523 0.020112358 0.996643722
1341846329.072238 -0.034511019 0.056344975 0.059676602 0.084833674 -0.003596201 0.020792862 0.996171653
1341846329.106125 -0.034595583 0.055729546 0.060345080 0.084365048 -0.004229689 0.019341700 0.996238172
1341846329.138340 -0.034144849 0.047845952 0.058380403 0.084263712 -0.005136207 0.017522968 0.996276140
1341846329.169991 -0.034474116 0.047670946 0.055770621 0.086472236 -0.005798256 0.016007245 0.996108770
1341846329.208656 -0.032902014 0.044066291 0.054558232 0.086382374 -0.007338353 0.015331198 0.996117055
1341846329.238169 -0.031399399 0.044316910 0.053438999 0.086194120 -0.008892164 0.015373440 0.996120036
1341846329.273827 -0.032523233 0.038990278 0.055367343 0.083971836 -0.009562917 0.016088342 0.996292353
1341846329.306052 -0.032748725 0.038321361 0.053253274 0.084472500 -0.011931567 0.015128492 0.996239483
1341846329.338104 -0.031124078 0.039857421 0.051521648 0.081841335 -0.013904676 0.013180597 0.996461213
1341846329.373907 -0.031702649 0.031241007 0.051511094 0.076625936 -0.014351333 0.010828651 0.996897817
1341846329.405985 -0.031585902 0.027906591 0.050291199 0.077730298 -0.015656266 0.008072221 0.996818841
1341846329.442057 -0.031780094 0.027705939 0.048810285 0.077518389 -0.015859198 0.004371059 0.996855259
1341846329.473950 -0.032058757 0.022453144 0.048312210 0.075890809 -0.016900430 -0.001614744 0.996971607
1341846329.506147 -0.032907441 0.021431539 0.046639550 0.076384649 -0.018230395 -0.004790334 0.996900260
1341846329.542121 -0.033682454 0.016990636 0.045079984 0.073908336 -0.021285810 -0.004582950 0.997027338
1341846329.574086 -0.032075342 0.011233218 0.046002690 0.075668029 -0.023926448 -0.005979293 0.996828020
1341846329.606387 -0.032069627 0.011334548 0.044145409 0.078438573 -0.024352198 -0.007492071 0.996593297
1341846329.641955 -0.034355637 0.010353687 0.043281447 0.078563944 -0.024862593 -0.007731936 0.996568978
1341846329.681570 -0.034371294 0.006040185 0.042573098 0.077156126 -0.027938625 -0.007299456 0.996600747
1341846329.748113 -0.031799335 0.003920012 0.040410396 0.079112984 -0.028509952 -0.009825272 0.996409416
1341846329.774077 -0.030978020 -0.000101223 0.041684423 0.076585896 -0.027270950 -0.006822295 0.996666610
1341846329.810175 -0.031505570 -0.003656173 0.041113459 0.076671645 -0.025648642 -0.004494065 0.996716321
1341846329.842255 -0.032257933 -0.007118742 0.041113447 0.077732950 -0.025495855 -0.001216009 0.996647418
1341846329.874044 -0.033226877 -0.009151110 0.040256709 0.079469733 -0.025227757 0.002037875 0.996515930
1341846329.910073 -0.033962954 -0.007662526 0.039285906 0.080070190 -0.025408771 0.003784881 0.996458173
1341846329.942009 -0.034035157 -0.007781219 0.039616849 0.075591542 -0.026043218 0.009153028 0.996756673
1341846329.978087 -0.033711500 -0.015862649 0.039731041 0.072451904 -0.026630530 0.010718423 0.996958733
1341846330.016305 -0.031801526 -0.013426946 0.037741397 0.074982293 -0.025845911 0.008294031 0.996815383
1341846330.048192 -0.034026515 -0.010829621 0.036469225 0.071711704 -0.023990842 0.009895392 0.997087717
1341846330.080418 -0.033568617 -0.017811375 0.037227061 0.066354275 -0.024253849 0.011885838 0.997430503
1341846330.115886 -0.033180967 -0.023440236 0.037318960 0.068492927 -0.022895543 0.012987844 0.997304261
1341846330.147839 -0.034982335 -0.019012013 0.034859411 0.071653686 -0.022297518 0.014310440 0.997077644
1341846330.181257 -0.033923827 -0.013125173 0.035171907 0.068028815 -0.023478221 0.018249782 0.997240067
1341846330.215852 -0.034060601 -0.018862255 0.035070572 0.060574517 -0.022233030 0.017328901 0.997765601
1341846330.247833 -0.035932496 -0.020905515 0.034941815 0.058497999 -0.021300087 0.016048646 0.997931242
1341846330.283913 -0.037241198 -0.015690062 0.032583863 0.056124374 -0.021555472 0.016774176 0.998050094
1341846330.316011 -0.038743097 -0.022380225 0.035105146 0.048336655 -0.021864036 0.015502783 0.998471439
1341846330.347868 -0.038264263 -0.024114786 0.034505431 0.046046559 -0.023905167 0.014771175 0.998543978
1341846330.383835 -0.036654722 -0.024387175 0.034219675 0.044282034 -0.024736863 0.015352376 0.998594761
1341846330.415934 -0.037363976 -0.029642299 0.034671731 0.043012075 -0.023640718 0.013208861 0.998707473
1341846330.452561 -0.038797949 -0.030669663 0.033736978 0.045668323 -0.023874678 0.011968173 0.998599589
1341846330.483903 -0.040168740 -0.028452851 0.031386320 0.046256602 -0.025380086 0.014371370 0.998503685
1341846330.515970 -0.040185809 -0.032029383 0.031948879 0.043973692 -0.027801337 0.017850636 0.998486221
1341846330.552099 -0.038651749 -0.032692745 0.031102175 0.045262918 -0.029790826 0.020285113 0.998324752
1341846330.583876 -0.040122341 -0.029230177 0.030810079 0.045502227 -0.029557483 0.020684922 0.998312593
1341846330.619992 -0.043594871 -0.025984095 0.029360563 0.041672632 -0.029749321 0.019645352 0.998495102
1341846330.652136 -0.042310979 -0.027716635 0.029692177 0.034961578 -0.031796597 0.017912364 0.998722076
1341846330.683796 -0.043826591 -0.029594321 0.028148700 0.029920973 -0.031026339 0.016287303 0.998937845
1341846330.719991 -0.045613557 -0.034315791 0.027867986 0.026680555 -0.033114087 0.016908476 0.998952329
1341846330.752103 -0.046982270 -0.035377923 0.027868913 0.028110987 -0.036984522 0.021084668 0.998697817
1341846330.787952 -0.049926259 -0.033345819 0.024379067 0.029636212 -0.040711921 0.024497543 0.998430789
1341846330.819823 -0.047885351 -0.033206500 0.024917679 0.029253181 -0.046032071 0.025444269 0.998187304
1341846330.852208 -0.047226567 -0.030906798 0.023046803 0.029042505 -0.047935460 0.026935579 0.998064756
1341846330.888445 -0.048386551 -0.026858941 0.021370033 0.026370645 -0.049775537 0.028145967 0.998015404
1341846330.914111 -0.049222179 -0.025321668 0.022394337 0.021168085 -0.050646603 0.026449017 0.998141944
1341846330.949903 -0.049998190 -0.027376983 0.021814698 0.018008545 -0.051699821 0.025780834 0.998167396
1341846330.981986 -0.052347422 -0.027800083 0.017750934 0.018528122 -0.055654116 0.026342336 0.997930527
1341846331.014111 -0.051909387 -0.025370730 0.017984217 0.018695379 -0.059724953 0.026180353 0.997696340
1341846331.082139 -0.052108031 -0.026644573 0.016422769 0.020178340 -0.062819891 0.022985462 0.997556090
1341846331.114334 -0.052220721 -0.025531240 0.015815666 0.020076817 -0.065049767 0.022919450 0.997416735
1341846331.149989 -0.050908774 -0.027967989 0.016531419 0.019939726 -0.066593722 0.022437057 0.997328579
1341846331.181954 -0.053293645 -0.027562097 0.015289426 0.023391375 -0.065895185 0.020711856 0.997337282
1341846331.218151 -0.055849198 -0.022582076 0.013346110 0.024225933 -0.068256214 0.021297690 0.997146249
1341846331.249914 -0.051264171 -0.026152030 0.015510949 0.021107074 -0.071318753 0.020929594 0.997010589
1341846331.282227 -0.045415293 -0.032324057 0.016135264 0.025006564 -0.068617903 0.019642599 0.997136116
1341846331.318141 -0.048869483 -0.026261855 0.016450444 0.031790525 -0.062317312 0.017450029 0.997397304
1341846331.349926 -0.047972947 -0.025453195 0.016142363 0.030963544 -0.059725810 0.016251018 0.997602105
1341846331.382003 -0.039836206 -0.032978248 0.013417369 0.031390876 -0.055618223 0.015163586 0.997843325
1341846331.418008 -0.041543685 -0.029821608 0.020881960 0.039852861 -0.044969283 0.015931858 0.998066008
1341846331.450327 -0.044449251 -0.026597673 0.023823297 0.042647634 -0.039046820 0.016078560 0.998197377
1341846331.486219 -0.047582500 -0.025533995 0.021711750 0.042740539 -0.035905398 0.016806798 0.998299360
1341846331.518344 -0.044114739 -0.026172528 0.022773582 0.041314926 -0.036069758 0.016037166 0.998366117
1341846331.550202 -0.043000787 -0.028563270 0.027504779 0.043410242 -0.031504717 0.014570246 0.998454154
1341846331.586139 -0.045845300 -0.024672167 0.027049860 0.046344638 -0.029497063 0.014796915 0.998380244
1341846331.617931 -0.042670868 -0.024070136 0.029847486 0.045410726 -0.030544754 0.015713999 0.998377681
1341846331.654027 -0.040639278 -0.028035559 0.036250986 0.045018610 -0.028499776 0.016824216 0.998437822
1341846331.686123 -0.043540414 -0.024778854 0.034374040 0.047949120 -0.024714587 0.017993245 0.998381853
1341846331.717954 -0.045556661 -0.020601802 0.037501559 0.045801960 -0.025269270 0.018089466 0.998467028
1341846331.754076 -0.040474717 -0.025713529 0.041562166 0.042271931 -0.026140679 0.017313471 0.998614013
1341846331.785920 -0.040892679 -0.025709448 0.045228332 0.045473494 -0.022952713 0.015512671 0.998581350
1341846331.818053 -0.042332981 -0.019753655 0.046030376 0.047553334 -0.020737551 0.015686326 0.998530209
1341846331.853849 -0.041451704 -0.022476591 0.050057098 0.045719665 -0.020556075 0.014851943 0.998632371
1341846331.885987 -0.039235830 -0.023317339 0.054106761 0.048549797 -0.018491123 0.012807163 0.998567462
1341846331.922014 -0.039939057 -0.020936968 0.056860391 0.050943699 -0.015172632 0.011877428 0.998515666
1341846331.954037 -0.037292618 -0.021193437 0.060171276 0.050689407 -0.013238290 0.013065706 0.998541236
1341846331.986135 -0.036095005 -0.024357958 0.063544065 0.052271124 -0.008029111 0.014936282 0.998488963
1341846332.022364 -0.039227184 -0.026369346 0.069764160 0.058900833 -0.002326647 0.014704342 0.998152852
1341846332.054175 -0.041219775 -0.024503719 0.073455721 0.065715514 -0.001754895 0.016497409 0.997700453
1341846332.086502 -0.039097931 -0.023526870 0.076872520 0.068638146 -0.002536497 0.018694071 0.997463226
1341846332.122051 -0.040153500 -0.022327062 0.080136627 0.070710160 -0.001126334 0.017568905 0.997341514
1341846332.153983 -0.041879542 -0.017083978 0.083390288 0.069959648 -0.001221026 0.015326369 0.997431338
1341846332.190165 -0.042386163 -0.016736727 0.088011853 0.063774005 -0.002597037 0.012341221 0.997884691
1341846332.222699 -0.042876374 -0.021924213 0.094045259 0.060101606 -0.002564631 0.011397521 0.998123884
1341846332.254145 -0.042710349 -0.023027316 0.094984382 0.062592514 -0.002385381 0.011073605 0.997974873
1341846332.289948 -0.043813605 -0.022160217 0.098529823 0.064677849 -0.002576721 0.013089677 0.997817039
1341846332.322172 -0.043143760 -0.022890747 0.102376252 0.065253951 -0.003322894 0.015315499 0.997745633
1341846332.354003 -0.040542692 -0.024676213 0.103892513 0.067473225 -0.002138879 0.012854001 0.997636020
1341846332.390180 -0.041021146 -0.020154821 0.106864512 0.070276141 0.002609715 0.009984788 0.997474194
1341846332.422055 -0.042299960 -0.019530557 0.110747479 0.068493068 0.005394222 0.006665044 0.997614801
1341846332.458114 -0.041027274 -0.020558853 0.115628198 0.067948580 0.007556579 0.002709928 0.997656524
1341846332.489993 -0.042742420 -0.018536238 0.118105680 0.069390588 0.009496913 0.004518740 0.997534156
1341846332.522130 -0.046499725 -0.017191187 0.120774478 0.068976715 0.006841646 0.009228480 0.997552156
1341846332.558114 -0.044693645 -0.018387733 0.122838773 0.068541929 0.000461695 0.016900785 0.997504950
1341846332.589874 -0.042022329 -0.015578630 0.123792529 0.068801075 -0.002884661 0.021329818 0.997398198
1341846332.621889 -0.041260395 -0.013222119 0.125698864 0.065126672 -0.003131765 0.022731688 0.997613192
1341846332.658202 -0.039551754 -0.014286987 0.130210578 0.061010797 -0.002916907 0.021529358 0.997900665
1341846332.690001 -0.040540840 -0.013088941 0.133406967 0.059509140 -0.001435175 0.022188384 0.997980118
1341846332.726000 -0.041156705 -0.015555180 0.136264116 0.057418924 -0.002529023 0.026471559 0.997995973
1341846332.758386 -0.039756007 -0.014738553 0.137960792 0.058366261 -0.005283669 0.027649065 0.997898281
1341846332.789937 -0.036140230 -0.012562598 0.138768494 0.058192559 -0.005752314 0.026644146 0.997933209
1341846332.825925 -0.036258809 -0.013300299 0.142491549 0.055464469 -0.002961846 0.024848280 0.998147070
1341846332.857898 -0.035242498 -0.013532570 0.146604478 0.056276597 -0.001826773 0.024047486 0.998123944
1341846332.894069 -0.034958567 -0.009305413 0.150136560 0.057337079 -0.002077320 0.024978235 0.998040199
1341846332.926029 -0.033436596 -0.007800668 0.149866745 0.054281715 -0.001926648 0.023422452 0.998249054
1341846332.958015 -0.032564484 -0.007188814 0.154319480 0.051502638 0.000583436 0.020034462 0.998471737
1341846332.994073 -0.031969864 -0.007100163 0.155907482 0.048263900 0.001798817 0.019399989 0.998644590
1341846333.026545 -0.030746525 -0.007167902 0.159506261 0.045663528 0.003082706 0.016725495 0.998812079
1341846333.057998 -0.028562553 -0.006862223 0.161539510 0.044697143 0.004694302 0.017104605 0.998843074
1341846333.094024 -0.028297096 -0.006840298 0.165147826 0.045034751 0.006605219 0.020514725 0.998752892
1341846333.126095 -0.026407234 -0.005178038 0.167739138 0.046030708 0.007685998 0.023027781 0.998645008
1341846333.161973 -0.025123278 -0.002743630 0.169140771 0.045679532 0.010080478 0.024290448 0.998609900
1341846333.195660 -0.025406985 -0.002882651 0.170663789 0.042711146 0.012478159 0.026031008 0.998670340
1341846333.226331 -0.024902143 -0.002409757 0.171173364 0.041569687 0.012865103 0.025478985 0.998727858
1341846333.262056 -0.023368247 0.000806555 0.172737181 0.039493833 0.012933913 0.023832718 0.998851776
1341846333.294147 -0.023559431 -0.000510736 0.175399974 0.035482299 0.013029934 0.022873141 0.999023557
1341846333.326100 -0.023464365 -0.000203508 0.175089478 0.033663791 0.011933512 0.021363445 0.999133587
1341846333.362100 -0.022862287 0.001961467 0.175107166 0.031107180 0.011267371 0.019563936 0.999261022
1341846333.394119 -0.022919901 0.000714242 0.178355485 0.027354984 0.010622080 0.019034903 0.999388099
1341846333.429974 -0.022529742 0.001251054 0.177957252 0.026956594 0.008584267 0.019149927 0.999416292
1341846333.462115 -0.020483214 0.000584597 0.178165078 0.026554752 0.007875949 0.017698349 0.999459624
1341846333.494040 -0.019731661 0.000901269 0.178703830 0.027480682 0.008067029 0.016743360 0.999449551
1341846333.529953 -0.018764630 0.000404063 0.178729251 0.028270397 0.009151897 0.016676676 0.999419272
1341846333.562063 -0.018707510 0.001811943 0.179457068 0.029443307 0.011201344 0.018105136 0.999339700
1341846333.594090 -0.021341434 0.003242725 0.179242566 0.028574493 0.011486495 0.018878248 0.999347389
1341846333.629994 -0.020803329 0.004609187 0.178636268 0.025559369 0.008574998 0.017878113 0.999476612
1341846333.662127 -0.020499540 0.004720488 0.178066418 0.022566395 0.007637992 0.017066084 0.999570489
1341846333.697964 -0.021892799 0.001694583 0.178678364 0.019701287 0.008382798 0.017960776 0.999609411
1341846333.730092 -0.020001175 0.001446995 0.177841544 0.022162762 0.007580961 0.018852148 0.999547899
1341846333.762089 -0.019723194 0.002022835 0.176913470 0.023986747 0.008002066 0.020346379 0.999473214
1341846333.798006 -0.020905398 0.000953585 0.175290972 0.025026407 0.009237602 0.020103417 0.999441922
1341846333.830055 -0.019851176 0.001228035 0.173985362 0.027922679 0.009744179 0.018021690 0.999400139
1341846333.866045 -0.021362653 0.000917598 0.172565594 0.028597308 0.011681022 0.017172806 0.999375224
1341846333.897987 -0.022691784 0.000106299 0.172315404 0.030207563 0.012123421 0.015913816 0.999343455
1341846333.930099 -0.021496715 -0.000675167 0.169686705 0.032931298 0.012317068 0.014680543 0.999273896
1341846333.965889 -0.022310417 -0.000726142 0.168341562 0.035218485 0.013246086 0.014495963 0.999186695
1341846333.997985 -0.021733750 -0.001974387 0.167080596 0.037668761 0.013777669 0.014411571 0.999091327
1341846334.030076 -0.022811443 -0.001654283 0.164478019 0.040884670 0.015300622 0.015265609 0.998930097
1341846334.066000 -0.024814745 -0.002123987 0.162250444 0.042220615 0.015675701 0.016967712 0.998841226
1341846334.097932 -0.024370762 -0.002548686 0.160019830 0.044080094 0.015470305 0.016606307 0.998770177
1341846334.133884 -0.025448354 -0.002088798 0.157841682 0.045734860 0.016529763 0.016953073 0.998672962
1341846334.166115 -0.027478851 -0.001947181 0.156487599 0.046047725 0.015945172 0.017290797 0.998662293
1341846334.198072 -0.027765019 -0.002635936 0.154074237 0.046332512 0.014364926 0.016356964 0.998688817
1341846334.234097 -0.026878756 -0.002307859 0.151882648 0.046712715 0.014442462 0.015524934 0.998683274
1341846334.266045 -0.029785292 -0.003703710 0.150146022 0.046219077 0.017001746 0.015881313 0.998660326
1341846334.297946 -0.032592621 -0.003966541 0.148198828 0.047461215 0.016214481 0.016870869 0.998598993
1341846334.334036 -0.031352833 -0.002994852 0.146084428 0.048032142 0.013752647 0.017701453 0.998594224
1341846334.365871 -0.031327613 -0.002176573 0.143560514 0.047749303 0.013878316 0.015996838 0.998634815
1341846334.401845 -0.032737508 -0.002216991 0.142086282 0.046448808 0.015049102 0.015077528 0.998693466
1341846334.433864 -0.035711229 -0.004218658 0.139817759 0.045993686 0.014752572 0.015191991 0.998717248
1341846334.466105 -0.035331506 -0.002397979 0.136729226 0.047074407 0.012800789 0.016698744 0.998669744
1341846334.502142 -0.036807526 -0.002064541 0.133975580 0.045904800 0.011975861 0.016818585 0.998732448
1341846334.540153 -0.037302427 -0.002555273 0.132433489 0.045329574 0.010655278 0.015516597 0.998794734
1341846334.566584 -0.038915381 -0.000286207 0.131358996 0.044643346 0.010066946 0.012341638 0.998876035
1341846334.602351 -0.040239122 0.000796192 0.128818542 0.041654743 0.007457458 0.008704529 0.999066293
1341846334.634069 -0.040960055 -0.000487460 0.125731409 0.037799701 0.005518828 0.003795919 0.999262869
1341846334.670161 -0.042296551 -0.001335366 0.123537675 0.035762403 0.005382559 0.001195961 0.999345124
1341846334.702085 -0.045764610 -0.002335260 0.121560104 0.034359396 0.004321021 0.001024399 0.999399662
1341846334.734751 -0.046112351 -0.002316079 0.119465314 0.034417853 0.001409787 0.003014277 0.999401987
1341846334.770889 -0.046893958 -0.002817436 0.116051354 0.034202177 -0.000099853 0.005540042 0.999399543
1341846334.802194 -0.047975179 -0.002389824 0.112658963 0.033806030 -0.002559725 0.006130517 0.999406338
1341846334.833908 -0.047833644 -0.001400584 0.110443518 0.033616338 -0.004337109 0.004793984 0.999413908
1341846334.869874 -0.049041666 -0.000973754 0.107079506 0.032173496 -0.004442974 0.004345602 0.999462962
1341846334.902006 -0.050731882 -0.002222687 0.102949031 0.029963592 -0.005808196 0.004845537 0.999522388
1341846334.938010 -0.051407725 -0.002183651 0.100471646 0.029376786 -0.008897578 0.004569496 0.999518394
1341846334.970032 -0.050173089 -0.002990782 0.097919293 0.029113095 -0.010162562 0.003324083 0.999518931
1341846335.002203 -0.052253459 -0.003803305 0.096244864 0.030464236 -0.009337313 0.004939051 0.999480009
1341846335.037880 -0.054008074 -0.003175935 0.090915471 0.033178311 -0.012079071 0.007252091 0.999350131
1341846335.069990 -0.053025849 -0.002235220 0.089268558 0.033619262 -0.015378861 0.007324673 0.999289572
1341846335.106038 -0.051563118 -0.003278139 0.085926555 0.033496037 -0.014804306 0.005976559 0.999311328
1341846335.138045 -0.053501997 -0.003945910 0.082357325 0.035034359 -0.013193822 0.005040196 0.999286294
1341846335.169900 -0.055436805 -0.002403129 0.077849679 0.035461891 -0.015445630 0.004905172 0.999239624
1341846335.206091 -0.053881794 -0.002669174 0.074998058 0.034462184 -0.017796557 0.002936228 0.999243259
1341846335.239365 -0.053586919 -0.003597610 0.073446549 0.034284357 -0.016843589 0.000578652 0.999270022
1341846335.269948 -0.055672124 -0.004050309 0.070136733 0.036024608 -0.014870846 -0.001118445 0.999239624
1341846335.305972 -0.057441890 -0.003809583 0.066508912 0.038041111 -0.015969614 -0.000353866 0.999148488
1341846335.338012 -0.056296829 -0.004086822 0.065649137 0.039311782 -0.018187502 0.001555268 0.999060273
1341846335.374005 -0.055194404 -0.007266734 0.063480452 0.042928353 -0.016827874 0.002353703 0.998933673
1341846335.406025 -0.055990241 -0.007787009 0.060252670 0.049529906 -0.014233329 0.004752301 0.998659909
1341846335.438079 -0.056430645 -0.006415828 0.055653173 0.054841276 -0.013463216 0.008087877 0.998371542
1341846335.473998 -0.055921566 -0.004616055 0.053321399 0.057318669 -0.011884125 0.009403570 0.998240888
1341846335.507038 -0.055906203 -0.003202382 0.049847625 0.058586251 -0.009261183 0.007247399 0.998213053
1341846335.538040 -0.057331443 -0.001073809 0.047478061 0.058461711 -0.006562885 0.005487937 0.998252988
1341846335.574119 -0.059603024 0.000054009 0.045276094 0.056133956 -0.006218513 0.005419925 0.998389184
1341846335.605970 -0.059096731 -0.002506692 0.042850349 0.053986065 -0.007277308 0.004724124 0.998503983
1341846335.641978 -0.057952404 -0.002206363 0.038851608 0.055247456 -0.006316328 0.002170771 0.998450339
1341846335.673993 -0.059935935 -0.001201544 0.034981314 0.054911468 -0.005140132 0.002106726 0.998475730
1341846335.706178 -0.060250029 -0.001670715 0.031238630 0.054180332 -0.006581360 0.003060087 0.998504758
1341846335.741982 -0.059588000 -0.002113756 0.029465068 0.054585241 -0.006953673 0.002426617 0.998481929
1341846335.773960 -0.060612626 -0.000368267 0.025507363 0.055126011 -0.006179641 0.001682682 0.998458862
1341846335.806271 -0.060891032 0.001654008 0.022155244 0.053354871 -0.006829822 0.001797645 0.998550653
1341846335.842031 -0.060887255 -0.000942944 0.021197347 0.050767966 -0.006001319 0.001805546 0.998690784
1341846335.873966 -0.061421420 -0.000319835 0.017591115 0.051940780 -0.004403689 0.001287113 0.998639643
1341846335.910005 -0.063653149 0.001537664 0.014233171 0.051768769 -0.004047683 0.002870962 0.998646736
1341846335.941936 -0.064109087 0.001227217 0.011464647 0.050479617 -0.006261548 0.004163518 0.998696804
1341846335.974198 -0.063821085 0.001164521 0.008320612 0.050299808 -0.007114403 0.001755212 0.998707294
1341846336.010032 -0.065722503 0.001686014 0.005176353 0.050228469 -0.006539001 0.000216747 0.998716295
1341846336.042129 -0.067253433 0.002283149 0.000049925 0.049199764 -0.007602146 0.000849451 0.998759687
1341846336.078076 -0.068430781 0.001245027 -0.001317144 0.048983522 -0.009269464 -0.000287476 0.998756528
1341846336.110739 -0.067494206 0.002384230 -0.003910628 0.049829509 -0.009715645 -0.001683936 0.998709083
1341846336.142002 -0.070080891 0.002170653 -0.007603349 0.049439445 -0.009249694 -0.000964941 0.998733819
1341846336.183953 -0.071613960 0.003317185 -0.011139991 0.049271926 -0.011594706 -0.000156746 0.998718083
1341846336.210112 -0.071332514 0.004209868 -0.011767656 0.047976345 -0.013486994 0.000277561 0.998757362
1341846336.241891 -0.071676359 0.003950495 -0.013386722 0.047492914 -0.012491817 -0.000560972 0.998793304
1341846336.277946 -0.074073143 0.001734403 -0.015706323 0.047241256 -0.011746028 0.001338630 0.998813570
1341846336.309977 -0.075838611 0.001599065 -0.017573949 0.049888317 -0.014074775 0.003840858 0.998648226
1341846336.346143 -0.075300366 0.003144833 -0.020360168 0.051958762 -0.015638161 0.005301144 0.998512685
1341846336.377975 -0.075003110 0.003131024 -0.023449201 0.052743841 -0.015432485 0.004504367 0.998478651
1341846336.410032 -0.075675540 0.004037136 -0.026547965 0.053746324 -0.014708045 0.004529380 0.998436034
1341846336.446041 -0.076683171 0.005417017 -0.029671684 0.053443011 -0.015048948 0.004473710 0.998447478
1341846336.477990 -0.075948343 0.005053006 -0.030146815 0.052343048 -0.015570060 0.004761323 0.998496413
1341846336.510056 -0.075976744 0.004205590 -0.031911664 0.052346323 -0.015212283 0.005522732 0.998497844
1341846336.546024 -0.076444745 0.003839549 -0.034692172 0.053177007 -0.015011952 0.007153443 0.998446643
1341846336.578003 -0.077621423 0.006777097 -0.037272286 0.053473160 -0.015243593 0.009211238 0.998410463
1341846336.614020 -0.075869024 0.006861051 -0.038293462 0.052791648 -0.015140082 0.008605806 0.998453677
1341846336.645982 -0.078174822 0.009078453 -0.039529547 0.052233692 -0.013250771 0.007592704 0.998518109
1341846336.678036 -0.081082575 0.007662076 -0.042162888 0.050068185 -0.014352351 0.007797361 0.998612225
1341846336.714024 -0.081560567 0.004938191 -0.040661287 0.051172905 -0.016625425 0.006865155 0.998527825
1341846336.746016 -0.082820289 0.002501114 -0.047597285 0.054170977 -0.018427718 0.009101510 0.998320162
1341846336.778014 -0.084786229 0.005583655 -0.048664976 0.057415709 -0.022185840 0.012432747 0.998026371
1341846336.820006 -0.084363803 0.007080556 -0.049173862 0.058179658 -0.026162954 0.014690316 0.997855127
1341846336.845952 -0.082647294 0.005691520 -0.049461138 0.058636028 -0.027941970 0.013546625 0.997796357
1341846336.882056 -0.086629935 0.006701659 -0.052139632 0.060833666 -0.027929146 0.013272932 0.997668803
1341846336.914273 -0.088653862 0.003738542 -0.055001631 0.062272284 -0.032110546 0.015102255 0.997428179
1341846336.945998 -0.086885408 0.001007945 -0.058999933 0.067779310 -0.038875107 0.017488334 0.996789277
1341846336.981980 -0.088144958 0.009224053 -0.058516301 0.072720133 -0.042799737 0.015546294 0.996312320
1341846337.014238 -0.088416882 0.011532254 -0.059463300 0.070170052 -0.045420587 0.013971485 0.996402502
1341846337.046017 -0.086607173 0.009129153 -0.058853157 0.067254379 -0.047176015 0.009373734 0.996575832
1341846337.082104 -0.088977888 0.010785228 -0.060323283 0.067032218 -0.046885539 0.005904478 0.996631145
1341846337.114317 -0.089939386 0.010135666 -0.062452894 0.064893700 -0.048909847 0.005481789 0.996677816
1341846337.150037 -0.088692807 0.010402753 -0.061485019 0.063453808 -0.051206563 0.004132201 0.996661663
1341846337.181873 -0.088015623 0.010168474 -0.062728114 0.062924959 -0.051063426 0.001053942 0.996710539
1341846337.214073 -0.087394983 0.014450006 -0.064441189 0.061639257 -0.049693178 -0.001048222 0.996860147
1341846337.250087 -0.092052571 0.009990275 -0.065574549 0.058040954 -0.050069686 -0.000636384 0.997057617
1341846337.282028 -0.092338078 0.009065527 -0.066258617 0.059008826 -0.054367527 0.002539019 0.996772647
1341846337.317920 -0.088474728 0.011374150 -0.066146627 0.058974817 -0.056806039 0.003676024 0.996635079
1341846337.350018 -0.089455344 0.013413568 -0.068566658 0.057800189 -0.055825721 0.003538849 0.996759832
1341846337.382159 -0.088179439 0.012042805 -0.066276193 0.054909825 -0.055949479 0.001633052 0.996921182
1341846337.417941 -0.090514518 0.008548343 -0.068243556 0.054989256 -0.054627307 0.001688405 0.996990085
1341846337.450137 -0.091557816 0.012057970 -0.071840614 0.056127239 -0.056131586 0.002537592 0.996841311
1341846337.482096 -0.089679994 0.011051542 -0.071588159 0.054404680 -0.056978639 0.003716038 0.996885061
1341846337.518008 -0.090258405 0.008190131 -0.071826920 0.054862488 -0.057269286 0.003447893 0.996844232
1341846337.549978 -0.090504780 0.012551695 -0.071897030 0.055973738 -0.058030225 0.001750514 0.996742904
1341846337.585971 -0.091245025 0.011657341 -0.072212391 0.053085193 -0.057947371 0.000660871 0.996907055
1341846337.617903 -0.090389200 0.005407481 -0.071442194 0.053110383 -0.058841065 0.001019665 0.996853054
1341846337.650141 -0.089928001 0.009656842 -0.072561964 0.056356139 -0.059281219 0.000715825 0.996649027
1341846337.686352 -0.089402489 0.012231666 -0.071643397 0.055045187 -0.059125543 0.000923884 0.996731341
1341846337.718002 -0.088777974 0.011632914 -0.070390612 0.053234618 -0.058691859 0.000725039 0.996855497
1341846337.749920 -0.086624824 0.012814903 -0.067491688 0.053246293 -0.057343975 0.000267591 0.996933520
1341846337.786157 -0.086864032 0.014293578 -0.068631530 0.050235510 -0.054469351 0.000510496 0.997250855
1341846337.817945 -0.085527159 0.011651864 -0.066600621 0.047361802 -0.052769013 0.002260556 0.997480392
1341846337.854071 -0.084506735 0.014415401 -0.066113032 0.046803668 -0.049569797 0.001691675 0.997671962
1341846337.885951 -0.086381339 0.016334409 -0.064602092 0.043993596 -0.046670832 0.000094945 0.997941077
1341846337.918223 -0.085973427 0.016945785 -0.062250204 0.040071305 -0.045321997 -0.002845352 0.998164356
1341846337.954120 -0.084647484 0.015074352 -0.063775904 0.037053406 -0.044009082 -0.003043473 0.998339117
1341846337.985994 -0.084217057 0.018467661 -0.061954673 0.035130564 -0.043205440 -0.003174999 0.998443305
1341846338.018107 -0.082708061 0.016708449 -0.058886811 0.031250738 -0.041985262 -0.001700660 0.998627901
1341846338.054055 -0.082265064 0.017902225 -0.057786599 0.029260002 -0.040438671 -0.002645040 0.998749971
1341846338.085986 -0.080139995 0.018666174 -0.055062398 0.025996139 -0.037756246 -0.002988335 0.998944283
1341846338.121875 -0.081299670 0.016716147 -0.052419171 0.023660518 -0.035098091 -0.001239283 0.999103010
1341846338.154089 -0.081211478 0.016917875 -0.051039647 0.022839172 -0.034687568 0.002117782 0.999134958
1341846338.186029 -0.080948249 0.017586080 -0.048776142 0.021885488 -0.035084561 0.004434706 0.999134839
1341846338.222071 -0.079107977 0.018323781 -0.047288980 0.020657118 -0.034242444 0.004224580 0.999191105
1341846338.254107 -0.079054922 0.017976411 -0.043052521 0.019041840 -0.032394405 0.004173542 0.999285042
1341846338.290130 -0.078165129 0.017108077 -0.038526200 0.019428857 -0.032850862 0.006153571 0.999252498
1341846338.321952 -0.078050852 0.018623343 -0.037451264 0.019702578 -0.031788547 0.008109115 0.999267519
1341846338.354022 -0.077648118 0.017923171 -0.035514656 0.018937364 -0.031274807 0.008461895 0.999295592
1341846338.389969 -0.078388579 0.020524515 -0.031927530 0.019290477 -0.030108137 0.008565452 0.999323785
1341846338.422377 -0.078090459 0.018827680 -0.029309688 0.016813783 -0.029716816 0.008753886 0.999378622
1341846338.454010 -0.078415938 0.020708628 -0.027353577 0.016490554 -0.029856013 0.007290390 0.999391556
1341846338.489894 -0.077477872 0.019937729 -0.023056639 0.014658478 -0.030707283 0.007936995 0.999389410
1341846338.522066 -0.076408260 0.018747335 -0.019519573 0.015104068 -0.030674035 0.008062433 0.999382794
1341846338.558058 -0.077064119 0.021708468 -0.018722828 0.015272766 -0.030163618 0.006336458 0.999408185
1341846338.589842 -0.075413719 0.021164129 -0.013846913 0.012921893 -0.031147435 0.006812801 0.999408007
1341846338.622019 -0.074463412 0.019387294 -0.010778851 0.013271513 -0.030069020 0.007745165 0.999429703
1341846338.657984 -0.075096324 0.021808825 -0.009244867 0.014345086 -0.030045513 0.009226751 0.999403000
1341846338.690198 -0.073112309 0.022682825 -0.006282133 0.012292355 -0.031327799 0.009306515 0.999390244
1341846338.722454 -0.071533792 0.020136349 -0.000568190 0.011104218 -0.030641038 0.009702682 0.999421656
1341846338.757945 -0.072652645 0.022511873 -0.001114591 0.011743993 -0.030223072 0.010957902 0.999414086
1341846338.790039 -0.072598770 0.023324706 0.003287053 0.009792326 -0.032381769 0.012009130 0.999355435
1341846338.826048 -0.069660552 0.021385722 0.007809375 0.009707903 -0.032352209 0.011138285 0.999367297
1341846338.858027 -0.070704266 0.023829805 0.008437077 0.010416204 -0.029961547 0.009041680 0.999455869
1341846338.889902 -0.069404095 0.024123767 0.012601548 0.007829102 -0.031338837 0.008886932 0.999438643
1341846338.925948 -0.067545176 0.022384096 0.018691191 0.006831420 -0.031491611 0.007612381 0.999451697
1341846338.958108 -0.068302743 0.022648690 0.019241171 0.007313383 -0.028832536 0.006109057 0.999538839
1341846338.990057 -0.066820718 0.021313127 0.023671398 0.007312266 -0.029188015 0.006986564 0.999522805
1341846339.025928 -0.065146804 0.020688966 0.028712137 0.009355764 -0.028691448 0.007327862 0.999517679
1341846339.057939 -0.065429591 0.022526586 0.030954545 0.012641214 -0.025958771 0.006955880 0.999558866
1341846339.093927 -0.067838453 0.025394114 0.031558670 0.012159933 -0.025536673 0.008131315 0.999566853
1341846339.126562 -0.064839184 0.026217328 0.032511353 0.008864458 -0.027518827 0.007848049 0.999551177
1341846339.157969 -0.061715700 0.025869062 0.038076732 0.006560067 -0.025679760 0.005237356 0.999634981
1341846339.194113 -0.064172067 0.027591085 0.038859535 0.004862334 -0.023648355 0.006152004 0.999689579
1341846339.228165 -0.063532591 0.029529307 0.043607041 0.002023235 -0.025985081 0.008704524 0.999622405
1341846339.257998 -0.060172394 0.027830547 0.048974656 -0.001282833 -0.026302438 0.009823477 0.999604940
1341846339.294132 -0.059728906 0.029142125 0.051149871 -0.000901674 -0.023900749 0.010026040 0.999663651
1341846339.326577 -0.061675668 0.033046663 0.049999330 -0.003749262 -0.025048571 0.012274956 0.999603808
1341846339.362269 -0.058333863 0.030182471 0.055171091 -0.009099045 -0.028363027 0.011506706 0.999490023
1341846339.394725 -0.057372961 0.031769417 0.058853034 -0.009121969 -0.026267096 0.010226237 0.999561071
1341846339.426160 -0.058235068 0.032840986 0.061509110 -0.010461001 -0.026027733 0.011477226 0.999540567
1341846339.462186 -0.054391854 0.029168835 0.064107135 -0.013646943 -0.027877636 0.011145083 0.999456048
1341846339.496743 -0.050036147 0.029176781 0.068027914 -0.010624859 -0.025538052 0.009270874 0.999574423
1341846339.530143 -0.052527059 0.031135306 0.070433632 -0.008971470 -0.020747984 0.009054263 0.999703526
1341846339.562052 -0.053161100 0.028819079 0.071548790 -0.009331379 -0.020730691 0.010649742 0.999684811
1341846339.595122 -0.049658243 0.028867124 0.075377136 -0.007264472 -0.021397844 0.011183886 0.999682128
1341846339.632085 -0.048224937 0.029479712 0.077072866 -0.005551479 -0.017870931 0.008868865 0.999785542
1341846339.664568 -0.048333041 0.029536214 0.079277851 -0.005388630 -0.014780422 0.006966467 0.999852002
1341846339.698896 -0.047737930 0.029032230 0.083278567 -0.005508010 -0.013447911 0.005524140 0.999879122
1341846339.731977 -0.046203934 0.027766321 0.086022466 -0.005525119 -0.013903805 0.004387493 0.999878466
1341846339.762241 -0.045202851 0.027071482 0.088409305 -0.005374631 -0.012741714 0.004209507 0.999895513
1341846339.797873 -0.044810575 0.027085541 0.091149673 -0.005178355 -0.012324712 0.005488501 0.999895573
1341846339.830245 -0.043195985 0.026549978 0.093788341 -0.005610059 -0.013433104 0.006108183 0.999875367
1341846339.862015 -0.042293504 0.026631655 0.094130136 -0.006070161 -0.013328713 0.005900627 0.999875307
1341846339.897797 -0.040756077 0.026344869 0.096783116 -0.007031107 -0.012439203 0.005426603 0.999883175
1341846339.929916 -0.040299647 0.025458543 0.100236200 -0.007404621 -0.011527872 0.006474113 0.999885201
1341846339.961960 -0.040358730 0.024809191 0.101433963 -0.006269195 -0.011677617 0.007547743 0.999883711
1341846339.997845 -0.038046960 0.024990879 0.102395743 -0.004892295 -0.011241396 0.008039634 0.999892533
1341846340.029925 -0.037089169 0.024630094 0.107188307 -0.003945649 -0.008854459 0.008999921 0.999912500
1341846340.066044 -0.035814211 0.023844300 0.107869796 -0.002299508 -0.008154987 0.010637102 0.999907553
1341846340.098009 -0.035519399 0.024491271 0.109436199 -0.001090882 -0.007601186 0.011481011 0.999904573
1341846340.130102 -0.034768388 0.023838958 0.111306764 -0.002012826 -0.007808090 0.010436337 0.999913037
1341846340.166041 -0.032815479 0.023328122 0.113305680 -0.000978546 -0.006023475 0.008644952 0.999943972
1341846340.197867 -0.033988275 0.023840666 0.115904987 0.000335252 -0.002840738 0.008405887 0.999960542
1341846340.229904 -0.033485785 0.024944259 0.116889693 -0.000579911 -0.003018548 0.008440958 0.999959648
1341846340.265859 -0.032303780 0.023341570 0.119858496 -0.001663908 -0.002193283 0.007736124 0.999966264
1341846340.298061 -0.031394832 0.023546936 0.122005060 0.000675474 -0.000062594 0.008245128 0.999965787
1341846340.334063 -0.032195594 0.025710741 0.125381544 0.000459823 -0.000604213 0.010287994 0.999946773
1341846340.366064 -0.031012041 0.023887759 0.127216831 -0.001719236 -0.002649411 0.009314217 0.999951601
1341846340.397995 -0.029294102 0.022966707 0.127679244 -0.000190603 -0.002674666 0.009008359 0.999955833
1341846340.433895 -0.029507253 0.023868017 0.130386457 0.000804699 -0.002710217 0.009652234 0.999949396
1341846340.465959 -0.029515276 0.023163889 0.132113382 0.001143957 -0.005018517 0.011205501 0.999923944
1341846340.501858 -0.027936822 0.023404213 0.130813718 0.002022664 -0.008705870 0.011354600 0.999895573
1341846340.534329 -0.026216585 0.023864524 0.130271673 0.002665164 -0.010657063 0.010947254 0.999879718
1341846340.566041 -0.025425375 0.022446480 0.130837888 0.003367269 -0.011500553 0.011762848 0.999858975
1341846340.601909 -0.023246048 0.022809438 0.130353346 0.006112286 -0.012858833 0.012156450 0.999824703
1341846340.634005 -0.023348037 0.023225265 0.127780065 0.006895468 -0.012801713 0.010996898 0.999833822
1341846340.666028 -0.021669148 0.022075625 0.127588600 0.006404963 -0.012855724 0.008862709 0.999857605
1341846340.701946 -0.020522345 0.021542482 0.127489462 0.008159920 -0.011740643 0.007119443 0.999872446
1341846340.733954 -0.018921575 0.022542700 0.126866132 0.009549684 -0.010552857 0.005618902 0.999882936
1341846340.770081 -0.019437915 0.022746287 0.126972869 0.008932420 -0.009653863 0.002754673 0.999909699
1341846340.801980 -0.018007830 0.021951497 0.126045436 0.008629486 -0.008930854 -0.001955803 0.999920964
1341846340.833999 -0.018442990 0.022986140 0.125364900 0.008784611 -0.006350787 -0.005798906 0.999924421
1341846340.870013 -0.018582560 0.023415303 0.125834629 0.007646743 -0.006408931 -0.007427023 0.999922633
1341846340.901955 -0.017750079 0.022648824 0.125902131 0.008541576 -0.006924556 -0.007985920 0.999907672
1341846340.933918 -0.019031703 0.022397742 0.124854811 0.010133443 -0.006823206 -0.005391804 0.999910831
1341846340.970122 -0.020394327 0.023261210 0.123969570 0.011760170 -0.009278825 -0.001083904 0.999887228
1341846341.001922 -0.019308886 0.021459773 0.122870937 0.012092043 -0.014225543 0.004622480 0.999814987
1341846341.037923 -0.018382447 0.022655293 0.121797226 0.013821322 -0.016936295 0.006748182 0.999738276
1341846341.070300 -0.018495187 0.022071399 0.120176926 0.013904604 -0.017516648 0.007046870 0.999725044
1341846341.102028 -0.019391399 0.022149961 0.119482607 0.013869916 -0.018659433 0.007052731 0.999704838
1341846341.137982 -0.018980553 0.021632951 0.118628606 0.013721620 -0.020601269 0.007035077 0.999668837
1341846341.170048 -0.018446926 0.021449462 0.118825831 0.014326388 -0.021277951 0.008157201 0.999637663
1341846341.202110 -0.018207351 0.020714888 0.117676117 0.015547971 -0.021778006 0.009647578 0.999595404
1341846341.237996 -0.018115805 0.020722445 0.116394520 0.017217003 -0.021380713 0.010414694 0.999568880
1341846341.269883 -0.018647328 0.020775910 0.116308630 0.018306060 -0.020922611 0.011165959 0.999551117
1341846341.306107 -0.018888818 0.020892011 0.115293257 0.019006159 -0.021337451 0.009952703 0.999542117
1341846341.338109 -0.018219214 0.021016082 0.114871576 0.020041782 -0.021057824 0.007926783 0.999545932
1341846341.370120 -0.017880043 0.021036167 0.115069747 0.020658081 -0.019993203 0.005577175 0.999571145
1341846341.406074 -0.020227335 0.020723218 0.114926070 0.020613227 -0.018588016 0.004442736 0.999604821
1341846341.438113 -0.020236144 0.019243473 0.115016416 0.021336466 -0.020691983 0.004904679 0.999546170
1341846341.470024 -0.019317357 0.019027693 0.113565363 0.023973247 -0.021002712 0.003305970 0.999486506
1341846341.506077 -0.020162912 0.021741660 0.113077298 0.024814649 -0.019862525 0.002241380 0.999492228
1341846341.538156 -0.021490969 0.020373443 0.114082731 0.023530586 -0.021254677 0.002145184 0.999494851
1341846341.574016 -0.020940846 0.020110577 0.112801895 0.024255399 -0.023635721 0.003342318 0.999420762
1341846341.612466 -0.021072285 0.020954017 0.111599058 0.024954075 -0.024341052 0.003733072 0.999385238
1341846341.643972 -0.021688063 0.021049496 0.111569278 0.023983488 -0.025418941 0.002398486 0.999386251
1341846341.679982 -0.022658266 0.020909339 0.111968726 0.023750674 -0.026385987 0.002835654 0.999365628
1341846341.712332 -0.024044260 0.021214217 0.111246012 0.024505502 -0.028307294 0.005786379 0.999282062
1341846341.744185 -0.023323722 0.020891029 0.111024745 0.024797602 -0.030655764 0.007843113 0.999191582
1341846341.780061 -0.023804102 0.021328690 0.110517785 0.025403839 -0.030964272 0.008784576 0.999158978
1341846341.812163 -0.023669478 0.021182148 0.110240139 0.025769537 -0.031776320 0.010651516 0.999105990
1341846341.842595 -0.021922784 0.019398864 0.110676236 0.027159106 -0.032675527 0.013776541 0.999001980
1341846341.875779 -0.022420436 0.019362707 0.108227216 0.028604051 -0.032668948 0.017597970 0.998901844
1341846341.906227 -0.021375913 0.018483367 0.108617067 0.030162243 -0.033759505 0.019274561 0.998788774
1341846341.942069 -0.020926718 0.016472356 0.108304083 0.032900639 -0.034121927 0.021263612 0.998649597
1341846341.974775 -0.020393645 0.016706107 0.105849795 0.036219746 -0.034354072 0.022915918 0.998490274
1341846342.010161 -0.022021204 0.016829055 0.105937921 0.036984220 -0.034913104 0.024434363 0.998406827
1341846342.042024 -0.019755233 0.014399628 0.105016157 0.037778173 -0.036299139 0.025053257 0.998312354
1341846342.080032 -0.019270701 0.014887119 0.104313463 0.040021241 -0.034072936 0.025230315 0.998298943
1341846342.112265 -0.020240398 0.013638600 0.103427082 0.039936952 -0.033175886 0.027096307 0.998283625
1341846342.147954 -0.019833839 0.012512582 0.104248174 0.042025015 -0.034662358 0.029072789 0.998091757
1341846342.179852 -0.018962769 0.013324780 0.102446184 0.045100708 -0.034294691 0.030561015 0.997925758
1341846342.211848 -0.019100178 0.014081975 0.103552163 0.046076901 -0.033794481 0.030690206 0.997894228
1341846342.247920 -0.018580094 0.012970827 0.102301784 0.046822276 -0.033672277 0.029445490 0.997901201
1341846342.279870 -0.018708445 0.013705487 0.103183702 0.048686381 -0.033255957 0.029722359 0.997817755
1341846342.316068 -0.017771563 0.013911135 0.100934632 0.049903907 -0.033462450 0.031013859 0.997711360
1341846342.347894 -0.017923474 0.014448893 0.101369463 0.050493900 -0.033373661 0.030558793 0.997698724
1341846342.379953 -0.018295499 0.013803127 0.102263898 0.050538156 -0.032439619 0.030424349 0.997731388
1341846342.416195 -0.018315321 0.013988556 0.102207549 0.051168840 -0.032289967 0.031790249 0.997661531
1341846342.447907 -0.017922593 0.014214801 0.101908900 0.051443543 -0.033466920 0.032520782 0.997585058
