1341846313.789969 0.013250166 -0.001947273 0.003091281 -0.000896212 -0.008886585 0.004703257 0.999949038
1341846313.822075 0.016658129 -0.000047930 0.003063999 -0.000007432 -0.008861925 0.003746503 0.999953687
1341846313.853928 0.019392444 -0.000340674 0.005746923 -0.000803606 -0.006685334 0.002592197 0.999973953
1341846313.890011 0.018496454 0.000540496 0.003486138 -0.000684782 -0.004435877 0.002766993 0.999986112
1341846313.922055 0.022860775 0.002021079 0.003396621 -0.002126020 -0.004716020 0.003746968 0.999979615
1341846313.957927 0.029903846 0.001869029 0.006420959 -0.004326418 -0.003106238 0.005595010 0.999970138
1341846313.990058 0.028054968 0.001987459 0.005151836 -0.005366591 0.004929847 0.006237942 0.999953985
1341846314.022042 0.031081818 0.004410247 0.004541706 -0.006846495 0.005752278 0.008119490 0.999927044
1341846314.057816 0.035124909 0.003176042 0.007175904 -0.010758306 0.007746723 0.010428924 0.999857724
1341846314.089801 0.034656338 0.001667261 0.007828267 -0.010637289 0.012923592 0.009818381 0.999811709
1341846314.122037 0.037911575 0.006090076 0.007746983 -0.010011156 0.016585335 0.012707460 0.999731600
1341846314.157989 0.042491555 0.005070774 0.010566695 -0.012698152 0.018231532 0.014569476 0.999647021
1341846314.190094 0.039224543 0.004602064 0.009497052 -0.012454623 0.024054000 0.013652927 0.999539852
1341846314.225969 0.037759703 0.006963570 0.006495069 -0.013787928 0.027682997 0.015747644 0.999397576
1341846314.257923 0.040257264 0.004363331 0.009440828 -0.016993046 0.027866930 0.018166833 0.999302089
1341846314.290052 0.040899858 0.004254929 0.008400393 -0.015651127 0.029355898 0.015834896 0.999321043
1341846314.325981 0.043269947 0.006355990 0.006948372 -0.015817823 0.029976573 0.015247705 0.999309123
1341846314.357905 0.045468759 0.005214218 0.011119764 -0.017184680 0.032878630 0.014297393 0.999209344
1341846314.389899 0.045547366 0.004584771 0.010280046 -0.015906364 0.036098901 0.012593843 0.999142230
1341846314.427905 0.048944809 0.006073753 0.008169550 -0.015471446 0.037071981 0.012076098 0.999119878
1341846314.458114 0.052522860 0.004058195 0.008922309 -0.016773133 0.040975779 0.008725867 0.998981237
1341846314.493987 0.054582391 0.004766287 0.013479526 -0.014576850 0.046507388 0.003571078 0.998805225
1341846314.526085 0.055437520 0.005610854 0.010412741 -0.014048701 0.048766199 0.000817928 0.998711050
1341846314.558292 0.055787150 0.004717096 0.009187747 -0.015703700 0.050954428 0.003000153 0.998573005
1341846314.594085 0.059823669 0.002210163 0.008726500 -0.015462109 0.054157473 0.003717184 0.998405755
1341846314.626096 0.059358358 0.004249751 0.003873606 -0.014187053 0.059161242 0.004131121 0.998139083
1341846314.658455 0.059469890 0.004521557 0.004871777 -0.016123006 0.062318534 0.002925043 0.997921765
1341846314.694004 0.063816220 0.001139633 0.010073582 -0.017197162 0.064615496 0.001080038 0.997761428
1341846314.725910 0.064129941 0.000091009 0.010232355 -0.013623242 0.067767933 0.006385852 0.997587621
1341846314.761942 0.062814325 0.002741183 0.009645676 -0.008699734 0.069137827 0.010558258 0.997513294
1341846314.794030 0.070005700 0.002065983 0.008917780 -0.006131357 0.068661556 0.012851637 0.997538388
1341846314.826092 0.070743382 0.003552272 0.007442315 -0.003516199 0.073618114 0.013104881 0.997194171
1341846314.862145 0.074355245 0.004168067 0.007434230 -0.003384947 0.076280616 0.013792999 0.996985257
1341846314.894072 0.077198528 0.003362227 0.007472846 -0.004018202 0.079291798 0.016374486 0.996708870
1341846314.925969 0.082243361 0.003973680 0.005780343 -0.003707021 0.081971601 0.018881071 0.996448874
1341846314.961937 0.083996907 0.006484334 0.003943389 -0.005691080 0.082224295 0.023011427 0.996331930
1341846314.994564 0.085253716 0.004724997 0.004070558 -0.009896203 0.082782231 0.022480959 0.996264875
1341846315.029900 0.091528431 0.003816811 0.006277229 -0.010575312 0.084597394 0.021021603 0.996137321
1341846315.061965 0.084749170 0.004604265 0.005076927 -0.010590659 0.088470377 0.024233241 0.995727658
1341846315.094388 0.084872060 0.003735829 0.006805710 -0.010746711 0.088157006 0.023961283 0.995760381
1341846315.129851 0.088209942 0.003439987 0.003618332 -0.008910814 0.087380253 0.023005525 0.995869517
1341846315.161941 0.088174939 0.010673266 0.002675904 -0.008700184 0.087863810 0.025283126 0.995773613
1341846315.197984 0.089289270 0.008425646 0.001612979 -0.016367823 0.085413769 0.023159871 0.995941877
1341846315.230076 0.093056969 0.006501824 0.001126735 -0.020726383 0.083270341 0.020300377 0.996104598
1341846315.262069 0.092691757 0.006834169 0.002641549 -0.023458803 0.081346661 0.021822296 0.996170759
1341846315.298000 0.095195815 0.004325245 0.006891007 -0.026521649 0.076612815 0.023994301 0.996419251
1341846315.329931 0.100728661 0.001156089 0.012439338 -0.024111014 0.073958747 0.026195839 0.996625602
1341846315.361981 0.101289734 0.002655823 0.010492394 -0.018154643 0.073417753 0.029318705 0.996704876
1341846315.397962 0.104728922 0.002908964 0.010233125 -0.015437253 0.072654530 0.034351241 0.996645927
1341846315.429923 0.105545290 0.002759880 0.006592429 -0.012705472 0.074854121 0.035511702 0.996481001
1341846315.466047 0.108109646 0.005665134 0.002897090 -0.010621213 0.077515587 0.036471479 0.996267200
1341846315.497883 0.106595732 0.005651506 0.006343505 -0.011889690 0.081552267 0.040705979 0.995766521
1341846315.530008 0.106974788 0.007093879 0.006222150 -0.010993011 0.083101913 0.040575150 0.995653987
1341846315.566108 0.106894381 0.007846475 0.007314652 -0.011497822 0.084878661 0.041172128 0.995473921
1341846315.597986 0.104463615 0.005613762 0.006447512 -0.012646294 0.086739413 0.041201130 0.995298326
1341846315.630109 0.105452016 0.006073621 0.005961155 -0.012429795 0.087401360 0.041031279 0.995250165
1341846315.666042 0.104557291 0.007961815 0.003786665 -0.012675445 0.089713231 0.039239421 0.995113611
1341846315.698114 0.100914761 0.007940831 -0.002569187 -0.017690994 0.095040873 0.034723211 0.994710267
1341846315.733985 0.104651861 0.006450490 0.008546556 -0.020977510 0.095611393 0.038836218 0.994439602
1341846315.766041 0.102416776 0.005957987 0.005300610 -0.020493478 0.094076298 0.039524309 0.994569004
1341846315.798188 0.103699386 0.005834243 0.007824632 -0.021666165 0.093143843 0.038506076 0.994671822
1341846315.834140 0.102977648 0.004230291 0.008986983 -0.021237738 0.095430233 0.036963638 0.994522870
1341846315.866751 0.102583908 0.004258673 0.007467397 -0.018793395 0.096701011 0.036329761 0.994472682
1341846315.898492 0.100972697 0.004232981 0.007876680 -0.017461520 0.097748987 0.036336936 0.994394243
1341846315.936901 0.100695722 0.002567739 0.009201401 -0.015278876 0.099389337 0.035710171 0.994290233
1341846315.966572 0.097547382 0.001601094 0.006214335 -0.012417388 0.101461880 0.034415737 0.994166434
1341846316.002119 0.096970089 0.002098350 0.006296356 -0.010258328 0.100943074 0.034111097 0.994254351
1341846316.034204 0.095377773 0.000344111 0.005680495 -0.009257562 0.101356573 0.033759680 0.994234085
1341846316.066113 0.092563465 -0.000448655 0.005722346 -0.007098113 0.101925500 0.033679869 0.994196415
1341846316.101867 0.087496974 0.001385151 0.003774524 -0.004920055 0.101936981 0.033209473 0.994224191
1341846316.134066 0.086643502 0.002673548 0.005190945 -0.005197060 0.098911978 0.030994827 0.994599760
1341846316.169952 0.085635386 0.002507570 0.007980638 -0.005272056 0.096387155 0.029131437 0.994903564
1341846316.202049 0.081352688 0.000807689 0.006143574 -0.005391618 0.095085382 0.025533076 0.995127022
1341846316.233979 0.080749944 0.000855085 0.003046307 -0.004754822 0.093801156 0.024278969 0.995283484
1341846316.270052 0.080697790 0.000542021 0.003909683 -0.006388469 0.094070829 0.022568947 0.995289147
1341846316.301915 0.078892805 -0.001932170 0.005166110 -0.006911348 0.095225506 0.020177059 0.995227218
1341846316.334208 0.076038212 -0.001739639 0.007124662 -0.005206066 0.094957262 0.021195948 0.995242059
1341846316.370006 0.074423373 -0.002402716 0.006400662 -0.003324768 0.093552679 0.021868501 0.995368600
1341846316.401994 0.071820341 -0.001620931 0.004949735 -0.001236013 0.093291968 0.023244904 0.995366633
1341846316.438069 0.072547033 -0.002967386 0.007047342 0.000569314 0.092343450 0.026124474 0.995384276
1341846316.470076 0.067230508 -0.002874944 0.007847659 0.005377791 0.093258426 0.027556270 0.995245993
1341846316.502034 0.065670922 -0.000146017 0.002744826 0.007727250 0.090208091 0.029854855 0.995445371
1341846316.537975 0.061587065 0.001101651 0.004364254 0.005872702 0.088344038 0.027478475 0.995693624
1341846316.570121 0.059451174 -0.001714703 0.006390015 0.004730512 0.088690557 0.024324184 0.995750964
1341846316.601885 0.058794625 -0.003254964 0.005852794 0.006189274 0.087306492 0.024323763 0.995865285
1341846316.638009 0.057707403 -0.003689075 0.003562347 0.008689051 0.086192921 0.025412602 0.995916367
1341846316.669925 0.056644425 -0.004072926 0.005392193 0.011040515 0.085155718 0.024713963 0.995999932
1341846316.705941 0.053896591 -0.006219541 0.004248702 0.014578419 0.085570820 0.025006657 0.995911539
1341846316.738062 0.053258963 -0.005083141 -0.000037089 0.017020728 0.084056020 0.029646579 0.995874465
1341846316.770433 0.049139526 -0.002402977 0.001638930 0.017177798 0.084308460 0.028883649 0.995872855
1341846316.805932 0.047174696 -0.005443729 0.003213903 0.016663149 0.084654823 0.027544813 0.995890141
1341846316.838029 0.043790706 -0.003926303 0.004421992 0.018527001 0.083671249 0.029424595 0.995886564
1341846316.870034 0.041091111 -0.004814344 0.005618329 0.018743591 0.080549933 0.030887041 0.996095538
1341846316.906344 0.037639476 -0.005191531 0.004521410 0.019791970 0.078351788 0.028751874 0.996314466
1341846316.937940 0.038777161 -0.004590241 0.001747468 0.019792832 0.075546831 0.027899023 0.996555328
1341846316.973994 0.035671391 -0.004526608 0.003064545 0.018924152 0.074275203 0.027115207 0.996689439
1341846317.005913 0.033166368 -0.005333012 0.005630945 0.017496970 0.071837328 0.027673386 0.996878862
1341846317.037936 0.031102207 -0.006006008 0.007368188 0.017969301 0.069547810 0.026416559 0.997066915
1341846317.073972 0.031844407 -0.006323829 0.006760886 0.019071881 0.066754118 0.028475426 0.997180700
1341846317.106113 0.027574740 -0.007395283 0.005433322 0.021142868 0.066285782 0.030994620 0.997095048
1341846317.137887 0.020317605 -0.008796141 0.004584725 0.023766054 0.061838135 0.034660354 0.997201025
1341846317.173970 0.019354559 -0.006269513 0.002806797 0.025858294 0.054338470 0.037680797 0.997476220
1341846317.205887 0.019374888 -0.007692789 0.002797563 0.025342245 0.050892081 0.037669905 0.997671664
1341846317.248131 0.015413473 -0.008554713 0.004335392 0.026392784 0.048831269 0.039823391 0.997663796
1341846317.273950 0.014610414 -0.005968260 0.006316378 0.028648345 0.044451196 0.041937590 0.997719705
1341846317.306289 0.014044608 -0.006054676 0.005102727 0.028850811 0.042070627 0.044919606 0.997687280
1341846317.348137 0.014082355 -0.006208159 0.005729812 0.030125741 0.042757116 0.046022721 0.997570157
1341846317.373974 0.013775011 -0.005797959 0.005196080 0.031748720 0.042595163 0.050352082 0.997317553
1341846317.410120 0.013353783 -0.005881826 0.005148652 0.031931855 0.040847208 0.053581487 0.997216582
1341846317.442569 0.008871670 -0.008189800 0.006295722 0.033914264 0.042753819 0.053555883 0.997072577
1341846317.474010 0.008265053 -0.008002076 0.003095896 0.039994422 0.042006485 0.057413254 0.996664226
1341846317.509927 0.007599862 -0.007633759 0.002163016 0.042173039 0.038891099 0.062412173 0.996400356
1341846317.542282 0.008006671 -0.007797233 0.003035543 0.040980220 0.034942411 0.061879408 0.996629655
1341846317.573943 0.002250444 -0.006398276 0.008388970 0.041813713 0.039615255 0.059222914 0.996581614
1341846317.610159 0.002006277 -0.006716282 0.007279322 0.044652570 0.040357590 0.062170591 0.996249080
1341846317.643553 0.001524913 -0.006067074 0.004397634 0.046459910 0.037551101 0.061247442 0.996333361
1341846317.677993 0.001817548 -0.006363059 0.005583874 0.047342952 0.032806054 0.063754007 0.996302068
1341846317.709996 -0.010427209 -0.006816892 0.009771986 0.050139938 0.036555972 0.063412279 0.996056497
1341846317.741834 -0.014667072 -0.005801503 0.006395114 0.050563455 0.036039796 0.063802451 0.996028960
1341846317.777923 -0.017574422 -0.006121433 0.007950103 0.048616644 0.035302997 0.062570028 0.996230483
1341846317.810021 -0.019327469 -0.006888030 0.009353160 0.048267972 0.033477515 0.061544936 0.996374249
1341846317.841886 -0.022191605 -0.004664515 0.010914563 0.048094667 0.032911200 0.058979627 0.996556640
1341846317.878017 -0.023541270 -0.004600270 0.008977832 0.045850933 0.032553602 0.056023654 0.996844709
1341846317.909910 -0.023803102 -0.005417533 0.009406338 0.044941384 0.033256795 0.052879401 0.997034609
1341846317.946031 -0.028316025 -0.007053300 0.010766105 0.045754928 0.035183929 0.053215213 0.996913612
1341846317.978041 -0.031983424 -0.007602552 0.010774936 0.047717433 0.033996884 0.054321148 0.996803105
1341846318.009897 -0.031684842 -0.006451496 0.010488086 0.050394464 0.034025706 0.052098107 0.996789098
1341846318.045949 -0.035345018 -0.005379112 0.009731853 0.050656449 0.035188455 0.050307516 0.996827364
1341846318.078074 -0.038918193 -0.005812062 0.012736926 0.049877446 0.034357775 0.048564281 0.996982098
1341846318.109894 -0.043066937 -0.006346168 0.008427130 0.049343806 0.030686757 0.045787558 0.997259736
1341846318.145957 -0.044065576 -0.006198695 0.010672909 0.048692044 0.028443484 0.043526709 0.997459531
1341846318.178001 -0.045602985 -0.007212689 0.009805517 0.047603860 0.028518409 0.041101348 0.997612774
1341846318.214074 -0.049837466 -0.008021047 0.011302743 0.048245355 0.027628830 0.039456334 0.997673392
1341846318.245970 -0.054092530 -0.009584021 0.008346768 0.050881866 0.022206632 0.040379442 0.997640908
1341846318.278018 -0.056764703 -0.010106441 0.008347863 0.054504652 0.017440105 0.041362349 0.997503996
1341846318.313937 -0.057704400 -0.008837542 0.010539882 0.056792554 0.011782156 0.039879419 0.997519612
1341846318.345989 -0.060348269 -0.009921868 0.011295916 0.057993110 0.003181873 0.038920291 0.997552931
1341846318.382046 -0.064159498 -0.008332686 0.018254269 0.060874145 -0.003199134 0.037831731 0.997423112
1341846318.414072 -0.066646896 -0.010761390 0.012336351 0.061086658 -0.009719181 0.038507979 0.997341990
1341846318.446035 -0.067991316 -0.009569436 0.014390452 0.064067639 -0.016040608 0.038938861 0.997056603
1341846318.482196 -0.068074591 -0.009213220 0.009699669 0.065254048 -0.019219030 0.038611662 0.996936142
1341846318.514144 -0.070253454 -0.010232455 0.007909182 0.064824507 -0.020513859 0.039859898 0.996889234
1341846318.546259 -0.073246062 -0.012602022 0.006869413 0.065920770 -0.021585947 0.039822713 0.996796191
1341846318.582042 -0.075196736 -0.010078161 0.008153520 0.067862786 -0.021322601 0.039076459 0.996701062
1341846318.614115 -0.078308880 -0.010338441 0.009168273 0.067393303 -0.021258483 0.038414557 0.996760011
1341846318.650038 -0.080795832 -0.009770188 0.008450994 0.067259908 -0.021964990 0.035172243 0.996873379
1341846318.682350 -0.083387993 -0.010040153 0.007959004 0.066797480 -0.022317635 0.033471748 0.996955156
1341846318.714063 -0.078090735 -0.008746857 0.012041023 0.066645898 -0.024746958 0.032571185 0.996937811
1341846318.749905 -0.080904789 -0.010010948 0.011101872 0.067411646 -0.024303490 0.034803890 0.996821821
1341846318.782036 -0.084509641 -0.009928223 0.009722436 0.068845987 -0.024873696 0.036197759 0.996660054
1341846318.814121 -0.088487834 -0.010183126 0.011058313 0.068678841 -0.029729132 0.033918593 0.996618748
1341846318.850072 -0.091532908 -0.010624652 0.008187896 0.069168299 -0.035370830 0.031604744 0.996476710
1341846318.883516 -0.091114156 -0.011310995 0.008857378 0.072279163 -0.044054702 0.030406084 0.995947003
1341846318.918047 -0.099173583 -0.011869365 0.002888562 0.074726090 -0.055196840 0.029159311 0.995248258
1341846318.950044 -0.102541357 -0.014774671 0.004269957 0.075784922 -0.063075438 0.027427616 0.994749129
1341846318.982028 -0.105472013 -0.012268524 0.002336016 0.077943772 -0.066432729 0.023031015 0.994475245
1341846319.018123 -0.108589560 -0.013043274 -0.005610354 0.077262528 -0.072849438 0.023769738 0.994061589
1341846319.050745 -0.110298812 -0.015393412 0.000509580 0.078307398 -0.078281440 0.022477865 0.993596852
1341846319.081905 -0.116696313 -0.014079913 0.008101547 0.084737539 -0.078296997 0.021748552 0.993084133
1341846319.117976 -0.109023541 -0.011501651 0.006033075 0.087334812 -0.079382099 0.025946336 0.992672086
1341846319.150093 -0.114550181 -0.011760648 0.003150569 0.089026950 -0.083191507 0.033515118 0.991982937
1341846319.186069 -0.111954458 -0.009706764 0.003104119 0.090747818 -0.085503757 0.034455694 0.991598070
1341846319.218149 -0.111601219 -0.006748589 0.001692222 0.087905660 -0.081561461 0.033722494 0.992211223
1341846319.250034 -0.112251639 -0.005186394 0.007062657 0.082527757 -0.075342618 0.030832451 0.993258297
1341846319.286594 -0.116904750 -0.007669490 0.008258324 0.080179133 -0.071309552 0.035373617 0.993596971
1341846319.318034 -0.118830755 -0.007388848 0.006984246 0.080934621 -0.070773162 0.038902435 0.993442178
1341846319.350268 -0.122584507 -0.008369258 0.010062395 0.081457369 -0.069922172 0.045487233 0.993180037
1341846319.386163 -0.130993798 -0.010128808 0.010101372 0.083154775 -0.072910033 0.052761395 0.992464423
1341846319.418386 -0.128891721 -0.010630173 -0.001743027 0.083728500 -0.078703128 0.053406462 0.991939068
1341846319.453961 -0.127291575 -0.007125603 0.001502467 0.084879547 -0.081281319 0.050164081 0.991802633
1341846319.486271 -0.133108810 -0.007341470 0.002710680 0.084202096 -0.080941238 0.048482399 0.991971731
1341846319.518456 -0.136882514 -0.008060653 -0.003488347 0.080367699 -0.084273636 0.052004259 0.991833925
1341846319.554083 -0.138063326 -0.009782203 0.006059154 0.078402951 -0.087221712 0.048335049 0.991921902
1341846319.586296 -0.141562492 -0.009638689 0.007676197 0.079052724 -0.086464629 0.044276778 0.992126048
1341846319.622031 -0.147992551 -0.011140768 0.004816098 0.077098228 -0.088839412 0.041123305 0.992205739
1341846319.653962 -0.150002837 -0.011585806 0.011991747 0.076832928 -0.094138145 0.040094566 0.991779804
1341846319.686352 -0.150525197 -0.011932346 0.011477601 0.078402355 -0.098100454 0.041546471 0.991213024
1341846319.721992 -0.153046042 -0.010432790 0.010126254 0.079431467 -0.102262326 0.042767830 0.990658343
1341846319.754063 -0.147980332 -0.005834870 0.002176410 0.076818652 -0.105490446 0.042393472 0.990541995
1341846319.786397 -0.150965378 -0.006388073 0.001816276 0.072368570 -0.105020270 0.045475867 0.990790367
1341846319.822008 -0.151713222 -0.006400220 0.003826624 0.069148906 -0.105850451 0.049646348 0.990731716
1341846319.853917 -0.152265579 -0.006310677 0.002333322 0.064012609 -0.107088245 0.054281913 0.990700722
1341846319.889942 -0.153828904 -0.009131728 0.006576164 0.060556032 -0.107680246 0.058978122 0.990585446
1341846319.922039 -0.158513442 -0.011315630 0.004933505 0.059994206 -0.110821307 0.060282189 0.990194619
1341846319.953946 -0.156653389 -0.012344575 0.008082127 0.060059689 -0.117669500 0.057341713 0.989574969
1341846319.990054 -0.156472936 -0.011440545 0.007909655 0.063081846 -0.120806247 0.049733069 0.989420593
1341846320.028122 -0.156904235 -0.011551456 0.005658901 0.064935610 -0.124402717 0.048414849 0.988920271
1341846320.054177 -0.156229243 -0.011159753 0.006417780 0.068282738 -0.130258977 0.048930090 0.987914920
1341846320.090047 -0.151166096 -0.009147625 0.007609979 0.070479006 -0.133081824 0.049807735 0.987340450
1341846320.122011 -0.147975698 -0.008723479 0.006841477 0.071231835 -0.131325856 0.050512668 0.987485707
1341846320.157952 -0.146398574 -0.009737720 0.008715674 0.071317904 -0.128850281 0.051094282 0.987775624
1341846320.190003 -0.143119588 -0.011477509 0.011611342 0.073906146 -0.125931501 0.049731508 0.988031328
1341846320.221941 -0.142540544 -0.011822839 0.010219391 0.077842273 -0.122073382 0.050630782 0.988167584
1341846320.258015 -0.139906377 -0.012965611 0.013256690 0.081706136 -0.121577732 0.054198258 0.987727463
1341846320.289887 -0.137162104 -0.015094677 0.009997171 0.086545296 -0.122490019 0.054743368 0.987172365
1341846320.321954 -0.132794499 -0.012960388 0.016592722 0.096853152 -0.124327175 0.052828271 0.986088932
1341846320.357890 -0.128635079 -0.011266183 0.013819518 0.101719901 -0.123931020 0.054327119 0.985567212
1341846320.390064 -0.121411264 -0.011744997 0.008251127 0.102754042 -0.120847575 0.053901903 0.985866129
1341846320.426544 -0.117310748 -0.011478487 0.014647183 0.105525754 -0.114429198 0.052083187 0.986436844
1341846320.458122 -0.116515398 -0.011282069 0.012565483 0.106652133 -0.106646173 0.049381610 0.987326384
1341846320.490186 -0.105330892 -0.013906103 0.021575239 0.109585285 -0.101595819 0.049195953 0.987547040
1341846320.525911 -0.108374581 -0.013270899 0.007167559 0.112951659 -0.092012770 0.046948656 0.988216281
1341846320.558091 -0.101983316 -0.011256317 0.012403222 0.114909075 -0.088332795 0.041217029 0.988582015
1341846320.594093 -0.095694132 -0.013581822 0.013551601 0.115644537 -0.084589623 0.038289823 0.988941252
1341846320.631955 -0.099090226 -0.012057099 0.013915039 0.118630551 -0.075759754 0.037587393 0.989330292
1341846320.664916 -0.096274354 -0.011048622 0.010760122 0.118600920 -0.073289715 0.036338497 0.989566505
1341846320.699927 -0.089829661 -0.011778129 0.013169570 0.118571393 -0.070809498 0.034850840 0.989804149
1341846320.731822 -0.085594282 -0.011161400 0.013528296 0.120784618 -0.064384907 0.034020014 0.990004182
1341846320.763877 -0.093107603 -0.005183461 0.001951886 0.119384736 -0.060796410 0.033957485 0.990402937
1341846320.799999 -0.078233212 -0.009901918 0.008482242 0.111281194 -0.064847998 0.028887540 0.991250098
1341846320.831871 -0.060473885 -0.012568605 0.018638840 0.112867028 -0.058084864 0.025864817 0.991573572
1341846320.863887 -0.080430754 -0.005809232 0.005444239 0.112867013 -0.042549584 0.025167126 0.992379546
1341846320.900014 -0.072225094 -0.010096174 0.011870879 0.104980983 -0.050094914 0.030423062 0.992745638
1341846320.931889 -0.061133049 -0.010998306 0.021715177 0.106681012 -0.051712599 0.029361736 0.992513418
1341846320.967866 -0.064246528 -0.004774328 0.013502126 0.106925316 -0.044936344 0.025794305 0.992916107
1341846321.000017 -0.063050032 -0.007432711 0.011314576 0.100125775 -0.044581804 0.024095979 0.993683398
1341846321.031860 -0.056950338 -0.010404910 0.013119691 0.097789168 -0.044517092 0.022055687 0.993966341
1341846321.068047 -0.059325144 -0.007926014 0.012348965 0.098579235 -0.040054612 0.019952269 0.994122565
1341846321.099840 -0.058203183 -0.008979897 0.010744911 0.095839277 -0.038643189 0.020915283 0.994426548
1341846321.131821 -0.051195193 -0.011612461 0.014113790 0.095873244 -0.038044114 0.022338102 0.994415402
1341846321.167887 -0.049984965 -0.010298878 0.012025465 0.098681733 -0.033819977 0.022707965 0.994284928
1341846321.200042 -0.049137305 -0.008904193 0.011307919 0.099310577 -0.031094503 0.022488087 0.994316280
1341846321.231950 -0.047229715 -0.011177083 0.012272705 0.098282449 -0.030024104 0.020881623 0.994486332
1341846321.267939 -0.040885944 -0.009376690 0.009640167 0.099030353 -0.028605666 0.016540630 0.994535625
1341846321.299948 -0.038991299 -0.009934872 0.013238868 0.097758174 -0.024204211 0.010483558 0.994860590
1341846321.331858 -0.037686817 -0.010927065 0.013846262 0.097853094 -0.021251250 0.007026941 0.994949162
1341846321.367913 -0.031111959 -0.012661211 0.013057982 0.098880768 -0.019613145 0.003054361 0.994901299
1341846321.399897 -0.029983707 -0.011186790 0.013913384 0.101139009 -0.014112716 0.001267213 0.994771421
1341846321.435994 -0.029171037 -0.012581829 0.014295938 0.102351829 -0.010692646 0.001117209 0.994690180
1341846321.467946 -0.026475584 -0.012036732 0.015665367 0.104366601 -0.008309074 0.001630330 0.994502842
1341846321.499882 -0.022044487 -0.011975715 0.017652623 0.105813615 -0.005694265 0.002214562 0.994367182
1341846321.536109 -0.017093206 -0.009690928 0.011081249 0.105778113 -0.000792380 -0.000497937 0.994389355
1341846321.568960 -0.019564904 -0.007880281 0.017742289 0.102926724 0.006797332 -0.002889801 0.994661510
1341846321.603938 -0.018678047 -0.009728499 0.015966378 0.099205725 0.009610804 -0.003344678 0.995014906
1341846321.637163 -0.006432854 -0.007869131 0.012362576 0.096814096 0.012087128 -0.004147376 0.995220482
1341846321.668306 -0.012186196 -0.007343645 0.010874402 0.092577025 0.022526603 -0.001736339 0.995449185
1341846321.704411 -0.015443997 -0.006667587 0.019709606 0.089828148 0.024956785 0.005238774 0.995630741
1341846321.736861 -0.012721658 -0.008304653 0.017508555 0.088024743 0.022433842 0.014454478 0.995760739
1341846321.771881 -0.008558537 -0.004172319 0.016055878 0.086373508 0.021986671 0.019317083 0.995832860
1341846321.804114 -0.005832776 -0.005032361 0.019071341 0.081936143 0.023846658 0.022761706 0.996092260
1341846321.836152 -0.005104564 -0.003691163 0.018232247 0.079087518 0.026116068 0.023366068 0.996251583
1341846321.871882 -0.003542091 -0.000375494 0.019866046 0.074599534 0.027389042 0.020594658 0.996624649
1341846321.904074 -0.001343700 -0.001745672 0.018882494 0.067785271 0.028492333 0.017616237 0.997137427
1341846321.939847 -0.000447787 -0.003437376 0.021692652 0.063510820 0.031569816 0.014720283 0.997373104
1341846322.004094 -0.002573490 -0.004501611 0.021948034 0.056519374 0.029956842 0.014160916 0.997851491
1341846322.034203 0.003565792 -0.005581520 0.021423100 0.054601345 0.029529560 0.013710416 0.997977316
1341846322.066178 0.002601678 -0.006546407 0.020975154 0.051568862 0.034061700 0.011037328 0.998027384
1341846322.107979 0.001758576 -0.011029126 0.022076959 0.048682243 0.036259275 0.010001375 0.998105884
1341846322.133980 0.001935438 -0.015889043 0.022847485 0.049448553 0.036864847 0.007835548 0.998065352
1341846322.166164 -0.000709151 -0.016149845 0.023058806 0.051963635 0.036511853 0.010013462 0.997931063
1341846322.202932 -0.000014823 -0.017953984 0.023421055 0.053168319 0.033951659 0.010742293 0.997950435
1341846322.234093 0.000600934 -0.019067749 0.023468845 0.051950298 0.032383773 0.008632139 0.998087108
1341846322.265941 0.000099600 -0.021170991 0.023051696 0.049704690 0.029633656 0.008816297 0.998285294
1341846322.301996 0.003335016 -0.025927030 0.023953762 0.047338884 0.027083345 0.010397080 0.998457491
1341846322.333949 0.000405697 -0.029750198 0.023315134 0.046385109 0.026007801 0.009706512 0.998537838
1341846322.369871 0.002203754 -0.033895124 0.023551552 0.047176287 0.020387644 0.006885001 0.998654783
1341846322.402292 0.008295891 -0.037935164 0.020943604 0.048485719 0.020255798 0.001048878 0.998617887
1341846322.433955 0.002121358 -0.044158794 0.022731772 0.053160653 0.023626879 -0.004015563 0.998298347
1341846322.470030 0.001927641 -0.045474507 0.023469571 0.061801307 0.019107228 0.000023889 0.997905552
1341846322.502433 0.005506657 -0.050635193 0.023216473 0.067210749 0.015242666 0.003119317 0.997617483
1341846322.534002 0.008564461 -0.055689991 0.025640078 0.075463794 0.014041667 0.005145960 0.997036397
1341846322.570196 0.006268734 -0.058608938 0.024695389 0.085283846 0.014715658 0.006411402 0.996227384
1341846322.601920 0.005083376 -0.060720138 0.021475332 0.090283528 0.011834755 0.010006818 0.995795488
1341846322.638119 0.010021823 -0.064827219 0.025472438 0.095710203 0.007663041 0.010188631 0.995327592
1341846322.669947 0.014023141 -0.066975899 0.023897508 0.100298092 0.009988108 0.008718456 0.994869113
1341846322.702026 0.009048363 -0.069696777 0.022077283 0.103090890 0.012977094 0.010414477 0.994532764
1341846322.738006 0.002350886 -0.064756259 0.022076497 0.105841704 0.011329238 0.011950305 0.994246662
1341846322.770087 0.005925070 -0.071260512 0.024666974 0.105134733 0.011174547 0.012443323 0.994317353
1341846322.806047 0.002829394 -0.074494623 0.024050025 0.108764306 0.011806597 0.013516703 0.993905544
1341846322.838063 0.001288434 -0.076090001 0.024369230 0.110598944 0.007881657 0.015320172 0.993715763
1341846322.870081 0.003559639 -0.080919035 0.025579287 0.112313367 0.002311633 0.016483834 0.993533373
1341846322.906018 0.007078041 -0.080796145 0.027756531 0.117662050 -0.000088783 0.016293814 0.992919981
1341846322.938349 0.005967098 -0.077391870 0.026684057 0.118924923 0.001274975 0.017010583 0.992756724
1341846322.970069 0.007240362 -0.079168968 0.025149850 0.113834985 0.000661126 0.019614348 0.993305802
1341846323.011820 0.007530766 -0.083420947 0.026481749 0.110885650 0.001098862 0.019867728 0.993633986
1341846323.038050 0.006438558 -0.084311776 0.026520951 0.110445820 0.001584943 0.022672540 0.993622243
1341846323.073951 0.006613140 -0.083335459 0.026853882 0.108458862 0.001161780 0.024074342 0.993808687
1341846323.105962 0.007641024 -0.089034535 0.028104547 0.104690462 0.000974068 0.024610108 0.994199872
1341846323.138158 0.006963605 -0.089279965 0.028560309 0.105658270 0.001192927 0.020926325 0.994181573
1341846323.174092 0.005996838 -0.089182384 0.028166311 0.103843264 0.000966050 0.019571101 0.994400620
1341846323.206059 0.008611264 -0.091219924 0.026737297 0.100628674 -0.000039802 0.017577557 0.994768798
1341846323.238053 0.010349447 -0.091379434 0.028428022 0.098387413 0.002621052 0.015328223 0.995026708
1341846323.273997 0.005315021 -0.091838084 0.026719617 0.094275065 0.003875718 0.015993752 0.995410144
1341846323.305946 0.007813830 -0.093686551 0.027166627 0.089100637 -0.000610817 0.017262334 0.995872855
1341846323.342027 0.014070696 -0.098553017 0.030886652 0.086614981 -0.000186799 0.015610648 0.996119559
1341846323.374048 0.008677399 -0.101170532 0.028796582 0.086781293 0.004465398 0.016699160 0.996077418
1341846323.405987 0.005307031 -0.105016060 0.025563860 0.086230434 0.000809663 0.022021091 0.996031463
1341846323.441956 0.008221939 -0.108223185 0.031873133 0.087630965 -0.003795320 0.023814688 0.995861113
1341846323.473878 0.010678486 -0.110707104 0.029438190 0.091622636 -0.002841062 0.022730688 0.995530248
1341846323.506129 0.007787046 -0.109326519 0.028584763 0.094546795 -0.002246516 0.019865343 0.995319664
1341846323.541972 0.010841792 -0.109547339 0.027533717 0.093148202 -0.002973217 0.017754901 0.995489538
1341846323.573913 0.014908943 -0.112591445 0.026736958 0.092417240 0.000532350 0.012617135 0.995640278
1341846323.609927 0.011819162 -0.112603918 0.026836308 0.093125865 0.007267607 0.009048369 0.995586693
1341846323.642014 0.008185479 -0.115488231 0.025921069 0.091764942 0.009677446 0.009646319 0.995686948
1341846323.674081 0.007980806 -0.118988156 0.026598327 0.091654748 0.007895295 0.011965702 0.995687664
1341846323.710069 0.007960613 -0.124443792 0.026483776 0.092666261 0.006626996 0.015762173 0.995550394
1341846323.742111 0.008011139 -0.126985490 0.026975553 0.097157903 0.004669003 0.016893186 0.995114684
1341846323.774928 0.009579868 -0.128258154 0.024378527 0.100166515 0.001957722 0.014295477 0.994866073
1341846323.810012 0.009920530 -0.129211292 0.025508232 0.101836301 0.000669831 0.010851685 0.994741738
1341846323.842207 0.010358887 -0.130466610 0.023415782 0.103213340 0.000835470 0.005518280 0.994643569
1341846323.878019 0.008459753 -0.133533418 0.021923684 0.103795834 0.000496432 0.001446848 0.994597495
1341846323.909826 0.009151747 -0.137677595 0.024769481 0.106586851 -0.001556690 -0.002350791 0.994299412
1341846323.942459 0.007800475 -0.137051120 0.023337850 0.110723473 -0.001364213 -0.003212551 0.993845105
1341846323.978055 0.006551196 -0.138516247 0.022885863 0.112838306 -0.003852345 -0.001763576 0.993604362
1341846324.015934 0.009148693 -0.138478875 0.023848733 0.116904184 -0.006689302 -0.001819942 0.993119001
1341846324.047722 0.009886705 -0.133902609 0.021261219 0.120816521 -0.005011812 -0.002439779 0.992659211
1341846324.083904 0.009108394 -0.130243644 0.020765871 0.121316053 -0.003357954 -0.003796236 0.992600977
1341846324.115968 0.010084040 -0.129327819 0.019988652 0.119143233 -0.001825597 -0.005151402 0.992862046
1341846324.151967 0.012392927 -0.128166765 0.018124554 0.118542343 0.000507350 -0.009220407 0.992906034
1341846324.183941 0.010534086 -0.125774607 0.021815388 0.116284557 0.004880768 -0.013113908 0.993117392
1341846324.219984 0.008458220 -0.125806123 0.022843147 0.111632101 0.007070742 -0.012021482 0.993651748
1341846324.251968 0.008087702 -0.126318946 0.024009163 0.110703133 0.007164152 -0.012098702 0.993754029
1341846324.284052 0.006895788 -0.122874834 0.022767868 0.111462168 0.006732326 -0.013274766 0.993657172
1341846324.319880 0.005423815 -0.117923103 0.022996666 0.110527217 0.003560225 -0.013784533 0.993771136
1341846324.351917 0.005705927 -0.111115195 0.023430742 0.107915252 0.000153851 -0.015156811 0.994044542
1341846324.388001 0.009260816 -0.109193951 0.021941321 0.103452325 -0.000464476 -0.018486831 0.994462490
1341846324.419908 0.007347891 -0.105304293 0.024183998 0.098999560 0.001952992 -0.021255914 0.994858503
1341846324.452027 0.006498019 -0.105178967 0.027321853 0.094226435 0.002360643 -0.021056239 0.995325327
1341846324.487928 0.005456833 -0.103276916 0.028164219 0.092827246 0.002134224 -0.018986650 0.995498896
1341846324.519985 0.002185505 -0.100248188 0.028506843 0.091500834 0.000670384 -0.014922175 0.995692968
1341846324.556001 0.003501474 -0.097762771 0.023671025 0.089332536 -0.004538458 -0.010654502 0.995934546
1341846324.587888 0.003560738 -0.092458598 0.027873594 0.086655512 -0.007821003 -0.008001015 0.996175528
1341846324.620086 0.004384808 -0.092295870 0.027027735 0.083880670 -0.010493315 -0.010204771 0.996368289
1341846324.655955 0.005814036 -0.088601872 0.026497195 0.082928009 -0.011829871 -0.012082908 0.996412098
1341846324.688082 0.004404090 -0.088619076 0.029664515 0.082111426 -0.011378691 -0.010808846 0.996499598
1341846324.755922 0.000431955 -0.078537881 0.027416062 0.083904676 -0.013836402 -0.007452530 0.996349871
1341846324.782029 0.001146385 -0.073733240 0.027647136 0.082147188 -0.018822335 -0.008372247 0.996407270
1341846324.814016 0.004614849 -0.065917403 0.028405227 0.079937115 -0.020397000 -0.010281347 0.996538162
1341846324.849979 0.002607180 -0.065065533 0.032043651 0.073851250 -0.016958181 -0.012445299 0.997047424
1341846324.881924 0.000008244 -0.064386524 0.034004781 0.070760213 -0.017759955 -0.012739782 0.997253895
1341846324.913902 0.001576446 -0.062087283 0.032808039 0.069620885 -0.019543501 -0.009651187 0.997335374
1341846324.949999 0.000675753 -0.062805824 0.033960186 0.069764547 -0.019451598 -0.006562411 0.997352242
1341846324.981922 -0.003163224 -0.061282661 0.034476127 0.074111424 -0.021020256 -0.003492214 0.997022271
1341846325.018013 -0.002950842 -0.056669444 0.034800585 0.078920968 -0.026481004 -0.000787578 0.996528804
1341846325.050079 -0.004346526 -0.053217985 0.031227633 0.080688104 -0.031247059 -0.001781421 0.996247888
1341846325.081901 -0.003187343 -0.047512788 0.030495180 0.080234259 -0.036624957 -0.004028369 0.996094823
1341846325.118531 0.000269082 -0.043442827 0.029447028 0.076170556 -0.038932722 -0.005804375 0.996317506
1341846325.149933 0.000443249 -0.042948574 0.031245679 0.070335738 -0.036773462 -0.007397848 0.996817887
1341846325.181925 -0.001014403 -0.041193213 0.033115588 0.067308597 -0.035334889 -0.005352275 0.997091949
1341846325.218055 -0.001303893 -0.040000245 0.033607692 0.064260013 -0.035185408 -0.001098659 0.997312129
1341846325.249811 0.007232006 -0.039858095 0.035848971 0.061869681 -0.036657989 0.002840302 0.997406781
1341846325.285925 0.008443088 -0.036522564 0.035679530 0.059596285 -0.037514523 0.005755426 0.997500777
1341846325.317988 0.009343507 -0.037357006 0.038417246 0.056870736 -0.035444397 0.008209262 0.997718394
1341846325.349844 0.008283322 -0.039078690 0.038711935 0.059270896 -0.030368034 0.010679141 0.997722745
1341846325.387302 0.007962691 -0.035167444 0.039582528 0.064330183 -0.027487705 0.013198342 0.997462690
1341846325.417931 0.011368754 -0.033536140 0.041242212 0.067140013 -0.023417810 0.016329773 0.997335017
1341846325.450747 0.015057712 -0.037282482 0.040577140 0.070596658 -0.016362807 0.018211015 0.997204483
1341846325.485954 0.008231716 -0.030440027 0.042571593 0.080430768 -0.007746879 0.020315574 0.996523023
1341846325.517875 0.007969063 -0.026892513 0.042588748 0.084376998 -0.005147890 0.022653801 0.996163070
1341846325.553859 0.008326321 -0.025158698 0.043543488 0.087439999 -0.001678750 0.022280300 0.995919168
1341846325.585855 0.006142056 -0.019387111 0.041003566 0.090403885 0.002089852 0.019706130 0.995707989
1341846325.617990 0.005670912 -0.014526845 0.041123945 0.087563232 0.003668696 0.018591167 0.995978713
1341846325.653982 0.007041829 -0.018422335 0.044121083 0.084108986 0.005257438 0.015551600 0.996321321
1341846325.685819 0.004754220 -0.018109430 0.044630382 0.089427963 0.007082170 0.017842470 0.995808244
1341846325.717857 0.004978370 -0.014072556 0.044618551 0.094124258 0.008081601 0.023886662 0.995241106
1341846325.754083 0.002715808 -0.013926342 0.045288980 0.096729547 0.008435401 0.028462784 0.994867861
1341846325.786087 0.003750814 -0.011745141 0.046209790 0.103564911 0.008580773 0.030259434 0.994125247
1341846325.821856 0.003161940 -0.006265165 0.045978654 0.107899345 0.010612256 0.030871278 0.993625700
1341846325.853827 0.000733145 -0.004382347 0.046488892 0.108612701 0.011763431 0.034072105 0.993430436
1341846325.885958 -0.001992707 -0.000227906 0.046546824 0.109429576 0.009525407 0.040089019 0.993140101
1341846325.921984 -0.007506570 0.002121091 0.044301610 0.108346045 0.006357912 0.044722803 0.993086398
1341846325.953899 -0.004201201 0.003594866 0.046308298 0.111444540 0.005886063 0.046649970 0.992657661
1341846325.985823 0.001764827 0.004502090 0.049726076 0.113969401 0.007935190 0.050437290 0.992171407
1341846326.021991 -0.006840278 0.007438538 0.047041565 0.116957232 0.009439413 0.056409452 0.991488695
1341846326.054055 0.001814432 0.008797610 0.050302368 0.121757753 0.007104578 0.060144708 0.990710437
1341846326.089984 -0.003636145 0.012344100 0.045473251 0.124177523 0.009992285 0.059408776 0.990429580
1341846326.121822 -0.004137815 0.015913991 0.047371347 0.124148048 0.014084720 0.056956824 0.990527570
1341846326.154079 -0.005549437 0.016119825 0.049526837 0.124367461 0.016816916 0.055574492 0.990535915
1341846326.190178 -0.006777362 0.019186957 0.049437307 0.126781866 0.016525382 0.057815269 0.990106404
1341846326.222162 -0.007040635 0.024028698 0.048941907 0.126355767 0.014616747 0.063969672 0.989812315
1341846326.259181 -0.007639187 0.027779825 0.050288323 0.123306260 0.012093075 0.068198897 0.989948630
1341846326.291222 -0.006742207 0.030996351 0.050403953 0.120310843 0.011151998 0.068345375 0.990318060
1341846326.322766 -0.006267790 0.032640006 0.050476000 0.115901791 0.011625473 0.066754960 0.990946710
1341846326.359773 -0.005678023 0.034293260 0.050756775 0.111979954 0.013047745 0.064946212 0.991500020
1341846326.392109 -0.005241247 0.032870673 0.054141451 0.110144064 0.014760376 0.065580070 0.991639853
1341846326.423985 -0.007223719 0.034766398 0.054785348 0.114566818 0.016021557 0.070453376 0.990784585
1341846326.459869 -0.008353187 0.039128412 0.054326031 0.117027566 0.013681201 0.074287221 0.990251899
1341846326.491143 -0.006114465 0.041821618 0.055282883 0.118021056 0.012132918 0.074233770 0.990158141
1341846326.526163 -0.005596189 0.049314659 0.054133661 0.117919795 0.015008470 0.073203668 0.990207493
1341846326.560211 -0.006641882 0.051603492 0.056503136 0.112774745 0.019113317 0.073262900 0.990731597
1341846326.591828 -0.006006044 0.051777426 0.057913687 0.109020881 0.020663781 0.075780369 0.990931273
1341846326.627027 -0.005045332 0.055348698 0.058437668 0.108952358 0.022073030 0.075023226 0.990966022
1341846326.658442 -0.005210551 0.059302691 0.059297848 0.107044831 0.026078448 0.073456056 0.991194010
1341846326.694856 -0.007188065 0.062879674 0.059459776 0.103553459 0.029886425 0.073226750 0.991474330
1341846326.726206 -0.007058247 0.066258349 0.060610596 0.097873546 0.030673824 0.071024969 0.992187142
1341846326.762753 -0.004941086 0.070743322 0.057183664 0.091824457 0.032808833 0.070009731 0.992769122
1341846326.794046 -0.007263809 0.074676320 0.061011959 0.085013613 0.037157703 0.066824257 0.993441761
1341846326.826821 -0.009182210 0.078506924 0.065388151 0.077125587 0.040770359 0.061506309 0.994286895
1341846326.858887 -0.007941693 0.080031559 0.063827641 0.068681590 0.040820081 0.062956221 0.994813085
1341846326.895360 -0.008901767 0.078804642 0.065479130 0.066335551 0.040490951 0.064435393 0.994891047
1341846326.926897 -0.010269037 0.081359699 0.066638686 0.068446457 0.037167046 0.066269651 0.994757295
1341846326.958888 -0.007610812 0.084550723 0.066537894 0.071168140 0.034072597 0.069632784 0.994447291
1341846326.994594 -0.007035600 0.089041553 0.064577624 0.071985826 0.034326807 0.072379544 0.994183540
1341846327.026301 -0.006252607 0.093324587 0.065163136 0.070382714 0.035441086 0.071115993 0.994350374
1341846327.063945 -0.006691737 0.093504556 0.065103017 0.066544808 0.037943512 0.068546727 0.994702697
1341846327.094662 -0.006684313 0.096358903 0.067708172 0.066441573 0.040285684 0.065571666 0.994818032
1341846327.128901 -0.007863998 0.097392015 0.066889711 0.065643579 0.040801194 0.063510448 0.994983733
1341846327.161940 -0.007311055 0.099891081 0.066735633 0.064342938 0.039500151 0.063189283 0.995141625
1341846327.193867 -0.005558921 0.101454623 0.066474207 0.062793233 0.040714376 0.060886949 0.995335162
1341846327.229885 -0.005372586 0.105912052 0.066933475 0.064365000 0.043937843 0.059374958 0.995189011
1341846327.262014 -0.004272395 0.110122688 0.066833384 0.064458370 0.047071360 0.059237298 0.995047927
1341846327.294023 0.001446065 0.108307861 0.052101731 0.064262569 0.054474097 0.055298738 0.994909525
1341846327.330015 -0.001834120 0.117432781 0.064336233 0.070106037 0.069092207 0.048180845 0.993976891
1341846327.361939 -0.002420686 0.120084591 0.072072744 0.067678504 0.075319141 0.042951938 0.993932486
1341846327.393887 -0.004549462 0.125064999 0.070599630 0.066199668 0.078163885 0.035684567 0.994099855
1341846327.429966 -0.006524289 0.129744649 0.071769156 0.065625437 0.078649521 0.035023656 0.994123161
1341846327.461965 -0.010100787 0.137947470 0.072665021 0.060155660 0.075351372 0.037393428 0.994638205
1341846327.497931 -0.006098856 0.135670990 0.073319845 0.052139781 0.072126046 0.034080680 0.995448530
1341846327.530068 -0.007243395 0.140981928 0.077251814 0.052251309 0.073270507 0.037116699 0.995250523
1341846327.561895 -0.007464037 0.142971426 0.078127310 0.051138606 0.070452012 0.041805152 0.995325923
1341846327.598010 -0.008320905 0.143925503 0.080227576 0.052192785 0.067778446 0.046268079 0.995259404
1341846327.629945 -0.010238240 0.148104906 0.081215687 0.053050406 0.063620083 0.047398105 0.995435357
1341846327.662003 -0.009714583 0.150267273 0.080554649 0.052646633 0.059887104 0.042617954 0.995904386
1341846327.697919 -0.008889017 0.155509010 0.080278918 0.056124184 0.058532551 0.043257251 0.995767474
1341846327.730075 -0.010572656 0.164543152 0.079697847 0.055454902 0.058173984 0.044484429 0.995771885
1341846327.766017 -0.008988320 0.162721232 0.080210790 0.046897911 0.056724936 0.044752467 0.996283174
1341846327.797917 -0.008389624 0.168556854 0.082607813 0.044293940 0.055903725 0.048369650 0.996279657
1341846327.830054 -0.009724425 0.168747172 0.083380513 0.036157086 0.055963423 0.048737988 0.996586859
1341846327.865944 -0.008886793 0.172208413 0.082237139 0.032515239 0.056809336 0.048482746 0.996676922
1341846327.898010 -0.009067175 0.175135210 0.084854074 0.029996233 0.057817496 0.049698830 0.996638060
1341846327.929991 -0.009337510 0.178824887 0.084992938 0.026179733 0.056225814 0.047657475 0.996936321
1341846327.966065 -0.011025839 0.180073097 0.082654268 0.020668160 0.057469040 0.044756666 0.997129381
1341846327.998073 -0.011382913 0.184860587 0.084780335 0.015602607 0.058815680 0.041649777 0.997277558
1341846328.034045 -0.010182858 0.183348238 0.083316453 0.007802252 0.059151828 0.040223524 0.997407794
1341846328.065993 -0.009094030 0.185095638 0.083933815 0.003544732 0.059190851 0.040599752 0.997414410
1341846328.098045 -0.009502027 0.181856632 0.087012053 0.001575143 0.060294643 0.040792856 0.997345507
1341846328.133967 -0.009377427 0.181647301 0.085649163 0.004740429 0.058895648 0.044643231 0.997254133
1341846328.166023 -0.009423932 0.180200130 0.085277550 0.003901379 0.055689089 0.045236535 0.997415245
1341846328.198018 -0.009614847 0.176446319 0.083797134 0.002874929 0.053126812 0.042581722 0.997675359
1341846328.234044 -0.011276701 0.171082616 0.082746170 0.004170892 0.052551176 0.040937021 0.997770071
1341846328.265899 -0.009618698 0.170036480 0.081287272 0.007128847 0.049618267 0.042235199 0.997849405
1341846328.302051 -0.009522154 0.164109573 0.081091024 0.008312315 0.049495522 0.042858642 0.997819722
1341846328.333917 -0.010252897 0.159633055 0.079707146 0.011601747 0.050009105 0.044657219 0.997682452
1341846328.366008 -0.009909266 0.155675560 0.078377679 0.015745359 0.048926558 0.042921674 0.997755468
1341846328.402010 -0.009040461 0.149689600 0.077508546 0.028012400 0.050821822 0.044770639 0.997310400
1341846328.433920 -0.009955012 0.142364949 0.077573106 0.031817656 0.049182475 0.045107920 0.997263253
1341846328.470003 -0.008763526 0.136223957 0.075512461 0.029672094 0.048024226 0.036950767 0.997721374
1341846328.502194 -0.008057144 0.130317971 0.074531339 0.030563714 0.049987067 0.029406535 0.997848868
1341846328.534033 -0.005755726 0.126886472 0.075392954 0.032243583 0.051401664 0.028054392 0.997763097
1341846328.570125 -0.007849888 0.118908837 0.075528949 0.032845054 0.053672511 0.026208403 0.997674108
1341846328.602804 -0.010105585 0.105852172 0.076176398 0.036381163 0.050268862 0.028844012 0.997655988
1341846328.636433 -0.012042201 0.101889327 0.073703937 0.042165063 0.043448526 0.027741000 0.997779906
1341846328.672663 -0.010443986 0.096953474 0.072605662 0.046689648 0.036934406 0.027532833 0.997846603
1341846328.702975 -0.006043461 0.092818394 0.073634028 0.049717110 0.031606093 0.027616272 0.997881055
1341846328.738215 -0.004782510 0.089426465 0.071848534 0.054859787 0.030248970 0.021583568 0.997802377
1341846328.770129 -0.001785720 0.086077571 0.070098482 0.058050375 0.027186140 0.024516970 0.997642219
1341846328.802331 -0.002815267 0.080694281 0.068643056 0.058331057 0.024999497 0.024142848 0.997692168
1341846328.838051 -0.001147489 0.075901456 0.067293093 0.062064178 0.022295009 0.022165140 0.997576892
1341846328.869939 -0.000482725 0.075533688 0.065662719 0.062538356 0.020737279 0.021356463 0.997598529
1341846328.904486 -0.000861467 0.069660768 0.066986911 0.057394359 0.018030005 0.020992653 0.997967958
1341846328.939814 0.002386556 0.060532719 0.065875411 0.058730938 0.013876408 0.022629987 0.997920811
1341846328.970217 0.001803308 0.060317203 0.064154707 0.063410349 0.012650859 0.024753081 0.997600257
1341846329.006232 0.001896514 0.057474032 0.062471658 0.064355306 0.010493006 0.028465180 0.997465789
1341846329.038243 0.006011699 0.050603040 0.061010174 0.067036420 0.007842325 0.031148998 0.997233331
1341846329.072238 0.004046044 0.054122433 0.058638092 0.072320767 0.009644607 0.029199120 0.996907294
1341846329.106125 0.004563852 0.051973816 0.058700740 0.071272112 0.008697351 0.028326837 0.997016668
1341846329.138340 0.004669251 0.046695985 0.058543205 0.072169080 0.008115510 0.025709314 0.997027993
1341846329.169991 0.005346954 0.046521723 0.055298809 0.074359648 0.006774132 0.025254533 0.996888638
1341846329.208656 0.006283064 0.043955643 0.055036306 0.074663199 0.005574534 0.024146805 0.996900797
1341846329.238169 0.007097062 0.044105776 0.054014172 0.074475333 0.004348616 0.024490541 0.996912599
1341846329.273827 0.007049975 0.039737388 0.054796204 0.072233729 0.003470715 0.024935354 0.997069955
1341846329.306052 0.006969319 0.039262213 0.054230917 0.073105820 0.001080646 0.024106026 0.997032225
1341846329.338104 0.007491060 0.039137963 0.052661929 0.069741853 -0.000611655 0.021725519 0.997328281
1341846329.373907 0.007326837 0.032242235 0.052021869 0.065222040 -0.001213736 0.020321870 0.997663081
1341846329.405985 0.007847205 0.029675288 0.050877284 0.066481531 -0.003042613 0.017570781 0.997628272
1341846329.442057 0.008483877 0.029308271 0.050229721 0.066212609 -0.003713427 0.013988402 0.997700572
1341846329.473950 0.007781048 0.024833456 0.050350104 0.064735442 -0.004714389 0.007937129 0.997859776
1341846329.506147 0.007965472 0.023716928 0.048408743 0.065083504 -0.006716546 0.005067199 0.997844338
1341846329.542121 0.006502165 0.020063050 0.047990814 0.062954158 -0.009258108 0.004602245 0.997962892
1341846329.574086 0.008426318 0.015500918 0.048507042 0.065190747 -0.012123549 0.004105857 0.997790754
1341846329.606387 0.008439275 0.015450050 0.046885554 0.067938194 -0.012584191 0.002711331 0.997606456
1341846329.641955 0.006774536 0.014024115 0.045175508 0.067813694 -0.013173734 0.002385375 0.997608185
1341846329.681570 0.006065419 0.011209588 0.045977861 0.066936195 -0.015537845 0.002417443 0.997633338
1341846329.748113 0.008662293 0.008888613 0.043352704 0.068877995 -0.016577419 0.000164092 0.997487307
1341846329.774077 0.009111334 0.005980386 0.045441847 0.066744663 -0.014675852 0.003134929 0.997657239
1341846329.810175 0.007524894 0.002893622 0.045156959 0.066686749 -0.012720053 0.004969688 0.997680485
1341846329.842255 0.007670713 0.000219574 0.045667496 0.068209372 -0.012804852 0.008567150 0.997552097
1341846329.874044 0.006895332 -0.001384860 0.044857673 0.070077717 -0.012644844 0.011550049 0.997394502
1341846329.910073 0.006919979 -0.000125965 0.043038849 0.070468053 -0.013050044 0.013421271 0.997338355
1341846329.942009 0.006616447 -0.000131880 0.043843813 0.066241637 -0.013433112 0.018927459 0.997533619
1341846329.978087 0.006858311 -0.007479980 0.043786317 0.063230596 -0.013935570 0.020666847 0.997687638
1341846330.016305 0.007882353 -0.004893666 0.042495809 0.065727420 -0.013055595 0.018297907 0.997584403
1341846330.048192 0.006184444 -0.003441044 0.041918162 0.062160909 -0.011192434 0.019704493 0.997808814
1341846330.080418 0.006681354 -0.009995739 0.041644886 0.056984372 -0.011535319 0.021722531 0.998072088
1341846330.115886 0.007560160 -0.013666358 0.043669868 0.059713077 -0.010429847 0.023222122 0.997890890
1341846330.147839 0.005786904 -0.009311740 0.040586054 0.062750153 -0.009607037 0.024350153 0.997685909
1341846330.181257 0.004968550 -0.005433643 0.040299240 0.058895752 -0.010101142 0.026922652 0.997849882
1341846330.215852 0.006060495 -0.010271740 0.041160773 0.051684938 -0.009420056 0.027009660 0.998253644
1341846330.247833 0.004279159 -0.012366154 0.040051442 0.049530048 -0.008387361 0.025626356 0.998408616
1341846330.283913 0.004328474 -0.007966240 0.037749786 0.046704352 -0.009262585 0.026691992 0.998509109
1341846330.316011 0.003295228 -0.012783945 0.039877646 0.039650224 -0.009720297 0.025980549 0.998828471
1341846330.347868 0.003148374 -0.015102563 0.039968032 0.037204012 -0.011510296 0.024717767 0.998935640
1341846330.383835 0.004408678 -0.015778787 0.040107410 0.035465106 -0.012230975 0.025145777 0.998979628
1341846330.415934 0.003946391 -0.020027529 0.041880865 0.034377556 -0.011342528 0.023724593 0.999062896
1341846330.452561 0.002784038 -0.020439075 0.039689627 0.037289567 -0.011627622 0.022175385 0.998990774
1341846330.483903 0.001321609 -0.019307533 0.037817679 0.037578043 -0.013010460 0.024410812 0.998910785
1341846330.515970 0.001169258 -0.021799391 0.039179325 0.035739690 -0.015269063 0.027890878 0.998855174
1341846330.552099 0.002064917 -0.022381775 0.038017917 0.037161093 -0.016831791 0.030508608 0.998701632
1341846330.583876 0.001267430 -0.019976281 0.036196880 0.036925729 -0.016870402 0.030612424 0.998706520
1341846330.619992 -0.000466681 -0.018403472 0.033499748 0.032725655 -0.017987752 0.030363457 0.998841107
1341846330.652136 0.000321520 -0.020605041 0.033073969 0.025852604 -0.019861056 0.028868955 0.999051452
1341846330.683796 -0.000398181 -0.021737199 0.032662340 0.021180160 -0.019547850 0.027975693 0.999193013
1341846330.719991 -0.002621734 -0.026055042 0.032350216 0.017755661 -0.021169079 0.028752774 0.999204636
1341846330.752103 -0.003667970 -0.026979620 0.031339556 0.019656677 -0.025135936 0.032608733 0.998958707
1341846330.787952 -0.005207614 -0.025232868 0.030112140 0.021043537 -0.029346924 0.036145136 0.998693883
1341846330.819823 -0.004076055 -0.025303783 0.028942468 0.020687869 -0.034382142 0.037672538 0.998484194
1341846330.852208 -0.003993963 -0.023180561 0.027078774 0.020715261 -0.035970476 0.038324621 0.998402834
1341846330.888445 -0.004965199 -0.019781219 0.026410485 0.017896520 -0.037843417 0.039231859 0.998352885
1341846330.914111 -0.004848059 -0.019036362 0.027262958 0.012283981 -0.039180379 0.038135778 0.998428583
1341846330.949903 -0.006653535 -0.022563914 0.028055718 0.008623165 -0.039840821 0.037713107 0.998456836
1341846330.981986 -0.009018199 -0.022652555 0.026792053 0.009490386 -0.043563738 0.037958063 0.998284161
1341846331.014111 -0.007626415 -0.020848008 0.026363051 0.009308882 -0.048311539 0.038635541 0.998041391
1341846331.082139 -0.008002870 -0.022065507 0.024790647 0.010883347 -0.051236331 0.035703368 0.997988760
1341846331.114334 -0.007588979 -0.020919861 0.022681233 0.010797111 -0.053682551 0.036153726 0.997844934
1341846331.149989 -0.008047563 -0.023260441 0.023809243 0.010576463 -0.054232616 0.034853313 0.997863829
1341846331.181954 -0.009270133 -0.023208145 0.022463299 0.014071118 -0.054170776 0.032950945 0.997888625
1341846331.218151 -0.010873214 -0.018901348 0.021930300 0.014660699 -0.057213776 0.034038119 0.997673810
1341846331.249914 -0.007521057 -0.021924566 0.023963010 0.011732974 -0.059848856 0.033678319 0.997570157
1341846331.282227 -0.001441041 -0.028722949 0.022861591 0.014857315 -0.057026897 0.033122648 0.997712433
1341846331.318141 -0.005544251 -0.020844443 0.024047723 0.022730730 -0.050637070 0.028972045 0.998037994
1341846331.349926 -0.005165966 -0.020427948 0.022126477 0.021753814 -0.047871917 0.027481921 0.998238325
1341846331.382003 0.006282715 -0.028319295 0.024418099 0.022051744 -0.044172965 0.029203387 0.998353481
1341846331.418008 0.000697601 -0.024398020 0.025803925 0.030321522 -0.032909278 0.027551549 0.998618305
1341846331.450327 -0.002471888 -0.021406252 0.027953953 0.032935522 -0.026821222 0.026871707 0.998736084
1341846331.486219 -0.005231545 -0.019309686 0.028950304 0.033437006 -0.023996443 0.027275562 0.998780370
1341846331.518344 -0.001412817 -0.019721657 0.030466333 0.032073565 -0.024246939 0.026734682 0.998833656
1341846331.550202 0.000640387 -0.021769300 0.033965271 0.033876169 -0.020104209 0.025147852 0.998907268
1341846331.586139 -0.003247764 -0.018280504 0.033591513 0.036755111 -0.017584622 0.025208509 0.998851538
1341846331.617931 -0.001101819 -0.017639901 0.036317617 0.035845011 -0.018137928 0.025853273 0.998858213
1341846331.654027 0.001130900 -0.019025221 0.040287077 0.036251139 -0.016130334 0.026515022 0.998860657
1341846331.686123 -0.000998457 -0.016321473 0.038972620 0.039017893 -0.012604280 0.027832596 0.998771250
1341846331.717954 -0.002367845 -0.013683724 0.040895957 0.036380474 -0.013600122 0.028272243 0.998845398
1341846331.754076 0.000963592 -0.017690497 0.045363676 0.033275679 -0.013771484 0.027188415 0.998981416
1341846331.785920 0.000754482 -0.017714610 0.048355378 0.036209304 -0.010747007 0.025643827 0.998957336
1341846331.818053 0.000463739 -0.014170451 0.050440002 0.037223905 -0.009067728 0.025981199 0.998927951
1341846331.853849 0.000704251 -0.016607583 0.054751828 0.035373431 -0.008683206 0.025225464 0.999018013
1341846331.885987 0.003365122 -0.016719099 0.058509797 0.038307313 -0.006955899 0.024026159 0.998952866
1341846331.922014 0.002498320 -0.014765359 0.059252679 0.040514737 -0.003351412 0.022563769 0.998918474
1341846331.954037 0.003520546 -0.014524102 0.063677363 0.040364329 -0.000978529 0.023641482 0.998904824
1341846331.986135 0.005630984 -0.016957395 0.068817317 0.042226188 0.004198599 0.025053162 0.998785079
1341846332.022364 0.002137256 -0.018028770 0.071073398 0.049084958 0.010012075 0.024100387 0.998453617
1341846332.054175 0.001147163 -0.016695954 0.073630810 0.055293571 0.010272861 0.026588591 0.998063207
1341846332.086502 0.002063897 -0.015372885 0.077457942 0.058371633 0.010093057 0.028291712 0.997842908
1341846332.122051 0.001514222 -0.013826412 0.080599837 0.060484231 0.011351293 0.027049879 0.997738004
1341846332.153983 0.000243644 -0.009928524 0.084398903 0.059494462 0.011014290 0.025008539 0.997854531
1341846332.190165 -0.000495197 -0.009820095 0.087647267 0.052905176 0.009694965 0.022863943 0.998290658
1341846332.222699 0.000270470 -0.014515984 0.092499226 0.049242236 0.009044741 0.021679830 0.998510599
1341846332.254145 -0.000643956 -0.014791398 0.097094923 0.052146472 0.010109335 0.020162648 0.998384714
1341846332.289948 -0.001415582 -0.013966101 0.099239655 0.054201588 0.009767579 0.022193680 0.998235524
1341846332.322172 -0.000863938 -0.014540879 0.102866024 0.054683622 0.009098788 0.024367049 0.998164892
1341846332.354003 0.000979561 -0.015461358 0.105778567 0.057073839 0.010468767 0.022194136 0.998068333
1341846332.390180 0.000803822 -0.012053767 0.106464140 0.059308089 0.015090794 0.019185143 0.997941256
1341846332.422055 -0.000600463 -0.011707918 0.109882258 0.057293214 0.017977037 0.015491461 0.998075306
1341846332.458114 0.000916356 -0.012708278 0.113645524 0.056591880 0.019788362 0.011527101 0.998134732
1341846332.489993 -0.001324000 -0.010820763 0.116200529 0.058064982 0.022156866 0.012922347 0.997983217
1341846332.522130 -0.003745216 -0.009794519 0.119692802 0.057431828 0.019301852 0.017973065 0.998000979
1341846332.558114 -0.002413873 -0.010396586 0.122426562 0.057531986 0.013360592 0.025091207 0.997938871
1341846332.589874 -0.000204479 -0.007818332 0.123348817 0.057767063 0.010110579 0.029635509 0.997838855
1341846332.621889 0.000923375 -0.006678066 0.123541638 0.053561211 0.009677983 0.031636421 0.998016357
1341846332.658202 0.001733724 -0.007357449 0.128705427 0.049626403 0.010477622 0.029871829 0.998266041
1341846332.690001 0.002291977 -0.006756852 0.130837515 0.047570124 0.011326767 0.030905984 0.998325408
1341846332.726000 0.001328700 -0.007657830 0.132402807 0.046356641 0.010520987 0.034548860 0.998271883
1341846332.758386 0.003421953 -0.007446986 0.133501604 0.047023796 0.007228682 0.037382156 0.998167872
1341846332.789937 0.006217598 -0.005047888 0.139457479 0.046840090 0.007250147 0.035963621 0.998228431
1341846332.825925 0.006744492 -0.005432083 0.141208172 0.044414610 0.009579117 0.034749415 0.998362660
1341846332.857898 0.006609769 -0.005405020 0.145526707 0.045365177 0.011050192 0.034253839 0.998321891
1341846332.894069 0.006162154 -0.002088948 0.147085369 0.045936190 0.011420323 0.033721056 0.998309731
1341846332.926029 0.007751615 -0.000369552 0.150138363 0.042851031 0.011513677 0.032029420 0.998501539
1341846332.958015 0.009119879 -0.000541610 0.150683254 0.039750617 0.013545423 0.029518150 0.998681664
1341846332.994073 0.009309067 0.000652922 0.154267803 0.037009344 0.014746593 0.027566044 0.998825788
1341846333.026545 0.010736073 0.000919170 0.157069594 0.034411717 0.015722197 0.024900466 0.998973787
1341846333.057998 0.013111894 0.000164256 0.157005608 0.032980796 0.016995180 0.025652019 0.998982191
1341846333.094024 0.013010136 0.000355933 0.159955949 0.033375822 0.019169100 0.029241947 0.998831093
1341846333.126095 0.014957798 0.001629545 0.161575377 0.034169424 0.020145211 0.031930283 0.998702705
1341846333.161973 0.016396118 0.004057845 0.163070098 0.033751339 0.022504216 0.032666285 0.998642743
1341846333.195660 0.015753061 0.003631589 0.164365694 0.030813282 0.025090160 0.034837965 0.998602688
1341846333.226331 0.015932074 0.003945497 0.165668175 0.029418776 0.025811587 0.034237210 0.998647153
1341846333.262056 0.017596716 0.006699474 0.167372167 0.027460730 0.025480017 0.033087641 0.998750150
1341846333.294147 0.017206110 0.005443448 0.169871509 0.023399889 0.025844179 0.031985193 0.998880088
1341846333.326100 0.018242218 0.005279374 0.169664547 0.021495186 0.024170993 0.030854877 0.999000371
1341846333.362100 0.018797887 0.007887179 0.168616638 0.019040985 0.023527371 0.028725319 0.999128997
1341846333.394119 0.019435363 0.006657695 0.173500746 0.015477547 0.022277918 0.028535577 0.999224663
1341846333.429974 0.019167842 0.007676248 0.174385175 0.014954962 0.020922970 0.028224166 0.999270678
1341846333.462115 0.020780280 0.007092237 0.175664231 0.014560461 0.020379998 0.026924554 0.999323606
1341846333.494040 0.020094281 0.007942280 0.175697237 0.015953660 0.021720110 0.025641810 0.999307871
1341846333.529953 0.021405375 0.007545396 0.176165134 0.016858276 0.022337832 0.025421472 0.999285042
1341846333.562063 0.020608759 0.008156774 0.176069766 0.017623106 0.024954116 0.026619015 0.999178708
1341846333.594090 0.018815074 0.009326546 0.175926581 0.016729236 0.024874471 0.027986627 0.999158680
1341846333.629994 0.019388374 0.009359817 0.175129309 0.012709465 0.022388816 0.027004898 0.999303758
1341846333.662127 0.020899054 0.010344237 0.174370855 0.010186258 0.019963970 0.026713451 0.999391854
1341846333.697964 0.020526616 0.006606543 0.173689738 0.007377568 0.020442752 0.027547756 0.999384224
1341846333.730092 0.019699588 0.006779981 0.173172399 0.010133307 0.020862410 0.028475719 0.999325395
1341846333.762089 0.018827012 0.008403370 0.173988163 0.012254620 0.022396989 0.029655155 0.999234080
1341846333.798006 0.018343823 0.007185970 0.170790568 0.013241403 0.023057707 0.029295184 0.999217093
1341846333.830055 0.019058669 0.007091613 0.169600800 0.015860477 0.024087831 0.027023178 0.999218643
1341846333.866045 0.017204829 0.007700117 0.168446034 0.017160628 0.026007563 0.025906116 0.999178648
1341846333.897987 0.016783996 0.006234483 0.167849019 0.018360833 0.025964679 0.024733614 0.999188125
1341846333.930099 0.016641598 0.005405908 0.165195957 0.021086914 0.026748605 0.023162674 0.999151289
1341846333.965889 0.016271878 0.005460283 0.163764909 0.023302538 0.027687110 0.022997126 0.999080360
1341846333.997985 0.016102731 0.004356435 0.163416326 0.025870372 0.028828122 0.022486104 0.998996496
1341846334.030076 0.015343334 0.003253410 0.160339221 0.028515907 0.029988604 0.023684071 0.998862684
1341846334.066000 0.013837173 0.003184663 0.156742334 0.030162040 0.029918745 0.025211619 0.998778999
1341846334.097932 0.013987446 0.003279713 0.155843854 0.032274142 0.029806396 0.024616027 0.998731196
1341846334.133884 0.012950846 0.003059661 0.153108940 0.033516008 0.030823248 0.024798593 0.998654902
1341846334.166115 0.010279878 0.003658041 0.151725769 0.034090534 0.030570313 0.025309356 0.998630404
1341846334.198072 0.010831723 0.003124176 0.148751140 0.034420528 0.028682040 0.024701934 0.998690307
1341846334.234097 0.011748119 0.003383804 0.147235364 0.034763895 0.028528655 0.023770364 0.998705447
1341846334.266045 0.009891782 0.002664151 0.145236731 0.034701694 0.030491192 0.024078151 0.998642266
1341846334.297946 0.008017425 0.002738047 0.143426329 0.036070459 0.029427448 0.025271837 0.998596132
1341846334.334036 0.007470635 0.002804900 0.140749544 0.036313836 0.027833341 0.026136782 0.998610795
1341846334.365871 0.007667947 0.003867259 0.138799444 0.036256503 0.027816217 0.024341347 0.998658717
1341846334.401845 0.007205090 0.003235332 0.138856083 0.034578055 0.028474182 0.023825932 0.998712122
1341846334.433864 0.004028002 0.001094561 0.136535466 0.034251884 0.028439220 0.023766000 0.998725772
1341846334.466105 0.004506539 0.001938571 0.133954182 0.035013106 0.026550468 0.024763508 0.998727143
1341846334.502142 0.002833018 0.002315595 0.131662667 0.034060266 0.025534116 0.025328530 0.998772383
1341846334.540153 0.002847667 0.002373139 0.130006194 0.033634104 0.024116565 0.024427727 0.998844564
1341846334.566584 0.002319025 0.004760940 0.125529721 0.032840617 0.022957968 0.022295298 0.998948097
1341846334.602351 0.001262414 0.004558982 0.124246351 0.028905591 0.019914368 0.019060409 0.999202013
1341846334.634069 0.001089298 0.004612031 0.122952573 0.026076121 0.017875185 0.014352595 0.999397099
1341846334.670161 0.000811780 0.004296993 0.121758595 0.024275323 0.017045543 0.012390184 0.999483168
1341846334.702085 -0.003859100 0.002137922 0.118597507 0.022835992 0.016880959 0.010360953 0.999543011
1341846334.734751 -0.004128873 0.002336019 0.120015815 0.023072576 0.013919647 0.012461976 0.999559224
1341846334.770889 -0.005001738 0.001351005 0.115422584 0.022623707 0.012563812 0.014975691 0.999552906
1341846334.802194 -0.006195620 0.002039617 0.111926772 0.022465050 0.010146253 0.015941337 0.999569058
1341846334.833908 -0.004956531 0.002854659 0.107428350 0.022212595 0.008179146 0.014621519 0.999612868
1341846334.869874 -0.006388789 0.002949120 0.106114008 0.020528091 0.007890176 0.014559257 0.999652147
1341846334.902006 -0.007904599 0.002158042 0.102218688 0.018714108 0.006349973 0.015010152 0.999692023
1341846334.938010 -0.008869367 0.002201583 0.101684898 0.018323069 0.003358475 0.014540552 0.999720752
1341846334.970032 -0.007379217 0.001946489 0.100292891 0.018224189 0.001728890 0.013943023 0.999735177
1341846335.002203 -0.008639398 0.000186292 0.097191498 0.019216333 0.002311724 0.015502926 0.999692500
1341846335.037880 -0.010999749 0.001032777 0.092952624 0.021957019 -0.000090926 0.017721809 0.999601841
1341846335.069990 -0.009792732 0.002405443 0.089348353 0.022813639 -0.003153104 0.017520208 0.999581218
1341846335.106038 -0.009875460 0.001472603 0.088355049 0.022859627 -0.002254647 0.015444078 0.999616802
1341846335.138045 -0.011402500 0.000887389 0.085669078 0.024365069 -0.000943576 0.014776180 0.999593496
1341846335.169900 -0.012630912 0.001991413 0.081259735 0.024635578 -0.003462652 0.015896674 0.999564111
1341846335.206091 -0.010958134 0.001394268 0.077233642 0.023672389 -0.005758884 0.013221368 0.999615729
1341846335.239365 -0.010996711 -0.000245687 0.076027513 0.023346541 -0.004852233 0.010373359 0.999661863
1341846335.269948 -0.012105337 -0.000011805 0.073036917 0.025026277 -0.003314302 0.009194721 0.999638975
1341846335.305972 -0.014545707 -0.000024203 0.070334852 0.026869306 -0.004184103 0.010145644 0.999578714
1341846335.338012 -0.012647061 -0.000282111 0.068565629 0.028345553 -0.006511914 0.011723143 0.999508262
1341846335.374005 -0.010137712 -0.002551478 0.065404870 0.032122243 -0.005668351 0.012779605 0.999386132
1341846335.406025 -0.012694145 -0.003115394 0.065402649 0.038779199 -0.002561079 0.014368064 0.999141216
1341846335.438079 -0.013172422 -0.000349645 0.059830297 0.044768397 -0.001453158 0.017582973 0.998841584
1341846335.473998 -0.012937469 0.000868864 0.057194822 0.047037888 0.000076564 0.018619200 0.998719573
1341846335.507038 -0.012598944 0.002332174 0.052270960 0.048288189 0.002659927 0.016781969 0.998688936
1341846335.538040 -0.014339951 0.004578077 0.050998911 0.048253015 0.005219439 0.014787875 0.998712003
1341846335.574119 -0.016026221 0.005021037 0.047843326 0.045750126 0.005483227 0.014936110 0.998826206
1341846335.605970 -0.015844759 0.002978333 0.046244141 0.043747801 0.004622541 0.014190696 0.998931110
1341846335.641978 -0.015023075 0.003394311 0.043097191 0.045060884 0.005447227 0.011975980 0.998897612
1341846335.673993 -0.016676417 0.004108253 0.040269636 0.044885274 0.006544664 0.011502926 0.998904467
1341846335.706178 -0.017071625 0.003315766 0.037661701 0.044111796 0.005048883 0.012386242 0.998937070
1341846335.741982 -0.015864426 0.003056382 0.035390120 0.044478498 0.004392583 0.011994783 0.998928666
1341846335.773960 -0.017479563 0.004389385 0.031050770 0.044878311 0.005432100 0.010993562 0.998917222
1341846335.806271 -0.017926311 0.005931440 0.028415395 0.043234516 0.004825020 0.011656344 0.998985291
1341846335.842031 -0.017285008 0.004028320 0.027841510 0.040663175 0.005287774 0.011754849 0.999089777
1341846335.873966 -0.017787743 0.003835657 0.023769170 0.041721370 0.006989110 0.010669365 0.999047875
1341846335.910005 -0.019680412 0.005573182 0.020263465 0.041582424 0.007276255 0.012391919 0.999031723
1341846335.941936 -0.020564223 0.005179801 0.016317386 0.040430754 0.005452333 0.013400408 0.999077618
1341846335.974198 -0.020397158 0.005217485 0.014545553 0.040366020 0.004382224 0.011538585 0.999108732
1341846336.010032 -0.021841208 0.005572257 0.011411150 0.040203642 0.004859865 0.009985731 0.999129772
1341846336.042129 -0.023014130 0.005745220 0.008570459 0.039274044 0.003506584 0.010444201 0.999167740
1341846336.078076 -0.023278141 0.004414763 0.004938820 0.038877212 0.001637981 0.009763986 0.999194980
1341846336.110739 -0.023011968 0.005530305 0.004228968 0.039621849 0.001148090 0.008705456 0.999176145
1341846336.142002 -0.025163569 0.005253770 -0.000591978 0.039410833 0.001542078 0.009327181 0.999178350
1341846336.183953 -0.026768150 0.005965629 -0.002812950 0.039226722 -0.000824658 0.009708459 0.999182820
1341846336.210112 -0.026168643 0.007035242 -0.001479540 0.038157832 -0.002802535 0.010261226 0.999215126
1341846336.241891 -0.026312934 0.006301940 -0.004504314 0.037414044 -0.001841887 0.009393155 0.999253988
1341846336.277946 -0.028848356 0.004853661 -0.006177475 0.037602901 -0.001142278 0.011117156 0.999230266
1341846336.309977 -0.029673556 0.004506425 -0.008826774 0.040131003 -0.003505918 0.013890486 0.999091744
1341846336.346143 -0.029022584 0.006154073 -0.012015514 0.042189676 -0.005086331 0.015377802 0.998978317
1341846336.377975 -0.028813811 0.005896887 -0.013229620 0.042841610 -0.005130698 0.014969116 0.998956561
1341846336.410032 -0.030077798 0.006457299 -0.015906017 0.043866735 -0.004170060 0.014858181 0.998918176
1341846336.446041 -0.030835386 0.007529926 -0.020501066 0.043612186 -0.004361507 0.014359772 0.998935819
1341846336.477990 -0.030736519 0.007284865 -0.020120019 0.042493757 -0.004692895 0.014151441 0.998985469
1341846336.510056 -0.030784754 0.006972474 -0.021715781 0.042798888 -0.004110037 0.015036352 0.998962104
1341846336.546024 -0.031390097 0.006785047 -0.024461711 0.043755170 -0.003941603 0.016992504 0.998889983
1341846336.578003 -0.032276489 0.008520616 -0.027133174 0.043844182 -0.004156071 0.018502718 0.998858392
1341846336.614020 -0.030933524 0.009121507 -0.029002858 0.043381546 -0.003926298 0.017686907 0.998894274
1341846336.645982 -0.032465000 0.010314702 -0.030262625 0.042375904 -0.002424529 0.017205594 0.998950601
1341846336.678036 -0.034504157 0.008458999 -0.032125458 0.040081244 -0.003830600 0.017618122 0.999033749
1341846336.714024 -0.035834555 0.007309354 -0.028545205 0.041700765 -0.005972592 0.017026424 0.998967230
1341846336.746016 -0.036031462 0.006253123 -0.031881507 0.045062296 -0.008301765 0.019494664 0.998759449
1341846336.778014 -0.036816679 0.008217459 -0.037270512 0.048185103 -0.011942585 0.022308039 0.998517871
1341846336.820006 -0.036533628 0.009373183 -0.039048024 0.048748855 -0.015902435 0.025040239 0.998370469
1341846336.845952 -0.035432108 0.008126665 -0.038692314 0.049268167 -0.017532201 0.023987560 0.998343527
1341846336.882056 -0.038267381 0.008287651 -0.042450156 0.051080242 -0.017719662 0.023245230 0.998266697
1341846336.914273 -0.037825484 0.007042483 -0.043751664 0.053123754 -0.021988152 0.025990296 0.998007476
1341846336.945998 -0.036670595 0.005962658 -0.044871021 0.059599083 -0.028685847 0.027297506 0.997436702
1341846336.981980 -0.039775383 0.011884311 -0.048315346 0.063679844 -0.032352347 0.025855534 0.997110665
1341846337.014238 -0.038503222 0.014397272 -0.049051043 0.061041217 -0.035490166 0.024432492 0.997204840
1341846337.046017 -0.038225766 0.012548235 -0.046464819 0.058571767 -0.036902212 0.019859646 0.997403204
1341846337.082104 -0.038794782 0.012185196 -0.049341865 0.057802558 -0.037105389 0.016222665 0.997506320
1341846337.114317 -0.041233823 0.011541213 -0.048875932 0.055862382 -0.038884833 0.015806535 0.997555792
1341846337.150037 -0.039389111 0.012428157 -0.049813118 0.054525346 -0.041150790 0.014558421 0.997557878
1341846337.181873 -0.037881702 0.012222692 -0.049146604 0.053980093 -0.041430507 0.011639281 0.997614264
1341846337.214073 -0.039438412 0.014790064 -0.050917801 0.052319944 -0.039495479 0.009368022 0.997805059
1341846337.250087 -0.043543320 0.011049105 -0.053714048 0.048682235 -0.040014304 0.010185390 0.997960508
1341846337.282028 -0.043640591 0.010687787 -0.052602820 0.049904693 -0.044405155 0.013918893 0.997669280
1341846337.317920 -0.039940778 0.011905541 -0.053236045 0.049637120 -0.046719044 0.014721253 0.997565448
1341846337.350018 -0.041426558 0.013874419 -0.055234671 0.048649810 -0.045652658 0.014318207 0.997669280
1341846337.382159 -0.039188884 0.011830135 -0.054111663 0.045402691 -0.045996659 0.012808274 0.997827053
1341846337.417941 -0.041049212 0.009461148 -0.055520177 0.045702640 -0.044835575 0.012714848 0.997867405
1341846337.450137 -0.042569015 0.012415201 -0.058669876 0.046789747 -0.046273410 0.013646133 0.997739077
1341846337.482096 -0.040772911 0.010968105 -0.057753798 0.044888061 -0.047130477 0.014799257 0.997769892
1341846337.518008 -0.041995324 0.009017857 -0.057889555 0.045712769 -0.047132947 0.014507706 0.997736573
1341846337.549978 -0.041307762 0.012991480 -0.060805880 0.046704721 -0.048038777 0.013019404 0.997667968
1341846337.585971 -0.041318446 0.011655941 -0.058789726 0.043692056 -0.048452690 0.012118194 0.997795820
1341846337.617903 -0.041233487 0.006817174 -0.056157887 0.044050913 -0.049078804 0.012392359 0.997746110
1341846337.650141 -0.040994160 0.011340995 -0.058433075 0.047405217 -0.049498927 0.011863898 0.997577965
1341846337.686352 -0.040652007 0.013787185 -0.059722453 0.046053942 -0.049258448 0.012332326 0.997647524
1341846337.718002 -0.039899282 0.012034461 -0.057194095 0.043923251 -0.048956763 0.012235508 0.997759640
1341846337.749920 -0.039099514 0.012851292 -0.055579029 0.043791685 -0.047238782 0.011638701 0.997855365
1341846337.786157 -0.038954273 0.015623854 -0.054948695 0.041201301 -0.044552576 0.011795145 0.998087347
1341846337.817945 -0.038460564 0.012691056 -0.053848669 0.038157426 -0.042457234 0.012987347 0.998284876
1341846337.854071 -0.037230600 0.014579172 -0.053046145 0.037345193 -0.039534550 0.013065378 0.998434603
1341846337.885951 -0.037602294 0.016750582 -0.052690655 0.034611661 -0.036813419 0.011295656 0.998658657
1341846337.918223 -0.037300795 0.015597749 -0.050587207 0.030288648 -0.035584368 0.008526348 0.998871207
1341846337.954120 -0.036675341 0.014079306 -0.049106278 0.027358716 -0.034265876 0.007814274 0.999007642
1341846337.985994 -0.035950083 0.017142957 -0.047636896 0.025537981 -0.033377163 0.007679389 0.999086976
1341846338.018107 -0.035104197 0.015020051 -0.044720747 0.021515410 -0.032238755 0.009711277 0.999201417
1341846338.054055 -0.034702033 0.016604412 -0.044114765 0.019507740 -0.030741479 0.008685690 0.999299228
1341846338.085986 -0.033928901 0.016366450 -0.042323366 0.016005101 -0.027751420 0.008235369 0.999452770
1341846338.121875 -0.034869689 0.014084052 -0.039333474 0.013513940 -0.024936095 0.009787280 0.999549806
1341846338.154089 -0.036368467 0.015106224 -0.036643792 0.012865257 -0.024121996 0.013344345 0.999537170
1341846338.186029 -0.034920946 0.015910462 -0.035744987 0.011688032 -0.025004156 0.016214022 0.999487519
1341846338.222071 -0.033318929 0.016658021 -0.032705642 0.010695027 -0.024107710 0.015243582 0.999535918
1341846338.254107 -0.033542335 0.015457795 -0.030643862 0.008613544 -0.022080120 0.015559440 0.999598026
1341846338.290130 -0.032887910 0.014787712 -0.027314413 0.008811529 -0.022273229 0.017781598 0.999554932
1341846338.321952 -0.032624077 0.017233642 -0.024730647 0.009697893 -0.021333447 0.019133046 0.999542296
1341846338.354022 -0.031842265 0.015980231 -0.021240721 0.008581337 -0.020955924 0.019820843 0.999547064
1341846338.389969 -0.032225464 0.018448133 -0.020253908 0.008826702 -0.019845428 0.019868270 0.999566674
1341846338.422377 -0.032056410 0.017603986 -0.016182585 0.006663834 -0.019457527 0.020215640 0.999584079
1341846338.454010 -0.031109639 0.018535821 -0.013788175 0.005944224 -0.020044122 0.019213134 0.999596775
1341846338.489894 -0.031168744 0.018333500 -0.009781838 0.004304860 -0.020324586 0.019165630 0.999600470
1341846338.522066 -0.029992282 0.017118935 -0.006899191 0.004618122 -0.020389780 0.019274302 0.999595642
1341846338.558058 -0.030347517 0.019624732 -0.005504863 0.004555140 -0.020151054 0.018478299 0.999615788
1341846338.589842 -0.028781394 0.018822445 -0.001315424 0.002024902 -0.020977054 0.018646870 0.999603987
1341846338.622019 -0.027040772 0.017097848 0.001808231 0.002362383 -0.020310702 0.019754717 0.999595761
1341846338.657984 -0.029488174 0.019489039 0.003586658 0.003256812 -0.019407772 0.021157632 0.999582410
1341846338.690198 -0.026755616 0.020125121 0.004649165 0.001567829 -0.020845175 0.020770483 0.999565721
1341846338.722454 -0.024426978 0.018136488 0.010284953 0.000141952 -0.020553656 0.021260587 0.999562681
1341846338.757945 -0.026259676 0.019780619 0.009399489 0.000595385 -0.019946940 0.022983246 0.999536633
1341846338.790039 -0.024740392 0.020351293 0.013217019 -0.001205523 -0.022288652 0.023351802 0.999478102
1341846338.826048 -0.022447899 0.019097310 0.017789675 -0.001312742 -0.022133224 0.022564167 0.999499500
1341846338.858027 -0.023528459 0.020976257 0.017410617 -0.000779749 -0.019909309 0.020676162 0.999587655
1341846338.889902 -0.022794381 0.020890892 0.022294644 -0.003471094 -0.021075524 0.020666623 0.999558270
1341846338.925948 -0.020623570 0.020322941 0.026188588 -0.004302226 -0.021161940 0.019686665 0.999572933
1341846338.958108 -0.021722086 0.020665189 0.027641496 -0.003813350 -0.018821495 0.017981105 0.999653876
1341846338.990057 -0.021209877 0.019880667 0.032182306 -0.003724738 -0.018536581 0.018645242 0.999647379
1341846339.025928 -0.019635126 0.018864425 0.034925394 -0.001994468 -0.017958023 0.019111631 0.999654114
1341846339.057939 -0.019941064 0.021545975 0.037165001 0.001774929 -0.015259515 0.018383007 0.999713004
1341846339.093927 -0.022080997 0.023391498 0.037577637 0.000832180 -0.014944554 0.019664865 0.999694586
1341846339.126562 -0.018545255 0.023873409 0.040280342 -0.002326288 -0.017012509 0.019253792 0.999667168
1341846339.157969 -0.016290525 0.023698667 0.044853333 -0.005044855 -0.015008524 0.017169053 0.999727249
1341846339.194113 -0.018891271 0.024722511 0.046585564 -0.006670475 -0.012928209 0.017668441 0.999738097
1341846339.228165 -0.017915905 0.025531227 0.048903268 -0.010064635 -0.015249358 0.020632140 0.999620140
1341846339.257998 -0.013979860 0.024584936 0.054189596 -0.013226026 -0.015770199 0.022017606 0.999545693
1341846339.294132 -0.014884147 0.026062822 0.056045506 -0.012712521 -0.012738266 0.021590792 0.999604881
1341846339.326577 -0.017104225 0.027651317 0.055999305 -0.015887650 -0.013633639 0.024728520 0.999474943
1341846339.362269 -0.012673640 0.027081009 0.061969090 -0.020785149 -0.017470822 0.024149250 0.999339521
1341846339.394725 -0.012207269 0.027727343 0.065352589 -0.021299189 -0.015533610 0.022948628 0.999389052
1341846339.426160 -0.013009254 0.027291907 0.064071774 -0.023637973 -0.014995141 0.024051651 0.999318719
1341846339.462186 -0.009897457 0.027545305 0.072547704 -0.025016071 -0.016844306 0.022945641 0.999281704
1341846339.496743 -0.007526627 0.026759453 0.072995402 -0.022504242 -0.013825071 0.020893341 0.999432802
1341846339.530143 -0.009273539 0.027870696 0.072935276 -0.021584176 -0.009268645 0.021023808 0.999502957
1341846339.562052 -0.008340923 0.026152747 0.077699579 -0.021476086 -0.009967109 0.022489838 0.999466658
1341846339.595122 -0.005894892 0.026770100 0.081430033 -0.019214138 -0.009992614 0.021895047 0.999525666
1341846339.632085 -0.004547955 0.027143352 0.081943713 -0.017933207 -0.006527986 0.019372933 0.999630153
1341846339.664568 -0.004954904 0.027341967 0.084776625 -0.017549047 -0.003393619 0.017753571 0.999682605
1341846339.698896 -0.004805422 0.027433367 0.088087223 -0.017398920 -0.001927910 0.015832994 0.999721408
1341846339.731977 -0.003990957 0.027114129 0.090603255 -0.017145315 -0.001977878 0.014799625 0.999741495
1341846339.762241 -0.002214550 0.026059972 0.092901751 -0.017652674 -0.001534438 0.015211387 0.999727309
1341846339.797873 -0.002376014 0.025822828 0.094291627 -0.017573619 -0.000650729 0.016446123 0.999710083
1341846339.830245 -0.000848347 0.025472203 0.095938899 -0.017781997 -0.001368688 0.016729958 0.999700963
1341846339.862015 -0.000577642 0.025644261 0.097095847 -0.018268665 -0.001082657 0.016138716 0.999702275
1341846339.897797 0.000294372 0.025705278 0.100408994 -0.019230440 -0.000367466 0.015997063 0.999687016
1341846339.929916 0.000654879 0.023838755 0.103084788 -0.020237170 0.000866031 0.017457934 0.999642372
1341846339.961960 0.000791356 0.024017204 0.105007760 -0.018648891 0.000439007 0.018510753 0.999654591
1341846339.997845 0.002743087 0.024120530 0.106408678 -0.017187044 0.000990498 0.018533511 0.999680042
1341846340.029925 0.003748823 0.023706436 0.109400459 -0.016455183 0.003270480 0.019501146 0.999669075
1341846340.066044 0.004665840 0.023699930 0.110767499 -0.014500463 0.004303754 0.020716932 0.999670923
1341846340.098009 0.004175899 0.024267253 0.110197507 -0.013257636 0.005376786 0.021231920 0.999672174
1341846340.130102 0.006135288 0.023789018 0.111475408 -0.014367602 0.004438560 0.021222234 0.999661684
1341846340.166041 0.008086555 0.023523957 0.114152692 -0.013335905 0.006137342 0.019347638 0.999705017
1341846340.197867 0.006851244 0.023471788 0.115704790 -0.012462365 0.009270082 0.018890033 0.999700904
1341846340.229904 0.007262945 0.024132967 0.118210241 -0.013454821 0.009064114 0.018694447 0.999693632
1341846340.265859 0.007960901 0.023997173 0.120849952 -0.013743735 0.010033303 0.017633470 0.999699712
1341846340.298061 0.009105970 0.022872258 0.121877052 -0.012213733 0.012207670 0.017786995 0.999692619
1341846340.334063 0.008104878 0.025004063 0.123422869 -0.012599478 0.011922417 0.020082852 0.999647796
1341846340.366064 0.009775467 0.022912893 0.125775248 -0.014906048 0.009260352 0.019415174 0.999657512
1341846340.397995 0.010854479 0.022361165 0.126270562 -0.013182932 0.009553493 0.019116474 0.999684691
1341846340.433895 0.010667163 0.023795584 0.128068686 -0.012042015 0.009677406 0.019929897 0.999682009
1341846340.465959 0.010815967 0.022882702 0.128458947 -0.011974604 0.007616059 0.020875417 0.999681354
1341846340.501858 0.013020962 0.022685692 0.127111956 -0.011390475 0.003471417 0.021838188 0.999690592
1341846340.534329 0.013603432 0.023372784 0.126531035 -0.010553293 0.002123125 0.021415131 0.999712706
1341846340.566041 0.014552405 0.022038430 0.127537370 -0.009873774 0.001207424 0.022086488 0.999706566
1341846340.601909 0.015858591 0.021996750 0.126702085 -0.007410986 0.000194141 0.022731865 0.999714077
1341846340.634005 0.016912984 0.023065967 0.125084385 -0.006032830 -0.000437156 0.021437412 0.999751866
1341846340.666028 0.018011874 0.022192353 0.124934308 -0.006637174 -0.000279471 0.019670330 0.999784410
1341846340.701946 0.019430056 0.022088991 0.124985844 -0.004670978 0.000664566 0.017468078 0.999836266
1341846340.733954 0.019761017 0.023461157 0.124299437 -0.003177215 0.002390352 0.015634444 0.999869883
1341846340.770081 0.019685196 0.023730243 0.125585034 -0.003763429 0.002801715 0.013782810 0.999894023
1341846340.801980 0.020403333 0.023014814 0.124380082 -0.003899611 0.003750525 0.008281106 0.999951065
1341846340.833999 0.020568645 0.024339765 0.123800740 -0.003675819 0.005950876 0.004066663 0.999967217
1341846340.870013 0.019935094 0.023969762 0.124549210 -0.005174440 0.006154929 0.002210756 0.999965191
1341846340.901955 0.020319078 0.022990163 0.124308981 -0.004669521 0.005711004 0.002545890 0.999969542
1341846340.933918 0.020563569 0.023046687 0.123683266 -0.002670688 0.005186372 0.004225154 0.999974072
1341846340.970122 0.019637860 0.023636905 0.122731268 -0.001157163 0.002592767 0.009167930 0.999953926
1341846341.001922 0.019199703 0.022417517 0.121472694 -0.000275290 -0.001035171 0.014011664 0.999901235
1341846341.037923 0.020050028 0.023098109 0.119821236 0.001208143 -0.003857663 0.017097622 0.999845624
1341846341.070300 0.019948697 0.023083499 0.118315570 0.001757060 -0.004595391 0.016704127 0.999848366
1341846341.102028 0.019083800 0.023133120 0.117479071 0.001580838 -0.005706080 0.017102983 0.999836206
1341846341.137982 0.019994013 0.022553105 0.116527766 0.001443122 -0.007985190 0.017568223 0.999812722
1341846341.170048 0.020712715 0.022841094 0.117533594 0.002284293 -0.008648219 0.018397521 0.999790728
1341846341.202110 0.020044167 0.022243973 0.116626419 0.003420152 -0.008749316 0.020375924 0.999748230
1341846341.237996 0.020471917 0.022052290 0.115590401 0.005155233 -0.008665868 0.021196732 0.999724448
1341846341.269883 0.019977458 0.022219472 0.114962310 0.006353382 -0.008004302 0.021929039 0.999707282
1341846341.306107 0.019801002 0.022334551 0.113754563 0.007023928 -0.008463238 0.020500796 0.999729335
1341846341.338109 0.020261932 0.022119204 0.113324925 0.007804219 -0.008116644 0.018507916 0.999765337
1341846341.370120 0.020730037 0.022177817 0.113962553 0.008310080 -0.007199376 0.016582327 0.999802053
1341846341.406074 0.019186489 0.021818466 0.112329505 0.008242615 -0.006035604 0.014796386 0.999838352
1341846341.438113 0.019300045 0.020563671 0.113200940 0.008976379 -0.008023898 0.015870646 0.999801576
1341846341.470024 0.019835660 0.020998370 0.112940632 0.011952259 -0.008432386 0.014216563 0.999791920
1341846341.506077 0.018869583 0.022564037 0.112584017 0.012354353 -0.007271587 0.013138217 0.999810934
1341846341.538156 0.017997161 0.021969002 0.112349547 0.011343710 -0.008613169 0.012691419 0.999818027
1341846341.574016 0.018927565 0.021690255 0.111422591 0.011958740 -0.011428214 0.014602628 0.999756575
1341846341.612466 0.018519172 0.022318067 0.111390315 0.012858258 -0.011608777 0.014482930 0.999745011
1341846341.643972 0.018590545 0.022997510 0.110315330 0.012049051 -0.013326203 0.013997239 0.999740601
1341846341.679982 0.018193061 0.021882759 0.110282220 0.011459372 -0.014489330 0.013987785 0.999731541
1341846341.712332 0.017106201 0.021834958 0.108791806 0.012037301 -0.016149776 0.016958388 0.999653280
1341846341.744185 0.017738877 0.021791823 0.109434634 0.012467967 -0.018570194 0.019149879 0.999566376
1341846341.780061 0.017745821 0.022184096 0.110431321 0.013226686 -0.019259267 0.020595321 0.999514878
1341846341.812163 0.018137371 0.021483304 0.109247357 0.013046413 -0.020010816 0.022383057 0.999464035
1341846341.842595 0.018542985 0.020251375 0.107939668 0.014795469 -0.020160809 0.025529530 0.999361217
1341846341.875779 0.018281009 0.020894911 0.107915454 0.016802711 -0.020475669 0.028941641 0.999230087
1341846341.906227 0.018957499 0.019675303 0.107994169 0.018075591 -0.021299740 0.031061724 0.999126971
1341846341.942069 0.019090787 0.018178690 0.105350740 0.020841615 -0.021192839 0.032970790 0.999014199
1341846341.974775 0.019012617 0.018646481 0.104263142 0.024358172 -0.021122646 0.034058977 0.998899639
1341846342.010161 0.018123008 0.018977746 0.103987776 0.025043838 -0.022149548 0.036188852 0.998785555
1341846342.042024 0.020491686 0.017396521 0.104983717 0.026558237 -0.023677243 0.036607467 0.998696148
1341846342.080032 0.020572022 0.019000551 0.103551432 0.028979952 -0.021357905 0.036292560 0.998692572
1341846342.112265 0.018504774 0.017994272 0.102603592 0.028909149 -0.019854717 0.037688490 0.998673975
1341846342.147954 0.019392129 0.015959490 0.102673769 0.030734364 -0.021351505 0.039869886 0.998503864
1341846342.179852 0.020270048 0.017082874 0.101950407 0.033975020 -0.021221872 0.041410167 0.998338878
1341846342.211848 0.020516830 0.017692467 0.101542532 0.034823272 -0.020644331 0.041054454 0.998336434
1341846342.247920 0.020160783 0.016730638 0.100519560 0.035523318 -0.020349743 0.040204257 0.998352468
1341846342.279870 0.020161452 0.016785247 0.101418309 0.037256133 -0.019664245 0.039905310 0.998315036
1341846342.316068 0.020711401 0.016770888 0.099299312 0.038364179 -0.019628379 0.041197300 0.998221278
1341846342.347894 0.021190347 0.017205574 0.099956073 0.039019149 -0.019886995 0.041569889 0.998175323
1341846342.379953 0.021337738 0.016946109 0.101116896 0.039118450 -0.019069545 0.040950652 0.998212993
1341846342.416195 0.020486837 0.017682806 0.100350387 0.040058747 -0.018486263 0.041871395 0.998148501
1341846342.447907 0.020135695 0.017650714 0.100443251 0.040167592 -0.019217296 0.042852186 0.998088658
