1341846313.789969 0.012959077 -0.002003213 0.002796385 -0.000832879 -0.008669441 0.004401165 0.999952376
1341846313.822075 0.016686071 -0.000090455 0.002567053 0.000032529 -0.008729283 0.003599022 0.999955416
1341846313.853928 0.017950414 0.000121719 0.005184759 -0.000643170 -0.006348731 0.002673732 0.999976039
1341846313.890011 0.018761748 0.000346876 0.002457035 -0.000739656 -0.004320568 0.002802001 0.999986470
1341846313.922055 0.021500533 0.002055587 0.003376267 -0.002183862 -0.004553889 0.004208974 0.999978364
1341846313.957927 0.030446971 0.001246471 0.004684105 -0.004564255 -0.003175993 0.005646233 0.999968588
1341846313.990058 0.029159877 0.001641587 0.004082051 -0.005637943 0.004547985 0.007639089 0.999944568
1341846314.022042 0.028846104 0.003555680 0.003890806 -0.007061891 0.006591877 0.007340298 0.999926388
1341846314.057816 0.035581473 0.002384600 0.006612187 -0.011116169 0.007488421 0.010576257 0.999854207
1341846314.089801 0.037927728 0.000748167 0.005667939 -0.011154488 0.012356071 0.010551645 0.999805748
1341846314.122037 0.032914829 0.004904356 0.005452109 -0.010150872 0.018182820 0.011568026 0.999716222
1341846314.157989 0.038364086 0.003731693 0.006989209 -0.013128165 0.019893253 0.014313864 0.999613404
1341846314.190094 0.039137159 0.004768235 0.008213235 -0.012699147 0.024099747 0.014890221 0.999517977
1341846314.225969 0.038946204 0.006524809 0.007291750 -0.014144856 0.026874242 0.016522897 0.999402165
1341846314.257923 0.041443013 0.004077321 0.008118792 -0.017144311 0.028272992 0.018047979 0.999290228
1341846314.290052 0.041472394 0.003747920 0.006748154 -0.015949074 0.029577812 0.016431967 0.999300122
1341846314.325981 0.042271338 0.003711517 0.003212517 -0.016853234 0.031128997 0.014499961 0.999268115
1341846314.357905 0.039485451 0.003685710 0.005583255 -0.017446114 0.036935922 0.012277659 0.999089897
1341846314.389899 0.045563355 0.003875775 0.008102695 -0.016076254 0.036778644 0.012434028 0.999116778
1341846314.427905 0.049326073 0.005275890 0.005359577 -0.015741605 0.037403997 0.011902091 0.999105334
1341846314.458114 0.053686865 0.003834747 0.010062983 -0.016883198 0.041102145 0.009218656 0.998969793
1341846314.493987 0.055548251 0.004753181 0.010175191 -0.014577270 0.046257392 0.004097089 0.998814762
1341846314.526085 0.052702513 0.004757719 0.006264660 -0.014267300 0.049332529 0.001160253 0.998679817
1341846314.558292 0.056569051 0.003871490 0.006279568 -0.015982855 0.051219273 0.003121227 0.998554647
1341846314.594085 0.056243673 0.003634266 0.007121496 -0.014492704 0.057557128 0.004272761 0.998227894
1341846314.626096 0.059125509 0.004206611 0.002531660 -0.014087762 0.059752807 0.003850968 0.998106360
1341846314.658455 0.058410216 0.004014429 0.002990008 -0.016275501 0.062728472 0.002356013 0.997895122
1341846314.694004 0.059783068 0.004254566 0.000780774 -0.015688604 0.067234710 -0.003174360 0.997608781
1341846314.725910 0.060801812 -0.001345683 0.002770054 -0.013974505 0.069693811 0.003418682 0.997464716
1341846314.761942 0.064259507 0.000628328 0.004726393 -0.009664110 0.069175586 0.010538561 0.997502029
1341846314.794030 0.070226572 0.000593136 0.007472945 -0.006567507 0.069507115 0.011729062 0.997490883
1341846314.826092 0.072240174 0.001481283 0.005436543 -0.004251774 0.073547713 0.011772828 0.997213125
1341846314.862145 0.073573679 0.002009626 0.003884708 -0.003861726 0.077082105 0.011567879 0.996950150
1341846314.894072 0.081759185 0.003035777 0.007757048 -0.003939085 0.078937516 0.015015666 0.996758640
1341846314.925969 0.082671709 0.003073448 0.004056147 -0.003880942 0.081716396 0.018762507 0.996471405
1341846314.961937 0.083619431 0.006765761 0.000755725 -0.005342076 0.081999496 0.022466034 0.996364772
1341846314.994564 0.083103657 0.004998746 0.006448000 -0.009531073 0.083466314 0.021785645 0.996226847
1341846315.029900 0.086995609 0.004005173 0.007293421 -0.010021753 0.086103044 0.019190524 0.996050954
1341846315.061965 0.087086268 0.002619042 0.006814847 -0.011284785 0.088745736 0.023604212 0.995710671
1341846315.094388 0.085425809 0.002197600 0.008911100 -0.011063425 0.088938162 0.022893092 0.995712578
1341846315.129851 0.089345410 0.003129857 0.005309113 -0.009035310 0.088398136 0.023237923 0.995773137
1341846315.161941 0.089914568 0.008391521 0.001915836 -0.009415081 0.088583760 0.024818772 0.995714962
1341846315.197984 0.089465983 0.008369935 0.004187517 -0.016120214 0.087075263 0.022971835 0.995806336
1341846315.230076 0.092654273 0.006273530 0.004857788 -0.020600872 0.084914327 0.018983519 0.995994329
1341846315.262069 0.089559413 0.006370231 0.002840607 -0.023516590 0.083290868 0.021032091 0.996025741
1341846315.298000 0.093960568 0.005107407 0.006940772 -0.025848769 0.077894799 0.024830291 0.996317089
1341846315.329931 0.096176080 0.003494206 0.011228213 -0.022605039 0.076604620 0.024487847 0.996504486
1341846315.361981 0.096912719 0.004517838 0.010459051 -0.017201794 0.075787097 0.028433284 0.996570110
1341846315.397962 0.101330385 0.003228961 0.008702681 -0.015120137 0.074301831 0.033422288 0.996560872
1341846315.429923 0.102395259 0.004487259 0.008643203 -0.011794560 0.076334834 0.034729876 0.996407390
1341846315.466047 0.105267711 0.005387072 0.004218659 -0.010470792 0.079624884 0.036399469 0.996105075
1341846315.497883 0.102508470 0.005827832 0.006352828 -0.011460323 0.083279863 0.040153611 0.995650947
1341846315.530008 0.102665424 0.006409878 0.006301738 -0.010933556 0.084719405 0.040129472 0.995536387
1341846315.566108 0.103171356 0.006774153 0.006099627 -0.011707755 0.086188711 0.040993679 0.995366275
1341846315.597986 0.105185665 0.006356310 0.009003525 -0.012324371 0.087118983 0.041767001 0.995245636
1341846315.630109 0.105027638 0.005550141 0.006078104 -0.012369743 0.088574506 0.040564351 0.995166361
1341846315.666042 0.103634402 0.006830935 0.003637970 -0.012772251 0.090654917 0.038464572 0.995057285
1341846315.698114 0.107114874 0.009132722 0.001494343 -0.016906295 0.092603005 0.037645347 0.994847536
1341846315.733985 0.105487823 0.007300381 0.008394754 -0.020245828 0.095902838 0.040370289 0.994365633
1341846315.766041 0.105778627 0.007412149 0.008222288 -0.019956568 0.093227670 0.042251430 0.994547725
1341846315.798188 0.105720401 0.006677677 0.009012521 -0.021352356 0.092753649 0.040791236 0.994624019
1341846315.834140 0.104079820 0.004439030 0.009754228 -0.021308184 0.095820867 0.039178956 0.994398952
1341846315.866751 0.102274291 0.003085012 0.006127535 -0.019214254 0.097628288 0.037518539 0.994329870
1341846315.898492 0.101738818 0.003223901 0.007942626 -0.018115971 0.098124549 0.037788574 0.994291425
1341846315.936901 0.101878732 0.001334341 0.008504459 -0.016113544 0.099600285 0.036974970 0.994209766
1341846315.966572 0.097870141 0.002532292 0.009308539 -0.011956625 0.102365337 0.034971993 0.994060040
1341846316.002119 0.094724052 0.002260154 0.006879210 -0.009963521 0.102904573 0.032795362 0.994100511
1341846316.034204 0.093090713 0.001249522 0.006377466 -0.008421967 0.103358395 0.032157868 0.994088531
1341846316.066113 0.090552181 0.000548912 0.007480608 -0.006494299 0.103850886 0.032370467 0.994044781
1341846316.101867 0.087266177 0.001905118 0.005358494 -0.004575566 0.103359766 0.032801613 0.994092464
1341846316.134066 0.084614471 0.003223912 0.006244591 -0.004839095 0.100618742 0.029509338 0.994475603
1341846316.169952 0.084738322 0.001501379 0.006041241 -0.005533753 0.097453803 0.029342614 0.994792044
1341846316.202049 0.082001500 0.001318707 0.007199857 -0.004943230 0.095566355 0.026505513 0.995057881
1341846316.233979 0.080232456 0.000835521 0.002634068 -0.004534359 0.094542429 0.024728699 0.995203376
1341846316.270052 0.080411658 0.001121441 0.004507240 -0.005861043 0.094964527 0.022158815 0.995216787
1341846316.301915 0.079842523 -0.002084444 0.005780847 -0.006962794 0.095627286 0.020281389 0.995186210
1341846316.334208 0.078209512 -0.002226393 0.008006967 -0.005535034 0.094748855 0.021933684 0.995244145
1341846316.370006 0.076394573 -0.002692595 0.006320897 -0.003589217 0.093675219 0.022841793 0.995334268
1341846316.401994 0.074125111 -0.002459939 0.004509522 -0.001615242 0.093156263 0.024640938 0.995345235
1341846316.438069 0.071215741 -0.003668647 0.007191966 0.000294477 0.093583517 0.025055608 0.995296061
1341846316.470076 0.069601968 -0.002248939 0.006639765 0.005896625 0.092876367 0.028834220 0.995242596
1341846316.502034 0.064750880 0.000885255 0.002487875 0.008569691 0.091628097 0.029758088 0.995311677
1341846316.537975 0.063060321 0.001919857 0.003818087 0.006587560 0.088670909 0.027490709 0.995659769
1341846316.570121 0.062285222 -0.000194970 0.007668494 0.005699424 0.088285804 0.025579885 0.995750368
1341846316.601885 0.061488353 -0.001372639 0.006926524 0.007303350 0.087154277 0.024861453 0.995857775
1341846316.638009 0.059001096 -0.002333619 0.005351780 0.009416457 0.085983396 0.025766261 0.995918810
1341846316.669925 0.057739180 -0.004378754 0.006571662 0.010815519 0.085374430 0.025567403 0.995962083
1341846316.705941 0.056185838 -0.006575975 0.006160502 0.014187274 0.085221522 0.026876910 0.995898426
1341846316.738062 0.051863216 -0.005503492 0.002134458 0.016530810 0.085533321 0.029141981 0.995771825
1341846316.770433 0.048706330 -0.003641078 0.002418826 0.016294669 0.085443437 0.028911168 0.995790184
1341846316.805932 0.048048023 -0.005304597 0.003600968 0.016692461 0.085150406 0.027791072 0.995840549
1341846316.838029 0.045502707 -0.004137876 0.002749592 0.018505998 0.083643273 0.029480180 0.995887697
1341846316.870034 0.043274906 -0.005735742 0.003817009 0.018379923 0.080247261 0.031067112 0.996121168
1341846316.906344 0.040431235 -0.005007564 0.003285868 0.019862080 0.077564672 0.029719330 0.996346295
1341846316.937940 0.039938595 -0.003804423 0.003245585 0.020140016 0.075861886 0.027314451 0.996540666
1341846316.973994 0.036111426 -0.005171415 0.001907132 0.018804492 0.074733399 0.026646636 0.996670127
1341846317.005913 0.034497574 -0.006363678 0.001749448 0.017378801 0.071719863 0.027480921 0.996894717
1341846317.037936 0.031325072 -0.007105621 0.004375456 0.017765161 0.070055671 0.025660839 0.997054756
1341846317.073972 0.032260247 -0.006681303 0.005366513 0.019092593 0.067232080 0.027188901 0.997184098
1341846317.106113 0.027857520 -0.008117717 0.005518226 0.021056805 0.066469759 0.031343162 0.997073710
1341846317.137887 0.020293631 -0.008977122 -0.001139227 0.023857294 0.062293053 0.033680759 0.997204065
1341846317.173970 0.021469403 -0.005021721 0.005495489 0.026587462 0.054499686 0.036295421 0.997499645
1341846317.205887 0.019829398 -0.005300873 0.006833580 0.026731266 0.052213859 0.036476169 0.997611463
1341846317.248131 0.019046240 -0.007016598 0.004615675 0.026945697 0.048478670 0.039858565 0.997664809
1341846317.273950 0.014517864 -0.006514575 0.005252148 0.028536066 0.045257643 0.040702634 0.997737825
1341846317.306289 0.014264860 -0.006279080 0.005242647 0.028946094 0.042883243 0.043867491 0.997696757
1341846317.348137 0.014838264 -0.005973761 0.007810253 0.030296296 0.043379411 0.044482883 0.997607946
1341846317.373974 0.011728019 -0.005932802 0.003856634 0.031611670 0.044592183 0.047468029 0.997376084
1341846317.410120 0.009080626 -0.005475500 0.006159642 0.032053888 0.043660328 0.049428124 0.997307956
1341846317.442569 0.009185883 -0.008510645 0.006618634 0.033637706 0.043056510 0.053092107 0.997093737
1341846317.474010 0.008118668 -0.008735595 0.008468100 0.039155837 0.043125011 0.055835426 0.996739447
1341846317.509927 0.002805301 -0.005164681 0.006131815 0.043263927 0.042134419 0.058661085 0.996449590
1341846317.542282 0.001558060 -0.004447726 0.006372595 0.042647608 0.039207436 0.060127988 0.996508181
1341846317.573943 0.001784526 -0.006328746 0.005978588 0.042013861 0.039449159 0.059508961 0.996562779
1341846317.610159 -0.001992059 -0.007499155 0.008681717 0.044245716 0.042376503 0.059335709 0.996356249
1341846317.643553 -0.006542813 -0.005884441 0.007600920 0.047055796 0.042705331 0.061292954 0.996094942
1341846317.677993 -0.008798044 -0.007118131 0.012906318 0.047611158 0.039731923 0.063880287 0.996029079
1341846317.709996 -0.010501872 -0.007506385 0.009602264 0.049948361 0.036931388 0.063226610 0.996064067
1341846317.741834 -0.014020943 -0.005134691 0.007435144 0.050654951 0.036097147 0.062715121 0.996091306
1341846317.777923 -0.015611547 -0.005393439 0.009989634 0.048769329 0.034845296 0.062149242 0.996265411
1341846317.810021 -0.019611381 -0.007379677 0.007935945 0.047820114 0.034021087 0.060367472 0.996449471
1341846317.841886 -0.020614203 -0.004854437 0.008139299 0.048106879 0.032530483 0.059118826 0.996560335
1341846317.878017 -0.022219835 -0.004968577 0.007334475 0.045740027 0.032063242 0.055840038 0.996876001
1341846317.909910 -0.023672119 -0.005998143 0.010112568 0.044538539 0.033526309 0.051467691 0.997117579
1341846317.946031 -0.027096270 -0.006839312 0.012456325 0.045622792 0.034998875 0.052600190 0.996958792
1341846317.978041 -0.028513286 -0.007380477 0.012021871 0.047745109 0.033256270 0.053651091 0.996863127
1341846318.009897 -0.030075952 -0.006703878 0.010705830 0.050305437 0.033538025 0.051221132 0.996855557
1341846318.045949 -0.032960936 -0.004698326 0.009994828 0.050906539 0.034359012 0.051061340 0.996805310
1341846318.078074 -0.039944991 -0.005966011 0.011294171 0.049763408 0.034714617 0.047923472 0.997006416
1341846318.109894 -0.042861197 -0.006085452 0.012206754 0.049491547 0.030714683 0.045838993 0.997249186
1341846318.145957 -0.044295449 -0.006127048 0.012534963 0.048579704 0.028669942 0.043518998 0.997458875
1341846318.178001 -0.047427919 -0.007951068 0.009304909 0.047235742 0.029319203 0.040537119 0.997630179
1341846318.214074 -0.047897693 -0.007862221 0.013658217 0.048309464 0.026925780 0.038750619 0.997717202
1341846318.245970 -0.052202038 -0.010001162 0.010927523 0.050787743 0.021970876 0.039910633 0.997669816
1341846318.278018 -0.052744184 -0.009220111 0.012632926 0.055048592 0.016371982 0.041327402 0.997493684
1341846318.313937 -0.055549774 -0.007000485 0.016311595 0.057549808 0.010566307 0.039782669 0.997493684
1341846318.345989 -0.057342879 -0.008560113 0.013867186 0.058631800 0.000852650 0.038791712 0.997525334
1341846318.382046 -0.061765134 -0.008642724 0.013447226 0.060637191 -0.004697297 0.037843913 0.997431159
1341846318.414072 -0.065963440 -0.010817704 0.009575899 0.061134659 -0.011106580 0.037983965 0.997344673
1341846318.446035 -0.067558244 -0.011022878 0.009865533 0.063428193 -0.017462105 0.038520146 0.997089803
1341846318.482196 -0.068721503 -0.010502805 0.009959751 0.064681478 -0.019397508 0.038798127 0.996962786
1341846318.514144 -0.069755323 -0.010934914 0.009540579 0.064616464 -0.021353543 0.040301785 0.996867359
1341846318.546259 -0.072737053 -0.012674629 0.011380041 0.065929838 -0.021904947 0.040014051 0.996780992
1341846318.582042 -0.074900344 -0.011115046 0.010392035 0.067730486 -0.021728672 0.039650239 0.996678591
1341846318.614115 -0.074685529 -0.009309324 0.011815621 0.067887321 -0.022539401 0.038895264 0.996679723
1341846318.650038 -0.077237427 -0.008865991 0.010995548 0.067651562 -0.023138048 0.035426099 0.996811330
1341846318.682350 -0.081091434 -0.009383701 0.010982233 0.067000434 -0.023136308 0.033450175 0.996923625
1341846318.714063 -0.085338965 -0.010175390 0.006065156 0.066209212 -0.023863567 0.032695785 0.996984363
1341846318.749905 -0.086894423 -0.010891531 0.008647367 0.067242861 -0.023964837 0.034717083 0.996844411
1341846318.782036 -0.089732371 -0.010133629 0.010682584 0.069062568 -0.024443632 0.036362939 0.996649683
1341846318.814121 -0.092537165 -0.009980485 0.010959228 0.069157660 -0.029584901 0.034731649 0.996561944
1341846318.850072 -0.095763333 -0.011827263 0.007641834 0.069149792 -0.035342488 0.032656685 0.996445060
1341846318.883516 -0.096628614 -0.013868893 0.004165175 0.071763612 -0.043845132 0.031799681 0.995949984
1341846318.918047 -0.096148595 -0.012560426 -0.001784479 0.074732430 -0.056378637 0.031132065 0.995121777
1341846318.950044 -0.105264902 -0.013740402 0.010209915 0.076621905 -0.063390635 0.027124379 0.994673312
1341846318.982028 -0.105868265 -0.010036838 0.012385948 0.079458497 -0.067717172 0.023317920 0.994262040
1341846319.018123 -0.113330200 -0.012327103 0.002302901 0.078198604 -0.072142608 0.023968820 0.994035184
1341846319.050745 -0.115932502 -0.015160590 0.008438258 0.079172730 -0.077575609 0.022704678 0.993578494
1341846319.081905 -0.112850554 -0.014742360 0.007801015 0.084226497 -0.080351375 0.021518797 0.992968500
1341846319.117976 -0.115150601 -0.010872664 0.006298861 0.087606236 -0.078974068 0.025972411 0.992680073
1341846319.150093 -0.118855037 -0.012478886 0.005164586 0.088962719 -0.083088011 0.033436038 0.992000043
1341846319.186069 -0.117663465 -0.009597021 0.001819314 0.090932764 -0.085106082 0.034527518 0.991612852
1341846319.218149 -0.114018470 -0.006888702 -0.001694009 0.088090323 -0.082080632 0.034851257 0.992113054
1341846319.250034 -0.118537486 -0.006021683 0.002252053 0.082253367 -0.074989550 0.032445502 0.993256390
1341846319.286594 -0.123361021 -0.007889789 0.005696733 0.080079637 -0.070681125 0.034891635 0.993666947
1341846319.318034 -0.125017777 -0.008396844 0.005112640 0.080722004 -0.070271015 0.038874168 0.993496239
1341846319.350268 -0.128277898 -0.009949089 0.005268790 0.081267036 -0.069356449 0.044871870 0.993263245
1341846319.386163 -0.135630399 -0.011157132 0.002894213 0.082935192 -0.072345614 0.051519357 0.992589355
1341846319.418386 -0.132597342 -0.010024313 0.003707060 0.084361434 -0.079044305 0.052166320 0.991924286
1341846319.453961 -0.131808534 -0.008380629 0.000391247 0.084879614 -0.081055455 0.049454499 0.991856694
1341846319.486271 -0.137756258 -0.007969835 0.000400135 0.083999209 -0.080876864 0.048648704 0.991986096
1341846319.518456 -0.134307429 -0.006901686 -0.010343676 0.080790512 -0.084768668 0.051073130 0.991805732
1341846319.554083 -0.134268090 -0.007561955 0.004255224 0.079216555 -0.087956488 0.047542103 0.991830707
1341846319.586296 -0.139326453 -0.007697885 0.007525665 0.079799183 -0.087030999 0.043674458 0.992043436
1341846319.622031 -0.144117102 -0.008610686 -0.000609082 0.077736370 -0.089857318 0.040918738 0.992072761
1341846319.653962 -0.146246091 -0.010729786 0.004917199 0.076895170 -0.094861165 0.039331973 0.991736591
1341846319.686352 -0.147706911 -0.010415376 0.006601403 0.078832388 -0.098834127 0.041110758 0.991124213
1341846319.721992 -0.149795890 -0.009065723 0.002381503 0.079651386 -0.102795757 0.042112265 0.990613580
1341846319.754063 -0.150341034 -0.006889341 0.001536495 0.076298513 -0.105893299 0.043086894 0.990509272
1341846319.786397 -0.151979163 -0.006670940 0.006394711 0.072181046 -0.105746470 0.046105713 0.990697622
1341846319.822008 -0.154141247 -0.006642891 0.001880875 0.068792693 -0.106142111 0.050462343 0.990684092
1341846319.853917 -0.154900342 -0.006274923 0.002281626 0.064021677 -0.107307412 0.054048371 0.990689218
1341846319.889942 -0.156281054 -0.009044321 0.007077937 0.060577553 -0.108074918 0.059095241 0.990534127
1341846319.922039 -0.160160765 -0.011475599 0.005528793 0.059865087 -0.111675158 0.061098926 0.990056455
1341846319.953946 -0.158373326 -0.013105208 0.008623112 0.060086094 -0.118437730 0.057984818 0.989444256
1341846319.990054 -0.156771079 -0.011832337 0.009632135 0.063199736 -0.122074634 0.050214570 0.989233077
1341846320.028122 -0.159314632 -0.012099379 0.005437155 0.065002158 -0.125201568 0.049683496 0.988752127
1341846320.054177 -0.158188432 -0.011071798 0.009573334 0.068755321 -0.131128430 0.049218319 0.987752795
1341846320.090047 -0.154949576 -0.008813719 0.009635178 0.070923492 -0.133157670 0.049930096 0.987292171
1341846320.122011 -0.152920902 -0.008131655 0.011837243 0.071719542 -0.131358281 0.050903838 0.987425983
1341846320.157952 -0.150306880 -0.008219123 0.010916177 0.072072677 -0.128788829 0.051308125 0.987717807
1341846320.190003 -0.145479739 -0.011607004 0.017720712 0.074240647 -0.126282528 0.051052231 0.987894058
1341846320.221941 -0.142831638 -0.010894173 0.015623543 0.078472763 -0.122721136 0.051612847 0.987986684
1341846320.258015 -0.142242834 -0.012579277 0.013254968 0.082075924 -0.121470593 0.054407787 0.987698436
1341846320.289887 -0.140068620 -0.015776789 0.004164017 0.086146832 -0.122215368 0.055243026 0.987213373
1341846320.321954 -0.136260822 -0.011009615 0.005929234 0.096913807 -0.123628169 0.053697165 0.986123919
1341846320.357890 -0.132772088 -0.009129888 0.006628098 0.102064222 -0.123992272 0.054281972 0.985526443
1341846320.390064 -0.124018274 -0.009974216 0.016394187 0.103442803 -0.121557504 0.056068469 0.985585928
1341846320.426544 -0.119172059 -0.011586006 0.010706550 0.105669208 -0.113776602 0.052234344 0.986488938
1341846320.458122 -0.118055232 -0.012585206 0.012682532 0.106776737 -0.106219165 0.048715413 0.987392008
1341846320.490186 -0.108703673 -0.013883992 0.013686147 0.109193027 -0.101073138 0.051424179 0.987530589
1341846320.525911 -0.110093333 -0.013337453 0.005232917 0.113035008 -0.092392147 0.047445383 0.988147616
1341846320.558091 -0.109877758 -0.012194004 0.003818428 0.114594661 -0.087296508 0.042074669 0.988674402
1341846320.594093 -0.103909269 -0.013423586 0.008973536 0.115648985 -0.083513893 0.039126351 0.988999426
1341846320.631955 -0.099539198 -0.012249389 0.008248609 0.118363075 -0.075801179 0.038440388 0.989326417
1341846320.664916 -0.105013244 -0.011169624 0.005888570 0.118748069 -0.072084121 0.035458848 0.989669383
1341846320.699927 -0.090135701 -0.011652106 0.010632141 0.118783697 -0.070880435 0.035276968 0.989758551
1341846320.731822 -0.092822917 -0.010130594 0.012039434 0.121234715 -0.063795850 0.034037337 0.989986718
1341846320.763877 -0.093307309 -0.004890385 0.002053946 0.119664818 -0.061123669 0.034400944 0.990333676
1341846320.799999 -0.085033402 -0.010167214 0.005017936 0.111148730 -0.063977689 0.029262869 0.991310477
1341846320.831871 -0.065106861 -0.011245464 0.014342825 0.113611206 -0.056099225 0.026390895 0.991589069
1341846320.863887 -0.079637483 -0.007506758 0.007265975 0.112564452 -0.044256698 0.025457021 0.992331862
1341846320.900014 -0.085555270 -0.010607835 0.007954598 0.104770869 -0.048235811 0.031076135 0.992839694
1341846320.931889 -0.075515360 -0.013546676 0.009915649 0.105822220 -0.048943676 0.030326935 0.992716670
1341846320.967866 -0.078642376 -0.005488812 0.010776781 0.106897034 -0.042666394 0.026514774 0.993000269
1341846321.000017 -0.077551730 -0.008005461 0.008713216 0.100082830 -0.042273402 0.025183203 0.993761659
1341846321.031860 -0.070444301 -0.010225095 0.010028741 0.097696200 -0.042510856 0.022949401 0.994043052
1341846321.068047 -0.068768509 -0.007632050 0.011133907 0.098795392 -0.038953424 0.020097788 0.994141936
1341846321.099840 -0.067680858 -0.008525351 0.009892154 0.096101403 -0.037502754 0.021369064 0.994435251
1341846321.131821 -0.060613401 -0.011728524 0.010139136 0.095976949 -0.036881290 0.023054566 0.994432867
1341846321.167887 -0.058800865 -0.009911001 0.011260569 0.099070042 -0.032707941 0.022925759 0.994278491
1341846321.200042 -0.057605084 -0.009134780 0.009542309 0.099401399 -0.030212596 0.022952331 0.994323790
1341846321.231950 -0.054585338 -0.010946958 0.011392360 0.098500565 -0.029411672 0.021671314 0.994466186
1341846321.267939 -0.050890595 -0.009606020 0.007093625 0.099123463 -0.027269091 0.016469764 0.994565070
1341846321.299948 -0.048764188 -0.010218883 0.010057809 0.097656295 -0.022749683 0.010627423 0.994903386
1341846321.331858 -0.047826573 -0.011195296 0.011610514 0.097849749 -0.019788839 0.007051314 0.994979441
1341846321.367913 -0.038893092 -0.013397506 0.008648219 0.098607689 -0.018330323 0.003236022 0.994952321
1341846321.399897 -0.037866510 -0.012053272 0.010467162 0.100638434 -0.012878568 0.002321433 0.994837046
1341846321.435994 -0.037022647 -0.013388613 0.010158187 0.101871908 -0.009255585 0.001568830 0.994753242
1341846321.467946 -0.034354702 -0.012385800 0.011114860 0.103946649 -0.006853449 0.002089852 0.994557083
1341846321.499882 -0.029238863 -0.012780298 0.010619950 0.105276778 -0.004541419 0.002594322 0.994429231
1341846321.536109 -0.022292793 -0.009156524 0.009678159 0.105720878 -0.000167158 -0.000507076 0.994395733
1341846321.568960 -0.025611326 -0.008358620 0.009361734 0.102486968 0.007525370 -0.002569950 0.994702578
1341846321.603938 -0.024353446 -0.009728198 0.012196637 0.099061303 0.010062405 -0.003340750 0.995024860
1341846321.637163 -0.012442202 -0.005910228 0.016306644 0.097630106 0.012868325 -0.004701183 0.995128453
1341846321.668306 -0.019351425 -0.007291760 0.012859491 0.092562020 0.024064867 -0.001502845 0.995414913
1341846321.704411 -0.023476167 -0.008114606 0.016311225 0.089095943 0.026573226 0.006123679 0.995649636
1341846321.736861 -0.019661600 -0.008131998 0.015701359 0.087910116 0.023571467 0.015387476 0.995730579
1341846321.771881 -0.015796561 -0.004316397 0.014148857 0.086000390 0.023154885 0.020377938 0.995817482
1341846321.804114 -0.012880774 -0.005368974 0.014395008 0.081607431 0.025140207 0.023180157 0.996077716
1341846321.836152 -0.012212661 -0.003604080 0.016835392 0.079044275 0.027449179 0.024119604 0.996201158
1341846321.871882 -0.010749555 -0.000193731 0.015650103 0.074615531 0.028485879 0.021311762 0.996577561
1341846321.904074 -0.009286115 -0.001478910 0.017931584 0.067811631 0.030170640 0.017547697 0.997087479
1341846321.939847 -0.008149219 -0.003051301 0.018957982 0.063537076 0.032971002 0.014720459 0.997326076
1341846322.004094 -0.010047888 -0.004679003 0.019166386 0.056328431 0.031402152 0.014201770 0.997817278
1341846322.034203 -0.005121696 -0.005625526 0.018656990 0.054445080 0.031463102 0.013603989 0.997928202
1341846322.066178 -0.005307211 -0.006192556 0.019761685 0.051667552 0.035800841 0.010691071 0.997965157
1341846322.107979 -0.005896089 -0.010804575 0.019585762 0.048660252 0.037930086 0.009807802 0.998046756
1341846322.133980 -0.005602212 -0.015856421 0.019692659 0.049472507 0.038400024 0.008057890 0.998004496
1341846322.166164 -0.006382448 -0.016861811 0.019349245 0.051664893 0.037744220 0.009840207 0.997902453
1341846322.202932 -0.005677721 -0.018511198 0.019267401 0.052841645 0.035396177 0.010198588 0.997923255
1341846322.234093 -0.005173725 -0.019157020 0.019015957 0.051785782 0.033668291 0.008529072 0.998054087
1341846322.265941 -0.005165365 -0.021064859 0.019722378 0.049579758 0.030793319 0.008651528 0.998257875
1341846322.301996 -0.002632915 -0.025967512 0.019947855 0.047290225 0.028606385 0.009719364 0.998424172
1341846322.333949 -0.005388356 -0.030100891 0.021019997 0.046191249 0.027453955 0.009333654 0.998511672
1341846322.369871 -0.002813256 -0.034524288 0.019767813 0.046641670 0.021467032 0.006986811 0.998656571
1341846322.402292 0.001465070 -0.038362589 0.018575894 0.048483260 0.021879280 0.000563376 0.998584151
1341846322.433955 -0.005102652 -0.044188634 0.020273466 0.052710794 0.024853582 -0.003607863 0.998293936
1341846322.470030 -0.004823720 -0.044217549 0.020151898 0.062744364 0.020249834 -0.000154854 0.997824192
1341846322.502433 -0.001523571 -0.051600501 0.019631153 0.067113899 0.016600361 0.003229212 0.997601986
1341846322.534002 0.000647835 -0.058760606 0.020231571 0.073734753 0.015654335 0.005457641 0.997140050
1341846322.570196 -0.000159159 -0.059658352 0.021436820 0.084739693 0.015820265 0.006352325 0.996257305
1341846322.601920 -0.002263392 -0.059643712 0.018266536 0.090749815 0.013460328 0.009205089 0.995740235
1341846322.638119 0.002273095 -0.064316019 0.022597929 0.095724419 0.009345943 0.009900994 0.995314777
1341846322.669947 0.004085255 -0.063275099 0.021873068 0.101891458 0.012351898 0.007654788 0.994689405
1341846322.702026 0.004520882 -0.070304498 0.020129802 0.103423029 0.013821373 0.010524495 0.994485736
1341846322.738006 0.002377911 -0.065999724 0.020906702 0.105810061 0.011299282 0.012555344 0.994242907
1341846322.770087 0.005840320 -0.072304942 0.021879770 0.105203472 0.011426111 0.012827579 0.994302332
1341846322.806047 0.002409721 -0.076245531 0.020622119 0.108466834 0.011987733 0.014493003 0.993922114
1341846322.838063 0.002365427 -0.077110857 0.018928954 0.110475272 0.007527700 0.016280558 0.993717015
1341846322.870081 0.003810854 -0.082232431 0.023927022 0.112236448 0.002084744 0.017808439 0.993519723
1341846322.906018 0.006796797 -0.082055695 0.025258178 0.117796972 0.000072881 0.017147742 0.992889643
1341846322.938349 0.005716926 -0.078108966 0.025077198 0.119159415 0.001493085 0.017851822 0.992713511
1341846322.970069 0.006165244 -0.080227539 0.024107916 0.113880545 0.001034214 0.019800117 0.993296623
1341846323.011820 0.007435441 -0.084187612 0.025377082 0.111243315 0.001092753 0.020243732 0.993586361
1341846323.038050 0.007037893 -0.085656188 0.025707621 0.110645972 0.001470689 0.022895189 0.993595064
1341846323.073951 0.007119173 -0.084432758 0.026137937 0.108671404 0.001120674 0.024437951 0.993776679
1341846323.105962 0.007485012 -0.089790091 0.027478190 0.105093464 0.000998419 0.025161341 0.994143486
1341846323.138158 0.007593023 -0.090338185 0.027622145 0.105858296 0.001089964 0.021545399 0.994147182
1341846323.174092 0.006854432 -0.090690836 0.027808245 0.104072295 0.000726698 0.020404428 0.994360149
1341846323.206059 0.009700083 -0.092695042 0.027197739 0.100905225 -0.000415398 0.018468320 0.994724512
1341846323.238053 0.010186488 -0.093724921 0.026674550 0.098292872 0.002661885 0.015726440 0.995029688
1341846323.273997 0.005876032 -0.092647031 0.024502391 0.094580725 0.003840589 0.016452175 0.995373845
1341846323.305946 0.008012484 -0.095508918 0.026571665 0.089054689 -0.000790870 0.018364348 0.995857120
1341846323.342027 0.013273901 -0.101165168 0.030019794 0.086681455 0.000148430 0.015426379 0.996116638
1341846323.374048 0.007533222 -0.103412434 0.029403161 0.086959004 0.004763863 0.017230546 0.996051490
1341846323.405987 0.005064953 -0.107063450 0.028240312 0.086781532 0.000963289 0.022039849 0.995983064
1341846323.441956 0.008585996 -0.109090842 0.032119233 0.087828621 -0.004020143 0.025094567 0.995811343
1341846323.473878 0.009739573 -0.111491412 0.030681223 0.092051230 -0.002628717 0.023770932 0.995467067
1341846323.506129 0.008269336 -0.110625468 0.027822128 0.094838239 -0.002375120 0.020826831 0.995271981
1341846323.541972 0.010646917 -0.111044690 0.027264193 0.093413331 -0.002812477 0.018544184 0.995450735
1341846323.573913 0.015623512 -0.115176573 0.024629042 0.092362933 0.000529132 0.012940675 0.995641172
1341846323.609927 0.012852109 -0.114397436 0.025298933 0.093475930 0.007187909 0.009296615 0.995552182
1341846323.642014 0.009460372 -0.117554374 0.024822863 0.091919877 0.009396147 0.010087132 0.995670974
1341846323.674081 0.008765430 -0.121219769 0.024785301 0.091777459 0.007779963 0.012194953 0.995674491
1341846323.710069 0.008772355 -0.125541419 0.026073398 0.093170553 0.006406627 0.016380150 0.995494783
1341846323.742111 0.009086093 -0.130316526 0.028537558 0.097108342 0.004208950 0.017904915 0.995103836
1341846323.774928 0.009155308 -0.129715458 0.026052183 0.100788176 0.001991813 0.014399176 0.994801700
1341846323.810012 0.009847164 -0.131807074 0.024860678 0.102060243 0.000771266 0.010934674 0.994717836
1341846323.842207 0.008877306 -0.129516914 0.023322206 0.104226492 0.001309808 0.004978739 0.994540274
1341846323.878019 0.006920632 -0.132754594 0.021726262 0.104555897 0.000856320 0.001340067 0.994517744
1341846323.909826 0.007189288 -0.135938361 0.024749570 0.107699312 -0.000902518 -0.002861890 0.994179010
1341846323.942459 0.005821549 -0.135797918 0.023844276 0.111693896 -0.000809639 -0.003470219 0.993736267
1341846323.978055 0.003828716 -0.136973739 0.022557210 0.114027716 -0.003155532 -0.002194860 0.993470132
1341846324.015934 0.006855798 -0.137091517 0.023705047 0.117983982 -0.006021415 -0.002018341 0.992995203
1341846324.047722 0.008337040 -0.135572985 0.022646703 0.121442400 -0.004689288 -0.003100974 0.992582560
1341846324.083904 0.007549518 -0.131864220 0.020675912 0.121902660 -0.002894967 -0.004088484 0.992529392
1341846324.115968 0.009741339 -0.130787715 0.020821488 0.119709633 -0.001773041 -0.004715411 0.992796183
1341846324.151967 0.010526992 -0.129263029 0.019894887 0.119348235 0.000939499 -0.009325063 0.992808223
1341846324.183941 0.010331628 -0.125272632 0.019444754 0.117046632 0.005133543 -0.012680905 0.993032157
1341846324.219984 0.006619304 -0.124321409 0.022056179 0.112504013 0.007589221 -0.012513923 0.993543506
1341846324.251968 0.006188096 -0.125323385 0.023167117 0.111609057 0.007719758 -0.012583904 0.993642569
1341846324.284052 0.005571961 -0.121457949 0.022440428 0.112421207 0.007047350 -0.013508626 0.993543804
1341846324.319880 0.003946821 -0.117091790 0.022114728 0.111402556 0.004061271 -0.013990101 0.993668556
1341846324.351917 0.005042445 -0.111192167 0.023560269 0.108683348 0.000387843 -0.014855281 0.993965328
1341846324.388001 0.008590624 -0.109447852 0.020747285 0.104161993 -0.000210589 -0.018631972 0.994385779
1341846324.419908 0.007648146 -0.107095309 0.024849750 0.099260047 0.001976559 -0.021086516 0.994836092
1341846324.452027 0.005612884 -0.109201640 0.026505224 0.094145976 0.002746771 -0.021471968 0.995323062
1341846324.487928 0.005201488 -0.107209094 0.027631126 0.092782982 0.002233411 -0.019458378 0.995493710
1341846324.519985 0.002599212 -0.104704469 0.025208054 0.091202602 0.000701466 -0.014783955 0.995722413
1341846324.556001 0.001805325 -0.099586695 0.024173349 0.089833073 -0.004116871 -0.010541391 0.995892525
1341846324.587888 0.003240010 -0.094887145 0.026164355 0.086701095 -0.007820659 -0.007478640 0.996175587
1341846324.620086 0.003116740 -0.093970634 0.026130503 0.084164046 -0.010287658 -0.010042138 0.996348202
1341846324.655955 0.004247619 -0.089999743 0.027935557 0.083333179 -0.011381475 -0.011913341 0.996385515
1341846324.688082 0.003683987 -0.089526847 0.028646791 0.082411878 -0.011129445 -0.010986567 0.996475637
1341846324.755922 0.000698643 -0.079013094 0.027052280 0.084109433 -0.013956873 -0.006976008 0.996334374
1341846324.782029 0.000666307 -0.074358083 0.027781038 0.082456596 -0.018727738 -0.008238545 0.996384621
1341846324.814016 0.004499407 -0.068846904 0.025920361 0.079565600 -0.020331787 -0.010000887 0.996572077
1341846324.849979 0.002289925 -0.065472327 0.030750448 0.073891804 -0.016776197 -0.012405124 0.997047961
1341846324.881924 0.000073858 -0.064750709 0.031344365 0.070798017 -0.017799901 -0.012501416 0.997253478
1341846324.913902 0.002004646 -0.061625853 0.031993616 0.069903664 -0.019693639 -0.009158718 0.997317314
1341846324.949999 0.001340737 -0.062606163 0.033583898 0.069972612 -0.019658862 -0.006397728 0.997334659
1341846324.981922 -0.003576878 -0.061164815 0.034416445 0.074420460 -0.021025522 -0.003045576 0.997000635
1341846325.018013 -0.002921427 -0.057336446 0.032208823 0.078869365 -0.026481863 -0.000466706 0.996533036
1341846325.050079 -0.003912101 -0.053008631 0.030238513 0.080902144 -0.031230507 -0.001360264 0.996231735
1341846325.081901 -0.003446836 -0.048174031 0.028737783 0.080205441 -0.036495265 -0.003337425 0.996104419
1341846325.118531 0.000311231 -0.044760544 0.028627073 0.075988643 -0.039062534 -0.005063102 0.996330380
1341846325.149933 -0.000625065 -0.043026030 0.029484553 0.070516087 -0.036372412 -0.007301695 0.996820569
1341846325.181925 -0.001537960 -0.041036043 0.032230929 0.067530446 -0.035198044 -0.005276650 0.997082174
1341846325.218055 -0.001882216 -0.039317377 0.031556476 0.064575672 -0.034947895 -0.001191047 0.997299969
1341846325.249811 -0.003058526 -0.037239477 0.031244596 0.062431991 -0.034779020 0.002863575 0.997438967
1341846325.285925 -0.002086664 -0.034144066 0.031659398 0.059978988 -0.035640165 0.006031550 0.997544944
1341846325.317988 0.001461789 -0.034584571 0.034959953 0.057444617 -0.034041513 0.008615837 0.997730970
1341846325.349844 0.000474754 -0.036455546 0.034808174 0.059724007 -0.029042084 0.010458890 0.997737527
1341846325.387302 0.000060289 -0.032428931 0.035034396 0.064893492 -0.026203780 0.013180105 0.997461021
1341846325.417931 0.004317983 -0.031921096 0.037656453 0.067336962 -0.022047073 0.016695807 0.997346938
1341846325.450747 0.006216706 -0.034574248 0.038738575 0.071385153 -0.014381952 0.018416364 0.997175097
1341846325.485954 0.000670737 -0.027589213 0.039013401 0.081260994 -0.006358010 0.020486584 0.996461987
1341846325.517875 0.000603031 -0.025326800 0.038749747 0.084648483 -0.003850197 0.023078855 0.996136129
1341846325.553859 0.000460794 -0.023710174 0.039270952 0.087678313 -0.000228405 0.022434037 0.995896161
1341846325.585855 -0.001465195 -0.018484229 0.038341220 0.090462305 0.003303417 0.020097930 0.995691597
1341846325.617990 -0.002438028 -0.012193820 0.036619749 0.088065185 0.005343633 0.018947547 0.995920122
1341846325.653982 -0.002080294 -0.017219285 0.040267959 0.084099241 0.006768840 0.016477017 0.996298134
1341846325.685819 -0.002438843 -0.016501915 0.040664185 0.089691266 0.008224243 0.017967669 0.995773554
1341846325.717857 -0.004291499 -0.011695291 0.042680047 0.094421379 0.009487358 0.024380859 0.995188534
1341846325.754083 -0.004618499 -0.013166745 0.040372629 0.096617155 0.009626353 0.029096436 0.994849682
1341846325.786087 -0.004496076 -0.010534628 0.041694455 0.103391118 0.009995201 0.029982304 0.994138539
1341846325.821856 -0.004477205 -0.004926587 0.042161852 0.107811242 0.011915709 0.031290326 0.993607402
1341846325.853827 -0.007372566 -0.002635201 0.043024737 0.108674996 0.013119756 0.034387287 0.993395746
1341846325.885958 -0.010202705 0.001120119 0.041777126 0.109430715 0.010836698 0.040100984 0.993126094
1341846325.921984 -0.008146060 0.001865158 0.043564361 0.108202957 0.006535740 0.044695515 0.993102074
1341846325.953899 -0.004467208 0.002840103 0.044533949 0.111025095 0.005971403 0.047179140 0.992679179
1341846325.985823 -0.006147242 0.006349315 0.046413433 0.113856450 0.009208801 0.051114757 0.992138743
1341846326.021991 -0.007845330 0.006874933 0.044964943 0.116306104 0.009695689 0.056098435 0.991580486
1341846326.054055 -0.006616591 0.010236328 0.046024673 0.121654563 0.008643342 0.060436051 0.990693152
1341846326.089984 -0.005131149 0.016681764 0.046253778 0.125059783 0.010370762 0.059221160 0.990325868
1341846326.121822 -0.004402871 0.017379401 0.046119057 0.124121450 0.014215736 0.057395753 0.990503669
1341846326.154079 -0.005441510 0.017401084 0.048516676 0.124299221 0.016824907 0.056271847 0.990504980
1341846326.190178 -0.007180065 0.020823665 0.047823619 0.126841798 0.016712971 0.058318987 0.990066051
1341846326.222162 -0.008433044 0.026082950 0.049037438 0.126657054 0.015016996 0.064043462 0.989763081
1341846326.259181 -0.008563888 0.030043548 0.050219983 0.123734958 0.012397732 0.068267457 0.989886642
1341846326.291222 -0.008090640 0.033291940 0.049642969 0.120489210 0.011629616 0.068121217 0.990306318
1341846326.322766 -0.007474727 0.035595462 0.049720287 0.116180032 0.011924580 0.066852845 0.990903974
1341846326.359773 -0.006893228 0.037871096 0.052536916 0.112592645 0.013372932 0.064423464 0.991460383
1341846326.392109 -0.006188127 0.032921962 0.054056127 0.110102892 0.015099165 0.065371752 0.991653144
1341846326.423985 -0.007291375 0.034706041 0.053915258 0.114346057 0.016043723 0.070809938 0.990784287
1341846326.459869 -0.009492836 0.039140720 0.054148767 0.116638310 0.014066262 0.073994569 0.990314305
1341846326.491143 -0.006637178 0.042485666 0.055380918 0.117761396 0.012314416 0.074081339 0.990198255
1341846326.526163 -0.006315784 0.048144750 0.053413652 0.117408179 0.015428820 0.072306044 0.990327775
1341846326.560211 -0.006999427 0.052265022 0.056048125 0.112485543 0.019289643 0.073090672 0.990773797
1341846326.591828 -0.007178829 0.052783553 0.057860404 0.109247692 0.021270672 0.074694157 0.990975916
1341846326.627027 -0.006410347 0.055857733 0.058260322 0.109070987 0.022723282 0.073755719 0.991033435
1341846326.658442 -0.006207964 0.060769401 0.058520824 0.107379615 0.026637049 0.072091326 0.991243124
1341846326.694856 -0.008415399 0.064251393 0.059627563 0.103786431 0.030488718 0.072113991 0.991513193
1341846326.726206 -0.007039526 0.069074355 0.058532212 0.098264843 0.030830823 0.071257599 0.992126942
1341846326.762753 -0.006736815 0.071920201 0.058237508 0.092442051 0.033588514 0.067891337 0.992832839
1341846326.794046 -0.008471104 0.075483717 0.061476335 0.085503064 0.037430678 0.065669961 0.993466496
1341846326.826821 -0.008168661 0.079243310 0.067007929 0.078172266 0.039790839 0.062781513 0.994165123
1341846326.858887 -0.009156872 0.081522994 0.065052569 0.068950526 0.041618146 0.060786609 0.994896352
1341846326.895360 -0.010169180 0.079311237 0.065666482 0.065773331 0.041318920 0.063389815 0.994961500
1341846326.926897 -0.010828683 0.081983715 0.066061147 0.067929842 0.037543215 0.065489925 0.994830191
1341846326.958888 -0.008763113 0.086629882 0.065867335 0.071008801 0.034560170 0.069356062 0.994461238
1341846326.994594 -0.007951931 0.091139778 0.064626575 0.072059564 0.034978576 0.071314871 0.994232416
1341846327.026301 -0.006924700 0.095851913 0.063761286 0.070505492 0.036006860 0.070731401 0.994348824
1341846327.063945 -0.006672354 0.095967740 0.067428842 0.067448430 0.038171947 0.067593679 0.994698286
1341846327.094662 -0.007921013 0.096151814 0.066281490 0.066438027 0.040706761 0.065533571 0.994803667
1341846327.128901 -0.009280471 0.097417146 0.063884288 0.064668849 0.041103922 0.064549260 0.994968235
1341846327.161940 -0.007894106 0.102296181 0.066404976 0.064490505 0.039350696 0.064318240 0.995065689
1341846327.193867 -0.005627622 0.103757933 0.067621686 0.063094370 0.040267572 0.062641285 0.995225430
1341846327.229885 -0.005555837 0.108979009 0.067157768 0.065016948 0.043448012 0.061125495 0.995062172
1341846327.262014 -0.003693640 0.112099446 0.068361953 0.064600326 0.047031634 0.058913924 0.995059788
1341846327.294023 -0.010190924 0.109327495 0.046281014 0.062889524 0.061790816 0.047707353 0.994962752
1341846327.330015 -0.004426860 0.120066911 0.058932994 0.069380037 0.070535623 0.047690198 0.993950069
1341846327.361939 -0.004536995 0.123087935 0.070390038 0.067712590 0.075649805 0.043139189 0.993896961
1341846327.393887 -0.004315949 0.123401590 0.071505621 0.065135211 0.077711500 0.036604706 0.994172215
1341846327.429966 -0.007016954 0.129979372 0.072175160 0.064922512 0.078882322 0.035009842 0.994151354
1341846327.461965 -0.007945754 0.136512086 0.073980473 0.057537664 0.074045233 0.036440842 0.994926512
1341846327.497931 -0.007004073 0.137005985 0.073927231 0.051755086 0.072131678 0.034171712 0.995465100
1341846327.530068 -0.006525605 0.141907290 0.076014996 0.051749270 0.072130844 0.037171286 0.995357931
1341846327.561895 -0.007320707 0.146551087 0.080450311 0.051205885 0.070019439 0.042392652 0.995328128
1341846327.598010 -0.008855682 0.146331340 0.078866661 0.051332138 0.067634359 0.046156731 0.995319128
1341846327.629945 -0.009967168 0.149565920 0.082673393 0.051864814 0.063240089 0.046706647 0.995554745
1341846327.662003 -0.008377191 0.151400968 0.083631173 0.052012652 0.059217460 0.043213241 0.995952129
1341846327.697919 -0.008839944 0.156380847 0.082897194 0.055078562 0.058419731 0.042884525 0.995848596
1341846327.730075 -0.010184553 0.162316307 0.083231084 0.051549822 0.058177631 0.042993717 0.996046960
1341846327.766017 -0.010198812 0.164000303 0.082071669 0.046011284 0.056979917 0.045062445 0.996295929
1341846327.797917 -0.011548576 0.170227230 0.084192380 0.043010183 0.057428323 0.046705917 0.996328592
1341846327.830054 -0.011054259 0.171771720 0.083360761 0.035415415 0.056715202 0.046911854 0.996658623
1341846327.865944 -0.009919023 0.172953963 0.082906738 0.030864576 0.057816878 0.046746992 0.996754408
1341846327.898010 -0.010128299 0.178131521 0.083864868 0.029561518 0.058713008 0.048374135 0.996663868
1341846327.929991 -0.010877218 0.180117473 0.085337006 0.025032640 0.057481680 0.046052612 0.996969581
1341846327.966065 -0.010901650 0.183637112 0.085764676 0.021873841 0.057679143 0.044592910 0.997098863
1341846327.998073 -0.010187799 0.185312957 0.084835552 0.014100214 0.057877455 0.041442286 0.997363508
1341846328.034045 -0.009618450 0.187774017 0.086909160 0.008534633 0.058943689 0.039301481 0.997450829
1341846328.065993 -0.011117270 0.187938645 0.085280679 0.002977167 0.060138501 0.040236522 0.997374296
1341846328.098045 -0.011191913 0.185411766 0.087788455 0.001554255 0.060772214 0.041117728 0.997303188
1341846328.133967 -0.011645486 0.185981065 0.086918831 0.005719235 0.059645396 0.045709647 0.997156143
1341846328.166023 -0.011357678 0.183479205 0.086776920 0.004436009 0.056338795 0.046856329 0.997301698
1341846328.198018 -0.011488299 0.180842549 0.084456615 0.003448920 0.053728785 0.043616727 0.997596562
1341846328.234044 -0.011648319 0.178213313 0.085014366 0.006748918 0.052465402 0.042560589 0.997692525
1341846328.265899 -0.010727425 0.173257232 0.082759961 0.007450642 0.050200883 0.042447969 0.997808874
1341846328.302051 -0.011587370 0.168511823 0.082176864 0.009153530 0.050200745 0.043220714 0.997761548
1341846328.333917 -0.010842640 0.162735239 0.082009867 0.011882064 0.049970202 0.044582922 0.997684419
1341846328.366008 -0.010525027 0.157735229 0.082605183 0.016353633 0.049438950 0.042180281 0.997752070
1341846328.402010 -0.010665927 0.150254339 0.079534560 0.028352724 0.051336631 0.044419952 0.997290134
1341846328.433920 -0.012492456 0.156042069 0.082229078 0.039935615 0.051186107 0.041839905 0.997012794
1341846328.470003 -0.009151228 0.138214812 0.076267362 0.031142907 0.048425797 0.034312677 0.997751296
1341846328.502194 -0.007859175 0.126967520 0.073187955 0.029870417 0.050102714 0.028407969 0.997893035
1341846328.534033 -0.006427552 0.124633640 0.073944367 0.031266306 0.052001547 0.027105555 0.997789323
1341846328.570125 -0.006890775 0.116368242 0.074138083 0.032110892 0.053705372 0.025232198 0.997721374
1341846328.602804 -0.010485047 0.105895475 0.072487660 0.034816295 0.050082002 0.030012581 0.997686744
1341846328.636433 -0.008261010 0.101891398 0.070847735 0.040692907 0.040621210 0.032484896 0.997816980
1341846328.672663 -0.008181497 0.097904906 0.074013487 0.046219047 0.035949938 0.028979316 0.997863531
1341846328.702975 -0.005989487 0.093536034 0.071446836 0.048850168 0.031673912 0.028468018 0.997897804
1341846328.738215 -0.004234048 0.089784272 0.073482603 0.054540645 0.030283028 0.021287398 0.997825146
1341846328.770129 -0.003239626 0.085218281 0.071149684 0.057857677 0.027801072 0.024226975 0.997643530
1341846328.802331 -0.003881468 0.079150110 0.067596689 0.057519868 0.025346298 0.024560990 0.997720301
1341846328.838051 -0.002169580 0.076192409 0.067756884 0.061772179 0.022844898 0.021544691 0.997596204
1341846328.869939 -0.001389680 0.077571943 0.066179521 0.062521294 0.021043506 0.021418629 0.997591853
1341846328.904486 -0.001838137 0.071953796 0.066282593 0.057612419 0.018531090 0.020489821 0.997956693
1341846328.939814 0.001848243 0.062928811 0.067610033 0.059745647 0.014162355 0.022050081 0.997869551
1341846328.970217 0.000936843 0.063021049 0.065339752 0.063980393 0.012970598 0.024458420 0.997567058
1341846329.006232 0.002389341 0.059777897 0.063647844 0.064608194 0.010150748 0.029289091 0.997429132
1341846329.038243 0.005492895 0.053591732 0.060993616 0.067776069 0.008323845 0.029884301 0.997218132
1341846329.072238 0.002968390 0.055204764 0.060353700 0.072521694 0.010399528 0.028611917 0.996902108
1341846329.106125 0.002993777 0.052936565 0.059551470 0.071223259 0.009524877 0.027447572 0.997037172
1341846329.138340 0.003179782 0.047553666 0.059038773 0.072106518 0.008774121 0.025256064 0.997038543
1341846329.169991 0.003093615 0.047749721 0.056844916 0.074528717 0.007806152 0.024057707 0.996898055
1341846329.208656 0.004726864 0.045386292 0.056023087 0.074750751 0.006354656 0.023429159 0.996906698
1341846329.238169 0.005533096 0.045105573 0.054025106 0.074370369 0.005117125 0.023738960 0.996934950
1341846329.273827 0.005780088 0.040530182 0.054682307 0.072153494 0.004064722 0.024508700 0.997084081
1341846329.306052 0.005803835 0.040081415 0.053411495 0.072986729 0.001439955 0.023554545 0.997053683
1341846329.338104 0.007415192 0.040204309 0.052287605 0.069759414 -0.000609650 0.021798937 0.997325480
1341846329.373907 0.006918288 0.033030502 0.053693142 0.065397553 -0.001112371 0.019750740 0.997663200
1341846329.405985 0.007893319 0.030614641 0.052240238 0.066682413 -0.003021316 0.017174289 0.997621834
1341846329.442057 0.007809028 0.029898088 0.050878577 0.066294767 -0.003163674 0.013730551 0.997700572
1341846329.473950 0.006957979 0.024957048 0.050247926 0.064605527 -0.003961444 0.007639881 0.997873783
1341846329.506147 0.007051907 0.023844039 0.048859756 0.064967923 -0.006113529 0.005200794 0.997855067
1341846329.542121 0.006009936 0.020105241 0.048213027 0.062813811 -0.008809338 0.004583183 0.997975886
1341846329.574086 0.007449768 0.014980035 0.049223080 0.064794503 -0.011430444 0.003865704 0.997825682
1341846329.606387 0.007735423 0.015130517 0.046568897 0.067758910 -0.011948125 0.002448919 0.997627199
1341846329.641955 0.006896335 0.014257208 0.045560073 0.067716122 -0.013047591 0.002947302 0.997614980
1341846329.681570 0.006058686 0.010845212 0.045805618 0.066742949 -0.015514697 0.002896488 0.997645378
1341846329.748113 0.008167720 0.009488040 0.044286333 0.068908773 -0.016048042 0.000570386 0.997493744
1341846329.774077 0.008930741 0.005494365 0.044697430 0.066443250 -0.014559821 0.003401196 0.997678161
1341846329.810175 0.007042668 0.002290691 0.044010084 0.066599913 -0.012446979 0.005248921 0.997688293
1341846329.842255 0.006909045 -0.000031641 0.044495400 0.068126097 -0.012304625 0.008306504 0.997566223
1341846329.874044 0.006091707 -0.001554040 0.044359494 0.070096657 -0.012200441 0.011332619 0.997401237
1341846329.910073 0.006019330 -0.000514406 0.042524610 0.070427246 -0.012568310 0.013387845 0.997347891
1341846329.942009 0.006286959 0.001097013 0.043568358 0.066066377 -0.013343117 0.019546241 0.997534513
1341846329.978087 0.006091734 -0.007921005 0.043645464 0.063312247 -0.013620665 0.020547045 0.997689247
1341846330.016305 0.007169623 -0.003165013 0.041970707 0.065944999 -0.012747655 0.018546965 0.997569442
1341846330.048192 0.005257369 -0.001662854 0.041820146 0.062475070 -0.010852373 0.019375764 0.997799397
1341846330.080418 0.005458759 -0.007819169 0.041865289 0.057473764 -0.011100370 0.021713737 0.998049140
1341846330.115886 0.006084951 -0.012057564 0.042866644 0.059948519 -0.009734612 0.022541096 0.997899473
1341846330.147839 0.004317567 -0.010429146 0.039432127 0.062674485 -0.009024286 0.024011578 0.997704327
1341846330.181257 0.006094495 -0.006185711 0.039432231 0.058640275 -0.010698349 0.028442206 0.997816563
1341846330.215852 0.004921787 -0.011081322 0.040682629 0.051577669 -0.008927774 0.026945928 0.998265445
1341846330.247833 0.003876814 -0.013312016 0.039013781 0.049391855 -0.008285997 0.026079424 0.998404562
1341846330.283913 0.003327529 -0.008742101 0.038752764 0.046738096 -0.008926527 0.026969988 0.998503089
1341846330.316011 0.002638247 -0.013221389 0.039234057 0.039745018 -0.009471229 0.025750777 0.998833060
1341846330.347868 0.002421757 -0.016018631 0.039050031 0.037126161 -0.011209338 0.024602812 0.998944819
1341846330.383835 0.003969336 -0.014223942 0.040087339 0.035673913 -0.012169822 0.025529116 0.998963237
1341846330.415934 0.003209533 -0.018586058 0.040905423 0.034583624 -0.011018337 0.023463946 0.999065578
1341846330.452561 0.002033236 -0.018648805 0.039552402 0.037554506 -0.011336226 0.022214711 0.998983324
1341846330.483903 0.000536580 -0.016936464 0.038543459 0.037980836 -0.012851343 0.024583245 0.998893380
1341846330.515970 0.000869932 -0.019952318 0.038672786 0.036046978 -0.015218266 0.028086253 0.998839438
1341846330.552099 0.001337319 -0.020647051 0.038869865 0.037489634 -0.016780008 0.030722713 0.998683691
1341846330.583876 0.000241712 -0.018067574 0.036596887 0.037300058 -0.016606079 0.030690620 0.998694658
1341846330.619992 -0.001798019 -0.015987756 0.035349425 0.033521041 -0.017287821 0.030379115 0.998826623
1341846330.652136 -0.000252617 -0.017924283 0.034904964 0.026452754 -0.019485492 0.028395565 0.999056697
1341846330.683796 -0.001562890 -0.018684980 0.034544431 0.021942820 -0.018902078 0.027508020 0.999201953
1341846330.719991 -0.003236086 -0.022917921 0.033618700 0.018618662 -0.020748153 0.028313763 0.999210298
1341846330.752103 -0.003997090 -0.024190109 0.032351919 0.020384734 -0.024929864 0.032706723 0.998946071
1341846330.787952 -0.006174687 -0.021945205 0.032086872 0.021942999 -0.028742302 0.035612036 0.998711288
1341846330.819823 -0.004420248 -0.022632105 0.029665973 0.021307942 -0.034016199 0.037414666 0.998493373
1341846330.852208 -0.004840048 -0.020040948 0.028480085 0.021401273 -0.035598945 0.038291771 0.998402953
1341846330.888445 -0.005931971 -0.016750289 0.027796587 0.018601602 -0.037322838 0.038830925 0.998375237
1341846330.914111 -0.005563012 -0.018128486 0.028020881 0.012704763 -0.038775675 0.037245873 0.998472691
1341846330.949903 -0.006970006 -0.021031082 0.028778743 0.009221893 -0.039483503 0.036794055 0.998499990
1341846330.981986 -0.009165063 -0.020740183 0.027653361 0.010396419 -0.043402974 0.037327386 0.998305917
1341846331.014111 -0.008480088 -0.018799227 0.026394758 0.010251032 -0.047768343 0.037612651 0.998097360
1341846331.082139 -0.008560145 -0.020523524 0.025241593 0.011611739 -0.050788298 0.035205390 0.998021185
1341846331.114334 -0.008843001 -0.019562775 0.024675634 0.011509533 -0.053009838 0.034869894 0.997918606
1341846331.149989 -0.008889471 -0.022227027 0.025325883 0.011193018 -0.053754736 0.034150332 0.997907281
1341846331.181954 -0.009362943 -0.021958148 0.022933191 0.014565794 -0.054285388 0.032978740 0.997874379
1341846331.218151 -0.011741381 -0.018315583 0.021444866 0.014869177 -0.056785885 0.033634298 0.997708857
1341846331.249914 -0.007997616 -0.021047082 0.022855023 0.012073688 -0.059605423 0.032822344 0.997609198
1341846331.282227 -0.002271286 -0.027236527 0.022315124 0.015256920 -0.056379244 0.031368848 0.997799873
1341846331.318141 -0.006645143 -0.020517202 0.023206634 0.022763884 -0.049964398 0.028510584 0.998084426
1341846331.349926 -0.004895534 -0.019706534 0.023986101 0.022052281 -0.047727667 0.027668592 0.998233557
1341846331.382003 0.003644290 -0.025276626 0.026906678 0.023389539 -0.043130465 0.028666889 0.998384118
1341846331.418008 -0.000013910 -0.023065537 0.027314302 0.030544270 -0.032261577 0.026706278 0.998655617
1341846331.450327 -0.002940380 -0.019744195 0.029680239 0.033554524 -0.026357474 0.026471773 0.998738527
1341846331.486219 -0.005601163 -0.018303303 0.029884143 0.033896379 -0.023691040 0.026922058 0.998781741
1341846331.518344 -0.001668987 -0.018551974 0.031426445 0.032463800 -0.023941955 0.026353000 0.998838544
1341846331.550202 -0.000048145 -0.020856520 0.034046907 0.034222592 -0.019855907 0.025049848 0.998902917
1341846331.586139 -0.004166168 -0.016797490 0.033843916 0.037279692 -0.017101005 0.024618240 0.998855233
1341846331.617931 -0.002019248 -0.015975986 0.036619823 0.036504161 -0.017656215 0.025163261 0.998860598
1341846331.654027 0.000764947 -0.018209575 0.039479077 0.036520962 -0.015798915 0.025824526 0.998874247
1341846331.686123 -0.001649119 -0.015042894 0.039724026 0.039442405 -0.012344859 0.027331049 0.998771667
1341846331.717954 -0.003323401 -0.011993982 0.041249610 0.036934026 -0.013025593 0.027250901 0.998861134
1341846331.754076 0.000400806 -0.016130807 0.045871854 0.033666670 -0.013264494 0.026707374 0.998988152
1341846331.785920 0.000011608 -0.016584780 0.049012206 0.036514692 -0.010230720 0.024999369 0.998968005
1341846331.818053 -0.001242487 -0.013263841 0.051216010 0.037528172 -0.008219398 0.025126114 0.998945832
1341846331.853849 -0.000713352 -0.015426558 0.055177703 0.035829838 -0.007863006 0.024304355 0.999031365
1341846331.885987 0.001679077 -0.015297017 0.059417631 0.038822975 -0.005960812 0.022544481 0.998973966
1341846331.922014 0.001458525 -0.013300428 0.061708748 0.041078832 -0.002799272 0.021888798 0.998912156
1341846331.954037 0.002889378 -0.013430079 0.065138035 0.040811129 -0.000507404 0.022375720 0.998916149
1341846331.986135 0.005496398 -0.016827447 0.070133999 0.042520437 0.004152152 0.024303652 0.998791337
1341846332.022364 0.001416967 -0.017618114 0.072229810 0.049184073 0.010495207 0.022600841 0.998478830
1341846332.054175 0.000219346 -0.015998647 0.074977964 0.055646688 0.010835420 0.025002023 0.998078585
1341846332.086502 0.000800738 -0.014696429 0.078618757 0.058649704 0.010802731 0.026659450 0.997864068
1341846332.122051 0.000873253 -0.013121984 0.082170226 0.060738277 0.011772741 0.025741233 0.997752309
1341846332.153983 -0.001099216 -0.009398336 0.085685886 0.059631251 0.011884838 0.022905976 0.997886837
1341846332.190165 -0.001368697 -0.009595243 0.090055540 0.052856881 0.010260455 0.021387359 0.998320282
1341846332.222699 -0.000264674 -0.013966219 0.094563924 0.049491499 0.009484968 0.020415405 0.998520851
1341846332.254145 -0.000836491 -0.014880278 0.097716525 0.052066550 0.010187958 0.019927472 0.998392761
1341846332.289948 -0.001442775 -0.013343815 0.100558601 0.054420155 0.009993294 0.021980919 0.998226106
1341846332.322172 -0.001212091 -0.013553639 0.104136907 0.054958634 0.009532250 0.023744216 0.998160720
1341846332.354003 0.000734844 -0.014851278 0.106162354 0.057294756 0.010999285 0.021207344 0.998071432
1341846332.390180 0.000694554 -0.011449232 0.108767457 0.059523281 0.015409439 0.018401545 0.997938335
1341846332.422055 -0.000496790 -0.010767422 0.111777984 0.057692710 0.018199969 0.014787778 0.998058915
1341846332.458114 0.000457906 -0.011730968 0.114249453 0.056916185 0.020373097 0.010722317 0.998113453
1341846332.489993 -0.001814966 -0.009695382 0.117917418 0.058380965 0.022612315 0.012577287 0.997958958
1341846332.522130 -0.003286787 -0.009275001 0.120170236 0.057501864 0.019127961 0.017724739 0.998004735
1341846332.558114 -0.002076408 -0.010217912 0.123454161 0.057411280 0.013395912 0.024746388 0.997953951
1341846332.589874 0.000319754 -0.007500870 0.124568172 0.057642441 0.009948164 0.030182870 0.997831345
1341846332.621889 0.001096396 -0.006195432 0.125725642 0.053403769 0.009819342 0.031693984 0.998021603
1341846332.658202 0.002375168 -0.006505232 0.129274607 0.049775928 0.010295420 0.029597776 0.998268664
1341846332.690001 0.001975617 -0.005964942 0.131815270 0.047719523 0.011451966 0.030741366 0.998321950
1341846332.726000 0.001278517 -0.007532064 0.135739505 0.046283636 0.010548672 0.035324667 0.998247802
1341846332.758386 0.003273475 -0.006780397 0.137786716 0.047187570 0.007346099 0.037450541 0.998156726
1341846332.789937 0.005923974 -0.004728053 0.140357733 0.046834785 0.007542612 0.036246762 0.998216331
1341846332.825925 0.006573002 -0.005112104 0.144060716 0.044525489 0.010054033 0.034738738 0.998353481
1341846332.857898 0.007169426 -0.005395216 0.147078320 0.045209605 0.011026735 0.034407552 0.998323917
1341846332.894069 0.006696276 -0.002020919 0.147705466 0.045808390 0.011356537 0.034249965 0.998298347
1341846332.926029 0.008727524 -0.000669870 0.149020135 0.042453576 0.011214927 0.031970892 0.998523772
1341846332.958015 0.009253673 0.000406807 0.152657434 0.039987560 0.013807083 0.029081225 0.998681486
1341846332.994073 0.009673436 0.001226825 0.155551195 0.037031744 0.014876468 0.027372800 0.998828351
1341846333.026545 0.011806283 0.001447581 0.158941925 0.034451339 0.015422899 0.025888061 0.998952031
1341846333.057998 0.013548794 0.001567246 0.160335481 0.033537444 0.017164435 0.025584741 0.998962522
1341846333.094024 0.013326588 0.001355146 0.161897331 0.033679217 0.019272998 0.028985795 0.998826385
1341846333.126095 0.014996217 0.002586245 0.164178893 0.034451034 0.020538069 0.032054018 0.998681068
1341846333.161973 0.016409224 0.004296207 0.165557951 0.033565037 0.022818651 0.032949634 0.998632610
1341846333.195660 0.015565327 0.004184415 0.167102724 0.030895479 0.025583515 0.034492798 0.998599648
1341846333.226331 0.016578563 0.004645188 0.168676034 0.029643705 0.025811914 0.034603912 0.998627841
1341846333.262056 0.017637191 0.007390041 0.169731051 0.027609188 0.025790462 0.033164747 0.998735547
1341846333.294147 0.016484354 0.005700437 0.172404781 0.023360118 0.026023488 0.031432711 0.998893917
1341846333.326100 0.017283469 0.006500530 0.172631666 0.021862360 0.024485730 0.030190600 0.999005020
1341846333.362100 0.017899204 0.008877981 0.172663003 0.019406362 0.023572011 0.028648105 0.999123156
1341846333.394119 0.018511202 0.007555219 0.176868618 0.015936814 0.022512192 0.028468864 0.999214053
1341846333.429974 0.018376905 0.008059162 0.177230448 0.015305507 0.021025179 0.028264180 0.999262154
1341846333.462115 0.020038957 0.007653163 0.177854449 0.014840861 0.020480558 0.026647447 0.999324858
1341846333.494040 0.020728128 0.007916227 0.178688794 0.015792951 0.021159669 0.025790296 0.999318659
1341846333.529953 0.022059998 0.007531734 0.177548528 0.016442191 0.022592772 0.025119578 0.999293864
1341846333.562063 0.020924745 0.008004745 0.177784130 0.017285479 0.025223194 0.026213527 0.999188602
1341846333.594090 0.018809281 0.009795429 0.177626118 0.016574685 0.025357405 0.026945464 0.999177814
1341846333.629994 0.018785812 0.009789116 0.177067146 0.012732095 0.022614513 0.026070159 0.999323189
1341846333.662127 0.019196851 0.009993546 0.177065745 0.009844575 0.021291567 0.025504284 0.999399483
1341846333.697964 0.018885311 0.007558383 0.176920012 0.007333620 0.021615917 0.027023055 0.999374151
1341846333.730092 0.019686567 0.007077749 0.175928116 0.009684450 0.021602947 0.027904272 0.999330223
1341846333.762089 0.018517325 0.007823225 0.172680229 0.011265234 0.022457434 0.030495450 0.999219060
1341846333.798006 0.017709812 0.007139441 0.171860889 0.012357613 0.023401886 0.030825146 0.999174416
1341846333.830055 0.018393626 0.007296511 0.170277253 0.014955487 0.024204548 0.028603502 0.999185801
1341846333.866045 0.016757200 0.007149326 0.168675780 0.016216895 0.026120376 0.027156826 0.999158263
1341846333.897987 0.016505310 0.005828799 0.167702630 0.017302478 0.026061131 0.026269143 0.999165356
1341846333.930099 0.016059674 0.005038406 0.165986493 0.020280842 0.027094459 0.024559364 0.999125302
1341846333.965889 0.015513242 0.005297011 0.167023927 0.023045037 0.028060520 0.023406416 0.999066412
1341846333.997985 0.015925150 0.003289816 0.163818017 0.025003696 0.028604954 0.023340149 0.999005377
1341846334.030076 0.014743699 0.004126778 0.161465615 0.028510174 0.030195231 0.024250170 0.998843014
1341846334.066000 0.013298063 0.003442595 0.159335554 0.029719958 0.030220017 0.025899703 0.998765588
1341846334.097932 0.013869130 0.003445860 0.157264203 0.031911962 0.029913133 0.025367329 0.998720825
1341846334.133884 0.012128036 0.003015878 0.154475659 0.033161409 0.031471405 0.025373667 0.998632133
1341846334.166115 0.009972385 0.003653759 0.153118387 0.033907913 0.030863086 0.025938593 0.998611510
1341846334.198072 0.009912371 0.003266152 0.150765285 0.034350723 0.029052634 0.025288481 0.998667359
1341846334.234097 0.011072974 0.003744200 0.148553401 0.034830030 0.028958306 0.024080932 0.998683333
1341846334.266045 0.008883999 0.002899879 0.147381082 0.034790844 0.031155534 0.024283102 0.998613656
1341846334.297946 0.007182071 0.002411660 0.143874660 0.035831306 0.030130375 0.025568880 0.998576224
1341846334.334036 0.007472038 0.003087122 0.142085537 0.036257759 0.027988451 0.026596598 0.998596311
1341846334.365871 0.007165042 0.004045665 0.140382767 0.036255348 0.028126158 0.024675904 0.998641849
1341846334.401845 0.006204593 0.003496540 0.138988107 0.034740020 0.028896784 0.023597294 0.998699784
1341846334.433864 0.003360678 0.001724395 0.136385009 0.034385428 0.028831588 0.023930905 0.998705983
1341846334.466105 0.005050029 0.002457970 0.133996949 0.035040844 0.026427653 0.025157554 0.998719633
1341846334.502142 0.002424279 0.003071500 0.132905811 0.034067973 0.025938217 0.025390880 0.998760164
1341846334.540153 0.002335303 0.002307402 0.129817888 0.033281002 0.024552494 0.024698095 0.998839140
1341846334.566584 0.001459440 0.004907192 0.126955464 0.032666247 0.023523865 0.021971595 0.998947859
1341846334.602351 -0.001722789 0.005213001 0.127558872 0.029476469 0.021382617 0.017425437 0.999184847
1341846334.634069 -0.001587670 0.005433897 0.126597658 0.026587397 0.019313535 0.012215287 0.999385238
1341846334.670161 -0.001869112 0.004000986 0.123695895 0.024318870 0.018627645 0.010165293 0.999478996
1341846334.702085 -0.004904109 0.002989510 0.121583350 0.022942079 0.017394058 0.009586882 0.999539495
1341846334.734751 -0.004572083 0.002867131 0.118355565 0.023038033 0.014341270 0.011914210 0.999560714
1341846334.770889 -0.005671309 0.002658085 0.115759134 0.022931904 0.012829483 0.015043275 0.999541521
1341846334.802194 -0.006826396 0.003058803 0.112452030 0.022643300 0.010472878 0.015862074 0.999562860
1341846334.833908 -0.006420281 0.003674024 0.110091344 0.022450803 0.008657439 0.014093292 0.999611080
1341846334.869874 -0.007385095 0.003421854 0.106682085 0.020704851 0.008474729 0.014016525 0.999651432
1341846334.902006 -0.009329816 0.003260565 0.103941634 0.019239578 0.007126167 0.014025688 0.999691129
1341846334.938010 -0.009435384 0.002801611 0.101852648 0.018563488 0.003797282 0.014180648 0.999719918
1341846334.970032 -0.008864215 0.002627474 0.102104105 0.018560885 0.002538062 0.013129358 0.999738276
1341846335.002203 -0.009715835 0.000309665 0.097294278 0.019303650 0.003029927 0.014829452 0.999699116
1341846335.037880 -0.012745902 0.001231392 0.093124539 0.022105658 0.000793136 0.017225908 0.999606967
1341846335.069990 -0.010625631 0.002183701 0.091468148 0.022580815 -0.002986226 0.017673681 0.999584317
1341846335.106038 -0.010242350 0.001376216 0.088620208 0.022936180 -0.001953878 0.015372572 0.999616861
1341846335.138045 -0.011961142 0.000727108 0.086385593 0.024313986 -0.000661027 0.014813723 0.999594390
1341846335.169900 -0.014092169 0.002502135 0.081372879 0.025114892 -0.002614656 0.014504425 0.999575913
1341846335.206091 -0.012444356 0.001854649 0.077923037 0.023964759 -0.005191131 0.013018466 0.999614596
1341846335.239365 -0.012343486 0.000242994 0.076095976 0.023567667 -0.004128644 0.010256437 0.999661088
1341846335.269948 -0.013423903 0.000108587 0.072605886 0.025227360 -0.002622642 0.008546625 0.999641776
1341846335.305972 -0.014594255 -0.000289933 0.069560073 0.026888508 -0.004101579 0.009680554 0.999583185
1341846335.338012 -0.013979157 -0.000465018 0.068595380 0.028458821 -0.005912477 0.011136617 0.999515474
1341846335.374005 -0.012671957 -0.003696597 0.065807484 0.032027241 -0.004671499 0.011232975 0.999412954
1341846335.406025 -0.014034041 -0.003844018 0.064424559 0.038492117 -0.001736722 0.013197511 0.999170244
1341846335.438079 -0.014744090 -0.000914541 0.059795890 0.044453673 -0.000810117 0.017109979 0.998864591
1341846335.473998 -0.013707399 0.000701777 0.057417713 0.047041953 0.000248055 0.018432537 0.998722792
1341846335.507038 -0.014286571 0.002632178 0.053699661 0.048564490 0.003111780 0.016370708 0.998681009
1341846335.538040 -0.015507284 0.003714767 0.050795529 0.047945872 0.005545977 0.014586807 0.998728037
1341846335.574119 -0.017063133 0.004732592 0.048632320 0.045608446 0.005745888 0.014925531 0.998831332
1341846335.605970 -0.016793586 0.003013026 0.046190053 0.043667443 0.004744683 0.014473287 0.998929977
1341846335.641978 -0.016205313 0.003030394 0.042804401 0.044967320 0.005722335 0.011763208 0.998902798
1341846335.673993 -0.017786028 0.004001331 0.039114971 0.044881657 0.006894684 0.011055854 0.998907328
1341846335.706178 -0.018178008 0.003466973 0.036615897 0.044083960 0.005444800 0.012097126 0.998939753
1341846335.741982 -0.016770687 0.003013289 0.033801425 0.044446722 0.004603676 0.011707013 0.998932540
1341846335.773960 -0.017804034 0.004063283 0.029457884 0.044711512 0.005467985 0.011163259 0.998922586
1341846335.806271 -0.017932285 0.005617319 0.026354156 0.043024965 0.004706906 0.011590621 0.998995662
1341846335.842031 -0.018172937 0.004260007 0.026690915 0.040691450 0.005413190 0.011607613 0.999089658
1341846335.873966 -0.018717635 0.003596311 0.022356460 0.041604325 0.007163367 0.010587743 0.999052405
1341846335.910005 -0.020280629 0.005102004 0.018025598 0.041298386 0.007362675 0.012447850 0.999042213
1341846335.941936 -0.021623401 0.005344521 0.015464179 0.040364973 0.005574151 0.013249253 0.999081612
1341846335.974198 -0.021511668 0.004845339 0.013068926 0.040085867 0.004673898 0.011264311 0.999121845
1341846336.010032 -0.022984099 0.005470364 0.010657121 0.039992493 0.004983670 0.009806729 0.999139428
1341846336.042129 -0.024417935 0.005840611 0.007673901 0.039163534 0.003752379 0.010247323 0.999173224
1341846336.078076 -0.024889499 0.004919226 0.004982237 0.038932573 0.001889271 0.009526334 0.999194682
1341846336.110739 -0.024424756 0.005563101 0.003344715 0.039567560 0.001367297 0.008404736 0.999180675
1341846336.142002 -0.026858652 0.005142114 -0.001290438 0.039249647 0.001829135 0.009140140 0.999185979
1341846336.183953 -0.027664203 0.006069941 -0.003671332 0.039062481 -0.000743832 0.009873123 0.999187708
1341846336.210112 -0.026848782 0.006660282 -0.004867337 0.037785884 -0.002892040 0.010513807 0.999226391
1341846336.241891 -0.027427092 0.005770180 -0.006076359 0.036932889 -0.001787590 0.009648661 0.999269605
1341846336.277946 -0.029743182 0.004642103 -0.008239710 0.037495747 -0.001045294 0.010945334 0.999236345
1341846336.309977 -0.030031638 0.004460813 -0.011620907 0.039965715 -0.003551386 0.014054965 0.999095917
1341846336.346143 -0.029601509 0.006045238 -0.014376559 0.042061560 -0.004932522 0.015107380 0.998988628
1341846336.377975 -0.029551076 0.006350917 -0.015202207 0.042831115 -0.004956836 0.015228399 0.998953938
1341846336.410032 -0.030767474 0.006697848 -0.019279277 0.043725729 -0.003980337 0.014923749 0.998924196
1341846336.446041 -0.031377342 0.007879352 -0.022046836 0.043582607 -0.004420399 0.014701043 0.998931885
1341846336.477990 -0.031020237 0.007835048 -0.021945214 0.042405654 -0.004776628 0.014953924 0.998977125
1341846336.510056 -0.031596579 0.006520223 -0.024804387 0.042370841 -0.003953053 0.015524146 0.998973489
1341846336.546024 -0.031990632 0.006624814 -0.026415456 0.043329213 -0.004039634 0.017590301 0.998897791
1341846336.578003 -0.033265192 0.008869406 -0.028068051 0.043908384 -0.004141727 0.018246757 0.998860300
1341846336.614020 -0.033056781 0.009233088 -0.029281290 0.043306932 -0.003561320 0.017646462 0.998899579
1341846336.645982 -0.033250108 0.010428653 -0.031729333 0.042377897 -0.002408945 0.017314497 0.998948693
1341846336.678036 -0.035887767 0.008444392 -0.032077674 0.040085576 -0.003823014 0.017725531 0.999031723
1341846336.714024 -0.036014151 0.006592725 -0.031071406 0.041281871 -0.006229369 0.017289672 0.998978496
1341846336.746016 -0.038001318 0.005990410 -0.032370549 0.045007393 -0.007879501 0.018750265 0.998779595
1341846336.778014 -0.036493059 0.008482976 -0.038756941 0.047925141 -0.012313642 0.022817990 0.998514354
1341846336.820006 -0.037957575 0.009978629 -0.039380014 0.048915088 -0.015732447 0.024880903 0.998369038
1341846336.845952 -0.037763964 0.009938926 -0.039126325 0.049819630 -0.017080240 0.023589917 0.998333514
1341846336.882056 -0.039881986 0.010086931 -0.044922639 0.051504876 -0.017372888 0.023481892 0.998245478
1341846336.914273 -0.042765971 0.006538926 -0.040905375 0.053263742 -0.021362485 0.025371782 0.998029470
1341846336.945998 -0.038271777 0.006263610 -0.047192633 0.059529427 -0.028578823 0.027276691 0.997444451
1341846336.981980 -0.040430211 0.011814320 -0.050764248 0.063589171 -0.032027785 0.025326276 0.997140527
1341846337.014238 -0.041583404 0.015931647 -0.050824437 0.061467770 -0.035114914 0.024626411 0.997187138
1341846337.046017 -0.040758915 0.013136679 -0.050035622 0.058543004 -0.036559843 0.020063089 0.997413456
1341846337.082104 -0.040508982 0.011908160 -0.053210579 0.057575680 -0.036643244 0.015950758 0.997540891
1341846337.114317 -0.042545911 0.011918984 -0.051825169 0.055822775 -0.038601205 0.015523274 0.997573435
1341846337.150037 -0.041536413 0.012262034 -0.054612473 0.054338735 -0.040829688 0.014565748 0.997581124
1341846337.181873 -0.039687496 0.012477608 -0.052611541 0.053984199 -0.041181184 0.011572409 0.997625113
1341846337.214073 -0.041233029 0.015041272 -0.054754913 0.052206516 -0.039383959 0.009609957 0.997813106
1341846337.250087 -0.044865422 0.011297996 -0.056263540 0.048607610 -0.039786898 0.009969431 0.997975409
1341846337.282028 -0.045021169 0.011832656 -0.056108460 0.050158571 -0.044023853 0.013150927 0.997683883
1341846337.317920 -0.041392110 0.012867765 -0.056188080 0.049828690 -0.046393234 0.014363755 0.997576296
1341846337.350018 -0.043432448 0.014377098 -0.057095781 0.048577536 -0.045339193 0.014235467 0.997688293
1341846337.382159 -0.040582582 0.011705103 -0.058374863 0.045232370 -0.045724906 0.012667774 0.997849107
1341846337.417941 -0.042452712 0.009200232 -0.058916103 0.045629829 -0.044708148 0.012794399 0.997875452
1341846337.450137 -0.043782145 0.012231005 -0.060949471 0.046768643 -0.046205111 0.013455272 0.997745812
1341846337.482096 -0.041959569 0.011545442 -0.060379352 0.045111082 -0.046933312 0.014707552 0.997770488
1341846337.518008 -0.042866811 0.009651142 -0.061273307 0.045831189 -0.047114883 0.014665547 0.997729778
1341846337.549978 -0.042887807 0.013203106 -0.062598750 0.046646774 -0.047942448 0.013037573 0.997675121
1341846337.585971 -0.043221921 0.011898450 -0.061677236 0.043499149 -0.048357192 0.012267513 0.997807086
1341846337.617903 -0.042797863 0.007547630 -0.059537705 0.044034410 -0.048939928 0.012485937 0.997752488
1341846337.650141 -0.042542268 0.011267019 -0.061586346 0.047211364 -0.049244288 0.011835851 0.997600138
1341846337.686352 -0.041712284 0.013263179 -0.062498316 0.045746554 -0.049187578 0.012402344 0.997664273
1341846337.718002 -0.041271202 0.011907166 -0.059853133 0.043691583 -0.048927013 0.012334196 0.997770071
1341846337.749920 -0.040748522 0.012808863 -0.058079701 0.043637048 -0.047148895 0.011650939 0.997866273
1341846337.786157 -0.039929483 0.014893731 -0.058195807 0.040823620 -0.044452775 0.012058362 0.998104155
1341846337.817945 -0.039756052 0.012604615 -0.056181535 0.038001586 -0.042415906 0.013417724 0.998286903
1341846337.854071 -0.038560137 0.014654623 -0.055388462 0.037179224 -0.039564308 0.013391302 0.998435318
1341846337.885951 -0.039322671 0.016840316 -0.053727001 0.034583468 -0.036904942 0.011728927 0.998651266
1341846337.918223 -0.039169699 0.016577266 -0.052016109 0.030268770 -0.035606358 0.008707250 0.998869419
1341846337.954120 -0.039406091 0.014997958 -0.049909655 0.027519537 -0.034016818 0.007848802 0.999011457
1341846337.985994 -0.038887709 0.018035017 -0.049148869 0.025567576 -0.033097822 0.007761775 0.999094903
1341846338.018107 -0.037929766 0.016491828 -0.045994915 0.021750567 -0.031787083 0.009339392 0.999214292
1341846338.054055 -0.037346508 0.017538045 -0.044401642 0.019622263 -0.030194746 0.008259395 0.999317288
1341846338.085986 -0.035790451 0.017525511 -0.041034412 0.016266964 -0.027588023 0.007982770 0.999455154
1341846338.121875 -0.036053557 0.015135986 -0.040161431 0.013914770 -0.024906576 0.009661702 0.999546230
1341846338.154089 -0.036771454 0.015092905 -0.039165232 0.012951859 -0.024192169 0.012971148 0.999539256
1341846338.186029 -0.035743654 0.015765805 -0.037312046 0.011937948 -0.024730917 0.015601024 0.999501169
1341846338.222071 -0.033579417 0.016876664 -0.033768013 0.010859075 -0.024065521 0.014946119 0.999539673
1341846338.254107 -0.033927634 0.015788281 -0.031710532 0.008787875 -0.021986615 0.015427072 0.999600589
1341846338.290130 -0.033008609 0.014691529 -0.028842276 0.008845646 -0.022266023 0.017397633 0.999561548
1341846338.321952 -0.033272639 0.016891932 -0.026516054 0.009586164 -0.021215692 0.018994683 0.999548495
1341846338.354022 -0.032667566 0.016457921 -0.020673914 0.008899163 -0.020878313 0.019452134 0.999553204
1341846338.389969 -0.033680223 0.018214788 -0.019942829 0.008834098 -0.019724885 0.019752441 0.999571264
1341846338.422377 -0.033093102 0.018495364 -0.017187515 0.006976377 -0.019222191 0.019723242 0.999596357
1341846338.454010 -0.032775111 0.018414456 -0.015367481 0.005910932 -0.019652391 0.019046010 0.999607980
1341846338.489894 -0.032507364 0.018102827 -0.013285236 0.004032591 -0.020027831 0.018914364 0.999612331
1341846338.522066 -0.030373802 0.016854698 -0.007936796 0.004423202 -0.020483585 0.019692896 0.999586463
1341846338.558058 -0.030908594 0.019801244 -0.006449690 0.004537730 -0.020263294 0.018456949 0.999614000
1341846338.589842 -0.029547250 0.019294906 -0.002032771 0.002273773 -0.020872124 0.018176911 0.999614358
1341846338.622019 -0.028493462 0.017159369 0.001220354 0.002366714 -0.020028621 0.019397199 0.999608457
1341846338.657984 -0.030161468 0.019471385 -0.000258833 0.003323191 -0.019261345 0.020420125 0.999600410
1341846338.690198 -0.028326504 0.021010239 0.005398212 0.001658615 -0.020790068 0.020845631 0.999565125
1341846338.722454 -0.026175257 0.017682213 0.008414323 0.000056083 -0.020080077 0.021068482 0.999576390
1341846338.757945 -0.028219843 0.019764442 0.007097445 0.000698008 -0.019082587 0.022336774 0.999568164
1341846338.790039 -0.026230451 0.019903952 0.012202129 -0.001429007 -0.021806624 0.023321403 0.999489188
1341846338.826048 -0.023501117 0.018666077 0.016512711 -0.001401536 -0.021661274 0.022096874 0.999520183
1341846338.858027 -0.025431687 0.020693025 0.018124292 -0.001021246 -0.019312164 0.020934999 0.999593794
1341846338.889902 -0.024665110 0.019967083 0.021024935 -0.003937347 -0.020509779 0.020919427 0.999563038
1341846338.925948 -0.022480302 0.018984996 0.024934744 -0.004743251 -0.020367721 0.019087575 0.999599099
1341846338.958108 -0.022317912 0.019299697 0.027796196 -0.004434451 -0.018549131 0.018188689 0.999652684
1341846338.990057 -0.022155982 0.019577689 0.030735238 -0.003905292 -0.018407324 0.018625414 0.999649465
1341846339.025928 -0.020281792 0.018280072 0.035333682 -0.002289681 -0.017949728 0.019390881 0.999648213
1341846339.057939 -0.020658547 0.020972386 0.036390152 0.001156712 -0.015356209 0.018957075 0.999701679
1341846339.093927 -0.023529347 0.022703420 0.037554651 0.000551395 -0.014513033 0.019688468 0.999700665
1341846339.126562 -0.019460967 0.024021884 0.041087016 -0.002331926 -0.017068062 0.019458236 0.999662280
1341846339.157969 -0.016701370 0.023247741 0.045875859 -0.005261167 -0.015271185 0.017496070 0.999716461
1341846339.194113 -0.020007651 0.024460582 0.046941351 -0.006761245 -0.012683643 0.017960468 0.999735415
1341846339.228165 -0.019154152 0.025235398 0.047155689 -0.010110158 -0.014922229 0.020384297 0.999629736
1341846339.257998 -0.016376803 0.023963070 0.053440284 -0.013466013 -0.015055623 0.021249481 0.999570131
1341846339.294132 -0.015745755 0.025362223 0.056001231 -0.013191112 -0.012718447 0.022176223 0.999586165
1341846339.326577 -0.017678745 0.027368702 0.057636965 -0.016369918 -0.013770226 0.025659712 0.999441862
1341846339.362269 -0.013756752 0.027528524 0.062726371 -0.020625414 -0.017044252 0.023733919 0.999360204
1341846339.394725 -0.012315704 0.028301990 0.067299336 -0.021115195 -0.015453678 0.022994678 0.999393106
1341846339.426160 -0.013565751 0.028147811 0.067474648 -0.023415396 -0.014949080 0.024491744 0.999313951
1341846339.462186 -0.010532369 0.028765928 0.074456163 -0.024501342 -0.016512766 0.023001382 0.999298751
1341846339.496743 -0.008202070 0.027711267 0.076490760 -0.022075079 -0.013392166 0.019996747 0.999466598
1341846339.530143 -0.009410853 0.028790710 0.075924583 -0.021178039 -0.009074264 0.020989083 0.999514222
1341846339.562052 -0.008972738 0.027932979 0.080309004 -0.020875527 -0.009775599 0.022968063 0.999470413
1341846339.595122 -0.006435449 0.027186705 0.082438387 -0.019272126 -0.009961838 0.022349924 0.999514818
1341846339.632085 -0.006380677 0.028039292 0.082220055 -0.017441995 -0.005854519 0.019011639 0.999649942
1341846339.664568 -0.006427716 0.026898423 0.083978072 -0.017759321 -0.002666850 0.017633656 0.999683261
1341846339.698896 -0.006011032 0.027201250 0.087489605 -0.017558077 -0.001506416 0.016120786 0.999714732
1341846339.731977 -0.004737006 0.026949078 0.090567335 -0.017358666 -0.001805227 0.015135202 0.999733150
1341846339.762241 -0.002935475 0.025879927 0.092675410 -0.017473988 -0.000885063 0.014444956 0.999742568
1341846339.797873 -0.003331851 0.026024427 0.094620615 -0.017383970 -0.000218737 0.015978871 0.999721169
1341846339.830245 -0.001360295 0.025121205 0.096840657 -0.017911058 -0.001263291 0.016361469 0.999704897
1341846339.862015 -0.001121710 0.025301456 0.098557018 -0.018582480 -0.000924653 0.016295051 0.999694109
1341846339.897797 0.000859738 0.024635425 0.100497156 -0.019793017 -0.000411555 0.016949823 0.999660313
1341846339.929916 0.000366498 0.023717225 0.103348330 -0.020332184 0.001059136 0.017801322 0.999634266
1341846339.961960 0.000963173 0.023080701 0.105136164 -0.019255536 0.000395699 0.018750856 0.999638677
1341846339.997845 0.002615266 0.023924710 0.105454713 -0.017507756 0.001245965 0.018181261 0.999680638
1341846340.029925 0.003193083 0.023341615 0.107876219 -0.016902894 0.003725486 0.019385967 0.999662220
1341846340.066044 0.004491538 0.023205288 0.108648896 -0.014986480 0.004639593 0.020585906 0.999665022
1341846340.098009 0.003496840 0.023952631 0.109659687 -0.013701848 0.005913876 0.021054212 0.999666989
1341846340.130102 0.004939493 0.023403039 0.111629829 -0.014599537 0.005206594 0.021173289 0.999655664
1341846340.166041 0.006588033 0.023194041 0.114734940 -0.013635887 0.007032295 0.018585565 0.999709547
1341846340.197867 0.005941714 0.024201971 0.117053442 -0.012212389 0.009979410 0.018393498 0.999706447
1341846340.229904 0.005969073 0.024392795 0.119011052 -0.013467735 0.009867716 0.018418334 0.999690950
1341846340.265859 0.008057786 0.023051299 0.120294012 -0.014483555 0.010351883 0.017940145 0.999680579
1341846340.298061 0.007624162 0.023017440 0.122379676 -0.012485676 0.013059451 0.017879281 0.999676883
1341846340.334063 0.006835721 0.026052963 0.124387078 -0.011915321 0.012858096 0.018979436 0.999666154
1341846340.366064 0.008608853 0.023637280 0.126164213 -0.014647707 0.010005035 0.018923445 0.999663532
1341846340.397995 0.009758941 0.023006693 0.127170488 -0.012912805 0.010249285 0.018810848 0.999687135
1341846340.433895 0.009676855 0.023964878 0.128514826 -0.012077100 0.010290084 0.019521682 0.999683499
1341846340.465959 0.009566319 0.023537001 0.129756868 -0.011716207 0.008229486 0.020691460 0.999683380
1341846340.501858 0.011560339 0.023985986 0.129777148 -0.010700616 0.004202345 0.021505237 0.999702632
1341846340.534329 0.012545444 0.023983032 0.129818529 -0.010211762 0.002658069 0.021103231 0.999721587
1341846340.566041 0.012977335 0.022810230 0.129905358 -0.009400023 0.001827129 0.021436971 0.999724329
1341846340.601909 0.014616015 0.022672279 0.128895000 -0.006985654 0.000856574 0.022309974 0.999726355
1341846340.634005 0.015482643 0.023433914 0.127424076 -0.005950517 0.000323822 0.021237636 0.999756694
1341846340.666028 0.016909055 0.022660678 0.127658963 -0.006576437 0.000170933 0.019314231 0.999791801
1341846340.701946 0.017856056 0.022475582 0.126458794 -0.004600659 0.001462991 0.016998809 0.999843836
1341846340.733954 0.018677827 0.023460258 0.125825971 -0.003344428 0.002804081 0.015863763 0.999864638
1341846340.770081 0.018503478 0.023711024 0.125434309 -0.003945034 0.003401207 0.013325682 0.999897659
1341846340.801980 0.019612333 0.023031676 0.124951415 -0.004219963 0.004118377 0.007848752 0.999951780
1341846340.833999 0.019759836 0.024004735 0.124202482 -0.004131130 0.006190443 0.004019508 0.999964237
1341846340.870013 0.019567380 0.024151912 0.125054777 -0.005320889 0.006299791 0.001958171 0.999964058
1341846340.901955 0.020056626 0.023025723 0.123752207 -0.004744094 0.006090651 0.001713948 0.999968708
1341846340.933918 0.020073058 0.023337921 0.123750024 -0.002659732 0.005555883 0.003330458 0.999975443
1341846340.970122 0.019025991 0.023799540 0.123555504 -0.001245276 0.002944997 0.008451625 0.999959171
1341846341.001922 0.018766027 0.022449017 0.121989839 -0.000451916 -0.000730780 0.013747605 0.999905109
1341846341.037923 0.020233411 0.022946136 0.121288374 0.001097211 -0.003695337 0.017090412 0.999846518
1341846341.070300 0.020059219 0.022638170 0.120052345 0.001370782 -0.004470902 0.017020289 0.999844193
1341846341.102028 0.019340688 0.022332612 0.119483881 0.001138096 -0.005489738 0.017065670 0.999838650
1341846341.137982 0.020004069 0.021960340 0.118259214 0.001008858 -0.007716651 0.017475700 0.999817014
1341846341.170048 0.020769814 0.022203419 0.119324341 0.001969790 -0.008316315 0.017911946 0.999803066
1341846341.202110 0.020371860 0.021606119 0.118350960 0.003122959 -0.008431193 0.019896716 0.999761641
1341846341.237996 0.020768063 0.021632278 0.117443033 0.004824765 -0.008427653 0.021182096 0.999728441
1341846341.269883 0.019985622 0.022050049 0.116535544 0.006200605 -0.007515408 0.021112775 0.999729633
1341846341.306107 0.020000184 0.021857325 0.116428681 0.006624698 -0.008275492 0.020612042 0.999731362
1341846341.338109 0.020269986 0.022101179 0.115759015 0.007677673 -0.007890576 0.018693231 0.999764621
1341846341.370120 0.020474829 0.022187341 0.115337014 0.008053877 -0.006747636 0.016447991 0.999809504
1341846341.406074 0.018972171 0.021973172 0.113706641 0.008180157 -0.005675171 0.014931099 0.999838948
1341846341.438113 0.018996596 0.020459551 0.114879988 0.008750322 -0.007697660 0.015654532 0.999809563
1341846341.470024 0.019928299 0.020851808 0.112915486 0.011664924 -0.008266110 0.014016228 0.999799550
1341846341.506077 0.018833280 0.022674643 0.113187417 0.012221958 -0.006939499 0.012866236 0.999818444
1341846341.538156 0.017895419 0.021720449 0.113260292 0.010883692 -0.008316945 0.012756224 0.999824822
1341846341.574016 0.018649204 0.021913497 0.113200247 0.011934512 -0.011053205 0.014167875 0.999767303
1341846341.612466 0.018374246 0.022534102 0.112214573 0.012802609 -0.011499605 0.014458377 0.999747396
1341846341.643972 0.017875250 0.023093214 0.110375591 0.011993263 -0.012683876 0.013256158 0.999759734
1341846341.679982 0.017112430 0.022675391 0.110085592 0.011797285 -0.013720848 0.013108515 0.999750316
1341846341.712332 0.016721735 0.022529075 0.111196376 0.012450088 -0.015879979 0.016370567 0.999662340
1341846341.744185 0.017082576 0.021865649 0.110240877 0.012427356 -0.018087948 0.019003240 0.999578536
1341846341.780061 0.017111108 0.022331998 0.108775400 0.013138853 -0.018597111 0.020142995 0.999537826
1341846341.812163 0.017586384 0.021612555 0.108746015 0.013057896 -0.019572642 0.022057073 0.999479830
1341846341.842595 0.017819222 0.020648137 0.107796088 0.014835681 -0.019737987 0.025184058 0.999377847
1341846341.875779 0.018136984 0.020820616 0.106973074 0.016588541 -0.020199463 0.028764997 0.999244392
1341846341.906227 0.018316854 0.019923182 0.108276144 0.018164478 -0.020794183 0.030727277 0.999146342
1341846341.942069 0.018514711 0.018247267 0.105349451 0.020826507 -0.020652346 0.032692116 0.999035001
1341846341.974775 0.018853823 0.018662596 0.104527995 0.024250478 -0.020927282 0.033997066 0.998908460
1341846342.010161 0.017603958 0.018908815 0.104444824 0.025047451 -0.021547955 0.035393585 0.998827100
1341846342.042024 0.019629106 0.017147593 0.104540065 0.026390705 -0.022892470 0.035829641 0.998747051
1341846342.080032 0.020491933 0.018671641 0.104126208 0.028993534 -0.020850072 0.035640720 0.998726368
1341846342.112265 0.019138476 0.017260181 0.103545971 0.028719166 -0.019783178 0.037858326 0.998674393
1341846342.147954 0.020171579 0.015708262 0.103094712 0.030488050 -0.021437271 0.040489744 0.998484612
1341846342.179852 0.020828450 0.016785489 0.102504425 0.033806983 -0.021117838 0.041904733 0.998326182
1341846342.211848 0.020312730 0.017051809 0.102175295 0.034525298 -0.020235118 0.041800637 0.998324215
1341846342.247920 0.020108365 0.016201429 0.102056429 0.035334777 -0.019926149 0.040222239 0.998366952
1341846342.279870 0.020182768 0.016077600 0.101425737 0.036876734 -0.019276062 0.040361602 0.998318315
1341846342.316068 0.020680517 0.016450390 0.100679114 0.038129222 -0.019342273 0.041167013 0.998237133
1341846342.347894 0.020876132 0.017224727 0.099412404 0.038755909 -0.019445265 0.041407775 0.998201013
1341846342.379953 0.021129476 0.016795022 0.100119568 0.038842000 -0.018851059 0.040914796 0.998229384
1341846342.416195 0.020389136 0.016940329 0.101132952 0.039552562 -0.018440383 0.042140368 0.998158157
1341846342.447907 0.020905504 0.017222622 0.100683860 0.039785556 -0.019398222 0.043087713 0.998090327
