1341846093.257900 -0.003758884 0.007138396 0.003089445 0.031509161 0.007075836 0.002443979 0.999475420
1341846093.289744 -0.003142510 0.008621152 0.005510117 0.037267469 0.008835858 0.001764779 0.999264717
1341846093.325795 -0.002833426 0.010708741 0.006514969 0.044318262 0.009647921 0.002449933 0.998967886
1341846093.357904 -0.003848293 0.008267152 0.004805355 0.048326928 0.010686802 0.003082198 0.998769641
1341846093.393841 -0.003531490 0.011832775 0.007614944 0.053291772 0.012053112 0.001447398 0.998505175
1341846093.425924 -0.003249772 0.013249927 0.007210280 0.060031865 0.011843576 0.003489683 0.998120070
1341846093.457796 -0.004547645 0.013806445 0.009092061 0.066860393 0.011795284 0.005865154 0.997675359
1341846093.493817 -0.005401063 0.015190236 0.008038992 0.072812475 0.012855625 0.006572727 0.997241139
1341846093.525871 -0.007383808 0.016833344 0.011198053 0.080148496 0.014251871 0.010721947 0.996623337
1341846093.561833 -0.005716105 0.018964769 0.012190098 0.087507457 0.014133757 0.011969260 0.995991647
1341846093.593995 -0.008013762 0.018242188 0.011229813 0.093294390 0.014684279 0.014003742 0.995431781
1341846093.625945 -0.007074296 0.018683016 0.012389266 0.097153880 0.015448497 0.013441469 0.995058715
1341846093.661809 -0.004444302 0.017451208 0.011842087 0.103003822 0.014567303 0.011542621 0.994507313
1341846093.693938 -0.004779343 0.015727462 0.012054536 0.108033955 0.014863967 0.010844723 0.993976951
1341846093.725842 -0.005777781 0.024075035 0.015435969 0.116624601 0.014923809 0.009368306 0.993019760
1341846093.761995 -0.006405905 0.030494848 0.017775562 0.128022879 0.013984396 0.010056503 0.991621614
1341846093.794228 -0.005542022 0.029266786 0.016499354 0.135471731 0.010762916 0.016001601 0.990593553
1341846093.829820 -0.005252368 0.029386675 0.018087804 0.142202124 0.008272457 0.016392989 0.989667296
1341846093.861841 -0.005938660 0.029710336 0.018877838 0.147301257 0.009528003 0.013015525 0.988960147
1341846093.893823 -0.004907129 0.028695144 0.018709693 0.153945386 0.008986884 0.011893764 0.987966895
1341846093.929912 -0.005716187 0.027721761 0.018100413 0.162787825 0.006898541 0.013426146 0.986545622
1341846093.961968 -0.008756367 0.024290258 0.019164817 0.169426367 0.008169844 0.016376724 0.985372901
1341846093.994029 -0.014521838 0.019997381 0.015964523 0.173224211 0.011687614 0.017941676 0.984649599
1341846094.029902 -0.007903387 0.024518548 0.017023800 0.179004982 0.008773104 0.014784489 0.983697951
1341846094.062046 -0.008762715 0.028338470 0.018232618 0.184349671 0.010906068 0.012327258 0.982722878
1341846094.097921 -0.009232488 0.032491077 0.020299386 0.190811038 0.012030574 0.014438128 0.981446862
1341846094.129856 -0.010810326 0.028344830 0.018931236 0.190778822 0.013108603 0.015884899 0.981417000
1341846094.161786 -0.010935355 0.025173033 0.017720034 0.192745641 0.015495365 0.014553752 0.981018424
1341846094.197938 -0.013585474 0.023320826 0.016078429 0.191161811 0.020230366 0.013548562 0.981256485
1341846094.229967 -0.011541200 0.023899337 0.017716730 0.192522377 0.021614941 0.014300814 0.980950236
1341846094.261795 -0.012156465 0.021798652 0.016678371 0.190382317 0.022423211 0.015218847 0.981335878
1341846094.297927 -0.013015990 0.022824669 0.016019458 0.188166469 0.024973610 0.013420957 0.981727839
1341846094.329846 -0.012944729 0.019700369 0.015084977 0.184376627 0.026767654 0.013079531 0.982404053
1341846094.366053 -0.009706568 0.021172151 0.015122021 0.181367621 0.024716357 0.012948134 0.983019471
1341846094.397911 -0.010268053 0.019480657 0.014690687 0.177032948 0.022698214 0.014847968 0.983831108
1341846094.429746 -0.010260632 0.013837156 0.011773409 0.167235360 0.022418959 0.016062487 0.985531211
1341846094.466133 -0.006992602 0.012858670 0.010967575 0.158975065 0.020072030 0.016692435 0.986937404
1341846094.497922 -0.008275247 0.015228423 0.011103869 0.153423294 0.017638072 0.019794786 0.987804830
1341846094.533970 -0.009020339 0.014956669 0.009824431 0.146856263 0.015821623 0.024742113 0.988721788
1341846094.565945 -0.008664771 0.014301296 0.010413540 0.138983995 0.013299114 0.027803674 0.989814878
1341846094.597899 -0.009599600 0.014619863 0.009349548 0.131319940 0.013244945 0.029793145 0.990803719
1341846094.633912 -0.008064759 0.011866535 0.008013979 0.120759405 0.011721746 0.032945316 0.992065668
1341846094.665844 -0.010032267 0.014163591 0.007947722 0.114933237 0.010043593 0.037528340 0.992613256
1341846094.697961 -0.014276953 0.009698512 0.006414793 0.104891039 0.013763931 0.038937427 0.993625820
1341846094.733999 -0.014995774 0.009344363 0.005762955 0.097378634 0.017954577 0.037180532 0.994390607
1341846094.767923 -0.012790314 0.007452282 0.006500767 0.091297969 0.017859073 0.041390710 0.994802773
1341846094.801844 -0.012346456 0.004402009 0.003608136 0.083349504 0.014243067 0.048840992 0.995220840
1341846094.833846 -0.013085896 0.006296895 0.004472096 0.079239495 0.013320009 0.052662447 0.995374501
1341846094.866031 -0.014051192 0.006734887 0.003980060 0.071256846 0.016227769 0.053286191 0.995901465
1341846094.901923 -0.011324978 0.002616952 0.002408673 0.060030438 0.014667745 0.054570392 0.996595860
1341846094.934109 -0.009843222 0.005657156 0.002153894 0.052174523 0.012819861 0.056482416 0.996956944
1341846094.966365 -0.012151050 0.003557852 0.000854904 0.043384183 0.011594526 0.061407264 0.997102082
1341846095.002198 -0.013825570 0.000060712 -0.000383851 0.032194275 0.012362071 0.062505841 0.997448623
1341846095.034722 -0.011424851 -0.002346776 -0.002718028 0.018711301 0.012034854 0.060455129 0.997922957
1341846095.075946 -0.011285700 0.004184507 -0.001867795 0.015986178 0.012255768 0.060510833 0.997964263
1341846095.104112 -0.012208964 0.002342422 -0.001576756 0.011018445 0.014332571 0.062696375 0.997868896
1341846095.134021 -0.013118452 0.001530039 -0.003242131 0.006572536 0.016258754 0.064618237 0.997756004
1341846095.169946 -0.011826360 0.001032959 -0.000896141 0.004349925 0.017677944 0.068387195 0.997492731
1341846095.201911 -0.011412777 0.000715246 -0.001625574 0.000960101 0.016563322 0.072005309 0.997266233
1341846095.233880 -0.012716689 -0.001469656 -0.005652323 -0.005397712 0.015432569 0.073961593 0.997127056
1341846095.269927 -0.011256613 0.001751960 -0.004601933 -0.008856693 0.015443830 0.072775781 0.997189403
1341846095.301803 -0.009973036 0.000888482 -0.004765249 -0.014689993 0.013950184 0.071904570 0.997205794
1341846095.337767 -0.009919717 -0.004414470 -0.007335889 -0.023325305 0.010821772 0.075452544 0.996817827
1341846095.369772 -0.009469420 -0.004914047 -0.007332788 -0.029462770 0.010120026 0.077088311 0.996537507
1341846095.401800 -0.009563303 0.002901761 -0.004385193 -0.031496562 0.011436563 0.075170398 0.996607542
1341846095.437762 -0.010133583 0.000634006 -0.006036184 -0.036481850 0.011003450 0.076820657 0.996316552
1341846095.469900 -0.011024930 0.000966713 -0.004846179 -0.040916063 0.011930006 0.078789979 0.995979786
1341846095.501905 -0.014814215 -0.010715514 -0.005799463 -0.050372578 0.015579106 0.082560845 0.995190203
1341846095.538219 -0.014920666 -0.010314030 -0.006655893 -0.055288661 0.016224476 0.082013890 0.994964182
1341846095.569934 -0.010720292 -0.001111316 -0.007506140 -0.055724703 0.013844687 0.079183578 0.995205045
1341846095.606238 -0.010607754 0.000183586 -0.008286545 -0.059838802 0.014275849 0.079247296 0.994954944
1341846095.637875 -0.010291937 0.000061768 -0.007613994 -0.063541271 0.013993382 0.081022695 0.994586349
1341846095.669890 -0.009980649 -0.002555027 -0.007937336 -0.067315333 0.013581694 0.082626447 0.994211793
1341846095.705878 -0.015150642 -0.006715373 -0.009889466 -0.073087014 0.016704360 0.084486932 0.993600130
1341846095.737902 -0.013556453 -0.008503716 -0.010984765 -0.078045152 0.017936412 0.085256740 0.993135691
1341846095.773812 -0.010952524 -0.008051784 -0.008681248 -0.080721155 0.016945520 0.086936116 0.992793560
1341846095.806035 -0.010381672 -0.009699658 -0.009761360 -0.084413141 0.016913492 0.088166758 0.992378473
1341846095.838106 -0.018115966 -0.021041093 -0.007849238 -0.097074270 0.022929847 0.088666521 0.991054535
1341846095.873871 -0.017499294 -0.022576312 -0.006556390 -0.101761736 0.024761176 0.086606860 0.990722299
1341846095.905980 -0.025364375 -0.016667238 -0.010916664 -0.104168162 0.028177500 0.085590363 0.990469217
1341846095.937932 -0.029826382 -0.011856291 -0.014271252 -0.104908273 0.026291737 0.088281535 0.990206718
1341846095.973926 -0.022770351 -0.031318903 -0.014019762 -0.119179018 0.024591394 0.092154518 0.988280892
1341846096.005891 -0.022999449 -0.032867782 -0.013609351 -0.125003055 0.025299663 0.092490017 0.987511933
1341846096.041838 -0.024365433 -0.031644616 -0.014309840 -0.129801929 0.024712844 0.090817563 0.987062752
1341846096.073937 -0.028430618 -0.032130014 -0.013676983 -0.134937018 0.025853043 0.087550096 0.986640036
1341846096.105773 -0.046041798 -0.027028518 -0.017318033 -0.138846844 0.033851102 0.083504677 0.986206174
1341846096.141944 -0.023657836 -0.032557957 -0.018133489 -0.146787956 0.022181377 0.086975150 0.985087097
1341846096.173951 -0.016161019 -0.033594243 -0.015339710 -0.150945470 0.017869685 0.086348496 0.984601438
1341846096.205991 -0.018759482 -0.028679620 -0.015420578 -0.149768010 0.018830860 0.085177816 0.984865308
1341846096.241942 -0.021823954 -0.034647260 -0.018321861 -0.154438615 0.019675048 0.087811068 0.983895719
1341846096.273909 -0.022369593 -0.031582229 -0.017878827 -0.156442627 0.019305456 0.085896574 0.983755469
1341846096.309891 -0.027300233 -0.030476864 -0.020535998 -0.159727931 0.021377102 0.083419025 0.983397841
1341846096.341861 -0.023701951 -0.033665061 -0.016559962 -0.164722145 0.019237978 0.083984748 0.982569635
1341846096.374240 -0.032594979 -0.037205838 -0.021074934 -0.166449517 0.021704467 0.083372869 0.982279241
1341846096.409718 -0.032931130 -0.034473419 -0.022339994 -0.167019814 0.022252813 0.081730217 0.982308209
1341846096.441905 -0.037407819 -0.038214676 -0.025088886 -0.171002522 0.024151439 0.079187632 0.981786251
1341846096.473846 -0.033347379 -0.035157908 -0.023590541 -0.173327237 0.021232707 0.077390656 0.981589317
1341846096.510050 -0.033614717 -0.038305003 -0.023114095 -0.176807508 0.021322923 0.075153410 0.981140375
1341846096.542063 -0.020820765 -0.034162339 -0.015717808 -0.176743627 0.017194167 0.074990943 0.981245339
1341846096.577955 -0.022689434 -0.035020892 -0.017776441 -0.179235771 0.018086849 0.074676052 0.980801165
1341846096.609941 -0.023129821 -0.027881104 -0.020905484 -0.181206152 0.017100234 0.072996415 0.980583191
1341846096.641875 -0.027974099 -0.020321384 -0.022990167 -0.186260700 0.016796038 0.069799915 0.979873896
1341846096.677902 -0.029944103 -0.020106047 -0.023581252 -0.188983247 0.017981576 0.068172023 0.979446054
1341846096.709906 -0.032935750 -0.022328146 -0.028586937 -0.194854558 0.018703919 0.068345636 0.978269279
1341846096.745991 -0.035098344 -0.017387826 -0.033218462 -0.197866991 0.017609529 0.064364456 0.977954924
1341846096.777870 -0.035887167 -0.016378762 -0.035687678 -0.201065317 0.018488852 0.061346944 0.977480173
1341846096.810244 -0.044234682 -0.035186525 -0.039357513 -0.212149501 0.023357697 0.059917387 0.975118935
1341846096.845763 -0.032028679 -0.004566097 -0.034589749 -0.213188961 0.016748916 0.058664754 0.975104272
1341846096.878199 -0.035330143 -0.008202206 -0.037616480 -0.217963696 0.017932523 0.056816801 0.974136591
1341846096.909946 -0.036737569 -0.002690738 -0.039955087 -0.220527723 0.018090660 0.055435520 0.973636031
1341846096.945914 -0.035096772 -0.005314818 -0.038347661 -0.228897780 0.016532587 0.055925101 0.971702039
1341846096.978058 -0.028216092 0.004246025 -0.036951091 -0.236196548 0.014765563 0.055853326 0.969986379
1341846097.014061 -0.027291017 0.006527090 -0.034363270 -0.243084624 0.015542765 0.053215507 0.968419552
1341846097.045960 -0.026819758 0.016911313 -0.043348499 -0.250095129 0.015463415 0.053685993 0.966608047
1341846097.078464 -0.025639964 0.016129317 -0.042102542 -0.256300688 0.015520943 0.053575560 0.964986384
1341846097.113795 -0.026196040 0.004843318 -0.034014288 -0.262356728 0.016650461 0.050847802 0.963486493
1341846097.146138 -0.026130576 0.013499535 -0.035699643 -0.265498102 0.017298995 0.050406840 0.962637365
1341846097.178019 -0.028750060 0.012891731 -0.033829186 -0.269523859 0.018347714 0.050611030 0.961487830
1341846097.213933 -0.028950311 0.014074021 -0.035512064 -0.270284772 0.016283503 0.051210511 0.961279571
1341846097.246080 -0.023999501 0.013509637 -0.034839641 -0.272834450 0.013404779 0.051022898 0.960613549
1341846097.282030 -0.024058811 0.013874732 -0.034478486 -0.275725216 0.014632460 0.051073108 0.959767163
1341846097.313977 -0.024487671 0.013197382 -0.036702435 -0.277649701 0.014721077 0.053953387 0.959053159
1341846097.345922 -0.028905852 0.018401660 -0.042549688 -0.279592693 0.014709207 0.058183536 0.958241224
1341846097.381852 -0.022535728 0.027742418 -0.041057725 -0.282425821 0.015000949 0.060396284 0.957268476
1341846097.413864 -0.024652418 0.029074343 -0.044957478 -0.285552919 0.017979350 0.057708822 0.956454873
1341846097.445910 -0.025081819 0.024999781 -0.047276895 -0.294228107 0.018294290 0.057098232 0.953852713
1341846097.481979 -0.029266857 0.031492356 -0.051087935 -0.301106393 0.018794375 0.056527637 0.951728046
1341846097.514061 -0.026536927 0.028160224 -0.055179488 -0.308403552 0.019264024 0.053927533 0.949530363
1341846097.550048 -0.025485598 0.026216423 -0.056746501 -0.315871119 0.019701160 0.051813867 0.947181404
1341846097.587812 -0.026785748 0.030162985 -0.056414176 -0.323338717 0.019360719 0.051374774 0.944689333
1341846097.619821 -0.030802019 0.036722999 -0.058057141 -0.326278985 0.020727245 0.048900377 0.943780243
1341846097.649731 -0.030222505 0.031093417 -0.061215915 -0.331399351 0.021434873 0.046984110 0.942076147
1341846097.681970 -0.034066301 0.029997157 -0.059953310 -0.336914420 0.022549415 0.046949927 0.940093517
1341846097.714026 -0.024307437 0.035465620 -0.055648781 -0.339320272 0.019610628 0.046892196 0.939296722
1341846097.749749 -0.022146530 0.029747427 -0.056147289 -0.341240644 0.018811174 0.045219749 0.938699186
1341846097.782019 -0.023940511 0.029861622 -0.059396323 -0.344790548 0.018466502 0.042985246 0.937513053
1341846097.817835 -0.025961595 0.037161484 -0.060830340 -0.346013814 0.018252485 0.041657332 0.937126458
1341846097.849998 -0.023427520 0.035014365 -0.057270445 -0.344235241 0.017436216 0.041095383 0.937821567
1341846097.882032 -0.024308164 0.037284389 -0.058853570 -0.342463940 0.016413188 0.040085725 0.938531935
1341846097.917945 -0.021355834 0.040646959 -0.058428451 -0.341471136 0.014799125 0.040412027 0.938906431
1341846097.949812 -0.021024166 0.037753724 -0.055834454 -0.339081138 0.014657574 0.039384473 0.939818084
1341846097.985786 -0.032935660 0.032391831 -0.055905182 -0.335172415 0.018684339 0.037971191 0.941205919
1341846098.017778 -0.023256019 0.031452022 -0.052813645 -0.330586761 0.016021466 0.037239753 0.942904532
1341846098.050033 -0.037155528 0.031241903 -0.055610586 -0.323243618 0.019803915 0.033439185 0.945517421
1341846098.085962 -0.031667784 0.022810355 -0.048374459 -0.321731210 0.019664656 0.027265754 0.946234047
1341846098.117764 -0.030714795 0.033675086 -0.055201143 -0.317414910 0.021535706 0.018759146 0.947856545
1341846098.149904 -0.027896499 0.034546006 -0.053659853 -0.317005187 0.022111934 0.016664829 0.948019564
1341846098.185874 -0.026362887 0.019833004 -0.041856512 -0.317203373 0.022084545 0.020709958 0.947874129
1341846098.217722 -0.017982865 0.004925435 -0.033528782 -0.314153492 0.020254394 0.024856593 0.948830605
1341846098.253811 -0.018618738 0.008185753 -0.043782901 -0.303251386 0.023391966 0.024520915 0.952307820
1341846098.285939 -0.016393475 0.005302526 -0.027637739 -0.295980871 0.025370993 0.028435668 0.954433382
1341846098.319650 -0.012861100 -0.028979642 -0.013891698 -0.292872131 0.025919018 0.022573380 0.955533624
1341846098.353827 -0.009607389 -0.030223956 -0.006883294 -0.283830941 0.028284423 0.023151066 0.958177447
1341846098.385963 -0.002910997 -0.010221509 -0.020276416 -0.269072533 0.029029185 0.021520648 0.962441742
1341846098.418076 -0.006000978 -0.012741850 -0.020320110 -0.262444496 0.033731572 0.016630089 0.964213908
1341846098.453988 -0.006250408 -0.005890493 -0.025295122 -0.256626040 0.036117606 0.012047078 0.965760589
1341846098.485927 -0.007564351 -0.009468637 -0.017115859 -0.253388226 0.036700837 0.011433845 0.966600597
1341846098.521907 -0.006372801 -0.020964012 -0.010714855 -0.249267980 0.036453538 0.012046977 0.967673242
1341846098.553851 -0.007725606 -0.017538870 -0.014866483 -0.239670247 0.038225573 0.014940629 0.969986439
1341846098.585937 -0.011824954 -0.028247500 -0.012088599 -0.235224172 0.039886519 0.019322181 0.970930099
1341846098.621830 -0.011678720 -0.032347735 -0.009609919 -0.227137282 0.040072918 0.022162387 0.972785532
1341846098.653874 -0.012707331 -0.025345322 -0.010255249 -0.217050895 0.041112497 0.023377188 0.975013912
1341846098.685832 -0.011421061 -0.034024060 -0.007077075 -0.210775316 0.040190626 0.026163751 0.976357460
1341846098.721860 -0.013472917 -0.039521791 -0.004325180 -0.201918513 0.040739976 0.029431378 0.978111923
1341846098.753828 -0.018833233 -0.041978519 -0.007030328 -0.189929560 0.040174656 0.031774286 0.980460703
1341846098.789998 -0.013612083 -0.043309107 0.001603854 -0.179296076 0.038749166 0.033574931 0.982458234
1341846098.827945 -0.010285151 -0.038388044 -0.002376014 -0.164327875 0.039221365 0.038033199 0.984891653
1341846098.853827 -0.014375650 -0.030804990 -0.004917358 -0.151072770 0.038880561 0.039527602 0.986966491
1341846098.889904 -0.015640285 -0.029217534 -0.004315548 -0.139292821 0.037922408 0.041300293 0.988662601
1341846098.921923 -0.020421561 -0.019990105 -0.010571972 -0.122400917 0.038615268 0.041932490 0.990842342
1341846098.957887 -0.014088143 -0.017500406 -0.007764793 -0.110694319 0.036769159 0.040753864 0.992337644
1341846098.990630 -0.005260196 -0.016232412 0.000160041 -0.102567405 0.032377660 0.040463991 0.993375182
1341846099.022028 -0.016267722 -0.013141109 -0.007741164 -0.088655308 0.033754110 0.035567012 0.994854689
1341846099.058015 -0.015620354 -0.018807756 -0.005882589 -0.079144850 0.034229029 0.036448758 0.995608330
1341846099.089878 -0.017818116 -0.015850728 -0.005846187 -0.069791146 0.034105282 0.034670785 0.996375382
1341846099.121774 -0.016037062 -0.011235480 -0.003944056 -0.057464469 0.033037771 0.033851914 0.997226357
1341846099.157775 -0.017521486 -0.012231832 -0.007033297 -0.050366282 0.033082593 0.035738762 0.997542739
1341846099.189822 -0.020559864 -0.008453554 -0.012572929 -0.043044899 0.032701977 0.035435960 0.997908831
1341846099.226178 -0.021227149 -0.007917572 -0.009896359 -0.036429312 0.033416260 0.035115134 0.998159885
1341846099.264156 -0.020212727 -0.008868193 -0.010087496 -0.031898610 0.032725703 0.037149273 0.998264194
1341846099.300270 -0.019187549 -0.010256073 -0.009086744 -0.029022118 0.032685369 0.038991828 0.998283029
1341846099.332076 -0.019165292 -0.010328123 -0.009519997 -0.026994636 0.034775630 0.040557299 0.998206913
1341846099.363831 -0.018813519 -0.010401992 -0.010395995 -0.026142344 0.036521513 0.042115338 0.998102725
1341846099.399799 -0.027430281 -0.017838936 -0.013904289 -0.030515101 0.041962225 0.043879628 0.997688591
1341846099.432113 -0.032001093 -0.018159574 -0.009215745 -0.031561278 0.047294922 0.044704404 0.997380912
1341846099.463909 -0.032287609 -0.015703421 -0.006398411 -0.030847454 0.053186350 0.043805201 0.997146308
1341846099.499765 -0.036230184 -0.017212717 -0.010552264 -0.029922748 0.060233254 0.044623151 0.996737361
1341846099.564678 -0.047039673 -0.012287593 -0.016060557 -0.026278259 0.085465737 0.040179487 0.995183766
1341846099.593832 -0.045003422 -0.015739378 -0.011470892 -0.026384722 0.095002316 0.041191652 0.994274437
1341846099.626222 -0.038381543 -0.017627215 -0.004670963 -0.027961319 0.103561111 0.040196531 0.993417084
1341846099.657825 -0.043701779 -0.013770413 -0.002345863 -0.027301742 0.115614064 0.035325140 0.992290378
1341846099.693870 -0.049154993 -0.013847237 -0.007262583 -0.027601771 0.127356663 0.034239821 0.990881443
1341846099.725881 -0.044106226 -0.011114988 -0.003024288 -0.025981337 0.137111187 0.031391654 0.989717185
1341846099.761986 -0.046484672 -0.005998174 0.001404257 -0.021603009 0.149677336 0.032656655 0.987959266
1341846099.793945 -0.047914237 -0.008594168 0.002681409 -0.018374654 0.161756679 0.040593337 0.985824227
1341846099.825926 -0.048137859 -0.003373280 0.007546578 -0.012899454 0.172775462 0.048067402 0.983703077
1341846099.862065 -0.044110715 -0.004167329 -0.002320990 -0.013235467 0.179153442 0.048631564 0.982529283
1341846099.894034 -0.039819460 -0.008733264 0.003281204 -0.014685370 0.189522341 0.048352689 0.980575144
1341846099.925860 -0.041593160 -0.004528454 0.003487918 -0.010074846 0.197293535 0.054215401 0.978792310
1341846099.961831 -0.034887586 0.002093438 0.003239756 -0.005727403 0.203533798 0.051364373 0.977702856
1341846099.993861 -0.035257261 -0.009424977 0.006648537 -0.010680414 0.215175062 0.053294823 0.975061655
1341846100.029846 -0.038437858 -0.005410864 0.001441023 -0.009311502 0.224444762 0.053506371 0.972972214
1341846100.069920 -0.033916052 -0.002303628 0.000096198 -0.006289327 0.233991191 0.049964268 0.970933616
1341846100.099862 -0.037315037 -0.006004869 0.006854014 -0.005924200 0.248105511 0.053147770 0.967255831
1341846100.132811 -0.037284341 -0.009670997 0.015614187 -0.004640608 0.255668044 0.059627011 0.964912891
1341846100.168188 -0.053742014 0.002581643 0.013678685 0.003409849 0.270620942 0.059382841 0.960846663
1341846100.199801 -0.042629529 -0.006360535 0.018959578 0.000437488 0.273523599 0.063948795 0.959737062
1341846100.235866 -0.038840748 -0.003116595 0.014437602 0.001527739 0.276946694 0.063018598 0.958815336
1341846100.267868 -0.043459557 -0.002924130 0.014913562 0.001165936 0.286042482 0.062778965 0.956157506
1341846100.299821 -0.037734754 -0.001818191 0.018151807 0.002326156 0.290544331 0.064434625 0.954686701
1341846100.335884 -0.044205036 0.003393774 0.017197624 0.005748623 0.299180478 0.064510792 0.951995969
1341846100.367898 -0.036993567 -0.008634231 0.019184994 -0.001157693 0.302408278 0.066553481 0.950851500
1341846100.400000 -0.039382018 -0.004887167 0.019509029 0.000514789 0.306777447 0.063497923 0.949660659
1341846100.435828 -0.034688924 -0.008204530 0.020620914 -0.000839818 0.308696955 0.063214801 0.949057102
1341846100.467678 -0.037133995 -0.008616880 0.019023335 0.000366180 0.315975338 0.064274654 0.946587682
1341846100.503838 -0.034103643 -0.009379104 0.022314169 -0.000016704 0.320835590 0.058849208 0.945304871
1341846100.535834 -0.035131529 -0.008589974 0.017182948 0.001823489 0.325914025 0.055442255 0.943770528
1341846100.568004 -0.035342742 -0.008466862 0.017087219 0.003831448 0.334198296 0.051420052 0.941091299
1341846100.604545 -0.035499260 -0.008728697 0.020233862 0.005340539 0.341224045 0.050606363 0.938603580
1341846100.635826 -0.034837823 -0.008354042 0.017535895 0.006250910 0.351040691 0.044280969 0.935291708
1341846100.672445 -0.035687897 -0.008304546 0.017028984 0.005219762 0.356633604 0.045210604 0.933135152
1341846100.704037 -0.034393966 -0.008455861 0.018369431 0.007047056 0.358448446 0.046992499 0.932339370
1341846100.733981 -0.034739591 -0.008401964 0.017989174 0.008681726 0.363302797 0.048302863 0.930377662
1341846100.765776 -0.034503210 -0.008380222 0.017957482 0.007047302 0.368219703 0.047509544 0.928497434
1341846100.798442 -0.034438986 -0.008346912 0.018191338 0.007015225 0.373478323 0.048223663 0.926358044
1341846100.833838 -0.034957007 -0.008416207 0.018014887 0.007610594 0.376932025 0.051626671 0.924769700
1341846100.866041 -0.034980200 -0.008438963 0.017234078 0.006470066 0.375667125 0.055163532 0.925088823
1341846100.897858 -0.034642108 -0.008431696 0.017757494 0.005754762 0.375197053 0.052816171 0.925421298
1341846100.933895 -0.034675036 -0.008570683 0.018050035 0.007276349 0.377236009 0.055553909 0.924420774
1341846100.965736 -0.034516606 -0.008713356 0.017880833 0.007377201 0.372900844 0.062602684 0.925727487
1341846101.001817 -0.034448747 -0.008644544 0.018371912 0.007499869 0.373039842 0.057852004 0.925979555
1341846101.033901 -0.032960616 -0.009113574 0.019869974 0.007990936 0.372651458 0.061012849 0.925928950
1341846101.065947 -0.034523528 -0.008690690 0.017865546 0.006936366 0.367735922 0.065016992 0.927628696
1341846101.102829 -0.034572717 -0.008394097 0.018302687 0.006493769 0.367285877 0.057932250 0.928279459
1341846101.134613 -0.034483880 -0.008487243 0.018182905 0.006553015 0.364305198 0.063810766 0.929067791
1341846101.169743 -0.034967478 -0.008596125 0.017448010 0.002337594 0.358586073 0.060836278 0.931509256
1341846101.202171 -0.034809813 -0.008586898 0.017807240 0.001216565 0.355634034 0.055819958 0.932956100
1341846101.234098 -0.035095926 -0.008719289 0.017497445 0.000224496 0.352757514 0.055008914 0.934096396
1341846101.269940 -0.035165261 -0.008837868 0.017494196 -0.001983429 0.346429914 0.055250678 0.936445236
1341846101.301837 -0.037393179 -0.008570361 0.018739058 -0.002296722 0.343045175 0.052829299 0.937829316
1341846101.333884 -0.035125218 -0.008713310 0.017376438 -0.003532665 0.338001341 0.051487703 0.939729571
1341846101.369943 -0.037314661 -0.008783929 0.018870106 -0.005190925 0.333521426 0.052137438 0.941285431
1341846101.402755 -0.037312839 -0.008842056 0.018793384 -0.006219834 0.327483594 0.052480418 0.943377793
1341846101.437821 -0.035166748 -0.008869264 0.017420840 -0.007871102 0.321024686 0.048972096 0.945771098
1341846101.469768 -0.035709932 -0.008678020 0.016930219 -0.008426353 0.314819932 0.050884981 0.947748959
1341846101.501812 -0.035363674 -0.008679801 0.017036092 -0.008752224 0.308327734 0.049015470 0.949976265
1341846101.537892 -0.036987681 -0.008791579 0.019239172 -0.007847563 0.305539966 0.049281113 0.950870752
1341846101.569873 -0.037295938 -0.008742645 0.018731028 -0.008131387 0.301064432 0.049856510 0.952264905
1341846101.601955 -0.035401382 -0.008722897 0.016764220 -0.011134220 0.291159302 0.048312642 0.955389023
1341846101.637841 -0.035882894 -0.008735898 0.016497912 -0.013493468 0.285596520 0.046510536 0.957125545
1341846101.670644 -0.035654720 -0.008713508 0.016645150 -0.013257064 0.279561907 0.046559259 0.958906472
1341846101.705786 -0.035051845 -0.008605022 0.017203348 -0.011415767 0.270630628 0.051118560 0.961257339
1341846101.738127 -0.035803188 -0.008383803 0.016298193 -0.010017984 0.266000509 0.050022360 0.962621987
1341846101.769786 -0.036690004 -0.009019440 0.016143885 -0.008356073 0.260983169 0.054990768 0.963739574
1341846101.805816 -0.036123071 -0.008741574 0.016196178 -0.007702557 0.253267139 0.055965133 0.965745509
1341846101.837808 -0.035883036 -0.008708561 0.016602566 -0.007771193 0.250045329 0.052880723 0.966757774
1341846101.869834 -0.037276138 -0.008928059 0.018424289 -0.006625143 0.246023983 0.058479182 0.967475295
1341846101.905918 -0.036407102 -0.008362609 0.015634352 -0.007942094 0.238065988 0.056358621 0.969579935
1341846101.937872 -0.037555166 -0.008651164 0.018096557 -0.008205345 0.232447401 0.057577994 0.970868528
1341846101.973942 -0.036223967 -0.008369325 0.015718279 -0.006864807 0.225857571 0.057112157 0.972460508
1341846102.005947 -0.039359666 -0.007672665 0.012162643 -0.005241002 0.216374800 0.060628954 0.974411905
1341846102.037846 -0.036473487 -0.008332257 0.015249615 -0.004720508 0.204452038 0.063988186 0.976771533
1341846102.073879 -0.036924824 -0.008277510 0.015219359 -0.002211252 0.198613748 0.063564628 0.978011847
1341846102.105961 -0.037505474 -0.008377688 0.014264742 -0.004276295 0.184887946 0.064135484 0.980655253
1341846102.137878 -0.037191007 -0.008276176 0.014366145 -0.007592756 0.175945267 0.063571975 0.982315719
1341846102.173907 -0.037067175 -0.008122041 0.014600647 -0.009051315 0.170504645 0.061930925 0.983367085
1341846102.205896 -0.039718658 -0.009171000 0.010588421 -0.012533376 0.161251351 0.058153838 0.985118806
1341846102.242018 -0.043548170 -0.009587915 0.006638787 -0.016209912 0.150019929 0.058785405 0.986800671
1341846102.274144 -0.041208606 -0.009401255 0.008804427 -0.016932344 0.137116298 0.059559718 0.988617718
1341846102.305875 -0.044272281 -0.009640194 0.005669364 -0.018181225 0.128107533 0.055477943 0.990040481
1341846102.341821 -0.043982793 -0.009589944 0.005984784 -0.020666126 0.113295391 0.053871009 0.991884589
1341846102.374024 -0.045179166 -0.009863616 0.004297222 -0.022009695 0.101261571 0.052503984 0.993229568
1341846102.409984 -0.044762224 -0.009714180 0.004776119 -0.019495212 0.092879839 0.048872977 0.994286001
1341846102.441952 -0.048003439 -0.010742751 0.003219740 -0.020078670 0.082744919 0.048196834 0.995202065
1341846102.473881 -0.046916138 -0.015739653 -0.001949180 -0.025246359 0.070912905 0.046990428 0.996055126
1341846102.509959 -0.043775592 -0.014745531 0.000457648 -0.021859525 0.066198520 0.045169156 0.996543825
1341846102.541996 -0.043616351 -0.016338939 -0.000912188 -0.020711018 0.063786089 0.045558192 0.996707976
1341846102.574361 -0.041989472 -0.014525515 -0.004934097 -0.023780290 0.055492170 0.041770745 0.997301519
1341846102.610654 -0.040725484 -0.015455627 -0.003847674 -0.023905827 0.049253907 0.048415240 0.997325718
1341846102.642222 -0.012032935 -0.013339629 -0.007199307 -0.019750403 0.031341504 0.049230188 0.998100162
1341846102.677806 -0.011290207 -0.011496615 -0.009724397 -0.018122440 0.023434468 0.049182966 0.998350322
1341846102.709968 -0.000241928 -0.006434076 -0.011973206 -0.017791610 0.003189043 0.049465299 0.998612285
1341846102.741857 0.004759402 -0.010171581 -0.012324980 -0.019521968 -0.006599809 0.053727865 0.998342931
1341846102.777720 0.005980103 -0.013777704 -0.017924588 -0.023360079 -0.014876422 0.055721018 0.998062193
1341846102.809783 -0.008810653 -0.013785156 -0.011332296 -0.023528492 -0.015234451 0.059262197 0.997848868
1341846102.841828 -0.010088881 -0.012020992 -0.013564002 -0.016799236 -0.022473168 0.064489290 0.997523844
1341846102.877813 -0.009211681 -0.017129850 -0.015504576 -0.018439963 -0.025702067 0.066416539 0.997290432
1341846102.909875 -0.004844000 -0.017355055 -0.014123330 -0.021462198 -0.032503586 0.067453362 0.996961832
1341846102.945843 0.000454636 -0.012815625 -0.015268486 -0.019604791 -0.045531951 0.066370927 0.996562779
1341846102.977815 -0.004240632 -0.011533944 -0.015077281 -0.017319666 -0.051312745 0.068768099 0.996161640
1341846103.009867 0.001851536 -0.018174190 -0.018964699 -0.024954554 -0.064234853 0.072366543 0.994994581
1341846103.045829 -0.002501641 -0.016966134 -0.021772521 -0.028047685 -0.074304283 0.073769808 0.994107723
1341846103.077786 -0.000770568 -0.012416928 -0.021149343 -0.025721272 -0.087598436 0.074833967 0.993007958
1341846103.110039 0.000544476 -0.013202838 -0.020272778 -0.024594456 -0.100455828 0.078993820 0.991495669
1341846103.145830 0.001993512 -0.009894495 -0.019720400 -0.022310859 -0.112134434 0.081703037 0.990077138
1341846103.177933 0.002638057 -0.012684507 -0.018224584 -0.023037206 -0.122354731 0.080668204 0.988934398
1341846103.213980 0.001560964 -0.014817560 -0.019092767 -0.021885509 -0.128041983 0.076712392 0.988555253
1341846103.246103 0.007862004 -0.013346482 -0.020220108 -0.019976940 -0.146593645 0.075218067 0.986130536
1341846103.277869 0.000367199 -0.017885780 -0.021838766 -0.023239706 -0.154037058 0.071897462 0.985171676
1341846103.314495 0.003235048 -0.017136380 -0.022295587 -0.023283245 -0.161065891 0.064160474 0.984580696
1341846103.345951 0.013222239 -0.013926154 -0.012939035 -0.021714229 -0.181569174 0.058600459 0.981390417
1341846103.382135 0.019645417 -0.006384720 -0.025084900 -0.022101859 -0.206095889 0.060789019 0.976391673
1341846103.413791 0.011562956 -0.014715850 -0.014751934 -0.025712406 -0.214860216 0.055144828 0.974747658
1341846103.445861 0.020294016 -0.002960631 -0.027743941 -0.020724837 -0.227025107 0.050491728 0.972358286
1341846103.482382 0.011543754 -0.017589148 -0.011733411 -0.027546488 -0.244222790 0.061188366 0.967394650
1341846103.513968 0.010132750 -0.006510464 -0.027074106 -0.028306667 -0.264762223 0.063481688 0.961805463
1341846103.545990 0.015222572 -0.010748061 -0.014527831 -0.026397340 -0.276291847 0.062487934 0.958676815
1341846103.582021 0.013272074 -0.012962958 -0.006749252 -0.024807664 -0.286071092 0.069647796 0.955351830
1341846103.614121 0.036277354 -0.007485033 -0.025562283 -0.025760034 -0.305936784 0.058611739 0.949896693
1341846103.650229 0.022917129 -0.001642726 -0.015050443 -0.020674108 -0.318320870 0.067357227 0.945361018
1341846103.681746 0.024551637 -0.010375599 -0.010428007 -0.020474132 -0.330254108 0.072906815 0.940849483
1341846103.714025 0.035853673 -0.010546230 -0.030558206 -0.025918217 -0.343641520 0.078104116 0.935488403
1341846103.749741 0.038267069 0.001417725 -0.034097269 -0.025393106 -0.359970570 0.078245334 0.929329932
1341846103.781715 0.031488448 0.000952569 -0.027666252 -0.023143144 -0.367258579 0.082418658 0.926171005
1341846103.813998 0.038456641 -0.001390375 -0.030456640 -0.023296874 -0.378686786 0.089337796 0.920908451
1341846103.849900 0.041471031 -0.002936412 -0.014315963 -0.025986424 -0.396203935 0.089525782 0.913417935
1341846103.883046 0.018085388 -0.005625517 -0.024237039 -0.028998556 -0.404940367 0.103525944 0.908000410
1341846103.917830 0.006687176 -0.013333720 -0.012374144 -0.030942949 -0.410353154 0.101992004 0.905676782
1341846103.949988 0.011218646 -0.011009806 -0.020948261 -0.031921335 -0.420888305 0.114274964 0.899319351
1341846103.981996 0.023117004 -0.008075772 -0.044420931 -0.034392819 -0.434984356 0.115470394 0.892340958
1341846103.981996 0.023117004 -0.008075772 -0.044420931 -0.034392819 -0.434984356 0.115470394 0.892340958
1341846103.981996 0.023117004 -0.008075772 -0.044420931 -0.034392819 -0.434984356 0.115470394 0.892340958
1341846103.981996 0.023117004 -0.008075772 -0.044420931 -0.034392819 -0.434984356 0.115470394 0.892340958
1341846103.981996 0.023117004 -0.008075772 -0.044420931 -0.034392819 -0.434984356 0.115470394 0.892340958
1341846103.981996 0.023117004 -0.008075772 -0.044420931 -0.034392819 -0.434984356 0.115470394 0.892340958
1341846103.981996 0.023117004 -0.008075772 -0.044420931 -0.034392819 -0.434984356 0.115470394 0.892340958
1341846103.981996 0.023117004 -0.008075772 -0.044420931 -0.034392819 -0.434984356 0.115470394 0.892340958
1341846103.981996 0.023117004 -0.008075772 -0.044420931 -0.034392819 -0.434984356 0.115470394 0.892340958
1341846103.981996 0.023117004 -0.008075772 -0.044420931 -0.034392819 -0.434984356 0.115470394 0.892340958
1341846103.981996 0.023117004 -0.008075772 -0.044420931 -0.034392819 -0.434984356 0.115470394 0.892340958
1341846103.981996 0.023117004 -0.008075772 -0.044420931 -0.034392819 -0.434984356 0.115470394 0.892340958
1341846103.981996 0.023117004 -0.008075772 -0.044420931 -0.034392819 -0.434984356 0.115470394 0.892340958
1341846103.981996 0.023117004 -0.008075772 -0.044420931 -0.034392819 -0.434984356 0.115470394 0.892340958
1341846103.981996 0.023117004 -0.008075772 -0.044420931 -0.034392819 -0.434984356 0.115470394 0.892340958
1341846103.981996 0.023117004 -0.008075772 -0.044420931 -0.034392819 -0.434984356 0.115470394 0.892340958
1341846103.981996 0.023117004 -0.008075772 -0.044420931 -0.034392819 -0.434984356 0.115470394 0.892340958
1341846103.981996 0.023117004 -0.008075772 -0.044420931 -0.034392819 -0.434984356 0.115470394 0.892340958
1341846103.981996 0.023117004 -0.008075772 -0.044420931 -0.034392819 -0.434984356 0.115470394 0.892340958
1341846103.981996 0.023117004 -0.008075772 -0.044420931 -0.034392819 -0.434984356 0.115470394 0.892340958
1341846103.981996 0.023117004 -0.008075772 -0.044420931 -0.034392819 -0.434984356 0.115470394 0.892340958
1341846103.981996 0.023117004 -0.008075772 -0.044420931 -0.034392819 -0.434984356 0.115470394 0.892340958
1341846103.981996 0.023117004 -0.008075772 -0.044420931 -0.034392819 -0.434984356 0.115470394 0.892340958
1341846103.981996 0.023117004 -0.008075772 -0.044420931 -0.034392819 -0.434984356 0.115470394 0.892340958
1341846103.981996 0.023117004 -0.008075772 -0.044420931 -0.034392819 -0.434984356 0.115470394 0.892340958
1341846103.981996 0.023117004 -0.008075772 -0.044420931 -0.034392819 -0.434984356 0.115470394 0.892340958
1341846103.981996 0.023117004 -0.008075772 -0.044420931 -0.034392819 -0.434984356 0.115470394 0.892340958
1341846103.981996 0.023117004 -0.008075772 -0.044420931 -0.034392819 -0.434984356 0.115470394 0.892340958
1341846103.981996 0.023117004 -0.008075772 -0.044420931 -0.034392819 -0.434984356 0.115470394 0.892340958
1341846103.981996 0.023117004 -0.008075772 -0.044420931 -0.034392819 -0.434984356 0.115470394 0.892340958
1341846103.981996 0.023117004 -0.008075772 -0.044420931 -0.034392819 -0.434984356 0.115470394 0.892340958
1341846103.981996 0.023117004 -0.008075772 -0.044420931 -0.034392819 -0.434984356 0.115470394 0.892340958
1341846103.981996 0.023117004 -0.008075772 -0.044420931 -0.034392819 -0.434984356 0.115470394 0.892340958
1341846103.981996 0.023117004 -0.008075772 -0.044420931 -0.034392819 -0.434984356 0.115470394 0.892340958
1341846103.981996 0.023117004 -0.008075772 -0.044420931 -0.034392819 -0.434984356 0.115470394 0.892340958
1341846103.981996 0.023117004 -0.008075772 -0.044420931 -0.034392819 -0.434984356 0.115470394 0.892340958
1341846103.981996 0.023117004 -0.008075772 -0.044420931 -0.034392819 -0.434984356 0.115470394 0.892340958
1341846103.981996 0.023117004 -0.008075772 -0.044420931 -0.034392819 -0.434984356 0.115470394 0.892340958
1341846103.981996 0.023117004 -0.008075772 -0.044420931 -0.034392819 -0.434984356 0.115470394 0.892340958
1341846103.981996 0.023117004 -0.008075772 -0.044420931 -0.034392819 -0.434984356 0.115470394 0.892340958
1341846105.321831 0.001975912 -0.010487697 -0.020837253 -0.029076260 -0.269350708 0.088087678 0.958564222
1341846105.321831 0.001975912 -0.010487697 -0.020837253 -0.029076260 -0.269350708 0.088087678 0.958564222
1341846105.321831 0.001975912 -0.010487697 -0.020837253 -0.029076260 -0.269350708 0.088087678 0.958564222
1341846105.321831 0.001975912 -0.010487697 -0.020837253 -0.029076260 -0.269350708 0.088087678 0.958564222
1341846105.457863 -0.008562264 -0.008081947 -0.021331297 -0.026420258 -0.226377413 0.093256466 0.969205081
1341846105.457863 -0.008562264 -0.008081947 -0.021331297 -0.026420258 -0.226377413 0.093256466 0.969205081
1341846105.525969 -0.017129004 -0.011688453 -0.022801727 -0.025614288 -0.197201788 0.093240328 0.975582719
1341846105.525969 -0.017129004 -0.011688453 -0.022801727 -0.025614288 -0.197201788 0.093240328 0.975582719
1341846105.594012 -0.013727386 -0.010424899 -0.026159063 -0.025135349 -0.175032452 0.090522632 0.980070174
1341846105.626122 -0.025318626 -0.008871029 -0.018706938 -0.021644713 -0.158858523 0.097889900 0.982198060
1341846105.657815 -0.020762673 -0.012890712 -0.024420647 -0.021664739 -0.147804216 0.093513779 0.984347343
1341846105.693879 -0.025362466 -0.014069759 -0.022749329 -0.022169324 -0.133281037 0.093461365 0.986412525
1341846105.726045 -0.017177617 -0.011325097 -0.016843356 -0.018875998 -0.125851497 0.092940658 0.987505496
1341846105.758468 -0.022564549 -0.013119115 -0.019586429 -0.017957453 -0.115027860 0.092598967 0.988873899
1341846105.793970 -0.035592508 -0.020243790 -0.011585469 -0.020027345 -0.097475529 0.092813201 0.990698278
1341846105.825903 -0.036619496 -0.018815801 -0.008732960 -0.018700091 -0.083780617 0.091611542 0.992087901
1341846105.861764 -0.036923625 -0.018814249 -0.010626545 -0.016899133 -0.073507138 0.091384038 0.992955208
1341846105.893922 -0.039223500 -0.015874183 -0.014391622 -0.015097544 -0.057024337 0.090193212 0.994175792
1341846105.925960 -0.037288435 -0.018359540 -0.010436341 -0.012969190 -0.043858197 0.089707159 0.994917512
1341846105.963745 -0.032831129 -0.015446623 -0.014705818 -0.010980172 -0.036435563 0.093913570 0.994852841
1341846105.993895 -0.033142347 -0.014328398 -0.017921619 -0.014452517 -0.027792554 0.088420473 0.995590508
1341846106.025952 -0.032251999 -0.015460105 -0.017034465 -0.018492965 -0.019485086 0.078425355 0.996558011
1341846106.061758 -0.023597714 -0.010703132 -0.017445385 -0.016470682 -0.018509582 0.071604818 0.997125328
1341846106.093961 -0.025983214 -0.011926034 -0.016605807 -0.017461155 -0.017014040 0.069124661 0.997310102
1341846106.130133 -0.033949070 -0.011632990 -0.014370433 -0.016980242 -0.008123297 0.065373696 0.997683287
1341846106.161819 -0.029757444 -0.014362331 -0.013171825 -0.018278170 -0.002470593 0.061590869 0.997931063
1341846106.193968 -0.027781017 -0.011943023 -0.016112557 -0.017996714 -0.000817211 0.061621927 0.997936964
1341846106.229889 -0.032248348 -0.014231303 -0.015744537 -0.019122902 0.004423953 0.063713215 0.997775197
1341846106.261942 -0.034700185 -0.017631695 -0.015781196 -0.022317499 0.013615141 0.063952714 0.997610450
1341846106.293939 -0.027376585 -0.015419031 -0.016702844 -0.023475407 0.015296427 0.061121192 0.997736990
1341846106.329961 -0.027641339 -0.018354183 -0.018645076 -0.026665792 0.014907967 0.058223579 0.997835994
1341846106.361877 -0.027266294 -0.019662125 -0.015895372 -0.031091208 0.013889122 0.046713620 0.998327732
1341846106.398046 -0.029789433 -0.021268237 -0.017419437 -0.037575170 0.012473363 0.034801316 0.998609722
1341846106.429938 -0.023321798 -0.021463357 -0.014697200 -0.042081852 0.004830837 0.022285026 0.998853922
1341846106.461886 -0.025630752 -0.020268170 -0.017287109 -0.046252783 -0.001496942 0.009771651 0.998880863
1341846106.497910 -0.033324257 -0.019355526 -0.019442307 -0.050529797 -0.000623921 0.000900098 0.998721957
1341846106.529979 -0.027932150 -0.015357640 -0.019095190 -0.048120368 -0.000926659 -0.009113172 0.998799503
1341846106.561925 -0.026975468 -0.020578926 -0.017058156 -0.049148846 -0.004164851 -0.019094234 0.998600245
1341846106.597815 -0.031029357 -0.022299377 -0.018234402 -0.053161863 -0.003337013 -0.037378572 0.997880518
1341846106.632234 -0.034126777 -0.020731093 -0.018111050 -0.055777121 -0.000818658 -0.057717320 0.996773303
1341846106.665869 -0.030829396 -0.021005007 -0.017345032 -0.056738205 -0.001959014 -0.074814081 0.995580137
1341846106.697883 -0.031201400 -0.020918787 -0.016327469 -0.057431057 -0.003513247 -0.087534927 0.994498372
1341846106.729896 -0.030648485 -0.021288324 -0.014938560 -0.058647480 -0.002474514 -0.104326174 0.992809355
1341846106.766032 -0.030560672 -0.019231759 -0.013840524 -0.057986651 -0.001036745 -0.119747818 0.991108954
1341846106.797963 -0.031845924 -0.020999754 -0.017180875 -0.059979577 -0.004282464 -0.130616888 0.989607692
1341846106.834113 -0.031274494 -0.022741398 -0.016507670 -0.064448699 -0.009586895 -0.144024104 0.987426698
1341846106.865869 -0.031369008 -0.020890819 -0.015146564 -0.066162333 -0.008924538 -0.157597184 0.985244155
1341846106.897921 -0.031357341 -0.022436358 -0.013608485 -0.066061996 -0.010526973 -0.164100915 0.984172702
1341846106.933929 -0.032198522 -0.020937450 -0.015903503 -0.065337703 -0.011715008 -0.171837613 0.982886314
1341846106.967484 -0.032043170 -0.022217087 -0.018249111 -0.067052938 -0.012670499 -0.182029977 0.980922222
1341846106.999098 -0.031730752 -0.022341939 -0.017848548 -0.069275826 -0.012764835 -0.195621684 0.978146255
1341846107.033909 -0.025049329 -0.024689384 -0.006774415 -0.069635548 -0.018497383 -0.210569754 0.974920034
1341846107.065762 -0.031144707 -0.023012502 -0.015714027 -0.070820123 -0.019631701 -0.223954946 0.971824706
1341846107.101921 -0.030553304 -0.022551045 -0.017462434 -0.073466465 -0.020709127 -0.235851958 0.968786716
1341846107.133974 -0.023098176 -0.020808093 -0.022605669 -0.076369844 -0.028261041 -0.250469148 0.964693785
1341846107.166082 -0.022691149 -0.024191869 -0.020407643 -0.079373263 -0.032265648 -0.264650553 0.960530519
1341846107.202100 -0.021836037 -0.023634680 -0.022607425 -0.081447832 -0.034010250 -0.278333247 0.956420481
1341846107.233799 -0.021077339 -0.025150906 -0.024870636 -0.084444903 -0.038846537 -0.287515730 0.953254819
1341846107.265874 -0.022846421 -0.028004423 -0.019842077 -0.087196417 -0.044078086 -0.297744781 0.949632525
1341846107.301965 -0.021928087 -0.031643838 -0.022847267 -0.088939369 -0.049544193 -0.308660030 0.945708275
1341846107.334002 -0.020867748 -0.027292918 -0.033385798 -0.088915668 -0.055151455 -0.319855660 0.941671193
1341846107.369797 -0.018894352 -0.028788077 -0.035085171 -0.090767242 -0.058957990 -0.333235234 0.936610699
1341846107.401899 -0.019636365 -0.029344914 -0.036889970 -0.090533987 -0.059363328 -0.348584652 0.931003928
1341846107.434304 -0.020664068 -0.029954903 -0.040398572 -0.093509704 -0.063027546 -0.359733880 0.926215410
1341846107.469787 -0.023043321 -0.032020479 -0.048348151 -0.098228157 -0.064987458 -0.364061117 0.923897922
1341846107.502174 -0.021285072 -0.031159203 -0.043139350 -0.099826336 -0.065254107 -0.370017052 0.921338141
1341846107.533946 -0.022241125 -0.031523712 -0.045842528 -0.101772189 -0.065077089 -0.379529238 0.917259514
1341846107.569931 -0.024182433 -0.033465788 -0.052150350 -0.106549494 -0.070031531 -0.384988487 0.914071441
1341846107.601911 -0.024287442 -0.033905510 -0.052626096 -0.108454920 -0.073954612 -0.392337412 0.910406291
1341846107.637876 -0.024515973 -0.033914950 -0.053564325 -0.108456075 -0.074533507 -0.403174639 0.905611515
1341846107.669757 -0.026144853 -0.035423215 -0.059556719 -0.111323982 -0.075587161 -0.416647226 0.899054289
1341846107.701892 -0.026699308 -0.035916049 -0.061140582 -0.114213504 -0.077287361 -0.422636151 0.895745873
1341846107.737797 -0.026973739 -0.036356822 -0.062835038 -0.116743520 -0.080156401 -0.427161604 0.893016696
1341846107.769837 -0.025951108 -0.036254000 -0.060656190 -0.119265176 -0.081052922 -0.433865219 0.889363348
1341846107.805959 -0.026952170 -0.036507811 -0.063707232 -0.120682105 -0.081697442 -0.442918032 0.884638309
1341846107.837955 -0.029030412 -0.038644578 -0.068820782 -0.125618324 -0.081586801 -0.453872561 0.878386796
1341846107.870011 -0.028305732 -0.037258513 -0.065352686 -0.130860850 -0.078581594 -0.469921470 0.869410217
1341846107.905926 -0.030843372 -0.038709186 -0.069960497 -0.132205635 -0.075373963 -0.483890742 0.861794770
1341846107.938092 -0.026782569 -0.028586030 -0.079238676 -0.129665449 -0.070601024 -0.501302421 0.852583289
1341846107.969943 -0.028835163 -0.034778614 -0.085054532 -0.140977532 -0.064308502 -0.518866062 0.840694785
1341846108.006614 -0.027457286 -0.038048740 -0.082005277 -0.147751287 -0.065148033 -0.525662482 0.835227013
1341846108.037863 -0.028074341 -0.039321251 -0.083117038 -0.156770676 -0.060688313 -0.534224868 0.828458667
1341846108.073927 -0.032151900 -0.029282629 -0.094808966 -0.160105765 -0.055608165 -0.544410467 0.821517587
1341846108.106110 -0.033432916 -0.032191232 -0.096092984 -0.162335023 -0.054859776 -0.550006211 0.817392766
1341846108.137977 -0.034689222 -0.027143851 -0.101114579 -0.163443238 -0.051985592 -0.552742064 0.815512121
1341846108.173901 -0.032169156 -0.026285339 -0.101407655 -0.163631007 -0.053612113 -0.555602491 0.813422680
1341846108.205882 -0.030811334 -0.027380403 -0.099436149 -0.163963631 -0.050499711 -0.560750902 0.810014904
1341846108.237836 -0.033328079 -0.027081205 -0.107951753 -0.167253837 -0.046463761 -0.567176402 0.805095136
1341846108.273872 -0.032424118 -0.029058104 -0.107260771 -0.171212375 -0.046131235 -0.572956145 0.800174713
1341846108.305866 -0.031475775 -0.029894505 -0.104479648 -0.177924350 -0.040821396 -0.584824979 0.790351987
1341846108.341858 -0.035984531 -0.026349045 -0.114208989 -0.179993853 -0.036347028 -0.590643466 0.785761654
1341846108.373928 -0.029337229 -0.028543493 -0.111366875 -0.181861371 -0.037014507 -0.594645858 0.782274067
1341846108.406059 -0.033498399 -0.029703893 -0.111972667 -0.188041478 -0.031812686 -0.597682476 0.778719425
1341846108.441881 -0.041674163 -0.027645957 -0.112182215 -0.190275833 -0.029110439 -0.597894907 0.778119147
1341846108.473918 -0.036532812 -0.028083235 -0.104180388 -0.187695906 -0.028751113 -0.596322596 0.779963434
1341846108.506142 -0.033476729 -0.026953800 -0.103342399 -0.184799224 -0.026282273 -0.594939947 0.781795979
1341846108.541923 -0.034552544 -0.026220432 -0.099862032 -0.185744658 -0.023922002 -0.595693827 0.781073332
1341846108.573967 -0.031388391 -0.029136023 -0.106782399 -0.184348032 -0.020668654 -0.599471152 0.778603196
1341846108.609979 -0.029209465 -0.029090011 -0.096362777 -0.182257712 -0.010769714 -0.604077220 0.775729835
1341846108.641701 -0.040185004 -0.027842900 -0.096087746 -0.182371914 -0.006408819 -0.594719231 0.782948554
1341846108.673868 -0.032907497 -0.028933011 -0.099195972 -0.180851296 -0.006084078 -0.591291428 0.785894513
1341846108.710024 -0.031257257 -0.030121436 -0.086818598 -0.175281703 0.003272803 -0.590809822 0.787533760
1341846108.742835 -0.032776441 -0.029897669 -0.092339218 -0.171557575 0.008581704 -0.591649055 0.787683785
1341846108.773793 -0.029960169 -0.030596498 -0.085493743 -0.168829724 0.013556990 -0.591212988 0.788530231
1341846108.810032 -0.031561259 -0.030411579 -0.082843103 -0.163559914 0.021328110 -0.590483069 0.790014625
1341846108.841885 -0.033161405 -0.029428102 -0.086906053 -0.160595521 0.025864312 -0.590502322 0.790472746
1341846108.877944 -0.033145126 -0.028959928 -0.081408069 -0.159247726 0.026618065 -0.588943243 0.791882277
1341846108.909950 -0.030920949 -0.030333955 -0.077628411 -0.154665127 0.027939092 -0.586681545 0.794419825
1341846108.941882 -0.035167925 -0.022578603 -0.082102433 -0.151087061 0.033927385 -0.585228324 0.795945644
1341846108.977902 -0.035481859 -0.020963840 -0.086120225 -0.152713746 0.033566024 -0.581236184 0.798571467
1341846109.009916 -0.034475114 -0.023970565 -0.076655649 -0.151140049 0.035025451 -0.579685569 0.799934089
1341846109.045986 -0.034760311 -0.019941306 -0.077954791 -0.147770092 0.040125392 -0.576574922 0.802567959
1341846109.077854 -0.034186143 -0.024581561 -0.075629219 -0.149791956 0.039541382 -0.573245227 0.804604769
1341846109.109839 -0.033492636 -0.024773501 -0.073858134 -0.148733795 0.041863918 -0.574487209 0.803797364
1341846109.145865 -0.034192752 -0.026693851 -0.061347030 -0.144847035 0.043894049 -0.570348501 0.807338417
1341846109.178396 -0.029762600 -0.024142513 -0.063375816 -0.138403311 0.041996889 -0.564509869 0.812655807
1341846109.209809 -0.034327716 -0.024953773 -0.057616401 -0.135199204 0.041456785 -0.559798121 0.816473305
1341846109.245810 -0.032594275 -0.021298639 -0.056866515 -0.124383748 0.040216222 -0.552688241 0.823071778
1341846109.277797 -0.038539071 -0.030514067 -0.041447293 -0.116869770 0.035399452 -0.535515130 0.835650623
1341846109.313909 -0.031298049 -0.030126460 -0.036022905 -0.104165494 0.027449006 -0.522929728 0.845541656
1341846109.345968 -0.032918110 -0.028170088 -0.043046653 -0.095283486 0.026145386 -0.513519228 0.852370560
1341846109.377812 -0.029484252 -0.026588364 -0.045788951 -0.088379368 0.022821322 -0.501893997 0.860099256
1341846109.413820 -0.030304609 -0.026165172 -0.050738946 -0.082588024 0.016539481 -0.485376567 0.870238602
1341846109.445954 -0.029277388 -0.026118433 -0.049071606 -0.079331480 0.015010301 -0.474921703 0.876316488
1341846109.490348 -0.029334459 -0.026147213 -0.049428117 -0.080450483 0.017199453 -0.466805339 0.880525231
1341846109.519997 -0.029657509 -0.025644070 -0.047846697 -0.080192424 0.016559720 -0.458483279 0.884922624
1341846109.545959 -0.029078715 -0.025258580 -0.045049217 -0.077178784 0.014560375 -0.448156595 0.890498221
1341846109.581855 -0.028254338 -0.025346929 -0.038677044 -0.074029095 0.013392652 -0.434368521 0.897588074
1341846109.613999 -0.028211612 -0.027420141 -0.032421175 -0.069149308 0.007955273 -0.412149131 0.908453763
1341846109.645963 -0.031216258 -0.028266685 -0.027026290 -0.063486956 0.000018341 -0.386434823 0.920129061
1341846109.681808 -0.034622137 -0.028112270 -0.021406736 -0.057410542 -0.002991016 -0.365148038 0.929172754
1341846109.713847 -0.033893928 -0.023950184 -0.025861375 -0.053398732 -0.005171737 -0.350178629 0.935145319
1341846109.745831 -0.028415231 -0.022654183 -0.023540935 -0.050792117 -0.008190443 -0.339336723 0.939256966
1341846109.781814 -0.029090999 -0.022554476 -0.023997262 -0.049929973 -0.008263431 -0.325868666 0.944059491
1341846109.813956 -0.028836537 -0.021808162 -0.022394517 -0.048503812 -0.007184814 -0.315387696 0.947695315
1341846109.850256 -0.027526351 -0.021576092 -0.018572345 -0.046127081 -0.008639650 -0.305801749 0.950937927
1341846109.881767 -0.026888918 -0.022874644 -0.018232329 -0.043840140 -0.011505420 -0.296673834 0.953902662
1341846109.913863 -0.026390413 -0.022988373 -0.018994605 -0.040745426 -0.013301970 -0.291430742 0.955631196
1341846109.949976 -0.026404472 -0.023185326 -0.019892089 -0.040777411 -0.013939263 -0.289702356 0.956146121
1341846109.981998 -0.026078492 -0.022548510 -0.016889421 -0.039177019 -0.014349969 -0.289807707 0.956175029
1341846110.017884 -0.029778194 -0.022378186 -0.019071216 -0.037069976 -0.013904333 -0.285793692 0.957472980
1341846110.049982 -0.029361976 -0.021017075 -0.017513629 -0.033674531 -0.014082766 -0.281257957 0.958937824
1341846110.082565 -0.030337570 -0.021522049 -0.016687853 -0.029840374 -0.013275359 -0.275223523 0.960825384
1341846110.117943 -0.030924724 -0.021427443 -0.018951956 -0.027470404 -0.014807678 -0.268003881 0.962912321
1341846110.150254 -0.030432569 -0.021532115 -0.018069509 -0.026722448 -0.016074633 -0.260115713 0.965073764
1341846110.181980 -0.030540746 -0.021168817 -0.017446334 -0.024747882 -0.015195228 -0.251065880 0.967534304
1341846110.217907 -0.030710533 -0.021574546 -0.018628554 -0.024906166 -0.016579332 -0.243255228 0.969500780
1341846110.249883 -0.028987022 -0.020963401 -0.018568972 -0.025200658 -0.019013181 -0.234982431 0.971486866
1341846110.286020 -0.026372869 -0.017907213 -0.014542211 -0.021569498 -0.020906355 -0.225312710 0.973823309
1341846110.356025 -0.029643754 -0.019999044 -0.020181462 -0.022424597 -0.020239819 -0.203080401 0.978695989
1341846110.386335 -0.028243281 -0.019321201 -0.018651752 -0.024038468 -0.021430217 -0.197584674 0.979756713
1341846110.417989 -0.028654151 -0.019019209 -0.017930606 -0.022502484 -0.020640956 -0.191499531 0.981017649
1341846110.449878 -0.028773172 -0.019506298 -0.018596185 -0.021756370 -0.022103298 -0.185580462 0.982139468
1341846110.485899 -0.029007779 -0.019974284 -0.020128442 -0.021538157 -0.023661748 -0.181268334 0.982913017
1341846110.517949 -0.029048724 -0.019827703 -0.020070661 -0.021634527 -0.023689557 -0.180332541 0.983082354
1341846110.554149 -0.029143332 -0.019716637 -0.018921077 -0.021862365 -0.024784090 -0.177123353 0.983633637
1341846110.585896 -0.028487138 -0.019545324 -0.019230423 -0.021567548 -0.028152645 -0.173168525 0.984253466
1341846110.617933 -0.029115781 -0.019672552 -0.021228524 -0.023022626 -0.029091347 -0.169410795 0.984847009
1341846110.653885 -0.025558066 -0.015572502 -0.021790849 -0.022655491 -0.030830577 -0.163526148 0.985796809
1341846110.686533 -0.023919603 -0.014856595 -0.020653125 -0.021208799 -0.033919476 -0.153595358 0.987323701
1341846110.717831 -0.027595824 -0.013720278 -0.025778705 -0.020863062 -0.031740557 -0.143590137 0.988908052
1341846110.753826 -0.028176472 -0.015037899 -0.021828599 -0.022635614 -0.028062103 -0.129874215 0.990874767
1341846110.785789 -0.027924074 -0.013247871 -0.021656955 -0.021290632 -0.026490388 -0.118027449 0.992428601
1341846110.821828 -0.027838925 -0.014302578 -0.022493739 -0.020918297 -0.025697660 -0.106539682 0.993756175
1341846110.853855 -0.029412499 -0.013753812 -0.021688217 -0.021251369 -0.023090929 -0.094846442 0.994997144
1341846110.885864 -0.027797094 -0.012017794 -0.020190826 -0.019371338 -0.021143563 -0.085577272 0.995918751
1341846110.921999 -0.027141647 -0.013078708 -0.022264598 -0.018934133 -0.021129936 -0.078002878 0.996549368
1341846110.953861 -0.027941877 -0.012807770 -0.024431249 -0.019569268 -0.020320807 -0.071515240 0.997040451
1341846110.985986 -0.026878074 -0.011654600 -0.022305233 -0.018547768 -0.017850997 -0.068284929 0.997333705
1341846111.021940 -0.026849810 -0.012774789 -0.023125483 -0.020046093 -0.017250728 -0.065651901 0.997492075
1341846111.053945 -0.028129494 -0.015045728 -0.022620149 -0.024921164 -0.017641118 -0.062592909 0.997572005
1341846111.089856 -0.027755447 -0.011743258 -0.023178173 -0.024951560 -0.018634392 -0.058955416 0.997774780
1341846111.121811 -0.026501939 -0.012069340 -0.021412304 -0.026109032 -0.020917099 -0.051884834 0.998092592
1341846111.153919 -0.024575971 -0.008327385 -0.020135449 -0.024050437 -0.024574334 -0.044599947 0.998413026
1341846111.189911 -0.026648473 -0.011577849 -0.021062506 -0.024732592 -0.026008347 -0.037008919 0.998670220
1341846111.221870 -0.028460344 -0.013626175 -0.024627697 -0.028994631 -0.026293091 -0.028485443 0.998827577
1341846111.258571 -0.028530426 -0.015677396 -0.022829775 -0.033207033 -0.027146896 -0.024181271 0.998787045
1341846111.289825 -0.028940832 -0.015604368 -0.023370733 -0.035402495 -0.027187802 -0.022141654 0.998757839
1341846111.321895 -0.029039944 -0.007531006 -0.023310822 -0.031413302 -0.027143726 -0.018693980 0.998962939
1341846111.357890 -0.026011607 -0.009896704 -0.023098975 -0.031293150 -0.028840307 -0.014007882 0.998995841
1341846111.390567 -0.026114712 -0.008029276 -0.022252295 -0.031899307 -0.030765507 -0.008894886 0.998977840
1341846111.421924 -0.031948317 -0.008232847 -0.023389881 -0.031006208 -0.027826359 -0.004682268 0.999120831
1341846111.457975 -0.028569646 -0.011921694 -0.023600942 -0.032651816 -0.028060373 0.000735173 0.999072552
1341846111.490354 -0.028790850 -0.008899485 -0.023204293 -0.032312807 -0.029327348 0.008988613 0.999006987
1341846111.525824 -0.030043546 -0.005916483 -0.022218423 -0.029073991 -0.030164443 0.018564893 0.998949528
1341846111.557829 -0.029214822 -0.009040329 -0.022557972 -0.029783301 -0.029326279 0.028192494 0.998728275
1341846111.589761 -0.029263902 -0.011131465 -0.023388429 -0.032853484 -0.030524921 0.038704038 0.998243868
1341846111.625966 -0.033961676 -0.009801508 -0.023470374 -0.033385415 -0.028736252 0.051638853 0.997693896
1341846111.658029 -0.034302820 -0.009981227 -0.020990202 -0.033181809 -0.026076684 0.065081872 0.996987104
1341846111.689871 -0.033417042 -0.010841315 -0.021498615 -0.033224002 -0.024927927 0.076809764 0.996180236
1341846111.725851 -0.033264972 -0.010470704 -0.020512277 -0.034285128 -0.024223004 0.088381805 0.995201707
1341846111.757957 -0.036453616 -0.008214165 -0.021146478 -0.033544403 -0.020877283 0.101115569 0.994089782
1341846111.793921 -0.033342723 -0.008522817 -0.018592183 -0.032919344 -0.020002805 0.112294063 0.992928147
1341846111.825999 -0.033520028 -0.009116913 -0.018102637 -0.033320252 -0.020315442 0.123847745 0.991533518
1341846111.857852 -0.033108756 -0.008547028 -0.018146550 -0.032299079 -0.021333901 0.134556860 0.990149558
1341846111.893939 -0.032602515 -0.007957851 -0.019450163 -0.029684924 -0.020385807 0.139744624 0.989532530
1341846111.925817 -0.033681877 -0.008701423 -0.019489780 -0.030753665 -0.021743881 0.147590607 0.988331139
1341846111.957857 -0.033740368 -0.008893703 -0.019054644 -0.029334318 -0.026002683 0.155572578 0.987046361
1341846111.993917 -0.033478092 -0.008770685 -0.019053124 -0.026547905 -0.026858119 0.161132082 0.986210048
1341846112.025975 -0.033767283 -0.008709886 -0.019486491 -0.026509428 -0.027434498 0.169046879 0.984869421
1341846112.061964 -0.032931004 -0.008765486 -0.017366491 -0.025022538 -0.028690439 0.180088460 0.982913494
1341846112.094004 -0.033141922 -0.007729556 -0.014354304 -0.021862496 -0.028275501 0.191701904 0.980802178
1341846112.125857 -0.035961267 -0.002614765 -0.014433338 -0.017184371 -0.026976362 0.204974949 0.978244483
1341846112.161882 -0.036010612 0.001575722 -0.015327576 -0.011654560 -0.028279040 0.218105629 0.975445747
1341846112.193903 -0.035803713 0.001686351 -0.013713124 -0.006671743 -0.028901881 0.232211262 0.972213030
1341846112.230507 -0.035658102 0.001111421 -0.012444650 -0.002663159 -0.030501982 0.244938254 0.969055116
1341846112.261848 -0.040078569 0.000529696 -0.011344219 0.000211173 -0.027322210 0.252688169 0.967161894
1341846112.293912 -0.038160205 0.007478944 -0.010193000 0.004277933 -0.027886072 0.261361361 0.964828610
1341846112.329892 -0.042524863 0.009135211 -0.008460952 0.011702615 -0.027020978 0.274064332 0.961260498
1341846112.361751 -0.037770003 0.003960466 -0.007706240 0.014127663 -0.027390696 0.283356428 0.958519340
1341846112.393853 -0.041160155 0.001118625 -0.007571917 0.015575703 -0.024033375 0.289452642 0.956763744
1341846112.429940 -0.042396687 0.002690579 -0.007911440 0.018325124 -0.022108687 0.295086980 0.955038786
1341846112.461839 -0.043173965 0.004748998 -0.005543854 0.022597922 -0.021890564 0.302408934 0.952658892
1341846112.498139 -0.041409470 0.000941335 -0.006760416 0.022560716 -0.021728538 0.307898879 0.950903296
1341846112.530069 -0.040225614 0.002207190 -0.010115139 0.022594899 -0.022076214 0.311987609 0.949560881
1341846112.562160 -0.040585570 0.003757914 -0.011056861 0.022314334 -0.023850629 0.317072064 0.947838843
1341846112.597968 -0.038390882 0.004441195 -0.009869413 0.022745624 -0.027275262 0.326849282 0.944408953
1341846112.630702 -0.039147217 0.004851209 -0.008337335 0.024775196 -0.028002800 0.335048288 0.941458821
1341846112.661861 -0.039107315 0.003167970 -0.009158123 0.022416942 -0.027527530 0.341813475 0.939097047
1341846112.698170 -0.041106854 0.003243924 -0.008772666 0.019425821 -0.026450852 0.351608098 0.935571849
1341846112.729995 -0.044409569 0.002915841 -0.005162273 0.020039696 -0.025529414 0.364092439 0.930797160
1341846112.765875 -0.049589720 0.001713970 -0.004976575 0.021056963 -0.020620024 0.375076473 0.926525295
1341846112.798043 -0.058694627 -0.001822042 0.002368582 0.022900112 -0.009418227 0.385109782 0.922538519
1341846112.829969 -0.051026694 -0.002612554 0.002652167 0.023578536 -0.004250371 0.394533515 0.918569148
1341846112.865900 -0.043544147 0.001808824 -0.003651035 0.022640385 -0.005570901 0.403359741 0.914744377
1341846112.897929 -0.049107268 0.001500406 -0.004938285 0.022468351 -0.001337457 0.411834538 0.910980642
1341846112.935783 -0.048280034 0.001348763 -0.000248882 0.024280833 0.001418856 0.418945521 0.907685518
1341846112.965965 -0.045188479 0.003616074 -0.004861491 0.024083009 0.001849954 0.426383615 0.904219866
1341846112.998277 -0.047353733 0.003179477 -0.003608061 0.023917278 0.001792762 0.435624063 0.899809122
1341846113.033814 -0.049255893 -0.000412985 0.000664924 0.024558477 0.005346252 0.442824244 0.896256089
1341846113.072059 -0.049503278 -0.001579753 -0.001852049 0.023653593 0.010754364 0.449102789 0.893102229
1341846113.139948 -0.048011258 -0.001428051 0.001298440 0.025436632 0.014384395 0.465592235 0.884516776
1341846113.165863 -0.048021514 -0.001559103 0.000644991 0.026992649 0.019712651 0.474191546 0.879787028
1341846113.198174 -0.051053438 -0.002543811 0.001418552 0.026689129 0.025382951 0.486526221 0.872889221
1341846113.233852 -0.052682891 -0.003031601 0.000565069 0.027159097 0.027945777 0.496113449 0.867382765
1341846113.265850 -0.057745416 -0.006293951 0.006452318 0.028916085 0.034398057 0.502893329 0.863179564
1341846113.301938 -0.055767033 -0.005690733 0.008252467 0.030825419 0.039051704 0.513101816 0.856884658
1341846113.333866 -0.053454738 -0.004684032 0.004635040 0.031058671 0.041806813 0.524327040 0.849922717
1341846113.366028 -0.053855002 -0.003498662 0.004777828 0.031655930 0.042862780 0.535114110 0.843097568
1341846113.401917 -0.055337641 -0.007185337 0.012528313 0.033389188 0.047187984 0.545605838 0.836045921
1341846113.433895 -0.052920733 -0.005124696 0.003249533 0.033560898 0.048368599 0.555219233 0.829617858
1341846113.469984 -0.053668533 -0.005054499 0.004611220 0.034203988 0.048056487 0.564656019 0.823215842
1341846113.501829 -0.056099847 -0.006897606 0.007320646 0.036343217 0.051590975 0.571037471 0.818494797
1341846113.533888 -0.053889450 -0.003734600 0.003601552 0.037280705 0.050618835 0.578006327 0.813607156
1341846113.569800 -0.057346281 -0.004331835 0.003591125 0.038039129 0.049961224 0.588334143 0.806176066
1341846113.601892 -0.057660647 -0.005985785 0.008106059 0.039757770 0.050463010 0.593270361 0.802435756
1341846113.634488 -0.054473203 -0.006019526 0.005569752 0.038095806 0.051222451 0.598750830 0.798387349
1341846113.669776 -0.056492202 -0.005211349 0.006113745 0.037804697 0.051803004 0.609648466 0.790073395
1341846113.701823 -0.059270237 -0.008187792 0.013334355 0.040616162 0.053960323 0.620693684 0.781138897
1341846113.737952 -0.053728234 -0.005259218 0.007664583 0.041722171 0.051893160 0.626329243 0.776709795
1341846113.769790 -0.051621065 -0.003343131 0.003227160 0.039242644 0.049408663 0.631376982 0.772904873
1341846113.801808 -0.058605656 -0.005112970 0.005599482 0.039369963 0.051017847 0.639796615 0.765837789
1341846113.837973 -0.055015042 -0.005457917 0.006291293 0.038748618 0.051542431 0.643937826 0.762355566
1341846113.869842 -0.057249140 -0.004320762 0.008255182 0.039737765 0.051050913 0.651230991 0.756116986
1341846113.901753 -0.060195316 -0.008165812 0.010298804 0.040694024 0.053364243 0.658742726 0.749369264
1341846113.937955 -0.059770215 -0.007707724 0.007845880 0.040844861 0.056117207 0.665967345 0.742744982
1341846113.969840 -0.058831841 -0.006982825 0.002817039 0.038132090 0.055727497 0.672491968 0.737017572
1341846114.005912 -0.057483878 -0.004753442 0.008920875 0.038561277 0.054665297 0.678376317 0.731662691
1341846114.043864 -0.056565609 -0.012474424 0.012956575 0.035260726 0.059886310 0.685685694 0.724572599
1341846114.069860 -0.059942659 -0.009833684 0.006572271 0.035444003 0.061650131 0.695940852 0.714569330
1341846114.106082 -0.058993999 -0.005544040 0.004505707 0.037258763 0.057483263 0.701345682 0.709522128
1341846114.137798 -0.056047503 -0.009865306 0.009341779 0.036092687 0.058040511 0.703140795 0.707758248
1341846114.170101 -0.056481488 -0.006252080 0.003879108 0.035681620 0.059649441 0.706456780 0.704334855
1341846114.205882 -0.057164449 -0.005287490 0.000887784 0.034391388 0.057878543 0.708998859 0.701988578
1341846114.237814 -0.058492802 -0.005711860 0.004850727 0.034869939 0.056218624 0.710075378 0.701011062
1341846114.273904 -0.057928231 -0.008205971 0.006512275 0.034950212 0.055857491 0.713011265 0.698049664
1341846114.305813 -0.057981811 -0.007858040 0.005352851 0.035342138 0.054293286 0.716488123 0.694584668
1341846114.337919 -0.058973085 -0.006723946 0.006762861 0.036852580 0.053697307 0.717789173 0.693207860
1341846114.374059 -0.058192316 -0.007985920 0.007678100 0.036625743 0.053870715 0.719450831 0.691481709
1341846114.406296 -0.059122402 -0.006935628 0.003722706 0.036926996 0.052106053 0.723186135 0.687694073
1341846114.441861 -0.060211051 -0.006036507 0.004715004 0.038980387 0.049592767 0.724195659 0.686703503
1341846114.473886 -0.057300620 -0.007978166 0.006600158 0.038169038 0.048802622 0.724513948 0.686469913
1341846114.506009 -0.057981323 -0.006312763 0.005568729 0.038098652 0.046745885 0.728774309 0.682093382
1341846114.541924 -0.060263943 -0.005751722 0.005213039 0.040183805 0.045030739 0.729956865 0.680823386
1341846114.573824 -0.056520049 -0.006462744 0.004906716 0.039106201 0.045036685 0.725200117 0.685949922
1341846114.605897 -0.053654965 -0.004483328 0.000188922 0.034563415 0.043742433 0.723493040 0.688076913
1341846114.641888 -0.059847150 -0.007920349 0.005284474 0.034671210 0.044123147 0.726000071 0.685401380
1341846114.673974 -0.056108858 -0.008401854 0.006290255 0.035758819 0.044277389 0.724883378 0.686516523
1341846114.709730 -0.052807916 -0.002057969 -0.005033267 0.032735791 0.042346578 0.719177663 0.692761600
1341846114.741795 -0.054889545 -0.004979622 -0.001947196 0.029490745 0.041806880 0.716957629 0.695236921
1341846114.773917 -0.056773525 -0.003164856 -0.000828778 0.030165752 0.041600026 0.711915076 0.700383127
1341846114.810044 -0.058444839 -0.001155813 -0.006439008 0.029763319 0.041913148 0.701416016 0.710895896
1341846114.841856 -0.055580024 0.000472102 -0.010538917 0.025868583 0.039591949 0.688548267 0.723646760
1341846114.873982 -0.055206805 -0.002824394 -0.004860056 0.024678068 0.038875423 0.677959383 0.733655751
1341846114.909807 -0.055042755 -0.005977496 0.002448643 0.028069461 0.040568735 0.667741477 0.742756784
1341846114.941865 -0.059200957 -0.007558495 0.005577124 0.035199802 0.043466657 0.662662089 0.746826947
1341846114.977980 -0.055923413 -0.006081213 0.001877055 0.038926829 0.042905916 0.656983793 0.751675487
1341846115.009784 -0.051357709 -0.004869576 -0.002347363 0.038038183 0.043370299 0.645977259 0.761173785
1341846115.041927 -0.049045257 -0.005927873 -0.004823019 0.034107029 0.044396572 0.637339115 0.768547058
1341846115.077974 -0.049673740 -0.004783064 -0.006695688 0.033082794 0.042169344 0.631755412 0.773312628
1341846115.109710 -0.049777150 -0.003822301 -0.006402615 0.032986194 0.039998684 0.623295605 0.780265749
1341846115.142130 -0.045874435 -0.005364417 -0.007799001 0.028998204 0.039538085 0.610505819 0.790492594
1341846115.177979 -0.045559198 -0.002992492 -0.014963976 0.022880603 0.037447192 0.598268807 0.800092876
1341846115.209893 -0.043009117 -0.000618648 -0.016503513 0.016182913 0.032145530 0.586044669 0.809479117
1341846115.245960 -0.039142132 -0.003304452 -0.011897902 0.007752611 0.031322259 0.577353179 0.815856695
1341846115.277850 -0.039222937 -0.002279360 -0.016661037 0.000045180 0.032894999 0.569525659 0.821315110
1341846115.309821 -0.038640976 -0.000215314 -0.025797788 -0.008650906 0.030887175 0.558995008 0.828550339
1341846115.345985 -0.034537110 -0.003077461 -0.019578539 -0.016714126 0.028751496 0.546508074 0.836793244
1341846115.377811 -0.034545474 -0.003542325 -0.020258106 -0.021910928 0.029201144 0.531525850 0.846254945
1341846115.409843 -0.030649798 -0.000038442 -0.030834340 -0.029329566 0.026897267 0.510943830 0.858692408
1341846115.445793 -0.027952887 -0.006976761 -0.028197641 -0.041146029 0.025591478 0.492463827 0.868982971
1341846115.478059 -0.035287481 -0.010236518 -0.022169774 -0.042906974 0.028034935 0.484696925 0.873179197
1341846115.513951 -0.034049064 -0.010695156 -0.020817336 -0.041307058 0.027863897 0.474162519 0.879026294
1341846115.545891 -0.028677443 -0.009127504 -0.030596303 -0.044924330 0.023975948 0.461203068 0.885832191
1341846115.577954 -0.028356863 -0.011440123 -0.027578957 -0.049782552 0.022276938 0.449088216 0.891821325
1341846115.613954 -0.028650124 -0.010926131 -0.026895748 -0.052047174 0.021717886 0.438610375 0.896906018
1341846115.645824 -0.027914137 -0.009757567 -0.033429209 -0.054288071 0.019134765 0.424624473 0.903537869
1341846115.681882 -0.023374904 -0.013858952 -0.030148691 -0.061018869 0.014857622 0.408121228 0.910765052
1341846115.714384 -0.025693832 -0.015689630 -0.028139574 -0.065795377 0.015960252 0.392476618 0.917266786
1341846115.746144 -0.024458712 -0.016722355 -0.028371684 -0.069541909 0.016519640 0.380220741 0.922129691
1341846115.781725 -0.024193624 -0.016731409 -0.028071372 -0.072734185 0.014774596 0.370890975 0.925705850
1341846115.813812 -0.027168246 -0.017580543 -0.026978768 -0.076161355 0.016500367 0.362119406 0.928868532
1341846115.848050 -0.029203396 -0.019523986 -0.025647804 -0.078247190 0.020807279 0.351622313 0.932633996
1341846115.881857 -0.026505008 -0.020119825 -0.030674074 -0.081842221 0.021807956 0.340701401 0.936348677
1341846115.913919 -0.026103472 -0.020481721 -0.032084689 -0.087126657 0.020992482 0.334673017 0.938063025
1341846115.950006 -0.027175833 -0.020272147 -0.030445516 -0.088929273 0.022918802 0.325811416 0.940963984
1341846115.982063 -0.024927258 -0.023016687 -0.028750533 -0.090801954 0.026054006 0.314675599 0.944486856
1341846116.014067 -0.022996470 -0.021150164 -0.031345561 -0.091742709 0.025760306 0.310526788 0.945776284
1341846116.050272 -0.022569291 -0.019702774 -0.028620601 -0.090729006 0.024108784 0.305114150 0.947677314
1341846116.081984 -0.025093729 -0.023009928 -0.028310973 -0.090481460 0.026728522 0.297125101 0.950165927
1341846116.113928 -0.023833964 -0.024037801 -0.030088305 -0.093131356 0.027656311 0.289480239 0.952240944
1341846116.149901 -0.021875966 -0.021101490 -0.028784920 -0.093124509 0.024770996 0.283258259 0.954190195
1341846116.181797 -0.022361185 -0.020893922 -0.027470987 -0.090154298 0.023696225 0.273750842 0.957272768
1341846116.219755 -0.023507303 -0.022817759 -0.027530370 -0.091228381 0.025808912 0.265687138 0.959386051
1341846116.252587 -0.023471607 -0.020079238 -0.027982624 -0.092331178 0.025349488 0.259425193 0.961005151
1341846116.282014 -0.024230547 -0.020415915 -0.026962753 -0.089978643 0.025731577 0.253351241 0.962836862
1341846116.319031 -0.023836935 -0.020780683 -0.028990032 -0.088970922 0.026639443 0.249682873 0.963863552
1341846116.349920 -0.024448274 -0.021230835 -0.029114468 -0.090612493 0.027392631 0.246941730 0.964395583
1341846116.381987 -0.024595533 -0.022220138 -0.026468426 -0.091140658 0.028165029 0.243191645 0.965276122
1341846116.417962 -0.023617510 -0.021825008 -0.027653068 -0.091440320 0.028870171 0.238294423 0.966447592
1341846116.449943 -0.025057247 -0.023899317 -0.027559049 -0.093825310 0.029014507 0.232250601 0.967685163
1341846116.486079 -0.025415394 -0.023429168 -0.029489445 -0.094525188 0.030025613 0.221967846 0.969996750
1341846116.517901 -0.024320053 -0.023996703 -0.030852659 -0.096773610 0.029880753 0.212354571 0.971929789
1341846116.549851 -0.022670610 -0.024768900 -0.031601463 -0.099582374 0.026820304 0.202776611 0.973779082
1341846116.585719 -0.023971513 -0.026243005 -0.032877635 -0.101703793 0.026055811 0.192523494 0.975659847
1341846116.617985 -0.021801513 -0.028121324 -0.033744186 -0.105051897 0.027336530 0.181551129 0.977371991
1341846116.653901 -0.019756760 -0.027373238 -0.033089105 -0.106057607 0.026404772 0.178681925 0.977817655
1341846116.686079 -0.021554807 -0.026747562 -0.033617418 -0.105532192 0.026025884 0.178561777 0.977906585
1341846116.717942 -0.022323623 -0.029604368 -0.030313527 -0.105358005 0.028752891 0.175522417 0.978399158
1341846116.753865 -0.018913209 -0.029955259 -0.031164221 -0.106944881 0.029078806 0.172045633 0.978834808
1341846116.785839 -0.017573193 -0.025743300 -0.031563383 -0.105897509 0.025728695 0.170822278 0.979256630
1341846116.818815 -0.019777117 -0.025470523 -0.035025056 -0.103653178 0.024570409 0.165450335 0.980448127
1341846116.853902 -0.021701222 -0.025962366 -0.036304493 -0.105635524 0.025432203 0.156840071 0.981629014
1341846116.886435 -0.019153964 -0.025074795 -0.032306246 -0.106028520 0.021594780 0.149654701 0.982799590
1341846116.921838 -0.018820630 -0.025055697 -0.031213848 -0.104199275 0.019590400 0.141977638 0.984175324
1341846116.953941 -0.017603060 -0.028156009 -0.032229509 -0.105398849 0.018400431 0.134111896 0.985173345
1341846116.985759 -0.018155584 -0.026174355 -0.030465208 -0.104384288 0.016033825 0.128798768 0.986031294
1341846117.021816 -0.019072687 -0.025060216 -0.030884346 -0.103384532 0.013804646 0.121599309 0.987083912
1341846117.054055 -0.017639527 -0.025955901 -0.032042321 -0.103112705 0.011304465 0.114014484 0.988048911
1341846117.085953 -0.013645945 -0.028749084 -0.030268900 -0.104304522 0.007658437 0.104437724 0.989017010
1341846117.121840 -0.012551846 -0.026900763 -0.028708644 -0.103347704 0.004372726 0.097988345 0.989797175
1341846117.154178 -0.012656578 -0.026479794 -0.030800084 -0.102229506 0.001869714 0.093402386 0.990364432
1341846117.190028 -0.012539644 -0.026558425 -0.029405829 -0.100775227 0.000338190 0.090732329 0.990763307
1341846117.221812 -0.012390637 -0.026393155 -0.030404238 -0.100019775 -0.001219488 0.086106747 0.991251826
1341846117.253848 -0.012743394 -0.026526606 -0.032335881 -0.100271121 -0.000102585 0.080946833 0.991661906
1341846117.289976 -0.012336735 -0.026370069 -0.030520711 -0.100237779 -0.001698743 0.079160385 0.991808057
1341846117.321956 -0.012272964 -0.026178466 -0.030418694 -0.099424891 -0.004986696 0.078268938 0.991949499
1341846117.354004 -0.011965644 -0.026367607 -0.030106574 -0.098551929 -0.003627848 0.074537575 0.992329836
1341846117.389874 -0.012327539 -0.026282882 -0.030018298 -0.098276697 -0.001272671 0.069838606 0.992704690
1341846117.421707 -0.012487938 -0.026380679 -0.030023638 -0.099245936 -0.004247321 0.068806075 0.992672145
1341846117.457914 -0.012385236 -0.026096269 -0.030067075 -0.097126000 -0.005592621 0.066067055 0.993061125
1341846117.490067 -0.012036577 -0.026298096 -0.030927753 -0.097432055 -0.004946516 0.063033201 0.993231773
1341846117.521746 -0.012912594 -0.026576780 -0.029157646 -0.099444106 -0.007137676 0.061889246 0.993090928
1341846117.557896 -0.012705076 -0.026168887 -0.030384181 -0.097738601 -0.009941849 0.060130324 0.993344188
1341846117.590027 -0.013139666 -0.026136318 -0.029252822 -0.096686155 -0.010449849 0.058052856 0.993565500
1341846117.621818 -0.013362842 -0.026327031 -0.029118694 -0.096488476 -0.011844997 0.058859386 0.993521631
1341846117.658054 -0.013559036 -0.025985962 -0.028358640 -0.093489073 -0.014446680 0.061080758 0.993639886
1341846117.689984 -0.013601040 -0.026126498 -0.028427342 -0.090793192 -0.014631840 0.059521802 0.993981719
1341846117.725898 -0.015278254 -0.026091035 -0.025468562 -0.088682137 -0.014603755 0.059417725 0.994178951
1341846117.757737 -0.013492429 -0.019754769 -0.024519987 -0.081509806 -0.016969681 0.057217900 0.994884074
1341846117.790023 -0.013903537 -0.020595806 -0.025297882 -0.079962142 -0.018524501 0.055398144 0.995084882
1341846117.825949 -0.015481403 -0.017422885 -0.025405580 -0.077015676 -0.019533742 0.054363023 0.995355070
1341846117.857847 -0.018230809 -0.019973606 -0.024192270 -0.075846009 -0.017381610 0.053528085 0.995530009
1341846117.893987 -0.018116925 -0.021166345 -0.024586234 -0.075984985 -0.017362351 0.055834934 0.995393038
1341846117.925908 -0.018370984 -0.021287987 -0.025071643 -0.075997323 -0.018857935 0.059283633 0.995165408
1341846117.958141 -0.019116722 -0.021285929 -0.026040340 -0.075187907 -0.016916106 0.060682043 0.995177567
1341846117.993978 -0.019310124 -0.020365406 -0.027049441 -0.075740531 -0.014685712 0.062426496 0.995063126
1341846118.025852 -0.018786402 -0.020587435 -0.025364975 -0.077395163 -0.015780607 0.065952741 0.994691491
1341846118.058362 -0.018590610 -0.020500325 -0.025148431 -0.077453978 -0.015995329 0.068446994 0.994514942
1341846118.093970 -0.019131403 -0.020641286 -0.026253946 -0.077321209 -0.014199619 0.069599420 0.994472563
1341846118.125943 -0.018788291 -0.020584952 -0.025280621 -0.078091525 -0.014018800 0.069894068 0.994394302
1341846118.161827 -0.018877050 -0.020636454 -0.025635105 -0.078533828 -0.015528565 0.070895411 0.994266093
1341846118.194750 -0.018446472 -0.020497257 -0.024535354 -0.076654688 -0.014090627 0.069658451 0.994521558
1341846118.226048 -0.020073740 -0.017614303 -0.025050286 -0.075272448 -0.012072683 0.070020273 0.994628310
1341846118.261772 -0.021102570 -0.018304836 -0.024990369 -0.074606448 -0.011881370 0.070766799 0.994627953
1341846118.294053 -0.022132244 -0.018175593 -0.026552454 -0.072737932 -0.010375015 0.071195647 0.994752586
1341846118.336123 -0.021505062 -0.019037079 -0.024898436 -0.071998574 -0.009397948 0.071143754 0.994819820
1341846118.362053 -0.021760458 -0.018642131 -0.026302826 -0.072689995 -0.009237526 0.071262106 0.994762540
1341846118.393906 -0.022074237 -0.018019825 -0.026697574 -0.072720289 -0.008319764 0.069922045 0.994863510
1341846118.429882 -0.022743855 -0.018255791 -0.027209042 -0.072097465 -0.006057018 0.069925755 0.994924963
1341846118.461821 -0.021190967 -0.018437568 -0.026008831 -0.072923735 -0.007141054 0.069727890 0.994871438
1341846118.509152 -0.021366537 -0.018519755 -0.025210727 -0.074002154 -0.008160848 0.070596404 0.994722724
1341846118.535838 -0.021234330 -0.018566694 -0.025230801 -0.073578387 -0.007305875 0.070851564 0.994742632
1341846118.567808 -0.021980556 -0.019620199 -0.026123557 -0.074655868 -0.007105634 0.071875617 0.994590342
1341846118.603991 -0.021558722 -0.018437646 -0.025893163 -0.075061284 -0.008969256 0.072907753 0.994469643
1341846118.635802 -0.022605721 -0.019170448 -0.025606129 -0.073036835 -0.006666950 0.072132945 0.994694948
1341846118.667919 -0.022089960 -0.019729301 -0.025394328 -0.073250517 -0.005482155 0.072631739 0.994650185
1341846118.703956 -0.021524725 -0.019211344 -0.025171276 -0.073402986 -0.007047008 0.073801912 0.994542956
1341846118.735837 -0.021944933 -0.018904066 -0.025788605 -0.071597680 -0.005619690 0.073822089 0.994682133
1341846118.772013 -0.022078745 -0.018655751 -0.026672864 -0.071484163 -0.003731861 0.073938258 0.994690537
1341846118.804343 -0.022458166 -0.018416252 -0.025498068 -0.072191715 -0.003819630 0.075127043 0.994549990
1341846118.835817 -0.022366058 -0.018035308 -0.026449401 -0.070616908 -0.003642661 0.075386755 0.994644046
1341846118.872045 -0.022072494 -0.018147776 -0.026701011 -0.070656195 -0.002956403 0.075765446 0.994614780
1341846118.903860 -0.022662917 -0.018146429 -0.025899233 -0.071168631 -0.003575683 0.075777896 0.994575262
1341846118.935809 -0.022274403 -0.017863190 -0.026334522 -0.070853181 -0.003558053 0.074420266 0.994700372
1341846118.971870 -0.022529703 -0.017599838 -0.026832767 -0.070161320 -0.002150334 0.073844001 0.994796336
1341846119.003949 -0.021940926 -0.017533617 -0.025035247 -0.069676243 -0.002530628 0.074891083 0.994751275
1341846119.035768 -0.028923631 -0.014841081 -0.025280807 -0.065610453 0.001161323 0.077600569 0.994822681
1341846119.071829 -0.029281514 -0.016258031 -0.024619980 -0.062587865 0.004772269 0.079351835 0.994868457
1341846119.103837 -0.028395098 -0.016437566 -0.022939468 -0.061354570 0.005207535 0.080880180 0.994820058
1341846119.136478 -0.029047964 -0.016526444 -0.024458291 -0.061204903 0.004988112 0.081078380 0.994814217
1341846119.171928 -0.030826708 -0.013957522 -0.025178798 -0.058007628 0.007217082 0.080692410 0.995023489
1341846119.203919 -0.028692331 -0.015237281 -0.023527225 -0.056736551 0.007949138 0.081642687 0.995013714
1341846119.239826 -0.027215919 -0.015237134 -0.024311265 -0.056215741 0.006263941 0.084015965 0.994857728
1341846119.266059 -0.028881352 -0.013196212 -0.023808625 -0.054083224 0.003962815 0.088110931 0.994633496
1341846119.297817 -0.029440673 -0.015582602 -0.023767959 -0.053943764 0.003626637 0.089690886 0.994501114
1341846119.334095 -0.026528351 -0.014843486 -0.023885073 -0.054759290 0.001308789 0.090030059 0.994431615
1341846119.365757 -0.027780741 -0.011805458 -0.023666903 -0.052458666 -0.000662682 0.092151843 0.994361937
1341846119.401815 -0.029810436 -0.012261583 -0.024660939 -0.050655968 -0.000577595 0.094096661 0.994273305
1341846119.434863 -0.031442329 -0.014674448 -0.024375208 -0.051386572 0.000422033 0.093963712 0.994248509
1341846119.465868 -0.030101465 -0.014407549 -0.022521721 -0.051236343 0.000619028 0.092495382 0.994393826
1341846119.501761 -0.031759635 -0.011557819 -0.023909915 -0.048955064 0.002079007 0.092518546 0.994504631
1341846119.533772 -0.031054012 -0.012479055 -0.023455717 -0.047956225 0.002229191 0.092339672 0.994569540
1341846119.565854 -0.031131012 -0.013440297 -0.023375858 -0.048195347 0.002368777 0.091620617 0.994624138
