1341846092.727906 0.002527868 -0.011493239 0.001216378 0.048356183 0.007513143 -0.021091949 0.998579144
1341846092.760105 0.002459031 -0.026991989 0.000631349 0.049361505 0.007153083 -0.018586259 0.998582423
1341846092.795871 0.001496287 -0.013462398 0.001063569 0.059455391 0.005936937 -0.017457120 0.998060644
1341846092.827857 0.003669618 -0.027566483 -0.000369970 0.060371071 0.005734611 -0.022480424 0.997906327
1341846092.863824 0.002716586 -0.019470217 0.000352351 0.068378776 0.009152402 -0.028573006 0.997208178
1341846092.895885 0.001963910 -0.029455997 0.000968205 0.065294564 0.009034391 -0.031777799 0.997318983
1341846092.927920 0.003470463 -0.021032633 0.000799658 0.072563328 0.007931869 -0.031769540 0.996826112
1341846092.963849 0.005093911 -0.037100241 -0.000469503 0.073159643 0.008748776 -0.031439342 0.996786177
1341846092.995760 0.004285988 -0.043730266 0.000125841 0.075389318 0.009319881 -0.031257838 0.996620536
1341846093.027860 0.004120473 -0.034204565 -0.000109087 0.086821772 0.008785121 -0.029428713 0.995750368
1341846093.063741 0.006023786 -0.023845252 0.000030460 0.099685237 0.008704168 -0.027797768 0.994592547
1341846093.095835 0.007035120 -0.043133650 -0.000903229 0.094927303 0.009304935 -0.029681576 0.994998097
1341846093.125933 0.011503840 -0.055582847 -0.003846566 0.093493491 0.009278676 -0.032235358 0.995054662
1341846093.157795 0.007435535 -0.033976804 -0.001166788 0.108359903 0.012295242 -0.029058948 0.993610859
1341846093.189822 0.006868052 -0.044449836 -0.002000929 0.109073624 0.010426621 -0.025566461 0.993650138
1341846093.225887 0.011990712 -0.035855059 -0.001857001 0.118246906 0.009133340 -0.025027970 0.992626727
1341846093.257900 0.014156964 -0.043914769 -0.002124015 0.119984843 0.010023671 -0.024985816 0.992410660
1341846093.289744 0.014139614 -0.051340163 -0.002999956 0.122285202 0.011390139 -0.025256459 0.992108226
1341846093.325795 0.008158518 -0.049843285 -0.002739481 0.129474699 0.014661006 -0.024907671 0.991161466
1341846093.357904 0.013991111 -0.049010023 -0.003375371 0.134359241 0.013070187 -0.025003431 0.990530968
1341846093.393841 0.011376802 -0.047218651 -0.002724854 0.139050186 0.015390193 -0.026282819 0.989816844
1341846093.425924 0.012059035 -0.060939696 -0.003970798 0.138720840 0.013923346 -0.022238098 0.989983916
1341846093.457796 0.015058273 -0.065590374 -0.006098499 0.143646315 0.012097267 -0.021672890 0.989317775
1341846093.493817 0.014224360 -0.070296839 -0.007531122 0.147371933 0.013113474 -0.020676665 0.988777995
1341846093.525871 0.016203053 -0.063188188 -0.006417629 0.156533644 0.012533718 -0.017803457 0.987432599
1341846093.561833 0.016223919 -0.068049490 -0.007860127 0.161832824 0.012551880 -0.014750058 0.986628115
1341846093.593995 0.019388929 -0.065944910 -0.007850820 0.168363735 0.011057283 -0.012282646 0.985586405
1341846093.625945 0.019328771 -0.065659031 -0.006348799 0.172019750 0.012259372 -0.012967454 0.984931886
1341846093.661809 0.018013678 -0.071249269 -0.007243462 0.175969079 0.012801951 -0.014843252 0.984200537
1341846093.693938 0.020018807 -0.078526571 -0.010130820 0.179005459 0.012223721 -0.017603202 0.983614624
1341846093.725842 0.013339862 -0.059703238 -0.005397982 0.191066727 0.013547712 -0.016506566 0.981344759
1341846093.761995 0.011246161 -0.065721124 -0.004857753 0.197175249 0.012283960 -0.014461658 0.980184615
1341846093.794228 0.008384653 -0.071438141 -0.008134536 0.202295482 0.010305981 -0.010030200 0.979218900
1341846093.829820 0.012974450 -0.067713551 -0.005580516 0.211154774 0.005903110 -0.009022352 0.977393150
1341846093.861841 0.018328488 -0.071854077 -0.009356262 0.214096844 0.005363198 -0.012728788 0.976714790
1341846093.893823 0.011666697 -0.071976125 -0.008101196 0.221044958 0.007576894 -0.014575409 0.975125253
1341846093.929912 0.010255268 -0.075956404 -0.007851771 0.227951795 0.004693567 -0.013350477 0.973569572
1341846093.961968 0.016450906 -0.079859331 -0.010371023 0.234575778 0.002463403 -0.011129394 0.972030997
1341846093.994029 0.014669025 -0.071357749 -0.005795402 0.243901864 0.003814272 -0.010671799 0.969733655
1341846094.029902 0.019317033 -0.100803956 -0.014958799 0.236671388 0.002746223 -0.012820677 0.971501291
1341846094.062046 0.020801835 -0.080117732 -0.011294190 0.247949377 0.003675003 -0.014033538 0.968664348
1341846094.097921 0.016745988 -0.075697154 -0.009558692 0.254569441 0.006074375 -0.012965831 0.966948509
1341846094.129856 0.018748639 -0.076759763 -0.008594912 0.256412506 0.006051978 -0.013058815 0.966460288
1341846094.161786 0.024250437 -0.079787143 -0.011500413 0.257950485 0.006216581 -0.014092798 0.966035366
1341846094.197938 0.025731478 -0.073531985 -0.009518065 0.259733051 0.009756206 -0.015765520 0.965502441
1341846094.229967 0.024126172 -0.075377718 -0.008158557 0.260472536 0.012196901 -0.014614301 0.965293586
1341846094.261795 0.028325712 -0.071908012 -0.009097189 0.260263592 0.011682719 -0.013996045 0.965365469
1341846094.297927 0.027628588 -0.072485879 -0.011728603 0.257232428 0.014405266 -0.014610052 0.966131747
1341846094.329846 0.025221394 -0.066984229 -0.009998003 0.256908953 0.017297518 -0.015317298 0.966159403
1341846094.366053 0.019739110 -0.063862078 -0.006064249 0.254703522 0.018182773 -0.014664112 0.966736972
1341846094.397911 0.024337962 -0.064857595 -0.008639148 0.250539839 0.014782671 -0.013345909 0.967901409
1341846094.429746 0.024687896 -0.059080720 -0.008560243 0.246325120 0.015046313 -0.012927764 0.968984187
1341846094.466133 0.024901003 -0.071673505 -0.011215817 0.234056026 0.013672124 -0.012758536 0.972043216
1341846094.497922 0.021904675 -0.063606009 -0.007810062 0.230249584 0.011338645 -0.008130317 0.973031580
1341846094.533970 0.022370836 -0.058113232 -0.005098565 0.225598991 0.008862346 -0.003166774 0.974174798
1341846094.565945 0.020775577 -0.055019420 -0.003945093 0.218991548 0.007171109 -0.001041647 0.975699842
1341846094.597899 0.021224573 -0.047046788 -0.002207163 0.214054927 0.006757066 0.000538622 0.976798117
1341846094.633912 0.018999610 -0.043152317 -0.000230941 0.206585974 0.006311542 0.004474792 0.978397846
1341846094.665844 0.029262548 -0.056951810 -0.009126517 0.194142088 0.000852170 0.006614450 0.980950713
1341846094.697961 0.031451315 -0.046323553 -0.007707739 0.189472288 0.002139511 0.009019229 0.981842339
1341846094.733999 0.028706273 -0.051465131 -0.009714136 0.181096554 0.006992465 0.007877551 0.983408928
1341846094.767923 0.021539524 -0.048226461 -0.007106844 0.177104890 0.009414800 0.013212648 0.984058261
1341846094.801844 0.020897213 -0.041494589 -0.004997293 0.173126832 0.005527229 0.020331293 0.984674156
1341846094.833846 0.029409327 -0.039539561 -0.005184836 0.168314919 0.002152363 0.022683889 0.985469878
1341846094.866031 0.027224863 -0.034673616 -0.001439499 0.162051469 0.005510747 0.024003102 0.986474931
1341846094.901923 0.024606204 -0.030142892 -0.003791615 0.153222099 0.005908430 0.024707947 0.987865150
1341846094.934109 0.022638643 -0.029861478 -0.007725472 0.143732294 0.004940817 0.028482385 0.989194334
1341846094.966365 0.025624396 -0.026876396 -0.004251182 0.137177154 0.001854381 0.032106094 0.990024328
1341846095.002198 0.026855171 -0.019130312 -0.000598382 0.129800364 0.002512105 0.030677952 0.991062284
1341846095.034722 0.028147658 -0.017417522 -0.003355556 0.118443087 0.003261588 0.029501481 0.992517114
1341846095.075946 0.039130054 -0.034310319 -0.006276220 0.107974119 0.001119468 0.029159181 0.993725300
1341846095.104112 0.040678356 -0.029954139 -0.006238668 0.105108202 0.002298950 0.030737460 0.993982971
1341846095.134021 0.040334251 -0.033292491 -0.007687795 0.100296773 0.004410749 0.032448314 0.994418561
1341846095.169946 0.028145038 -0.022172457 -0.004206175 0.101917669 0.007988555 0.039648049 0.993970335
1341846095.201911 0.026256694 -0.018552694 -0.006017685 0.099237621 0.007633930 0.042244058 0.994137347
1341846095.233880 0.030428115 -0.014027759 -0.005435795 0.095309108 0.005825818 0.042768247 0.994511485
1341846095.269927 0.040811621 -0.016543105 -0.005436972 0.089218430 0.003364057 0.040691238 0.995174825
1341846095.301803 0.034297455 -0.013687805 -0.005618691 0.084797859 0.003928111 0.041068561 0.995543718
1341846095.337767 0.037705820 -0.011110185 -0.006369561 0.079342008 -0.000042571 0.043618921 0.995892704
1341846095.369772 0.042078957 -0.005681295 -0.004546126 0.075002894 -0.001289506 0.043921605 0.996214747
1341846095.401800 0.039315496 -0.007263065 -0.003948918 0.069296174 0.000874237 0.044030957 0.996623576
1341846095.437762 0.028926088 -0.007682829 -0.003645404 0.064740472 0.003106470 0.047974359 0.996743441
1341846095.469900 0.029338701 -0.010622960 -0.003600113 0.059596382 0.003738702 0.049736857 0.996975720
1341846095.501905 0.031740509 -0.004946121 -0.004154441 0.058055419 0.003818703 0.051662680 0.996968389
1341846095.538219 0.030779256 0.000293239 -0.004086688 0.054150768 0.004833997 0.050897010 0.997223079
1341846095.569934 0.032862660 0.001828079 -0.003797764 0.049047798 0.004780285 0.050082486 0.997528553
1341846095.606238 0.033496093 0.002788861 -0.003352987 0.044876438 0.005020868 0.050879955 0.997683406
1341846095.637875 0.030551434 0.000253981 -0.003303000 0.040580884 0.006047118 0.051974222 0.997805238
1341846095.669890 0.031202175 -0.000456670 -0.004642864 0.037380487 0.005764191 0.052577041 0.997900367
1341846095.705878 0.034859821 0.003037695 -0.003979484 0.034430414 0.006126488 0.053108141 0.997976243
1341846095.737902 0.047144089 0.007759906 -0.005586332 0.031634189 0.004174100 0.052426711 0.998114884
1341846095.773812 0.032094020 0.004509245 -0.004030961 0.028058380 0.008568017 0.056634165 0.997963846
1341846095.806035 0.033741966 0.010170362 -0.004386968 0.026593484 0.008603071 0.057189822 0.997971952
1341846095.838106 0.035753515 0.012030838 -0.004537217 0.022104723 0.009343878 0.055926833 0.998146415
1341846095.873871 0.053312339 0.020458926 -0.007430018 0.019824259 0.005895554 0.052723587 0.998394966
1341846095.905980 0.032475088 0.016949451 -0.005482651 0.013564600 0.012397752 0.056266356 0.998246670
1341846095.937932 0.032737646 0.017365016 0.000068322 0.009462669 0.010680172 0.057109706 0.998265922
1341846095.973926 0.053245876 0.030388771 -0.006157149 0.009129961 0.005218895 0.055941772 0.998378634
1341846096.005891 0.033897180 0.022976773 -0.002705842 0.002224030 0.011367358 0.058849767 0.998199642
1341846096.041838 0.032549527 0.021519801 -0.002984318 -0.003767159 0.010810263 0.058388464 0.998228312
1341846096.073937 0.049747914 0.014622773 -0.007567972 -0.012460555 0.006090001 0.052923359 0.998502254
1341846096.105773 0.053832330 0.023815263 -0.008657030 -0.014418239 0.004423860 0.053195357 0.998470247
1341846096.141944 0.046600301 0.028940964 -0.006045938 -0.018386073 0.006780126 0.052306995 0.998438776
1341846096.173951 0.042420592 0.025785416 -0.003065739 -0.022511242 0.007597640 0.051206943 0.998405397
1341846096.205991 0.043728188 0.026143480 -0.003663516 -0.023846753 0.007441162 0.051851898 0.998342276
1341846096.241942 0.049778301 0.023558302 -0.008216816 -0.027927823 0.004602340 0.052073557 0.998242080
1341846096.273909 0.051699743 0.028743010 -0.008923079 -0.028816469 0.003012657 0.051295221 0.998263180
1341846096.309891 0.051306732 0.028565876 -0.009649780 -0.032932885 0.003617777 0.049553610 0.998221815
1341846096.341861 0.051070444 0.027587462 -0.006203429 -0.036818635 0.002822717 0.049751408 0.998078763
1341846096.374240 0.051152665 0.023382375 -0.007119165 -0.039718006 0.001937703 0.049202032 0.997996926
1341846096.409718 0.042608872 0.034559362 -0.004895666 -0.034664687 0.005405283 0.048459008 0.998208821
1341846096.441905 0.044374272 0.038358815 -0.004866359 -0.036156945 0.004987290 0.047048546 0.998225570
1341846096.473846 0.052169252 0.029747408 -0.009155585 -0.044239752 0.002123261 0.043032084 0.998091459
1341846096.510050 0.043694410 0.034314133 -0.005168157 -0.043239418 0.004967656 0.041025370 0.998209715
1341846096.542063 0.043944798 0.034284435 -0.004809488 -0.044806596 0.005682558 0.041271910 0.998126626
1341846096.577955 0.052109506 0.029990060 -0.010435600 -0.050284825 0.003621933 0.039848462 0.997933090
1341846096.609941 0.052490782 0.030652195 -0.013638308 -0.054827012 0.002965593 0.038655125 0.997742951
1341846096.641875 0.041844387 0.031573597 -0.009087201 -0.058815684 0.006370100 0.035891030 0.997603118
1341846096.677902 0.034557331 0.036019560 -0.007460696 -0.057152875 0.008395919 0.035516735 0.997698188
1341846096.709906 0.034177464 0.032755069 -0.011336109 -0.064525925 0.008305547 0.036128901 0.997227252
1341846096.745991 0.032839555 0.045310922 -0.007174899 -0.063603282 0.008061658 0.035732590 0.997302771
1341846096.777870 0.033368930 0.049466457 -0.008722785 -0.065274119 0.008959312 0.032577451 0.997295201
1341846096.810244 0.032992978 0.059664078 -0.010531023 -0.067820475 0.009883527 0.031095399 0.997163832
1341846096.845763 0.031261783 0.054251429 -0.010090160 -0.077539034 0.010235912 0.029462643 0.996501327
1341846096.878199 0.035149809 0.059158098 -0.008091773 -0.079079278 0.008467696 0.028277870 0.996431172
1341846096.909946 0.050283778 0.051542535 -0.016102139 -0.090029091 0.005421930 0.026946610 0.995559752
1341846096.945914 0.039067648 0.060052782 -0.012644611 -0.091058500 0.007592092 0.028118577 0.995419562
1341846096.978058 0.041981343 0.066009365 -0.013236864 -0.096875750 0.006559335 0.026024381 0.994934559
1341846097.014061 0.049808975 0.056750499 -0.017088180 -0.110780634 0.006138333 0.022899868 0.993562043
1341846097.045960 0.040589757 0.061303284 -0.014340186 -0.114571072 0.009894244 0.022094067 0.993120015
1341846097.078464 0.041731250 0.058237229 -0.013783211 -0.122333385 0.009686074 0.021228200 0.992214739
1341846097.113795 0.041333679 0.056442138 -0.014503642 -0.128318653 0.010902279 0.018545618 0.991499603
1341846097.146138 0.034214750 0.059029628 -0.012014916 -0.130393535 0.014420590 0.018352119 0.991187572
1341846097.178019 0.030979386 0.062160082 -0.010617371 -0.132450998 0.016585503 0.018489938 0.990878284
1341846097.213933 0.031159295 0.061168686 -0.010492900 -0.134301811 0.014282522 0.018773481 0.990659654
1341846097.246080 0.032503247 0.057068221 -0.012931429 -0.138559207 0.012305014 0.017728301 0.990118980
1341846097.282030 0.034183998 0.054884102 -0.011691162 -0.141156808 0.012805359 0.018210247 0.989736915
1341846097.313977 0.035388503 0.054541223 -0.011785070 -0.143368930 0.011908657 0.021621108 0.989361465
1341846097.345922 0.035096567 0.058383405 -0.013411399 -0.145277575 0.010307941 0.026342241 0.988986492
1341846097.381852 0.036081735 0.057045124 -0.013421604 -0.150480330 0.011418618 0.028316323 0.988141418
1341846097.413864 0.033138238 0.056906573 -0.014656081 -0.154096767 0.015892424 0.027733099 0.987538636
1341846097.445910 0.033547770 0.060025685 -0.014999794 -0.161128029 0.016430194 0.027188500 0.986422122
1341846097.481979 0.033846781 0.060880467 -0.016847650 -0.169260576 0.016424898 0.025173178 0.985112906
1341846097.514061 0.036059361 0.055270862 -0.016004225 -0.179844722 0.017134035 0.021728141 0.983305752
1341846097.550048 0.035565026 0.050180256 -0.016651895 -0.189366594 0.018885424 0.019826876 0.981524587
1341846097.587812 0.036542810 0.055453151 -0.015872965 -0.195795655 0.017850880 0.019276431 0.980292737
1341846097.619821 0.034326471 0.062878422 -0.016562862 -0.196365625 0.019438677 0.018334528 0.980166554
1341846097.649731 0.035423558 0.061996602 -0.017176386 -0.200920060 0.020304408 0.015753770 0.979270458
1341846097.681970 0.034457572 0.062233213 -0.016479809 -0.206163585 0.020834511 0.016843533 0.978150725
1341846097.714026 0.032038104 0.057394821 -0.016487226 -0.212570831 0.022059172 0.016725205 0.976753473
1341846097.749749 0.033315968 0.062106289 -0.018323019 -0.210270658 0.021428939 0.014537855 0.977300227
1341846097.782019 0.033717357 0.060812440 -0.018439848 -0.214916557 0.020671841 0.012015961 0.976339698
1341846097.817835 0.032704044 0.058462657 -0.016596187 -0.219505191 0.021039329 0.009700611 0.975336194
1341846097.849998 0.032821365 0.063025989 -0.017092301 -0.214312017 0.020751227 0.007987040 0.976512134
1341846097.882032 0.031049315 0.060249109 -0.016303176 -0.214687690 0.020656057 0.008298199 0.976429045
1341846097.917945 0.032954704 0.060351152 -0.015959952 -0.214783460 0.018546918 0.008045318 0.976452410
1341846097.949812 0.033096343 0.064810403 -0.016866000 -0.208517894 0.018330036 0.006328927 0.977826297
1341846097.985786 0.034693889 0.066368721 -0.017174864 -0.202587321 0.018262520 0.005649340 0.979077578
1341846098.017778 0.033445638 0.063213728 -0.017266791 -0.198674083 0.018801294 0.005083862 0.979872108
1341846098.050033 0.032907695 0.063115150 -0.016104354 -0.192179143 0.019364074 0.002540863 0.981165528
1341846098.085962 0.031539571 0.063937820 -0.015699100 -0.186676785 0.021848721 -0.003550377 0.982172012
1341846098.117764 0.034429923 0.056433499 -0.014900713 -0.189552650 0.023941088 -0.012615224 0.981497586
1341846098.149904 0.035177108 0.062285896 -0.015596897 -0.185900941 0.025303971 -0.014855270 0.982130289
1341846098.185874 0.035679907 0.065602094 -0.015188037 -0.180025265 0.024381276 -0.010750282 0.983301044
1341846098.217722 0.034971599 0.064153597 -0.014399534 -0.173132002 0.023981266 -0.007083812 0.984581172
1341846098.253811 0.035211809 0.052458871 -0.013145145 -0.170843661 0.026747007 -0.004519118 0.984924674
1341846098.285939 0.037158638 0.051014811 -0.010301964 -0.161318600 0.027177610 -0.003276102 0.986522675
1341846098.319650 0.035171572 0.051536363 -0.009957767 -0.149676919 0.029583216 -0.004540901 0.988281846
1341846098.353827 0.039283298 0.052443095 -0.009934601 -0.138744682 0.030128295 -0.006935606 0.989845455
1341846098.385963 0.037771598 0.046547096 -0.010789305 -0.132263228 0.032696981 -0.010167560 0.990623057
1341846098.418076 0.039126102 0.043379843 -0.012818242 -0.125980556 0.036133800 -0.015032246 0.991260469
1341846098.453988 0.041182496 0.050529648 -0.014082049 -0.119818121 0.038275957 -0.019021019 0.991875410
1341846098.485927 0.041526638 0.050718728 -0.012524370 -0.115543537 0.038541209 -0.019354766 0.992365718
1341846098.521907 0.037556089 0.041162051 -0.010230512 -0.112843096 0.039481316 -0.019351674 0.992639542
1341846098.553851 0.036544591 0.037414625 -0.009730264 -0.106433392 0.040822022 -0.016734840 0.993340552
1341846098.585937 0.034312598 0.038777139 -0.008716490 -0.098772086 0.041973397 -0.013755859 0.994129300
1341846098.621830 0.035881765 0.035828598 -0.008451204 -0.091364816 0.040256292 -0.011190505 0.994940579
1341846098.653874 0.035520919 0.039262787 -0.008885944 -0.080788605 0.040851992 -0.009014462 0.995852947
1341846098.685832 0.036704503 0.033563349 -0.007882304 -0.075686634 0.039139379 -0.006569439 0.996341586
1341846098.721860 0.033277895 0.027192630 -0.007170347 -0.068835385 0.039951768 -0.005733713 0.996811271
1341846098.753828 0.038160320 0.027160581 -0.010435509 -0.057374537 0.037072651 -0.000907952 0.997663736
1341846098.789998 0.037399571 0.022537705 -0.009473079 -0.048609883 0.035141326 0.001762602 0.998197913
1341846098.827945 0.037048265 0.024471877 -0.008630984 -0.034072574 0.035015594 0.005282476 0.998791814
1341846098.853827 0.036934659 0.016436143 -0.009601295 -0.026639966 0.033271354 0.007828814 0.999060571
1341846098.889904 0.036212128 0.013984494 -0.007602207 -0.015557597 0.031614777 0.009765674 0.999331295
1341846098.921923 0.037770662 0.004589732 -0.006526834 -0.005376960 0.030271381 0.012304318 0.999451518
1341846098.957887 0.035828341 0.003648465 -0.007758211 0.004624418 0.030289982 0.011623858 0.999462903
1341846098.990630 0.047539018 0.003808607 -0.008271532 0.011785137 0.024092870 0.008699720 0.999602377
1341846099.022028 0.055010382 0.010446127 -0.008150326 0.026401445 0.019528534 0.008736377 0.999422491
1341846099.058015 0.053244248 0.009156940 -0.008556965 0.037422325 0.020461336 0.007213840 0.999063969
1341846099.089878 0.050256558 0.002868726 -0.009972817 0.043186869 0.020213319 0.006458809 0.998841643
1341846099.121774 0.050761275 -0.000902100 -0.010152706 0.052458759 0.019460451 0.007194946 0.998407543
1341846099.157775 0.052143183 -0.000081085 -0.010399030 0.060029961 0.017980205 0.007927465 0.998003125
1341846099.189822 0.060202572 0.000668474 -0.009590036 0.065857537 0.014713150 0.005925575 0.997702956
1341846099.226178 0.054510240 -0.003429175 -0.008754315 0.070846647 0.017250041 0.005870077 0.997320771
1341846099.264156 0.059244376 0.000192159 -0.009687953 0.076697156 0.014349805 0.007862974 0.996920168
1341846099.300270 0.063975722 0.003786052 -0.009401307 0.082038052 0.012238523 0.008969748 0.996513665
1341846099.332076 0.067442790 0.004004630 -0.008684381 0.084134765 0.012747743 0.011423227 0.996307373
1341846099.363831 0.067405075 0.006026673 -0.009407762 0.085728452 0.014649457 0.012730941 0.996129513
1341846099.399799 0.068610616 0.012071549 -0.007221010 0.087063305 0.016243715 0.012628058 0.995990276
1341846099.432113 0.063601248 0.004113340 -0.012335266 0.082893714 0.023205709 0.012697180 0.996207237
1341846099.463909 0.064665660 0.001914532 -0.011169778 0.082288668 0.028020877 0.013283532 0.996125996
1341846099.499765 0.067021124 0.000937954 -0.014679581 0.082165882 0.034117639 0.013142180 0.995947838
1341846099.564678 0.075161107 -0.003611127 -0.014552274 0.083270974 0.052525457 0.010434346 0.995087028
1341846099.593832 0.076955087 -0.003933469 -0.017373934 0.084656715 0.062201284 0.011690044 0.994398117
1341846099.626222 0.076924115 -0.001412574 -0.017076856 0.085749567 0.072693802 0.010774136 0.993602812
1341846099.657825 0.087895192 -0.006252324 -0.025823258 0.082512282 0.078718744 0.006285568 0.993456423
1341846099.693870 0.086754218 -0.013894948 -0.030606521 0.079407699 0.090729386 0.003207445 0.992699564
1341846099.725881 0.080328010 -0.012288418 -0.025589127 0.081430338 0.104518838 0.002702635 0.991179943
1341846099.761986 0.076017827 -0.018487275 -0.025249608 0.081810594 0.116505139 0.005948414 0.989797056
1341846099.793945 0.067081131 -0.017086811 -0.025627436 0.086875238 0.127899930 0.017093480 0.987827003
1341846099.825926 0.076418340 -0.010753278 -0.027687194 0.090291500 0.134555802 0.023969037 0.986492634
1341846099.862065 0.074570365 -0.015467572 -0.027833657 0.088293232 0.147161171 0.023371939 0.984886646
1341846099.894034 0.076277845 -0.009792035 -0.017918911 0.093038976 0.156180829 0.028369332 0.982927501
1341846099.925860 0.077928230 -0.012851743 -0.024291722 0.093177453 0.162482694 0.030987132 0.981813192
1341846099.961831 0.080500454 -0.021466525 -0.044902205 0.090269238 0.171751454 0.029656777 0.980547488
1341846099.993861 0.082280308 -0.016752977 -0.032441176 0.093168594 0.182819590 0.030305775 0.978252590
1341846100.029846 0.080439538 -0.026848136 -0.040195048 0.089750148 0.192901656 0.027669240 0.976713002
1341846100.069920 0.088081248 -0.023692688 -0.043361727 0.092437051 0.202609897 0.030222250 0.974418402
1341846100.099862 0.086967908 -0.023123356 -0.041866910 0.094339438 0.212280661 0.034391664 0.972036123
1341846100.132811 0.082449965 -0.016960850 -0.028192110 0.099356465 0.220434323 0.041271254 0.969450176
1341846100.168188 0.086001433 -0.021566639 -0.036050957 0.099531956 0.226675019 0.042130832 0.967954934
1341846100.199801 0.085907638 -0.015904214 -0.034272291 0.101896666 0.233745322 0.045922540 0.965852618
1341846100.235866 0.088766374 -0.010104092 -0.025682446 0.104202062 0.239376098 0.048718285 0.964088976
1341846100.267868 0.090364017 -0.017671498 -0.040545024 0.100526571 0.246075213 0.046471152 0.962902784
1341846100.299821 0.089776225 -0.015268886 -0.037446856 0.101474173 0.251427025 0.051138554 0.961182773
1341846100.335884 0.090824731 -0.018297965 -0.039435249 0.101047799 0.257654846 0.050521556 0.959609747
1341846100.367898 0.088337511 -0.017022269 -0.045930274 0.100474402 0.263453901 0.053029999 0.957958639
1341846100.400000 0.087505944 -0.012498712 -0.049793493 0.101623572 0.265600622 0.053128287 0.957238913
1341846100.435828 0.088857271 -0.018034745 -0.039301649 0.100939289 0.272007823 0.048751857 0.955743790
1341846100.467678 0.094750471 -0.012497787 -0.039929632 0.103932843 0.276502848 0.051695224 0.953976810
1341846100.503838 0.094046019 -0.012799796 -0.037905708 0.104751080 0.280896217 0.050492197 0.952667356
1341846100.535834 0.092959158 -0.023991024 -0.051293157 0.102797464 0.289154977 0.043056641 0.950772405
1341846100.568004 0.096146703 -0.015794855 -0.036983974 0.108256236 0.296993941 0.042563308 0.947767675
1341846100.604545 0.100887321 -0.014195595 -0.038336691 0.109639980 0.302381933 0.041890107 0.945933104
1341846100.635826 0.099603832 -0.015264904 -0.034200415 0.111262977 0.314398825 0.035391372 0.942083538
1341846100.672445 0.099064022 -0.012816384 -0.036315672 0.111271985 0.317291409 0.042138398 0.940834224
1341846100.704037 0.101744317 -0.012776523 -0.032581288 0.113032527 0.320094466 0.041926160 0.939683676
1341846100.733981 0.101251408 -0.010179298 -0.039402276 0.114563145 0.323997825 0.044570290 0.938037395
1341846100.765776 0.099855445 -0.012342455 -0.035786957 0.112217411 0.331100136 0.042619444 0.935929239
1341846100.798442 0.099672064 -0.012485866 -0.034862913 0.112168759 0.336328059 0.044495419 0.933981657
1341846100.833838 0.100143917 -0.010870165 -0.036291961 0.113158561 0.338637084 0.046538673 0.932927787
1341846100.866041 0.095289260 -0.007327320 -0.036704455 0.112680651 0.338276982 0.049665224 0.932955027
1341846100.897858 0.099270120 -0.013034078 -0.031611837 0.111004740 0.337958694 0.049454149 0.933282495
1341846100.933895 0.098460212 -0.011442506 -0.035239875 0.112401113 0.338553160 0.054965474 0.932591319
1341846100.965736 0.095017865 -0.011018516 -0.034578424 0.112278029 0.336040556 0.056023411 0.933451533
1341846101.001817 0.098512866 -0.012114126 -0.035525717 0.112508602 0.334783614 0.054049198 0.933991671
1341846101.033901 0.095587455 -0.011607745 -0.037944343 0.112581261 0.334703028 0.056047350 0.933893979
1341846101.065947 0.099540107 -0.010297820 -0.039776400 0.111424580 0.328020960 0.060793150 0.936104178
1341846101.102829 0.097493716 -0.010498377 -0.043904901 0.111029327 0.327153474 0.056087386 0.936748266
1341846101.134613 0.092950962 -0.007754665 -0.046953544 0.110586412 0.325728595 0.058079228 0.937175691
1341846101.169743 0.090156987 -0.009105899 -0.038124271 0.107395820 0.321631134 0.053706363 0.939220548
1341846101.202171 0.090944931 -0.009677114 -0.037777402 0.106879361 0.318470776 0.048951782 0.940615118
1341846101.234098 0.093576893 -0.008343749 -0.040266559 0.105906069 0.314123273 0.050810941 0.942087412
1341846101.269940 0.089850388 -0.006681615 -0.028037097 0.105450019 0.310338408 0.048234843 0.943527281
1341846101.301837 0.090584196 -0.008147393 -0.031606477 0.103906676 0.305475265 0.044330735 0.945475042
1341846101.333884 0.085139550 -0.008040795 -0.040722251 0.102341160 0.301394373 0.046983581 0.946826398
1341846101.369943 0.085999303 -0.009221057 -0.037628867 0.100525089 0.296483785 0.042876497 0.948764324
1341846101.402755 0.082341157 -0.007520203 -0.043657921 0.099440686 0.290241480 0.045189306 0.950699449
1341846101.437821 0.082145013 -0.007948344 -0.036278196 0.098539583 0.285862923 0.041304950 0.952295303
1341846101.469768 0.080086462 -0.008842927 -0.039600097 0.096856393 0.279813617 0.041238982 0.954265416
1341846101.501812 0.077947371 -0.012528799 -0.039225824 0.095827296 0.273909390 0.038874298 0.956179678
1341846101.537892 0.078920603 -0.011260468 -0.034858018 0.097165637 0.270839483 0.037275951 0.956982434
1341846101.569873 0.079498008 -0.006490440 -0.031795852 0.097905628 0.266615629 0.036328413 0.958128870
1341846101.601955 0.067939326 -0.004541997 -0.030294536 0.095790803 0.261298954 0.034735229 0.959864795
1341846101.637841 0.076690406 -0.005808068 -0.031521987 0.093386151 0.252361119 0.034055699 0.962513983
1341846101.670644 0.069880418 -0.008162556 -0.023118293 0.093240447 0.248347118 0.035095338 0.963534236
1341846101.705786 0.074827097 -0.009963466 -0.021412618 0.094478220 0.238144562 0.036246881 0.965943694
1341846101.738127 0.077061407 -0.011049872 -0.028818445 0.095767543 0.231291592 0.037947472 0.967415512
1341846101.769786 0.070748113 -0.007607453 -0.019531047 0.098594055 0.227812394 0.039887104 0.967878997
1341846101.805816 0.070509538 -0.008987942 -0.021904273 0.098125376 0.220766574 0.038821146 0.969601214
1341846101.837808 0.068468124 -0.008965856 -0.025718508 0.097981691 0.217360780 0.037733119 0.970427811
1341846101.869834 0.062778041 -0.006259864 -0.014280483 0.099907637 0.215080187 0.039126236 0.970684350
1341846101.905918 0.060693633 -0.005882124 -0.019982854 0.098651350 0.206751809 0.041162521 0.972536504
1341846101.937872 0.062683098 -0.008578815 -0.020032305 0.097496092 0.200447053 0.039194454 0.974053025
1341846101.973942 0.061163288 -0.007797349 -0.014706129 0.099694036 0.194811642 0.039847624 0.974947035
1341846102.005947 0.042962383 -0.005668856 -0.012603126 0.101240516 0.188416496 0.043033361 0.975908637
1341846102.037846 0.049680002 -0.005652463 -0.013907130 0.101073705 0.176628768 0.043237895 0.978119016
1341846102.073879 0.050298151 -0.004085863 -0.009733590 0.104490757 0.168870181 0.044753183 0.979061663
1341846102.105961 0.048427034 0.000407814 -0.010485749 0.103050187 0.155824468 0.043684181 0.981423020
1341846102.137878 0.051101111 -0.003058418 -0.011759624 0.098335192 0.146759212 0.041092727 0.983414114
1341846102.173907 0.047377467 -0.004739161 -0.012886597 0.096168354 0.142487600 0.038980138 0.984342158
1341846102.205896 0.044448189 -0.002475356 -0.013227135 0.094387464 0.133291796 0.035049316 0.985949218
1341846102.242018 0.033631392 -0.001697884 -0.011891843 0.091218829 0.123698883 0.033958659 0.987534583
1341846102.274144 0.035771057 -0.002416234 -0.007081959 0.090094209 0.111774996 0.032004174 0.989123404
1341846102.305875 0.033340510 0.000534420 -0.008814842 0.089535818 0.103571139 0.025931342 0.990244389
1341846102.341821 0.024358783 0.002724601 -0.008340282 0.086671524 0.091249846 0.022707088 0.991789222
1341846102.374024 0.024069458 -0.002874569 -0.011320553 0.084390223 0.078146368 0.021686280 0.993126929
1341846102.409984 0.034056131 -0.000139497 -0.014580388 0.087719433 0.065931849 0.018989882 0.993779540
1341846102.441952 0.022932623 0.003067899 -0.020434478 0.087502472 0.057754152 0.015459931 0.994368494
1341846102.473881 0.027459240 -0.000932719 -0.013666384 0.085881770 0.046620499 0.013703281 0.995119631
1341846102.509959 0.045272283 0.002663254 -0.016038466 0.089004964 0.038003072 0.012887166 0.995222449
1341846102.541996 0.034729529 0.005120585 -0.015017948 0.091487452 0.039510701 0.011640403 0.994954050
1341846102.574361 0.029549116 0.007986722 -0.017435174 0.088544689 0.032157853 0.011417188 0.995487511
1341846102.610654 0.034265798 -0.001355437 -0.015299235 0.086372554 0.026654230 0.015614717 0.995783925
1341846102.642222 0.037435506 0.003091037 -0.015917107 0.091633685 0.021273343 0.020159274 0.995361388
1341846102.677806 0.021866197 0.005155126 -0.023516379 0.091838062 0.016764123 0.020682188 0.995418012
1341846102.709968 0.016887890 0.000315828 -0.018388214 0.088881083 0.004395950 0.021836691 0.995793164
1341846102.741857 0.029999238 0.006953640 -0.016715618 0.091533206 -0.006574161 0.025829988 0.995445251
1341846102.777720 0.027399726 0.010263946 -0.022302458 0.090351507 -0.014008333 0.027003892 0.995445192
1341846102.809783 0.027409106 0.004378302 -0.020679383 0.087142214 -0.021770339 0.026847553 0.995596051
1341846102.841828 0.027638776 0.000917559 -0.022547206 0.091858670 -0.030043649 0.030941635 0.994837642
1341846102.877813 0.033523440 0.007343444 -0.021094827 0.094160080 -0.035453152 0.032793820 0.994385004
1341846102.909875 0.022961615 0.008236458 -0.024930218 0.091226012 -0.036925487 0.033029523 0.994597077
1341846102.945843 0.022461342 0.003800627 -0.025106445 0.089828797 -0.046779983 0.032693978 0.994320631
1341846102.977815 0.020740146 0.008616873 -0.029077401 0.091402829 -0.055820342 0.035393793 0.993618071
1341846103.009867 0.019364113 0.012839000 -0.023987882 0.089138955 -0.065865926 0.037700608 0.993123651
1341846103.045829 0.022663094 0.012238962 -0.026819039 0.085005045 -0.080492198 0.036379382 0.992457390
1341846103.077786 0.021862447 0.004769517 -0.028272800 0.082453780 -0.091539934 0.037011586 0.991691470
1341846103.110039 0.024141390 0.005049285 -0.028432881 0.083367534 -0.105388038 0.041570012 0.990058124
1341846103.145830 0.020544412 0.006762114 -0.031996503 0.083622187 -0.115120173 0.042780686 0.988900661
1341846103.177933 0.020028338 0.002076130 -0.024140455 0.083636433 -0.124899894 0.041430272 0.987769425
1341846103.213980 0.020351652 -0.000066785 -0.029699670 0.084600478 -0.130177498 0.036441572 0.987202406
1341846103.246103 -0.002744619 0.005618108 -0.041209158 0.086102247 -0.135434389 0.032092847 0.986516058
1341846103.277869 0.020044191 0.004369996 -0.034843028 0.083964594 -0.155009806 0.025501106 0.984007895
1341846103.314495 0.019532774 0.004481913 -0.027265036 0.084793232 -0.161450624 0.021057043 0.983005822
1341846103.345951 0.003036338 0.002578774 -0.023595976 0.083314255 -0.169957235 0.016615573 0.981782675
1341846103.382135 -0.007915296 0.006131224 -0.033514638 0.079890467 -0.188988954 0.013470305 0.978631318
1341846103.413791 0.011252985 0.001031896 -0.042395230 0.075910494 -0.204402283 0.005523327 0.975923538
1341846103.445861 -0.011631630 0.004011673 -0.034179702 0.078919202 -0.206659675 0.003887038 0.975217104
1341846103.482382 -0.026841946 0.011360507 -0.045721073 0.077648722 -0.219711900 0.007760254 0.972438753
1341846103.513968 0.004421790 0.005762575 -0.044443805 0.069403931 -0.254080474 0.009384512 0.964644015
1341846103.545990 0.008402781 0.000030576 -0.043793865 0.069424711 -0.263382673 0.006882154 0.962165475
1341846103.582021 -0.003931690 -0.001436655 -0.049789008 0.071151584 -0.268344134 0.005800759 0.960674345
1341846103.614121 -0.003669349 -0.000733737 -0.052666631 0.068720318 -0.286280751 0.008614643 0.955639362
1341846103.650229 0.006239184 -0.002176708 -0.044318702 0.070017047 -0.305692106 0.016798571 0.949403882
1341846103.681746 0.002364367 0.003120811 -0.039488956 0.075079888 -0.316350549 0.024393149 0.945351958
1341846103.714025 -0.000434633 0.005611154 -0.047888760 0.070764229 -0.326120794 0.023217386 0.942389846
1341846103.749741 0.002161869 0.001767343 -0.048501123 0.065494381 -0.343184859 0.024354035 0.936665118
1341846103.781715 0.013185163 0.001758451 -0.042271137 0.066749163 -0.358763367 0.034902368 0.930384457
1341846103.813998 0.003910594 0.002935955 -0.050766010 0.066983342 -0.362828851 0.031529821 0.928910255
1341846103.849900 -0.002877904 0.004020559 -0.061388031 0.062716708 -0.371950805 0.029707195 0.925654709
1341846103.883046 0.000035261 0.004042311 -0.050184119 0.060056347 -0.390524089 0.031941045 0.918076217
1341846103.917830 0.008161790 0.009828150 -0.034407809 0.061896075 -0.405915290 0.037107520 0.911056936
1341846103.949988 -0.008057233 0.006516066 -0.051987879 0.058569681 -0.404342532 0.027871888 0.912304699
1341846103.981996 0.010626863 0.005353286 -0.044927914 0.054404330 -0.426692635 0.030187616 0.902253985
1341846104.017780 0.004353012 0.006689173 -0.038310140 0.055037953 -0.432927907 0.026676364 0.899351239
1341846104.049832 -0.008005170 0.007199919 -0.041128740 0.056315828 -0.436018437 0.023854172 0.897857130
1341846104.082120 -0.008785644 0.010699683 -0.044796262 0.056859776 -0.446750939 0.017800516 0.892672241
1341846104.117792 0.003304826 0.008500140 -0.045706186 0.052884735 -0.459224284 0.016504215 0.886591136
1341846104.150184 0.005145171 0.005185091 -0.049194157 0.050477047 -0.465537071 0.010145787 0.883529484
1341846104.185757 0.007092912 0.003487891 -0.051729884 0.046483941 -0.470321566 0.002454866 0.881266594
1341846104.217842 -0.001025643 0.008009643 -0.059211839 0.044018559 -0.472277582 0.005281708 0.880334198
1341846104.250204 -0.000173616 0.007813208 -0.060411271 0.043729294 -0.476248175 0.006640201 0.878197789
1341846104.286035 -0.002139948 0.009151844 -0.060504012 0.045380514 -0.481183231 0.004411960 0.875433505
1341846104.317813 0.000544687 0.008247982 -0.062485062 0.041624140 -0.489707917 0.000716781 0.870892107
1341846104.349826 -0.006001998 0.006228097 -0.059575841 0.038706426 -0.494671017 0.000640459 0.868217707
1341846104.385800 0.000495944 0.009478006 -0.063584901 0.040562794 -0.504780829 0.002347616 0.862290800
1341846104.417992 -0.006641533 0.006286232 -0.059717849 0.034026403 -0.509615958 0.003380057 0.859722257
1341846104.453901 -0.006913837 0.005948070 -0.059602488 0.035562932 -0.513770103 -0.001173033 0.857189715
1341846104.485845 -0.004879219 0.005766141 -0.061804481 0.034575365 -0.512567639 -0.002948794 0.857945383
1341846104.517786 -0.006605016 0.006662044 -0.060612239 0.033201814 -0.511561334 -0.000272821 0.858604968
1341846104.553687 -0.005022188 0.007524185 -0.060468402 0.033602796 -0.514630795 0.002754332 0.856748760
1341846104.585769 -0.002303912 0.008854170 -0.063736267 0.035234712 -0.513358891 0.001792010 0.857448518
1341846104.621999 -0.008030370 0.006050408 -0.060752761 0.034384456 -0.510845244 -0.000879621 0.858984292
1341846104.653963 -0.008227941 0.005953518 -0.059933491 0.032881044 -0.509505153 0.001195467 0.859838307
1341846104.691974 -0.002510157 0.007784674 -0.063974008 0.032430671 -0.504501760 0.001055710 0.862800717
1341846104.722013 -0.007377818 0.003811557 -0.058968041 0.031516563 -0.496245980 -0.002242377 0.867606878
1341846104.754029 -0.005418525 0.005031073 -0.057838410 0.035079267 -0.486381739 -0.003490826 0.873034954
1341846104.785861 -0.012900687 0.005117558 -0.056932226 0.037794814 -0.469031423 -0.000532211 0.882372260
1341846104.822207 -0.009419657 0.006746070 -0.057431225 0.039628640 -0.457102656 0.004687473 0.888518274
1341846104.854428 -0.006460473 0.004591230 -0.055291686 0.040735070 -0.447791487 0.000027557 0.893209636
1341846104.889952 -0.000337023 0.001378126 -0.054046996 0.039361726 -0.440597534 -0.002054696 0.896839082
1341846104.921931 0.008395250 0.002173125 -0.046423979 0.041517641 -0.435872167 0.002102664 0.899047971
1341846104.954032 0.005878130 0.000620331 -0.048807308 0.043643281 -0.417169243 -0.002246982 0.907777488
1341846104.989984 0.008399286 0.000128073 -0.044907082 0.046089914 -0.405715525 -0.000753832 0.912836254
1341846105.021966 0.009948174 -0.002622595 -0.043033883 0.046441853 -0.392923594 0.000809274 0.918397248
1341846105.053992 0.006525578 -0.003047429 -0.044778571 0.050438061 -0.370660633 0.004602251 0.927386403
1341846105.089855 0.006173886 0.001296822 -0.043073036 0.058083467 -0.356618464 0.010273705 0.932386220
1341846105.121922 0.009853065 0.001520116 -0.038641915 0.061169818 -0.342041314 0.016972864 0.937538207
1341846105.158015 0.018458702 -0.004632032 -0.036850765 0.062586777 -0.326680273 0.018222326 0.942884326
1341846105.189943 0.020915484 -0.005919072 -0.038994141 0.063381024 -0.311612546 0.015833782 0.947960854
1341846105.222089 0.020083237 -0.004304820 -0.044789430 0.065091461 -0.292608887 0.018971998 0.953825593
1341846105.258397 0.020595467 -0.004670917 -0.036419168 0.067946717 -0.284253865 0.025724974 0.955992281
1341846105.289917 0.031308655 -0.002519437 -0.036116838 0.067856431 -0.280462563 0.033976018 0.956860423
1341846105.321831 0.032975212 -0.003061444 -0.036491528 0.065457791 -0.274964929 0.035825517 0.958554149
1341846105.357830 0.023504814 -0.005034000 -0.038843043 0.065553412 -0.262569606 0.035498679 0.962028980
1341846105.389824 0.028058549 -0.005353393 -0.039298706 0.066949360 -0.256307453 0.037942525 0.963527203
1341846105.425915 0.031013153 -0.008777303 -0.046533749 0.064969726 -0.243454427 0.037518635 0.967006326
1341846105.457863 0.022061227 -0.006952611 -0.039335370 0.068858922 -0.230314225 0.037168778 0.969965100
1341846105.489902 0.022681313 -0.004683617 -0.040256571 0.070247032 -0.219197109 0.038591910 0.972382963
1341846105.525969 0.036478955 -0.008011810 -0.037528742 0.070501015 -0.211282298 0.040190585 0.974050343
1341846105.557770 0.047523879 -0.006278581 -0.036816642 0.073045261 -0.203772470 0.043565966 0.975316942
1341846105.594012 0.038457882 -0.006541018 -0.043829776 0.072611131 -0.187535852 0.039526701 0.978772461
1341846105.626122 0.049740776 -0.011051158 -0.039399695 0.071960077 -0.180237964 0.044005193 0.979999781
1341846105.657815 0.052781768 -0.008015131 -0.037169877 0.076052301 -0.170555159 0.047622547 0.981253803
1341846105.693879 0.038387887 -0.007687886 -0.039147295 0.077973820 -0.149902686 0.043707822 0.984651685
1341846105.726045 0.045613855 -0.008506618 -0.032936528 0.080815352 -0.143455818 0.046682160 0.985246241
1341846105.758468 0.052624308 -0.006848052 -0.036174212 0.082517229 -0.138209477 0.046374377 0.985869408
1341846105.793970 0.060259722 -0.005315106 -0.037054546 0.083487161 -0.128767490 0.044786952 0.987138748
1341846105.825903 0.062383682 -0.009396696 -0.030528381 0.083476156 -0.115308844 0.043689903 0.988851249
1341846105.861764 0.061543982 -0.009181019 -0.026454248 0.086624332 -0.106287561 0.046397846 0.989467740
1341846105.893922 0.087922879 -0.007714509 -0.037224412 0.086589351 -0.101496384 0.044379231 0.990066290
1341846105.925960 0.079127856 -0.011362968 -0.026830927 0.089935146 -0.084530033 0.049086295 0.991139174
1341846105.963745 0.074098900 0.002211855 -0.021673633 0.096559666 -0.070388488 0.052002095 0.991472363
1341846105.993895 0.066338666 0.003731038 -0.030007102 0.093421720 -0.059354085 0.048315316 0.992680728
1341846106.025952 0.067435063 -0.001409143 -0.024909861 0.089951031 -0.049123723 0.038338184 0.993994892
1341846106.061758 0.061834071 0.001712865 -0.025083436 0.090450257 -0.041834816 0.034380339 0.994427800
1341846106.093961 0.065194912 0.002420494 -0.024704726 0.090402365 -0.041671254 0.031049682 0.994548559
1341846106.130133 0.073807746 -0.000975991 -0.027722713 0.089167796 -0.037652165 0.025262356 0.994984031
1341846106.161819 0.069655545 -0.000115615 -0.023950035 0.090589322 -0.029210849 0.023332637 0.995186388
1341846106.193968 0.066080406 0.000096697 -0.021823278 0.090326197 -0.025611805 0.024569070 0.995279670
1341846106.229889 0.075054333 0.003393011 -0.021518644 0.091238238 -0.024942556 0.025473710 0.995190680
1341846106.261942 0.081438161 0.005361503 -0.022592762 0.090164088 -0.018748207 0.025880143 0.995414078
1341846106.293939 0.070985503 0.005567671 -0.024143806 0.088304855 -0.011056472 0.026327977 0.995684087
1341846106.329961 0.073213764 0.009038890 -0.025638867 0.087469138 -0.012121660 0.022120198 0.995847821
1341846106.361877 0.069536895 0.012038864 -0.024190683 0.085155524 -0.011708508 0.012279348 0.996223211
1341846106.398046 0.066239618 0.013007362 -0.024326529 0.079935871 -0.011377943 -0.000219058 0.996735036
1341846106.429938 0.062665135 0.011096261 -0.025957532 0.074858472 -0.013458448 -0.013655259 0.997009873
1341846106.461886 0.066328503 0.015841806 -0.026402377 0.071419947 -0.019846177 -0.026275806 0.996902645
1341846106.497910 0.076270811 0.008588051 -0.025110632 0.065175965 -0.022837669 -0.037828300 0.996894956
1341846106.529979 0.070055559 0.003009805 -0.026169522 0.064137936 -0.018131254 -0.047161188 0.996661127
1341846106.561925 0.074325234 0.011949548 -0.025686258 0.068073578 -0.021523133 -0.057543598 0.995786846
1341846106.597815 0.077057093 0.008429837 -0.029630633 0.064367786 -0.020978471 -0.076499760 0.994768560
1341846106.632234 0.076770119 0.009070613 -0.027084099 0.062106900 -0.017105950 -0.096928105 0.993204474
1341846106.665869 0.074458048 0.007920696 -0.028655134 0.060820077 -0.014841796 -0.112185106 0.991713226
1341846106.697883 0.078311361 0.007258505 -0.029183015 0.059990700 -0.016032552 -0.126173854 0.990062714
1341846106.729896 0.080315717 0.006084751 -0.030635634 0.059040803 -0.013897805 -0.141180009 0.988124073
1341846106.766032 0.072156079 0.005983886 -0.029561216 0.058659095 -0.009168690 -0.154749006 0.986168206
1341846106.797963 0.072753072 0.011566249 -0.028767485 0.059436243 -0.011248251 -0.166695207 0.984151125
1341846106.834113 0.074873261 0.008590344 -0.031616878 0.054181244 -0.014794231 -0.183279946 0.981455028
1341846106.865869 0.072242983 0.006105748 -0.030741643 0.051320665 -0.012071025 -0.193843767 0.979614735
1341846106.897921 0.070909135 0.005047252 -0.029543484 0.051393688 -0.012472858 -0.201360658 0.978088439
1341846106.933929 0.072768182 0.004184849 -0.031998400 0.051233020 -0.013311403 -0.209680647 0.976336002
1341846106.967484 0.074288130 0.005400705 -0.032363348 0.050626818 -0.012845139 -0.219861194 0.974131942
1341846106.999098 0.071153745 0.006785086 -0.031582840 0.048800722 -0.010758530 -0.232653871 0.971274912
1341846107.033909 0.064601816 0.006113562 -0.030213082 0.047545023 -0.011469355 -0.246117160 0.968005300
1341846107.065762 0.073333405 0.007277374 -0.032705981 0.047620814 -0.015177253 -0.261031419 0.964035511
1341846107.101921 0.071919732 0.014525150 -0.028751392 0.047029361 -0.013238954 -0.271650463 0.961155057
1341846107.133974 0.068506680 0.014025767 -0.027652346 0.043112252 -0.017030969 -0.284216017 0.957639039
1341846107.166082 0.067118950 0.011832829 -0.030963928 0.039396744 -0.017233225 -0.299328327 0.953180730
1341846107.202100 0.066342853 0.016733358 -0.029225972 0.038809527 -0.016874889 -0.310712576 0.949561357
1341846107.233799 0.061140828 0.019303419 -0.027771985 0.036155529 -0.017888449 -0.321464241 0.946062088
1341846107.265874 0.058968276 0.018364083 -0.028165329 0.033243194 -0.021179212 -0.333010226 0.942098975
1341846107.301965 0.058094170 0.020952199 -0.028783575 0.033373576 -0.023225989 -0.343307197 0.938342631
1341846107.334002 0.058729976 0.025206160 -0.028465463 0.032462221 -0.027223336 -0.354284853 0.934177399
1341846107.369797 0.054390926 0.021358099 -0.029583976 0.028260164 -0.027339654 -0.368614763 0.928750277
1341846107.401899 0.059076630 0.025869438 -0.029481687 0.030593531 -0.027660115 -0.380989224 0.923659146
1341846107.434304 0.059824441 0.029692248 -0.028895762 0.029620394 -0.029244466 -0.391607732 0.919190288
1341846107.469787 0.058868434 0.030340930 -0.029144211 0.025629269 -0.030233473 -0.397658020 0.916677237
1341846107.502174 0.058039665 0.028707115 -0.029702634 0.022525655 -0.029275615 -0.404670596 0.913716197
1341846107.533946 0.060853403 0.035438724 -0.026903959 0.023839649 -0.028291807 -0.412064105 0.910403430
1341846107.569931 0.052481640 0.041105032 -0.024945229 0.020463564 -0.027762000 -0.420251876 0.906751812
1341846107.601911 0.051879127 0.035547916 -0.026512757 0.015537777 -0.031079300 -0.429361671 0.902463973
1341846107.637876 0.053910412 0.034396742 -0.026541721 0.015167014 -0.031404376 -0.438200593 0.898200393
1341846107.669757 0.057115916 0.040183119 -0.026471879 0.015501397 -0.031302322 -0.451323032 0.891676724
1341846107.701892 0.054268997 0.041652255 -0.025790522 0.012086863 -0.030179923 -0.459442735 0.887612224
1341846107.737797 0.056099530 0.044227235 -0.026556339 0.010956884 -0.032737873 -0.462698519 0.885843277
1341846107.769837 0.053760394 0.040121313 -0.029404962 0.005212357 -0.032141767 -0.471537381 0.881244719
1341846107.805959 0.055937219 0.043761630 -0.028435200 0.005450234 -0.031616278 -0.479884207 0.876745045
1341846107.837955 0.063267775 0.044864293 -0.033504125 0.003334303 -0.033363003 -0.488929421 0.871678710
1341846107.870011 0.059421666 0.044252537 -0.033902500 -0.004284963 -0.026104741 -0.503850222 0.863385856
1341846107.905926 0.048372447 0.040187959 -0.028609373 -0.008519004 -0.018103190 -0.516309559 0.856168270
1341846107.938092 0.050635390 0.040307038 -0.040054630 -0.010210516 -0.012640413 -0.531125605 0.847137272
1341846107.969943 0.067948386 0.047145735 -0.032809094 -0.011864357 -0.009690440 -0.542236209 0.840086460
1341846108.006614 0.063858762 0.048165899 -0.031891424 -0.019372810 -0.005692320 -0.551505864 0.833926618
1341846108.037863 0.071422800 0.044758238 -0.042646304 -0.028780328 -0.003613265 -0.560575843 0.827594936
1341846108.073927 0.066831052 0.052800700 -0.030647244 -0.032810226 0.004846070 -0.570162594 0.820862114
1341846108.106110 0.064179033 0.052589916 -0.030158579 -0.035208665 0.007543889 -0.576298058 0.816445947
1341846108.137977 0.068821646 0.056145068 -0.026784495 -0.034600690 0.008229399 -0.576941371 0.816010892
1341846108.173901 0.064819507 0.054654192 -0.028159438 -0.037468623 0.009148264 -0.580032587 0.813679636
1341846108.205882 0.066649437 0.051826824 -0.031512823 -0.039238580 0.012366336 -0.586116970 0.809181273
1341846108.237836 0.072546333 0.056005690 -0.030398266 -0.038860124 0.015021283 -0.590177238 0.806197882
1341846108.273872 0.069513731 0.050715163 -0.036452636 -0.046900943 0.016689695 -0.597183168 0.800558567
1341846108.305866 0.075079791 0.049791384 -0.038488369 -0.052003823 0.021978363 -0.605796814 0.793613732
1341846108.341858 0.086394295 0.061551861 -0.036306061 -0.048691228 0.024200732 -0.609952390 0.790570378
1341846108.373928 0.073631436 0.053929627 -0.033124823 -0.056313638 0.028966073 -0.611903429 0.788393259
1341846108.406059 0.074023470 0.052980874 -0.033485763 -0.061389625 0.032916050 -0.615336716 0.785180628
1341846108.441881 0.074465573 0.055997349 -0.025075650 -0.061059978 0.034491677 -0.616418362 0.784289777
1341846108.473918 0.070359655 0.052177757 -0.028504349 -0.061875615 0.037064977 -0.615375519 0.784927130
1341846108.506142 0.073262736 0.051801294 -0.027776903 -0.059100505 0.038290150 -0.613084435 0.786872566
1341846108.541923 0.074685916 0.052312728 -0.030471452 -0.059533097 0.040230948 -0.614125490 0.785930753
1341846108.573967 0.064737245 0.046507802 -0.037253007 -0.064757541 0.048414327 -0.620217443 0.780251801
1341846108.609979 0.073428094 0.047327422 -0.032276116 -0.059146442 0.055537213 -0.619925737 0.780454636
1341846108.641701 0.081909873 0.052232854 -0.023900559 -0.051444925 0.053667858 -0.611276448 0.787917733
1341846108.673868 0.063299403 0.047769547 -0.032073751 -0.057795864 0.061275449 -0.611591280 0.786677241
1341846108.710024 0.071191959 0.044658896 -0.031269636 -0.050166637 0.067973375 -0.607338786 0.789938331
1341846108.742835 0.074667729 0.044720922 -0.031060740 -0.045641225 0.070689604 -0.605293095 0.791542888
1341846108.773793 0.070568062 0.047957931 -0.027706215 -0.042824838 0.079637632 -0.605205059 0.790917635
1341846108.810032 0.074984848 0.043980692 -0.027364751 -0.036886413 0.083484560 -0.604574740 0.791302145
1341846108.841885 0.080923527 0.042800739 -0.026727470 -0.032929018 0.083791710 -0.601329207 0.793912947
1341846108.877944 0.078695007 0.041882262 -0.025409909 -0.032389380 0.084793836 -0.599730074 0.795037568
1341846108.909950 0.077742592 0.039184425 -0.026435526 -0.028418304 0.087025188 -0.598514199 0.795864165
1341846108.941882 0.084137648 0.037063304 -0.030852638 -0.025662377 0.085771315 -0.592608154 0.800500035
1341846108.977902 0.082498297 0.037824668 -0.028457168 -0.027305681 0.085323662 -0.589841366 0.802534342
1341846109.009916 0.077460751 0.034646340 -0.028398754 -0.027320752 0.089644112 -0.590992153 0.801215172
1341846109.045986 0.085228391 0.035156604 -0.029104477 -0.022463702 0.089319259 -0.583266616 0.807042420
1341846109.077854 0.084328994 0.032776814 -0.032997180 -0.024113404 0.089530677 -0.582251728 0.807703972
1341846109.109839 0.081024595 0.033540554 -0.026006686 -0.023527212 0.093658358 -0.583497703 0.806352913
1341846109.145865 0.082935005 0.032693036 -0.022757668 -0.017525066 0.093782924 -0.578740776 0.809911549
1341846109.178396 0.084240839 0.033897389 -0.022175003 -0.011689885 0.091252543 -0.572195172 0.814941108
1341846109.209809 0.082586870 0.032215156 -0.019761788 -0.008075752 0.089664303 -0.569953442 0.816730142
1341846109.245810 0.083505265 0.030836660 -0.017942799 0.003167094 0.086359657 -0.562221766 0.822458923
1341846109.277797 0.083477780 0.031263914 -0.003877855 0.015954262 0.079764105 -0.548037291 0.832489252
1341846109.313909 0.075672619 0.028796438 -0.009153357 0.023935815 0.073992707 -0.538985252 0.838717520
1341846109.345968 0.074167088 0.026683703 -0.012937741 0.031743210 0.069757752 -0.528981149 0.845165730
1341846109.377812 0.071500473 0.027852423 -0.009578624 0.037819486 0.065241046 -0.517623544 0.852278829
1341846109.413820 0.085411720 0.035126667 -0.013531371 0.047026545 0.054817926 -0.504570186 0.860344350
1341846109.445954 0.080403119 0.029293105 -0.027847728 0.046454493 0.052224811 -0.495447487 0.865821183
1341846109.490348 0.076076746 0.022789842 -0.025678528 0.044153668 0.052816726 -0.486539096 0.870942354
1341846109.519997 0.081672803 0.029715667 -0.021528959 0.047110543 0.050670054 -0.479649037 0.874728501
1341846109.545959 0.079825953 0.028215175 -0.020523943 0.049439453 0.047525495 -0.468332112 0.880887091
1341846109.581855 0.069853805 0.020908361 -0.019018492 0.049235411 0.046710070 -0.455877393 0.887451291
1341846109.613999 0.068754226 0.022133499 -0.013621632 0.055977561 0.039644200 -0.438027173 0.896340907
1341846109.645963 0.062854268 0.017713074 -0.020327494 0.059093803 0.029463204 -0.416533530 0.906719148
1341846109.681808 0.061202005 0.015623246 -0.017787633 0.064463288 0.022995727 -0.397371471 0.915101945
1341846109.713847 0.062936187 0.016038453 -0.021436168 0.067791432 0.017623676 -0.381099343 0.921876848
1341846109.745831 0.069260322 0.019844353 -0.025968077 0.070481874 0.013469854 -0.368680030 0.926782548
1341846109.781814 0.069923885 0.017433813 -0.029513884 0.070693135 0.010893689 -0.356293380 0.931632340
1341846109.813956 0.067006879 0.016341882 -0.028918441 0.071199454 0.011891141 -0.347213447 0.935003757
1341846109.850256 0.065163940 0.018133281 -0.023828447 0.073761947 0.010444454 -0.337649226 0.938319266
1341846109.881767 0.061637394 0.013557295 -0.026012719 0.074833095 0.007402180 -0.329791456 0.941054106
1341846109.913863 0.062746957 0.014054798 -0.028439157 0.077698380 0.004878811 -0.323837340 0.942904294
1341846109.949976 0.064691871 0.014186254 -0.030042347 0.077929325 0.003388644 -0.322500259 0.943349957
1341846109.981998 0.060021304 0.011320495 -0.027865218 0.077549942 0.004669740 -0.323617458 0.942993104
1341846110.017884 0.058638610 0.010170327 -0.027385265 0.079913303 0.003362063 -0.321704686 0.943455696
1341846110.049982 0.057605680 0.007351819 -0.028482335 0.081469133 0.002713975 -0.317197978 0.944849670
1341846110.082565 0.057162009 0.005584606 -0.026965423 0.085300595 0.002253246 -0.311844826 0.946293533
1341846110.117943 0.057562128 0.008089344 -0.026565744 0.088716418 -0.000600138 -0.303935260 0.948552787
1341846110.150254 0.057758875 0.004824266 -0.027877238 0.088362582 -0.002637428 -0.296906888 0.950805664
1341846110.181980 0.058264814 0.004120870 -0.027993893 0.090327278 -0.003710126 -0.287853241 0.953397989
1341846110.217907 0.059797667 0.006413899 -0.026917120 0.091368213 -0.005977619 -0.280045897 0.955609977
1341846110.249883 0.059833992 0.006901892 -0.027343810 0.090588219 -0.008333308 -0.271361798 0.958168626
1341846110.286020 0.056329664 0.000889913 -0.028469387 0.090284444 -0.010783601 -0.260698915 0.961128771
1341846110.356025 0.061676338 0.007284529 -0.029370585 0.093693517 -0.015365970 -0.238589615 0.966467977
1341846110.386335 0.060762577 0.005513502 -0.030341920 0.090890028 -0.015916821 -0.233447209 0.967981458
1341846110.417989 0.058800712 0.003846510 -0.030469134 0.091289528 -0.015354523 -0.228478178 0.969137847
1341846110.449878 0.056112774 0.005355845 -0.028297609 0.092967629 -0.016845835 -0.221935228 0.970473051
1341846110.485899 0.058715243 0.005259883 -0.030820560 0.093479961 -0.019663084 -0.218273208 0.971201181
1341846110.517949 0.058268316 0.004708410 -0.031126071 0.093105413 -0.019660251 -0.217308134 0.971453547
1341846110.554149 0.055127922 0.005806678 -0.029392352 0.093009770 -0.020127395 -0.214274779 0.972126722
1341846110.585896 0.054951325 0.004806404 -0.030221470 0.092541166 -0.023602856 -0.210950196 0.972820163
1341846110.617933 0.058182120 0.007619150 -0.028778026 0.092717595 -0.026286149 -0.206483617 0.973692477
1341846110.653885 0.054218005 0.006166084 -0.028744377 0.090387598 -0.026453430 -0.199504644 0.975360572
1341846110.686533 0.053730540 0.003980176 -0.029185157 0.090610743 -0.030340509 -0.189144984 0.977288783
1341846110.717831 0.066122301 0.003778304 -0.035126537 0.091049120 -0.034946065 -0.179362223 0.978937209
1341846110.753826 0.060245730 0.002838863 -0.032326687 0.089177132 -0.030598670 -0.167302161 0.981387377
1341846110.785789 0.058016855 0.000165380 -0.030798843 0.089139059 -0.029359382 -0.155041039 0.983440161
1341846110.821828 0.060828999 0.002230651 -0.029847069 0.090826035 -0.031237308 -0.143130332 0.985032260
1341846110.853855 0.063916139 -0.000120992 -0.030715395 0.089472741 -0.031707194 -0.131945699 0.986701369
1341846110.885864 0.061922707 -0.001236797 -0.029928327 0.090079442 -0.029569807 -0.122503079 0.987929285
1341846110.921999 0.059888389 0.000415904 -0.030729575 0.091519758 -0.029358121 -0.114361502 0.988778830
1341846110.953861 0.063902713 -0.001883472 -0.032723304 0.090182938 -0.030614480 -0.108629823 0.989509642
1341846110.985986 0.063898295 -0.003326564 -0.032645933 0.090104468 -0.028176036 -0.104998894 0.989981055
1341846111.021940 0.064695828 0.003422161 -0.031512797 0.091209039 -0.028236443 -0.101186529 0.990275145
1341846111.053945 0.063454024 0.001530415 -0.031121070 0.086960599 -0.028804382 -0.099593632 0.990802348
1341846111.089856 0.061999451 0.000363417 -0.030797474 0.085047178 -0.029825395 -0.094895460 0.991399169
1341846111.121811 0.059541911 0.001833790 -0.030693173 0.084065571 -0.031828713 -0.087516189 0.992099166
1341846111.153919 0.059688430 -0.003179918 -0.029692320 0.082602084 -0.035785608 -0.080292866 0.992698014
1341846111.189911 0.054710060 -0.003408655 -0.032056581 0.083006158 -0.037190378 -0.073373891 0.993148029
1341846111.221870 0.063018903 0.001189273 -0.031517904 0.081163600 -0.041208494 -0.066512764 0.993624866
1341846111.258571 0.055461459 -0.002621105 -0.033594657 0.076559700 -0.039645765 -0.062945232 0.994286001
1341846111.289825 0.055889115 -0.003666440 -0.032427255 0.074041203 -0.040674709 -0.059633408 0.994639277
1341846111.321895 0.060568240 -0.006348903 -0.032255720 0.073632129 -0.042287711 -0.057391979 0.994734228
1341846111.357890 0.052674275 -0.004152518 -0.033105589 0.075191215 -0.041029871 -0.051521052 0.994991660
1341846111.390567 0.053043194 -0.006875214 -0.034032941 0.072649539 -0.043292068 -0.047047809 0.995306134
1341846111.421924 0.064907692 -0.006643443 -0.032226045 0.073912099 -0.047220312 -0.043863393 0.995180011
1341846111.457975 0.061139926 -0.001437346 -0.032774825 0.075280055 -0.045314759 -0.037216786 0.995436788
1341846111.490354 0.059105068 -0.005089173 -0.032599356 0.073159695 -0.047271237 -0.029197702 0.995771348
1341846111.525824 0.061793156 -0.007758483 -0.032433052 0.073888816 -0.050094750 -0.019978700 0.995807111
1341846111.557829 0.060824301 -0.003303602 -0.032830201 0.075584702 -0.049871009 -0.009525764 0.995845914
1341846111.589761 0.059430365 -0.003093296 -0.031966232 0.073652275 -0.051958997 0.000958589 0.995929062
1341846111.625966 0.063090809 -0.004648654 -0.030026646 0.072042212 -0.054604843 0.012795913 0.995823562
1341846111.658029 0.062559992 -0.005381182 -0.030323990 0.071474515 -0.052996505 0.026073443 0.995692194
1341846111.689871 0.063538872 -0.004871396 -0.032499675 0.071085557 -0.053049847 0.038005348 0.995333195
1341846111.725851 0.065440200 -0.004848232 -0.031639818 0.069435239 -0.054243378 0.050360233 0.994836807
1341846111.757957 0.068078592 -0.008501516 -0.031331837 0.067643039 -0.053604446 0.061870426 0.994345546
1341846111.793921 0.066320390 -0.007617542 -0.031251870 0.068383448 -0.052788001 0.074116811 0.993500769
1341846111.825999 0.064967573 -0.008866015 -0.033368178 0.067373179 -0.053929824 0.084713355 0.992661119
1341846111.857852 0.068979859 -0.011540684 -0.031451769 0.066909604 -0.056627974 0.094816938 0.991627991
1341846111.893939 0.067406580 -0.008480773 -0.032821134 0.069897205 -0.055573866 0.100853078 0.990885735
1341846111.925817 0.060696822 -0.008725162 -0.031504214 0.069291383 -0.056253415 0.107859924 0.990151763
1341846111.957857 0.068319142 -0.016573515 -0.032613143 0.067473680 -0.063642003 0.115213200 0.989000976
1341846111.993917 0.064018570 -0.012839044 -0.034445796 0.071249276 -0.063796259 0.121584140 0.987962961
1341846112.025975 0.062617518 -0.015492757 -0.033103697 0.070405297 -0.065122090 0.129450411 0.986937046
1341846112.061964 0.064431384 -0.017082904 -0.032946926 0.070922524 -0.067304447 0.139953271 0.985318840
1341846112.094004 0.069045208 -0.018710783 -0.031782042 0.071823455 -0.070071481 0.152215287 0.983240545
1341846112.125857 0.070874542 -0.019545218 -0.032690976 0.072974049 -0.070914343 0.165531307 0.980941057
1341846112.161882 0.074431442 -0.020481441 -0.034271426 0.075441532 -0.074003197 0.179942667 0.977984011
1341846112.193903 0.074232332 -0.025191568 -0.035397124 0.077986829 -0.075757928 0.194034338 0.974950969
1341846112.230507 0.075679936 -0.026348276 -0.033165555 0.081420816 -0.078210846 0.204529479 0.972327828
1341846112.261848 0.071255229 -0.023648443 -0.031459887 0.084650636 -0.076892897 0.211524233 0.970659196
1341846112.293912 0.076221727 -0.027641857 -0.033776067 0.083148427 -0.077595048 0.220224798 0.968796372
1341846112.329892 0.080115795 -0.032464746 -0.034090217 0.087053843 -0.080066897 0.233380392 0.965165555
1341846112.361751 0.078308411 -0.032036427 -0.036884360 0.091686584 -0.079042837 0.242319658 0.962614655
1341846112.393853 0.074390411 -0.030683920 -0.035394382 0.094746463 -0.077449806 0.248071045 0.960981488
1341846112.429940 0.076078951 -0.032720156 -0.036576420 0.095574111 -0.076897711 0.253598779 0.959499896
1341846112.461839 0.075006537 -0.035996210 -0.036917072 0.097021304 -0.076536357 0.261171162 0.957349837
1341846112.498139 0.075548127 -0.035233811 -0.037217036 0.099203162 -0.076989450 0.267001927 0.955479622
1341846112.530069 0.072362058 -0.034061145 -0.038769532 0.099891692 -0.076313168 0.270858377 0.954376101
1341846112.562160 0.069293901 -0.033959772 -0.038953561 0.098614328 -0.077487022 0.275561243 0.953067124
1341846112.597968 0.072622366 -0.038453829 -0.041479386 0.096611030 -0.081185490 0.285574436 0.950011849
1341846112.630702 0.070975132 -0.034313202 -0.040219717 0.098791897 -0.083060332 0.294517964 0.946889818
1341846112.661861 0.069799051 -0.031830635 -0.041377064 0.097078145 -0.083550774 0.302234530 0.944589555
1341846112.698170 0.072580196 -0.034965269 -0.041166838 0.092411526 -0.084043145 0.311310947 0.942062855
1341846112.729995 0.074404620 -0.037916351 -0.039127879 0.090777867 -0.084906548 0.321898431 0.938579619
1341846112.765875 0.077694438 -0.033354085 -0.036559630 0.091932356 -0.084944770 0.331582099 0.935086191
1341846112.798043 0.084187225 -0.034317780 -0.028625909 0.091826059 -0.080945469 0.341950148 0.931711316
1341846112.829969 0.081969932 -0.035660293 -0.032428902 0.093266614 -0.072794795 0.355121911 0.927302897
1341846112.865900 0.079177834 -0.033638097 -0.038819708 0.092617303 -0.070085868 0.364303291 0.924009264
1341846112.897929 0.082438007 -0.034818724 -0.035431460 0.090441324 -0.070442945 0.372395843 0.920966625
1341846112.935783 0.085247897 -0.035516847 -0.034869503 0.090748809 -0.068487383 0.380537093 0.917750299
1341846112.965965 0.079491735 -0.035964023 -0.038959809 0.090361886 -0.065500312 0.388453603 0.914684772
1341846112.998277 0.083584413 -0.037259132 -0.037628036 0.088637136 -0.067739584 0.396722764 0.911134362
1341846113.033814 0.085246034 -0.033684485 -0.032350920 0.090570845 -0.067085676 0.403882623 0.907841027
1341846113.072059 0.085449308 -0.032091986 -0.030512165 0.090606801 -0.063530788 0.411077112 0.904859066
1341846113.139948 0.088888176 -0.035324335 -0.030462865 0.089512147 -0.060986124 0.429031730 0.896772027
1341846113.165863 0.090128221 -0.030601937 -0.031894717 0.091502041 -0.057630852 0.438787013 0.892060578
1341846113.198174 0.087805644 -0.032682233 -0.031089872 0.090239927 -0.053016644 0.450623333 0.886557758
1341846113.233852 0.089664847 -0.034393750 -0.029385559 0.089591540 -0.052017253 0.459266663 0.882236779
1341846113.265850 0.093456544 -0.030760083 -0.030889530 0.090537846 -0.050390340 0.466222823 0.878578424
1341846113.301938 0.094644256 -0.031528842 -0.029875454 0.091015540 -0.046088066 0.478639215 0.872064590
1341846113.333866 0.092457347 -0.032937873 -0.032150295 0.090855792 -0.042250492 0.490017861 0.865934551
1341846113.366028 0.094857842 -0.032939989 -0.033732671 0.089453474 -0.042098008 0.501299500 0.859607279
1341846113.401917 0.097504996 -0.032987539 -0.029965747 0.090194747 -0.040594261 0.512350142 0.853061736
1341846113.433895 0.095629044 -0.033189096 -0.038648993 0.089979880 -0.038017575 0.522188783 0.847217321
1341846113.469984 0.097468391 -0.033952713 -0.032677606 0.089229003 -0.039661247 0.531634688 0.841326177
1341846113.501829 0.099960066 -0.033509012 -0.029760834 0.090359993 -0.039117415 0.538921952 0.836581171
1341846113.533888 0.096681602 -0.034395952 -0.035257541 0.090465315 -0.037734199 0.545777798 0.832177103
1341846113.569800 0.099773251 -0.034603599 -0.035725549 0.088875920 -0.041012023 0.555033982 0.826048672
1341846113.601892 0.101324268 -0.033887882 -0.029406181 0.090294130 -0.042547222 0.559860289 0.822552860
1341846113.634488 0.095749415 -0.033965465 -0.031707596 0.090282418 -0.038845155 0.566652715 0.818073869
1341846113.669776 0.095035285 -0.035360772 -0.043566931 0.086757660 -0.037961874 0.577696383 0.810739756
1341846113.701823 0.104156703 -0.035696503 -0.042272750 0.085443392 -0.041287951 0.590106428 0.801728845
1341846113.737952 0.096080020 -0.036271747 -0.046947695 0.088487670 -0.038064223 0.596063554 0.797138214
1341846113.769790 0.091520205 -0.035338100 -0.048228472 0.086649425 -0.038782168 0.601601243 0.793135405
1341846113.801808 0.095974259 -0.034572925 -0.041956875 0.084492661 -0.041733503 0.608085752 0.788258195
1341846113.837973 0.094687022 -0.034304954 -0.044476457 0.084643632 -0.040102705 0.612785399 0.784679115
1341846113.869842 0.097432688 -0.036985643 -0.047083259 0.081578977 -0.041366696 0.621153772 0.778332651
1341846113.901753 0.098529018 -0.035226494 -0.041856784 0.082695581 -0.042297583 0.628348589 0.772366822
1341846113.937955 0.093838386 -0.033875752 -0.044098020 0.084033400 -0.038054492 0.635144949 0.766864538
1341846113.969840 0.094247885 -0.035587776 -0.051025469 0.079982221 -0.037917059 0.642223001 0.761390030
1341846114.005912 0.094949193 -0.033718836 -0.041152008 0.079012848 -0.039550543 0.648376346 0.756175101
1341846114.043864 0.095672593 -0.033709727 -0.044436183 0.077060327 -0.036731068 0.657235563 0.748835087
1341846114.069860 0.097563095 -0.034130473 -0.047905926 0.074513517 -0.036019940 0.666634738 0.740775585
1341846114.106082 0.100991659 -0.034345940 -0.048809044 0.073684543 -0.039900698 0.671843052 0.735938489
1341846114.137798 0.096804254 -0.033035632 -0.046802435 0.075110108 -0.038950153 0.674681902 0.733243287
1341846114.170101 0.095399737 -0.033109207 -0.046678018 0.074372604 -0.036543045 0.677664816 0.730687141
1341846114.205882 0.096950144 -0.034150627 -0.053459484 0.071570233 -0.037810158 0.679996014 0.728734195
1341846114.237814 0.097857259 -0.033387013 -0.047844406 0.071503848 -0.040571939 0.680236042 0.728368044
1341846114.273904 0.097333878 -0.033755098 -0.048161324 0.072413951 -0.040846933 0.682811916 0.725848258
1341846114.305813 0.097422779 -0.033669733 -0.050316941 0.071879618 -0.042811085 0.686959088 0.721864045
1341846114.337919 0.096824296 -0.033913411 -0.046567637 0.072528884 -0.043355957 0.687687278 0.721072853
1341846114.374059 0.097795568 -0.033006851 -0.048413668 0.072478920 -0.043823957 0.689799130 0.719029486
1341846114.406296 0.099282123 -0.034832224 -0.051572397 0.071351714 -0.045604944 0.693813622 0.715158522
1341846114.441861 0.097620763 -0.032353859 -0.048570178 0.073189124 -0.048774071 0.694472492 0.714123547
1341846114.473886 0.094220951 -0.033662975 -0.049125053 0.073989935 -0.048180740 0.694924295 0.713641584
1341846114.506009 0.096131802 -0.034634121 -0.052208066 0.071857609 -0.050023042 0.699120462 0.709622979
1341846114.541924 0.099036008 -0.033057671 -0.048596445 0.072362855 -0.053871032 0.700547874 0.707880080
1341846114.573824 0.091180071 -0.032823741 -0.048636686 0.075046189 -0.051147971 0.695960581 0.712313712
1341846114.605897 0.089385159 -0.034576356 -0.054634620 0.071324550 -0.049384080 0.694652319 0.714095414
1341846114.641888 0.095735691 -0.031205643 -0.047735821 0.069251753 -0.054775126 0.696170568 0.712425709
1341846114.673974 0.092782535 -0.030481540 -0.046123642 0.072584055 -0.052981522 0.695864677 0.712528586
1341846114.709730 0.087953873 -0.032684743 -0.055525023 0.070743360 -0.050373357 0.690911829 0.717703760
1341846114.741795 0.089496866 -0.030017225 -0.048971325 0.068513602 -0.053169314 0.687321723 0.721157253
1341846114.773917 0.090445340 -0.029571401 -0.045623478 0.068582207 -0.053646155 0.681756794 0.726378858
1341846114.810044 0.089406997 -0.029381962 -0.046920840 0.069168210 -0.052673452 0.671553135 0.735838115
1341846114.841856 0.089918382 -0.029228896 -0.046709906 0.067637920 -0.053557672 0.659097552 0.747092426
1341846114.873982 0.090938941 -0.029246289 -0.042635594 0.068050414 -0.054655220 0.647525132 0.757029176
1341846114.909807 0.090635210 -0.028804814 -0.040945098 0.073221400 -0.052924614 0.637287021 0.765312254
1341846114.941865 0.098816946 -0.030042343 -0.043707963 0.078031808 -0.052872330 0.631606102 0.769538343
1341846114.977980 0.091329716 -0.027435543 -0.043873519 0.086034313 -0.050448257 0.625400782 0.773903728
1341846115.009784 0.086753428 -0.027618304 -0.047046304 0.087983370 -0.046816565 0.616285086 0.781191349
1341846115.041927 0.084637471 -0.026744813 -0.048059601 0.086823903 -0.044275645 0.607089043 0.788634360
1341846115.077974 0.086493649 -0.027818883 -0.051103845 0.085296229 -0.045886829 0.601115584 0.793271124
1341846115.109710 0.084134139 -0.025195729 -0.045318868 0.087110460 -0.047663994 0.591796279 0.799948156
1341846115.142130 0.081023671 -0.023169473 -0.047179274 0.087035015 -0.046193827 0.580696106 0.808135569
1341846115.177979 0.076879308 -0.023036342 -0.048758816 0.082566731 -0.045888219 0.567622066 0.817852199
1341846115.209893 0.072921425 -0.021780668 -0.048872672 0.077634595 -0.048058264 0.555768788 0.826307654
1341846115.245960 0.069041505 -0.017316505 -0.043651436 0.073424011 -0.046995644 0.546392798 0.832979739
1341846115.277850 0.066840626 -0.016931105 -0.045888793 0.067135632 -0.043713436 0.538664520 0.838702857
1341846115.309821 0.066829287 -0.015918083 -0.047777064 0.059811603 -0.044637907 0.528136134 0.845873654
1341846115.345985 0.068370238 -0.012856795 -0.041007794 0.054909244 -0.046164524 0.517105699 0.852909982
1341846115.377811 0.069247134 -0.012375445 -0.040487465 0.051265210 -0.045316260 0.502543747 0.861839950
1341846115.409843 0.058186561 -0.008596743 -0.047536157 0.047906827 -0.040960260 0.480528235 0.874711275
1341846115.445793 0.058911581 -0.004911946 -0.040618192 0.042115711 -0.041411228 0.462444514 0.884678721
1341846115.478059 0.071060032 -0.005335090 -0.033882160 0.038615819 -0.044825587 0.453179300 0.889453769
1341846115.513951 0.069482781 -0.006372982 -0.037919357 0.041041788 -0.042667422 0.442166001 0.894977272
1341846115.545891 0.061270617 -0.001815657 -0.043281302 0.041598946 -0.041695811 0.430927664 0.900462270
1341846115.577954 0.061881058 0.001820770 -0.039052710 0.039721850 -0.043282252 0.418805152 0.906173885
1341846115.613954 0.061887436 0.001045183 -0.039050277 0.038076095 -0.042094890 0.406702459 0.911795676
1341846115.645824 0.056996319 0.000308122 -0.046895579 0.036832593 -0.041554768 0.391432047 0.918530107
1341846115.681882 0.053178970 0.005180231 -0.040740144 0.035293970 -0.042502496 0.374891669 0.925421059
1341846115.714384 0.056976274 0.008599250 -0.035745133 0.032905493 -0.042541124 0.359336227 0.931657076
1341846115.746144 0.053839922 0.007173951 -0.039612535 0.030400671 -0.038065106 0.345993608 0.936971307
1341846115.781725 0.053991653 0.007452799 -0.040174149 0.027771277 -0.038760886 0.336973995 0.940305710
1341846115.813812 0.054783415 0.011425813 -0.036706839 0.026741115 -0.037405089 0.325183779 0.944532335
1341846115.848050 0.056566462 0.011401373 -0.038789995 0.025546247 -0.032815970 0.313480496 0.948683560
1341846115.881857 0.051612470 0.012247761 -0.041402373 0.023991499 -0.028486680 0.304813325 0.951683640
1341846115.913919 0.050958950 0.013367248 -0.041017551 0.020236822 -0.028126866 0.297870815 0.953977108
1341846115.950006 0.057061408 0.012710265 -0.036938436 0.017519372 -0.027666306 0.288770199 0.956838250
1341846115.982063 0.056441456 0.012727481 -0.037938893 0.017350215 -0.022917487 0.280875742 0.959313571
1341846116.014067 0.052514188 0.010790914 -0.039815258 0.016022038 -0.020329949 0.277220994 0.960457444
1341846116.050272 0.054151524 0.010473057 -0.038039878 0.016247895 -0.021675684 0.272329450 0.961822689
1341846116.081984 0.054978922 0.012817807 -0.036663383 0.018846519 -0.019865690 0.262961358 0.964417696
1341846116.113928 0.050488073 0.013156021 -0.038820758 0.017917316 -0.015823431 0.254800528 0.966698110
1341846116.149901 0.050979562 0.009391895 -0.038282938 0.015794292 -0.017392401 0.249908030 0.967984498
1341846116.181797 0.054622483 0.009656527 -0.036648788 0.018486567 -0.018941848 0.240556285 0.970274270
1341846116.219755 0.051680245 0.013339447 -0.037371960 0.020160466 -0.015409334 0.231359392 0.972537339
1341846116.252587 0.052584901 0.009918730 -0.036355529 0.017302370 -0.015136228 0.225239858 0.974032104
1341846116.282014 0.055660613 0.007994405 -0.035286028 0.018867726 -0.015341807 0.220082805 0.975178063
1341846116.319031 0.053715177 0.011497418 -0.037587438 0.021599073 -0.013277156 0.215407118 0.976195157
1341846116.349920 0.053420983 0.012560342 -0.037081208 0.020821847 -0.012504050 0.212769374 0.976800561
1341846116.381987 0.055843774 0.012931297 -0.035602201 0.020732010 -0.012175684 0.209069669 0.977605104
1341846116.417962 0.053081155 0.013538846 -0.036707565 0.020934971 -0.009378457 0.203893602 0.978724241
1341846116.449943 0.051376253 0.015768152 -0.036925327 0.020808537 -0.008463302 0.196510240 0.980244398
1341846116.486079 0.055032011 0.015341270 -0.036022231 0.019524451 -0.008209546 0.186897874 0.982150972
1341846116.517901 0.051411655 0.016836960 -0.037973542 0.019009532 -0.005538515 0.176855296 0.984037697
1341846116.549851 0.050759159 0.017061306 -0.038185555 0.017346689 -0.006489376 0.167475402 0.985702276
1341846116.585719 0.052759402 0.018385604 -0.037986886 0.016062737 -0.007171816 0.156506851 0.987520218
1341846116.617985 0.053922065 0.019788355 -0.036804155 0.014410206 -0.005528249 0.149442241 0.988649964
1341846116.653901 0.051820710 0.018638758 -0.038051121 0.012797400 -0.004879132 0.147991434 0.988893807
1341846116.686079 0.054031137 0.018755682 -0.036295772 0.012959505 -0.006339092 0.147051439 0.989023626
1341846116.717942 0.055276100 0.020999067 -0.036716372 0.014772844 -0.004266010 0.144147590 0.989436686
1341846116.753865 0.050043687 0.021527709 -0.037356120 0.014030978 -0.000845479 0.142098188 0.989752769
1341846116.785839 0.048146248 0.018010197 -0.037057195 0.013010024 -0.001974427 0.139026061 0.990201294
1341846116.818815 0.050371412 0.019985551 -0.036109250 0.015803212 -0.003352755 0.130467936 0.991320908
1341846116.853902 0.047048923 0.023258565 -0.037039749 0.015802901 -0.001357734 0.122417711 0.992351890
1341846116.886435 0.044243012 0.019637400 -0.036441088 0.014174759 -0.002066740 0.115142129 0.993245721
1341846116.921838 0.047502220 0.020836355 -0.035284329 0.016173938 -0.004411978 0.107422732 0.994072080
1341846116.953941 0.045586128 0.020890456 -0.035000898 0.016709076 -0.003811867 0.099976204 0.994842231
1341846116.985759 0.042627625 0.019461453 -0.034937963 0.016479054 -0.004017823 0.092523932 0.995565951
1341846117.021816 0.043561019 0.019616921 -0.034016203 0.017356008 -0.006351826 0.085515030 0.996165454
1341846117.054055 0.042426988 0.021161145 -0.034312773 0.018801669 -0.007335799 0.078403398 0.996717393
1341846117.085953 0.040013894 0.020285692 -0.034501087 0.018138316 -0.008023644 0.070964068 0.997281671
1341846117.121840 0.039545357 0.018614413 -0.033743180 0.018216949 -0.009922381 0.065614492 0.997629404
1341846117.154178 0.038882617 0.019202592 -0.033524036 0.019628845 -0.011412112 0.060542025 0.997907400
1341846117.190028 0.039103791 0.017895883 -0.034267299 0.020451443 -0.012767937 0.057026822 0.998081505
1341846117.221812 0.040931419 0.019188918 -0.033512175 0.021441776 -0.014108720 0.051869765 0.998323917
1341846117.253848 0.040812176 0.018633904 -0.034176741 0.020965159 -0.012717357 0.047241021 0.998582482
1341846117.289976 0.035894956 0.017603993 -0.034924116 0.020653771 -0.012148954 0.046055160 0.998651445
1341846117.321956 0.039377771 0.017294457 -0.034132835 0.021140283 -0.016250078 0.043702316 0.998688698
1341846117.354004 0.044069551 0.017181348 -0.034177788 0.022448270 -0.015629554 0.039268583 0.998854220
1341846117.389874 0.038716745 0.019010982 -0.035611190 0.022825923 -0.011852421 0.036786407 0.998992145
1341846117.421707 0.037341055 0.017016672 -0.033338308 0.021504859 -0.014295791 0.034997780 0.999053717
1341846117.457914 0.043036081 0.017429631 -0.033192456 0.023680873 -0.017146505 0.032319974 0.999049842
1341846117.490067 0.040428851 0.020272626 -0.034205422 0.024374478 -0.014882136 0.029432205 0.999158680
1341846117.521746 0.035951156 0.018026844 -0.033987202 0.021925434 -0.015326270 0.027266523 0.999270201
1341846117.557896 0.039108641 0.016798884 -0.032548212 0.023148334 -0.019180473 0.025617391 0.999219716
1341846117.590027 0.039323032 0.018480448 -0.033364546 0.024416180 -0.019760124 0.024724629 0.999200702
1341846117.621818 0.036477473 0.015569809 -0.031481192 0.023906685 -0.020415556 0.024665613 0.999201357
1341846117.658054 0.038005307 0.012854228 -0.032087497 0.025752606 -0.023496756 0.025371667 0.999070048
1341846117.689984 0.039677501 0.013291311 -0.032465056 0.028382137 -0.024273651 0.024624890 0.998998940
1341846117.725898 0.038219791 0.009299229 -0.032287285 0.029090585 -0.024303840 0.023309048 0.999009371
1341846117.757737 0.037318107 0.007027881 -0.033109523 0.032481048 -0.025601011 0.022164753 0.998898566
1341846117.790023 0.038355719 0.008197057 -0.033589069 0.034898825 -0.028020898 0.020586587 0.998785794
1341846117.825949 0.041306667 0.005457773 -0.033914618 0.035550054 -0.029956661 0.018189592 0.998753190
1341846117.857847 0.041821435 0.005984251 -0.034245387 0.037841063 -0.029058861 0.018011196 0.998698771
1341846117.893987 0.039660715 0.007202201 -0.034582112 0.038591549 -0.028789431 0.020457182 0.998630762
1341846117.925908 0.042479765 0.005999520 -0.033509988 0.038367983 -0.031732116 0.023164408 0.998491049
1341846117.958141 0.048295528 0.006366451 -0.034230132 0.039108012 -0.032344054 0.024712654 0.998405576
1341846117.993978 0.044601958 0.008883128 -0.034404900 0.039063837 -0.028997617 0.027502963 0.998437166
1341846118.025852 0.043357033 0.008614376 -0.033884093 0.037727427 -0.029787788 0.030429469 0.998380363
1341846118.058362 0.047802210 0.006872483 -0.033167873 0.036786769 -0.031644437 0.032611046 0.998289466
1341846118.093970 0.047041208 0.007993598 -0.033751097 0.037509959 -0.029669013 0.033412289 0.998296738
1341846118.125943 0.043831587 0.008368605 -0.034226798 0.036788080 -0.028717440 0.034392916 0.998318136
1341846118.161827 0.046567187 0.005606405 -0.033238675 0.035590339 -0.030822026 0.034669392 0.998289227
1341846118.194750 0.049984150 0.005476180 -0.033627428 0.037116315 -0.030420862 0.033665787 0.998280287
1341846118.226048 0.047379054 0.006176207 -0.033453763 0.037544273 -0.028169181 0.034060102 0.998317003
1341846118.261772 0.048088133 0.004040858 -0.033334494 0.037693366 -0.028636551 0.034268796 0.998290956
1341846118.294053 0.050612412 0.003210467 -0.032982156 0.039146125 -0.028531276 0.034742299 0.998221695
1341846118.336123 0.049401127 0.004849434 -0.034083012 0.040618859 -0.026874328 0.034729674 0.998209238
1341846118.362053 0.048300575 0.006219014 -0.033638876 0.040502407 -0.026409058 0.034509476 0.998234034
1341846118.393906 0.053040575 0.003752926 -0.033111926 0.039454259 -0.027232636 0.033805031 0.998278022
1341846118.429882 0.050711825 0.005510994 -0.033190720 0.040863287 -0.024306389 0.033979133 0.998290956
1341846118.461821 0.047822870 0.007138507 -0.033176389 0.040390015 -0.024261020 0.034426194 0.998295963
1341846118.509152 0.050953109 0.005217073 -0.032615628 0.038795922 -0.026169010 0.034856353 0.998296082
1341846118.535838 0.050839547 0.005364022 -0.032608856 0.039438732 -0.025099538 0.034774251 0.998301208
1341846118.567808 0.046451956 0.007225234 -0.033805028 0.039403986 -0.023998084 0.036303110 0.998275280
1341846118.603991 0.049658149 0.003705192 -0.032970127 0.037525408 -0.026773779 0.036697146 0.998262644
1341846118.635802 0.052429657 0.003116700 -0.033730831 0.039434988 -0.025564320 0.035832904 0.998252153
1341846118.667919 0.048753697 0.005587867 -0.034695346 0.040278416 -0.023264589 0.036874034 0.998236835
1341846118.703956 0.049514696 0.002997859 -0.033873346 0.039017938 -0.024704209 0.037751455 0.998219490
1341846118.735837 0.053582761 0.002812240 -0.034576748 0.040560156 -0.024860211 0.037691932 0.998156428
1341846118.772013 0.051296182 0.005363415 -0.035320032 0.041252974 -0.022322005 0.038824264 0.998144567
1341846118.804343 0.050671250 0.003544422 -0.034190867 0.040053099 -0.022646524 0.039535288 0.998158216
1341846118.835817 0.052712701 0.003147689 -0.035046894 0.041309822 -0.023032255 0.039864592 0.998085082
1341846118.872045 0.051800016 0.004838389 -0.035421964 0.041797463 -0.021997388 0.040574506 0.998059511
1341846118.903860 0.051371180 0.004109215 -0.034835279 0.041171845 -0.022512656 0.040057208 0.998094916
1341846118.935809 0.053997535 0.003715491 -0.035026800 0.041275062 -0.023183586 0.038857922 0.998122752
1341846118.971870 0.053580698 0.003625983 -0.035035305 0.041835368 -0.021739746 0.038674172 0.998139024
1341846119.003949 0.051969122 0.002130313 -0.035967413 0.041508518 -0.021625886 0.040068716 0.998100102
1341846119.035768 0.057604421 -0.001460847 -0.036736224 0.042911869 -0.022774424 0.041268203 0.997966349
1341846119.071829 0.056768946 0.000268344 -0.036487542 0.047226090 -0.019040735 0.043873176 0.997738600
1341846119.103837 0.054481462 0.001546902 -0.037122238 0.048708085 -0.017671129 0.045287069 0.997629344
1341846119.136478 0.057386719 -0.000121135 -0.037653215 0.048483070 -0.019150198 0.044769935 0.997636378
1341846119.171928 0.060121525 -0.001739118 -0.037834086 0.050013434 -0.018519135 0.044536151 0.997583210
1341846119.203919 0.058224358 -0.001159191 -0.037950717 0.051979780 -0.016518990 0.046437796 0.997431099
1341846119.239826 0.054964248 -0.002053843 -0.038933542 0.052225992 -0.017116986 0.049128197 0.997279227
1341846119.266059 0.057529356 -0.003343712 -0.037661649 0.052790895 -0.021129964 0.052535579 0.996998847
1341846119.297817 0.058864426 -0.000681117 -0.038856413 0.054424208 -0.022296926 0.053688921 0.996824145
1341846119.334095 0.055871025 -0.001741967 -0.038831212 0.053099424 -0.022621125 0.054833934 0.996825933
1341846119.365757 0.058224335 -0.004960291 -0.038395338 0.052967444 -0.026033487 0.056286540 0.996668756
1341846119.401815 0.060179114 -0.004047529 -0.038384423 0.055137865 -0.027571123 0.057636332 0.996432483
1341846119.434863 0.061799001 -0.003128315 -0.039343558 0.055652026 -0.027447794 0.056481559 0.996473432
1341846119.465868 0.061772149 -0.004550112 -0.039578058 0.055048399 -0.026326394 0.055191018 0.996609509
1341846119.501761 0.062075634 -0.006234547 -0.039338227 0.055800501 -0.025660731 0.055223510 0.996583283
1341846119.533772 0.060629752 -0.004773655 -0.039713487 0.057646092 -0.024843285 0.055339336 0.996492505
1341846119.565854 0.062115476 -0.004507483 -0.039563172 0.057828069 -0.025336733 0.054425392 0.996519864
