1341846092.863824 0.007759731 -0.005201349 -0.000947506 0.072879881 0.006032432 -0.026728634 0.996964276
1341846092.895885 0.038005423 -0.006728433 0.008058764 0.075261548 -0.006719950 -0.031252071 0.996651292
1341846092.927920 0.007288368 -0.008945413 -0.000596256 0.077315986 0.006047155 -0.030865582 0.996510386
1341846092.963849 0.042216759 -0.007834658 0.009272306 0.085960001 -0.007651948 -0.030688675 0.995796442
1341846092.995760 0.046730660 -0.010955965 0.009831444 0.089392260 -0.009079223 -0.029865624 0.995507240
1341846093.027860 0.007908038 -0.013488147 -0.001498694 0.094250374 0.006815928 -0.027937040 0.995133102
1341846093.063741 0.052165866 -0.011566745 0.010923986 0.105242111 -0.011682264 -0.026006561 0.994037867
1341846093.095835 0.052841511 -0.009842238 0.011725774 0.109294504 -0.010925665 -0.028052876 0.993553400
1341846093.125933 0.054969545 -0.014011474 0.010153002 0.111356646 -0.009550711 -0.031448130 0.993236899
1341846093.157795 0.020230133 -0.017612711 -0.000037092 0.114631839 0.006239979 -0.028312756 0.992984891
1341846093.189822 0.026013205 -0.019492596 0.000892719 0.118999563 0.002059239 -0.025840146 0.992555857
1341846093.225887 0.049845513 -0.017987564 0.007309183 0.125649065 -0.007573862 -0.022032931 0.991801143
1341846093.257900 0.048110288 -0.018469816 0.007731762 0.130137831 -0.005094585 -0.021915689 0.991240561
1341846093.289744 0.014591033 -0.023050673 -0.002854725 0.132270843 0.010508060 -0.021349326 0.990927994
1341846093.325795 0.013574218 -0.026128424 -0.003200378 0.137022868 0.011417577 -0.019343385 0.990313232
1341846093.357904 0.036169186 -0.021063592 0.007180659 0.144541204 0.002421300 -0.019057550 0.989312291
1341846093.393841 0.033484418 -0.020968268 0.007076198 0.148328602 0.004875997 -0.019315941 0.988737464
1341846093.425924 0.013136267 -0.030413294 -0.005679490 0.149490610 0.013163051 -0.018804023 0.988496721
1341846093.457796 0.021637678 -0.030334866 -0.004482219 0.156223834 0.008965997 -0.018151730 0.987514198
1341846093.493817 0.041885946 -0.028690429 0.008193542 0.163024902 0.000686736 -0.012510243 0.986542404
1341846093.525871 0.028279545 -0.038789526 -0.001818298 0.163937673 0.006907524 -0.009122370 0.986404300
1341846093.561833 0.032936107 -0.043442182 -0.001427352 0.168928683 0.004741843 -0.005208630 0.985603094
1341846093.593995 0.045914784 -0.032668635 0.009316019 0.180143893 -0.001225193 -0.003989154 0.983631432
1341846093.625945 0.028143805 -0.036578309 -0.000140179 0.180812702 0.007643218 -0.005457706 0.983472705
1341846093.661809 0.017699083 -0.029132709 -0.008422863 0.189828992 0.012883830 -0.011996227 0.981659353
1341846093.693938 0.017182784 -0.031264886 -0.008450111 0.194710091 0.013301494 -0.013112835 0.980682969
1341846093.725842 0.016427163 -0.034031376 -0.010521289 0.198576137 0.012588624 -0.012110032 0.979929805
1341846093.761995 0.021600690 -0.044646997 -0.014173467 0.203437701 0.009389764 -0.011525778 0.978974998
1341846093.794228 0.019747637 -0.044720929 -0.014367595 0.210632801 0.006841530 -0.005862792 0.977523744
1341846093.829820 0.035226882 -0.042572178 0.001329340 0.217643425 -0.003733736 0.001354324 0.976020277
1341846093.861841 0.036887519 -0.044116419 0.000860267 0.221592516 -0.003086936 -0.001966877 0.975132465
1341846093.893823 0.024542773 -0.053162623 -0.015608718 0.225753173 0.003229948 -0.008945253 0.974138081
1341846093.929912 0.028581353 -0.059264258 -0.011790432 0.230827540 -0.002210570 -0.004106256 0.972983479
1341846093.961968 0.034362808 -0.065874942 -0.012609349 0.236372381 -0.004395039 -0.001285135 0.971651733
1341846093.994029 0.026042430 -0.052375261 -0.010702635 0.247140586 -0.000396578 -0.003770328 0.968972206
1341846094.029902 0.024359234 -0.050497793 -0.011406193 0.251026720 0.000357746 -0.005416297 0.967964888
1341846094.062046 0.029917158 -0.059721511 -0.010255029 0.251789182 -0.000075774 -0.004912186 0.967769623
1341846094.097921 0.032095917 -0.063813806 -0.017268756 0.255062938 0.000574369 -0.004935720 0.966911674
1341846094.129856 0.032123864 -0.063943610 -0.016330281 0.256855249 0.001013558 -0.004774428 0.966437578
1341846094.161786 0.035359971 -0.064142250 -0.015181653 0.259815067 0.001965297 -0.005768378 0.965639174
1341846094.197938 0.036075886 -0.066107064 -0.014368437 0.258895785 0.005820436 -0.008403808 0.965851188
1341846094.229967 0.035389520 -0.063824788 -0.014600339 0.260474652 0.008149354 -0.006865246 0.965421855
1341846094.261795 0.028699307 -0.044878062 -0.021193696 0.266385287 0.012498272 -0.011026230 0.963722527
1341846094.297927 0.032031670 -0.043755814 -0.018902395 0.264436752 0.013838707 -0.012825611 0.964218438
1341846094.329846 0.028644085 -0.042920813 -0.021649344 0.262387365 0.016849207 -0.013692449 0.964718342
1341846094.366053 0.027390746 -0.042370781 -0.022331527 0.258878201 0.016425608 -0.012895914 0.965684175
1341846094.397911 0.028904112 -0.040545177 -0.020907709 0.256236464 0.013986422 -0.011884006 0.966439843
1341846094.429746 0.030033855 -0.040968236 -0.021171167 0.250014693 0.014063254 -0.010817545 0.968079448
1341846094.466133 0.026617371 -0.037894648 -0.020134563 0.243479043 0.014393367 -0.010085863 0.969746888
1341846094.497922 0.028360954 -0.039845925 -0.022066254 0.236183777 0.010684300 -0.007273220 0.971622467
1341846094.533970 0.027524184 -0.034871988 -0.020297669 0.231336176 0.008797562 -0.002828342 0.972829998
1341846094.565945 0.029182738 -0.031681523 -0.018169245 0.225327477 0.006145933 -0.001160497 0.974263012
1341846094.597899 0.029424725 -0.036512502 -0.013542863 0.216099292 0.004591013 0.002467005 0.976357460
1341846094.633912 0.024788024 -0.033166625 -0.015047692 0.208475530 0.005095953 0.005484101 0.977998912
1341846094.665844 0.028268026 -0.033832081 -0.013430767 0.201384589 0.001453734 0.009521466 0.979464889
1341846094.697961 0.026396837 -0.033984069 -0.014604708 0.194049969 0.003486361 0.009637618 0.980938077
1341846094.733999 0.026912497 -0.032016113 -0.012417190 0.188315988 0.007357528 0.008967093 0.982039988
1341846094.767923 0.026244327 -0.024139306 -0.013683031 0.184417248 0.008390856 0.013950353 0.982713223
1341846094.801844 0.026259698 -0.018932180 -0.015225133 0.179628387 0.004780599 0.019896692 0.983521700
1341846094.833846 0.028723845 -0.019073842 -0.003886468 0.176019967 0.003022137 0.021443754 0.984148383
1341846094.866031 0.030581698 -0.014819074 -0.007571448 0.168580204 0.005513079 0.022685399 0.985411465
1341846094.901923 0.025974175 -0.004710075 -0.008084241 0.162782267 0.006991853 0.022424636 0.986382365
1341846094.934109 0.024967298 -0.006327378 -0.007327206 0.152764902 0.005063507 0.028414117 0.987841010
1341846094.966365 0.030008109 -0.013807294 -0.009530859 0.142224967 0.001402428 0.032853954 0.989287972
1341846095.002198 0.030618494 -0.012364937 -0.011310138 0.131647840 0.002498269 0.029777477 0.990846097
1341846095.034722 0.028096255 -0.010928966 -0.007235157 0.121314347 0.004646370 0.028345058 0.992198467
1341846095.075946 0.031598046 -0.008930867 -0.005362900 0.116985999 0.003694733 0.032342635 0.992599905
1341846095.104112 0.036035009 -0.009404888 -0.005854315 0.112260565 0.004507222 0.033347014 0.993108869
1341846095.134021 0.036948763 -0.009912645 -0.005339552 0.108527184 0.005941717 0.035586469 0.993438542
1341846095.169946 0.034392316 -0.009342958 -0.006290819 0.106548898 0.007345206 0.039736770 0.993485987
1341846095.201911 0.033465952 -0.006563943 -0.006888735 0.103873983 0.006601946 0.042827170 0.993646026
1341846095.233880 0.035812687 -0.002134337 -0.005922977 0.099930666 0.005427432 0.043297768 0.994037092
1341846095.269927 0.030634409 -0.003560164 -0.006612347 0.094135202 0.007449459 0.044166628 0.994551361
1341846095.301803 0.024867438 -0.001830708 -0.008439852 0.088961147 0.007863855 0.044120859 0.995026350
1341846095.337767 0.027228521 -0.001685704 -0.006707407 0.083249837 0.004356325 0.046210594 0.995447159
1341846095.369772 0.032241821 0.002261255 -0.005576508 0.078248449 0.002868086 0.046659090 0.995837271
1341846095.401800 0.038660754 0.002106216 -0.001353007 0.073183455 0.001665499 0.046430528 0.996235728
1341846095.437762 0.038491447 0.003934043 -0.001281342 0.069340140 0.001007754 0.047676459 0.996452630
1341846095.469900 0.039806969 0.002833716 0.000998694 0.064876854 0.001265883 0.049261037 0.996675849
1341846095.501905 0.039638896 0.004297070 -0.001263397 0.061813410 0.002333544 0.051150270 0.996773481
1341846095.538219 0.039689071 0.009611679 -0.002345579 0.057511788 0.003337662 0.050950356 0.997038305
1341846095.569934 0.040604886 0.010214213 0.000974432 0.052670579 0.003566605 0.049404886 0.997382700
1341846095.606238 0.040444743 0.009447412 -0.000987031 0.047320221 0.004203220 0.050729278 0.997581899
1341846095.637875 0.039028052 0.006937512 -0.001386719 0.042821132 0.004578643 0.052178912 0.997708738
1341846095.669890 0.040823571 0.009217988 -0.002511311 0.040616520 0.003798106 0.052845441 0.997769117
1341846095.705878 0.043672070 0.012359088 -0.000655062 0.037750512 0.004586639 0.052670810 0.997887611
1341846095.737902 0.043484814 0.012604878 -0.001276854 0.033641562 0.006522772 0.053672709 0.997970402
1341846095.773812 0.033985648 0.008198495 -0.003256468 0.029158149 0.009454530 0.056988597 0.997904122
1341846095.806035 0.034954242 0.011463544 -0.004480950 0.026956329 0.009889590 0.057279874 0.997945189
1341846095.838106 0.037946444 0.012978563 -0.004729202 0.022220796 0.010095201 0.056336448 0.998113453
1341846095.873871 0.037911065 0.014384825 -0.005329294 0.018123968 0.012229995 0.054610852 0.998268306
1341846095.905980 0.036988664 0.017826576 -0.005908976 0.013684228 0.012827450 0.054305628 0.998348176
1341846095.937932 0.035416484 0.019454015 -0.002094114 0.009451558 0.011272222 0.057363875 0.998244941
1341846095.973926 0.046966754 0.025520310 0.000493292 0.007465666 0.008557810 0.057177801 0.998299420
1341846096.005891 0.044693362 0.024259213 -0.001746298 0.001381553 0.010008006 0.057511404 0.998293698
1341846096.041838 0.043415628 0.020289887 -0.002159536 -0.005489054 0.009103512 0.056978073 0.998318851
1341846096.073937 0.042729601 0.025364971 0.000705494 -0.007689057 0.008999877 0.054545838 0.998441100
1341846096.105773 0.045052975 0.030422777 -0.000565057 -0.011124805 0.008300755 0.052994695 0.998498321
1341846096.141944 0.042272713 0.023008663 -0.003163947 -0.020949764 0.010023485 0.051246513 0.998415947
1341846096.173951 0.033565432 0.019423535 -0.001470264 -0.024280474 0.011162414 0.051465265 0.998317182
1341846096.205991 0.033936273 0.018832350 -0.002451555 -0.025779448 0.011350038 0.050655745 0.998318851
1341846096.241942 0.032131433 0.017575497 -0.003785650 -0.029006870 0.011538221 0.052598294 0.998127699
1341846096.273909 0.035022400 0.022905733 -0.004140340 -0.029800111 0.009440331 0.051729478 0.998171747
1341846096.309891 0.044389464 0.034376740 -0.003176217 -0.030098014 0.006787857 0.051275846 0.998207808
1341846096.341861 0.043771375 0.031595200 -0.002444895 -0.035127178 0.006404659 0.052111447 0.998002708
1341846096.374240 0.043747962 0.030291200 -0.002163621 -0.036664706 0.005471198 0.051407035 0.997989476
1341846096.409718 0.045248888 0.032372586 -0.001974898 -0.037035752 0.005580315 0.049846061 0.998054385
1341846096.441905 0.043929532 0.034956105 -0.002124005 -0.038876895 0.006586427 0.047334034 0.998100519
1341846096.473846 0.043666121 0.033239003 -0.003400554 -0.042785078 0.006022970 0.044831753 0.998059750
1341846096.510050 0.036675151 0.025233336 -0.001679105 -0.046657972 0.007949186 0.041630223 0.998011410
1341846096.542063 0.038024545 0.024723811 -0.000721527 -0.048341375 0.008353430 0.041302197 0.997941613
1341846096.577955 0.038787309 0.023184163 -0.001931586 -0.051454630 0.008275773 0.041260865 0.997788250
1341846096.609941 0.043829594 0.033672437 -0.004238105 -0.053165223 0.006901773 0.041157059 0.997713327
1341846096.641875 0.037711233 0.025602184 -0.002250842 -0.060336038 0.007600157 0.036482550 0.997482240
1341846096.677902 0.034630846 0.028115127 -0.003994504 -0.062025368 0.009857876 0.035233624 0.997403741
1341846096.709906 0.036279734 0.026327809 -0.005774367 -0.068366677 0.009063093 0.036124699 0.996964872
1341846096.745991 0.034910116 0.028455514 -0.004148352 -0.072784506 0.008894230 0.034462288 0.996712446
1341846096.777870 0.036646001 0.033058465 -0.004809408 -0.074038036 0.009082112 0.031524848 0.996715665
1341846096.810244 0.035770271 0.025050581 -0.009482143 -0.084960684 0.010923839 0.028432207 0.995918691
1341846096.845763 0.040028043 0.033214502 -0.006731410 -0.088548467 0.007884551 0.028158639 0.995642543
1341846096.878199 0.040681537 0.037369397 -0.003494446 -0.090755813 0.007602221 0.027200151 0.995472610
1341846096.909946 0.036976289 0.036740866 -0.005516004 -0.095027290 0.009966609 0.027535737 0.995043874
1341846096.945914 0.036132313 0.036114838 -0.004484438 -0.102877662 0.009328657 0.027298486 0.994275570
1341846096.978058 0.036282212 0.047831710 -0.002463053 -0.105613708 0.009343710 0.024829913 0.994053304
1341846097.014061 0.034637447 0.037926629 -0.002146683 -0.117401361 0.011617767 0.020765392 0.992799461
1341846097.045960 0.035320241 0.035482623 -0.002465585 -0.127191067 0.012397557 0.020031327 0.991598487
1341846097.078464 0.036379065 0.036908131 -0.001897353 -0.132449090 0.012434711 0.019175164 0.990926325
1341846097.113795 0.038209695 0.042063333 -0.002581719 -0.134019926 0.012375291 0.017903671 0.990739584
1341846097.146138 0.037447248 0.039070118 -0.002092387 -0.139613912 0.014172440 0.017160861 0.989955842
1341846097.178019 0.034662817 0.039661076 -0.001370176 -0.143244147 0.016117869 0.017736061 0.989397168
1341846097.213933 0.035329912 0.038947213 -0.000978652 -0.144978330 0.013813742 0.018066840 0.989173412
1341846097.246080 0.035947356 0.041064855 -0.001944409 -0.146092400 0.011853171 0.016659368 0.989059627
1341846097.282030 0.038908798 0.044733163 -0.000909427 -0.147340730 0.011828962 0.016146893 0.988883257
1341846097.313977 0.038816895 0.039683275 -0.001300929 -0.152079880 0.011582651 0.020220345 0.988093436
1341846097.345922 0.036895506 0.041676980 -0.002484014 -0.154734954 0.010993807 0.024749272 0.987584770
1341846097.381852 0.040615294 0.041594837 -0.001245211 -0.159386367 0.010793557 0.027162222 0.986783504
1341846097.413864 0.036564771 0.043258067 -0.003387431 -0.161928043 0.015475485 0.026086619 0.986336350
1341846097.445910 0.033970449 0.041363172 -0.005367632 -0.170734063 0.017687235 0.025849206 0.984819174
1341846097.481979 0.038736239 0.046551898 -0.002377701 -0.177501932 0.015161426 0.023901299 0.983713329
1341846097.514061 0.039272390 0.046833821 -0.004249073 -0.184403405 0.016533643 0.020492787 0.982497871
1341846097.550048 0.039328337 0.043612864 -0.002891903 -0.193046317 0.017865341 0.019683676 0.980829477
1341846097.587812 0.041316498 0.044064574 -0.001912331 -0.201661423 0.016652929 0.018786669 0.979133487
1341846097.619821 0.037841205 0.041321348 -0.000845021 -0.208277002 0.018977055 0.016596729 0.977744877
1341846097.649731 0.039350316 0.032046117 -0.000425989 -0.217118934 0.019638862 0.013999862 0.975847185
1341846097.681970 0.038168520 0.045321520 -0.002601101 -0.215103209 0.020399418 0.013557519 0.976284087
1341846097.714026 0.038756512 0.051736839 -0.001726029 -0.215429932 0.019905694 0.014443411 0.976209521
1341846097.749749 0.039887384 0.048678640 -0.002243295 -0.217598364 0.019307498 0.012205099 0.975771070
1341846097.782019 0.039303645 0.042229351 -0.002794241 -0.224792734 0.019152826 0.010042091 0.974166572
1341846097.817835 0.037112176 0.040266626 -0.001312991 -0.228932768 0.019993190 0.008318847 0.973201334
1341846097.849998 0.040859956 0.051038254 -0.002404433 -0.220610857 0.017950695 0.007900318 0.975164711
1341846097.882032 0.036615357 0.046233326 -0.002177411 -0.222270265 0.018868841 0.007062618 0.974776924
1341846097.917945 0.035665479 0.044549134 -0.001773169 -0.222865686 0.018557491 0.006909491 0.974647999
1341846097.949812 0.037553791 0.046213068 -0.001585314 -0.218464151 0.017418887 0.006149115 0.975670099
1341846097.985786 0.035859533 0.045024969 -0.001088247 -0.213859528 0.019068979 0.004855629 0.976666212
1341846098.017778 0.037426725 0.047123209 -0.001737437 -0.207365826 0.018122599 0.004554078 0.978084981
1341846098.050033 0.037291728 0.049746454 -0.001850696 -0.198986754 0.018228652 0.001136717 0.979831994
1341846098.085962 0.037691008 0.042018294 -0.000835305 -0.198166057 0.019904641 -0.005780476 0.979949296
1341846098.117764 0.033175360 0.047581080 -0.002410116 -0.193979070 0.025367761 -0.012756920 0.980594635
1341846098.149904 0.034734160 0.048276801 -0.002571543 -0.193282351 0.026126809 -0.015156750 0.980678141
1341846098.185874 0.033670891 0.056087647 -0.002599070 -0.184580773 0.026288558 -0.010237400 0.982412338
1341846098.217722 0.035245173 0.048038445 -0.000355527 -0.181425512 0.025130972 -0.007278387 0.983056605
1341846098.253811 0.032881826 0.052900415 -0.005755494 -0.168648615 0.028907893 -0.006332187 0.985231876
1341846098.285939 0.034431811 0.049892392 -0.003676356 -0.160223484 0.029667009 -0.004446782 0.986624777
1341846098.319650 0.031091992 0.053173732 -0.006644502 -0.146406755 0.032808285 -0.005691524 0.988663912
1341846098.353827 0.034874398 0.048984669 -0.004280922 -0.138897344 0.033479303 -0.007923910 0.989708960
1341846098.385963 0.033948850 0.047790993 -0.002336127 -0.131624475 0.036062930 -0.012304278 0.990567029
1341846098.418076 0.033665366 0.041594729 -0.000429738 -0.127378434 0.040471677 -0.017303810 0.990877032
1341846098.453988 0.039710928 0.033378746 0.000047898 -0.128184065 0.040092040 -0.021481622 0.990706801
1341846098.485927 0.039839733 0.031465542 0.003450865 -0.125120789 0.040355645 -0.022318149 0.991069198
1341846098.521907 0.040860754 0.031930760 0.002904012 -0.117727987 0.039369740 -0.022028301 0.992020607
1341846098.553851 0.040171415 0.029958554 0.003579268 -0.110687353 0.040628988 -0.020008542 0.992822886
1341846098.585937 0.036073118 0.035694107 -0.002214943 -0.101189040 0.042090449 -0.015804674 0.993850768
1341846098.621830 0.038676616 0.029833307 0.001787319 -0.094971322 0.040609043 -0.013742166 0.994556427
1341846098.653874 0.037371863 0.027341098 0.000122205 -0.086926453 0.041500822 -0.011162809 0.995287299
1341846098.685832 0.039286483 0.029778102 -0.002774725 -0.078483909 0.038992196 -0.007415556 0.996124923
1341846098.721860 0.037915032 0.029357800 -0.002681979 -0.068719104 0.039026696 -0.004240898 0.996863425
1341846098.753828 0.039277576 0.026692821 -0.002749888 -0.058056865 0.036075283 -0.001197976 0.997660577
1341846098.789998 0.041696053 0.020493580 -0.004050427 -0.049883716 0.034131277 0.002875285 0.998167515
1341846098.827945 0.041514855 0.023659606 -0.003952551 -0.034558430 0.033922289 0.005495722 0.998811662
1341846098.853827 0.041115370 0.018784042 -0.004087910 -0.026009850 0.032285720 0.006734180 0.999117494
1341846098.889904 0.040143892 0.019461835 -0.005548215 -0.014548995 0.030486241 0.011057588 0.999368131
1341846098.921923 0.042818289 0.013165515 -0.008576049 -0.003368695 0.028666303 0.012781678 0.999501646
1341846098.957887 0.038104869 0.005436554 -0.010153883 0.003947487 0.030073527 0.012890719 0.999456763
1341846098.990630 0.037841585 0.008292186 -0.010970031 0.013452342 0.026865365 0.012720807 0.999467611
1341846099.022028 0.045458794 0.010017349 -0.008684840 0.025932657 0.022119958 0.014162810 0.999318600
1341846099.058015 0.039450604 0.000365949 -0.011004822 0.033696394 0.025292519 0.009829417 0.999063671
1341846099.089878 0.049309913 0.011293282 -0.005983249 0.046599917 0.021103226 0.007207704 0.998664677
1341846099.121774 0.051994521 0.013432750 -0.008506180 0.057681695 0.019582750 0.007989642 0.998110950
1341846099.157775 0.052525729 0.012285077 -0.008112438 0.064548902 0.018543579 0.008946825 0.997702122
1341846099.189822 0.053858738 0.011146412 -0.009255318 0.069386899 0.018549155 0.007402404 0.997389853
1341846099.226178 0.053081442 0.009220269 -0.007912301 0.075267702 0.019084729 0.007312467 0.996953845
1341846099.264156 0.051887676 0.011188712 -0.008732531 0.080757186 0.018707920 0.009101690 0.996516645
1341846099.300270 0.056810617 0.013228903 -0.008775191 0.085402094 0.016544366 0.010831284 0.996150315
1341846099.332076 0.058238782 0.015432986 -0.010203008 0.087883502 0.017950565 0.012720205 0.995887756
1341846099.363831 0.056966916 0.016776716 -0.009454338 0.089273438 0.020252157 0.014549505 0.995694935
1341846099.399799 0.061634164 0.019251565 -0.009875889 0.089220859 0.020895958 0.013463009 0.995701611
1341846099.432113 0.063700333 0.017824661 -0.011184600 0.087468401 0.024873657 0.013305143 0.995767832
1341846099.463909 0.063474894 0.015039708 -0.011686074 0.086506203 0.030539526 0.012788761 0.995700955
1341846099.499765 0.063383073 0.015902288 -0.013103556 0.086936064 0.036818426 0.012873308 0.995450020
1341846099.564678 0.072464027 0.014708558 -0.020148715 0.088486053 0.055041973 0.010003431 0.994505167
1341846099.593832 0.076335184 0.015004249 -0.014200780 0.091057636 0.064533830 0.011586078 0.993684888
1341846099.626222 0.074521832 0.015505278 -0.012844203 0.091786385 0.075118266 0.009289692 0.992897868
1341846099.657825 0.078394994 0.017048087 -0.005110760 0.092026949 0.084511667 0.005411201 0.992148936
1341846099.693870 0.078640103 0.014723809 -0.007198449 0.090917453 0.095680416 0.003303936 0.991245866
1341846099.725881 0.063330896 0.007871239 -0.010089144 0.089731365 0.110975079 0.003802494 0.989756703
1341846099.761986 0.057876110 0.001923884 -0.014541780 0.090084612 0.122543760 0.006655459 0.988343835
1341846099.793945 0.064238861 0.001788241 -0.011740788 0.094894096 0.130478889 0.016072530 0.986768484
1341846099.825926 0.066583961 0.005733499 -0.009539546 0.097615488 0.140405342 0.021816906 0.985028744
1341846099.862065 0.070221469 0.005915977 -0.011771915 0.097409643 0.150448367 0.023587834 0.983524382
1341846099.894034 0.067465976 0.002368060 -0.006085185 0.098717861 0.161430940 0.026055504 0.981588483
1341846099.925860 0.065036029 0.005821515 -0.006426620 0.101502113 0.168221667 0.029627465 0.980061710
1341846099.961831 0.068509310 0.007841185 -0.007116651 0.103505075 0.178191692 0.029985681 0.978077352
1341846099.993861 0.069751769 0.005319601 -0.015226796 0.102427036 0.187648997 0.031068891 0.976386845
1341846100.029846 0.074706592 0.000242775 -0.022430662 0.101204686 0.195190504 0.031466674 0.975022137
1341846100.069920 0.080457196 0.005111232 -0.020851146 0.104685828 0.203709662 0.035324354 0.972777188
1341846100.099862 0.072564103 0.002132275 -0.016196704 0.105174199 0.218547195 0.033952609 0.969547689
1341846100.132811 0.073769301 -0.000676723 -0.013714386 0.106352307 0.224966258 0.037466642 0.967820048
1341846100.168188 0.079718448 0.004975283 -0.011462235 0.110101730 0.230338380 0.041452475 0.965972841
1341846100.199801 0.079515949 0.006284708 -0.015880631 0.110622108 0.237256229 0.043495692 0.964147449
1341846100.235866 0.074543990 0.007232093 -0.015910020 0.110761881 0.244847000 0.042929247 0.962257147
1341846100.267868 0.078683533 0.005756687 -0.021029346 0.109688468 0.250493765 0.043719396 0.960890174
1341846100.299821 0.079429515 0.006550416 -0.018577073 0.110190853 0.256271869 0.048337378 0.959086120
1341846100.335884 0.078795530 0.008511630 -0.021575961 0.111175917 0.261511862 0.049766678 0.957483530
1341846100.367898 0.078371547 0.008414811 -0.021806603 0.110432133 0.267735511 0.050885055 0.955789268
1341846100.400000 0.075957850 0.007056450 -0.027070776 0.109255418 0.270387381 0.052045677 0.955115259
1341846100.435828 0.080278434 0.007026226 -0.017210860 0.110854089 0.275638670 0.047249362 0.953678250
1341846100.467678 0.086597688 0.008403801 -0.028227659 0.111399606 0.279088050 0.049576443 0.952492595
1341846100.503838 0.099861413 0.010387078 -0.018879039 0.113477662 0.281540900 0.043445643 0.951824546
1341846100.535834 0.101575457 0.006808364 -0.019863499 0.114798561 0.288692445 0.036628708 0.949808538
1341846100.568004 0.100158878 0.008451545 -0.022967450 0.116862454 0.296379209 0.036865897 0.947176576
1341846100.604545 0.103093877 0.008241645 -0.043642234 0.116834544 0.302845359 0.031471450 0.945327401
1341846100.635826 0.105752006 0.014269450 -0.017522179 0.121830910 0.311588556 0.035314418 0.941712618
1341846100.672445 0.100097097 0.011798868 -0.025763353 0.119514056 0.317827404 0.034398992 0.939956844
1341846100.704037 0.101814650 0.008122621 -0.025834002 0.119594269 0.320376694 0.036356173 0.939007044
1341846100.733981 0.103129320 0.017007461 -0.019237917 0.124374434 0.324463576 0.039812665 0.936840117
1341846100.765776 0.085918806 0.009042702 -0.016865127 0.120094962 0.335423321 0.039892357 0.933529317
1341846100.798442 0.084295921 0.009330473 -0.021103987 0.120041184 0.340161294 0.041826412 0.931735456
1341846100.833838 0.105261661 0.014798031 -0.017625229 0.122206844 0.337682068 0.043381456 0.932284534
1341846100.866041 0.081203908 0.010241768 -0.018415609 0.119123966 0.341051280 0.053257532 0.930944204
1341846100.897858 0.082837939 0.008439040 -0.015421910 0.118495174 0.341639429 0.048978355 0.931043804
1341846100.933895 0.084710561 0.010700244 -0.010169328 0.120981529 0.343102008 0.051453367 0.930052161
1341846100.965736 0.083514415 0.012113574 -0.009934762 0.121286020 0.339280397 0.056118622 0.931144059
1341846101.001817 0.082773477 0.009339772 -0.016154513 0.120281145 0.339887232 0.050324127 0.931384265
1341846101.033901 0.081156313 0.012143540 -0.010098362 0.121443607 0.340163529 0.052749664 0.930998206
1341846101.065947 0.082880117 0.013619425 -0.012109526 0.120454244 0.334253609 0.057352956 0.932992995
1341846101.102829 0.083879031 0.011259217 -0.008673274 0.120271385 0.333222985 0.050910491 0.933758736
1341846101.134613 0.080736898 0.016028754 -0.016195586 0.119861118 0.330118507 0.055699822 0.934640348
1341846101.169743 0.083910465 0.015659491 -0.006438860 0.117177628 0.324473649 0.054531135 0.937023282
1341846101.202171 0.101824835 0.015962116 -0.025490683 0.115638562 0.315719426 0.044810917 0.940712988
1341846101.234098 0.098692372 0.018582771 -0.027834415 0.115283273 0.313096613 0.045360554 0.941606462
1341846101.269940 0.103140756 0.019113740 -0.010745989 0.114732526 0.306975871 0.046328429 0.943639755
1341846101.301837 0.097854219 0.015864799 -0.018169144 0.112458654 0.303831726 0.041010063 0.945175946
1341846101.333884 0.092544541 0.017003166 -0.029100958 0.111245789 0.299760550 0.041434515 0.946599782
1341846101.369943 0.094572410 0.016992567 -0.015402505 0.110281095 0.296094328 0.038091365 0.948005974
1341846101.402755 0.092156313 0.016430387 -0.018857203 0.108990632 0.290200293 0.038657773 0.949952841
1341846101.437821 0.091769516 0.015778987 -0.015593564 0.107646421 0.285344362 0.036145072 0.951674521
1341846101.469768 0.086349748 0.015278244 -0.017306883 0.106308296 0.280967295 0.034362178 0.953192115
1341846101.501812 0.065501541 0.006691447 -0.016200000 0.103600562 0.279483974 0.035848238 0.953871369
1341846101.537892 0.090839587 0.015189179 -0.012089377 0.107307598 0.269881517 0.031680059 0.956370950
1341846101.569873 0.084660813 0.016570583 -0.015846156 0.106128938 0.266700029 0.030667098 0.957427442
1341846101.601955 0.077699132 0.017433036 -0.024863495 0.103332147 0.258632511 0.030084768 0.959961772
1341846101.637841 0.085043937 0.021404494 -0.013942584 0.103390768 0.251243293 0.030343581 0.961907685
1341846101.670644 0.076214775 0.014203999 -0.015748024 0.101097114 0.248350605 0.028008318 0.962972939
1341846101.705786 0.059904300 0.007394643 -0.013703522 0.100928783 0.243840843 0.031823341 0.964024007
1341846101.738127 0.060338538 0.006992158 -0.014248544 0.102205373 0.238749653 0.030656258 0.965200901
1341846101.769786 0.054128189 0.007929827 -0.010911456 0.104033701 0.234913319 0.034322400 0.965823293
1341846101.805816 0.056664348 0.007620660 -0.008019927 0.104075894 0.227571115 0.033141479 0.967616260
1341846101.837808 0.056460962 0.009147150 -0.013217395 0.104484648 0.223136306 0.032643694 0.968621433
1341846101.869834 0.052040961 0.009883180 -0.008513136 0.105362654 0.220018521 0.034272704 0.969183147
1341846101.905918 0.048224866 0.009801344 -0.014307155 0.104019649 0.212474853 0.035088681 0.970980525
1341846101.937872 0.054480202 0.009877359 -0.017666996 0.104116403 0.203209415 0.036547456 0.972897708
1341846101.973942 0.052756641 0.008706951 -0.013318880 0.105186455 0.198789835 0.035357699 0.973739326
1341846102.005947 0.034708209 0.008134746 -0.017764388 0.105978109 0.191485807 0.038195278 0.975009203
1341846102.037846 0.047702093 0.007664303 -0.016120324 0.106331363 0.177794337 0.040316131 0.977475047
1341846102.073879 0.048161391 0.009403688 -0.011950680 0.109137617 0.171444207 0.040486485 0.978292763
1341846102.105961 0.038829025 0.014217589 -0.011231153 0.107702374 0.160975441 0.038422279 0.980311632
1341846102.137878 0.040856209 0.013105808 -0.018577036 0.103703685 0.150760368 0.038141590 0.982375741
1341846102.173907 0.040164765 0.012975749 -0.018261617 0.102138989 0.145283282 0.036955237 0.983409762
1341846102.205896 0.034191392 0.013617649 -0.020539753 0.099865183 0.137622744 0.032156922 0.984912634
1341846102.242018 0.031948645 0.016705628 -0.011234483 0.097802259 0.126054242 0.031851459 0.986676514
1341846102.274144 0.028472541 0.014317579 -0.010502733 0.095488273 0.114823163 0.030819215 0.988305509
1341846102.305875 0.030673673 0.014555832 -0.016310692 0.094085991 0.106007703 0.023870908 0.989616275
1341846102.341821 0.021152310 0.017769663 -0.008329199 0.091910243 0.092929557 0.021828813 0.991181195
1341846102.374024 0.027235666 0.011552889 -0.012671476 0.089742377 0.077666044 0.021406194 0.992701411
1341846102.409984 0.035311472 0.013659640 -0.019712478 0.091854125 0.067240879 0.018328987 0.993330538
1341846102.441952 0.022103863 0.013296571 -0.024285650 0.091353394 0.059899867 0.015145716 0.993900001
1341846102.473881 0.024828741 0.011024205 -0.016089799 0.090312228 0.047706943 0.015358422 0.994651616
1341846102.509959 0.040852383 0.015274880 -0.014843030 0.093552984 0.040317547 0.013681708 0.994703531
1341846102.541996 0.036673326 0.019528285 -0.016787151 0.096046515 0.039884161 0.011925192 0.994505942
1341846102.574361 0.031510316 0.022984318 -0.017449614 0.093455024 0.032677516 0.011038301 0.995025873
1341846102.610654 0.040133100 0.014349757 -0.016015412 0.091609642 0.025718115 0.016258297 0.995330095
1341846102.642222 0.037154078 0.014756302 -0.018688552 0.095626205 0.022182437 0.021095468 0.994946539
1341846102.677806 0.036414485 0.019711692 -0.027582966 0.096875727 0.014146294 0.021320490 0.994967520
1341846102.709968 0.023252850 0.013512608 -0.019567696 0.093649916 0.003359470 0.022613626 0.995342672
1341846102.741857 0.034670126 0.019762170 -0.021530837 0.095497914 -0.007488501 0.026936654 0.995036960
1341846102.777720 0.033979800 0.020820316 -0.024215816 0.094066136 -0.015226062 0.027843248 0.995060027
1341846102.809783 0.033531681 0.016652696 -0.023224160 0.091095671 -0.023194008 0.028087862 0.995175719
1341846102.841828 0.035302509 0.014832062 -0.024027161 0.096532494 -0.031797197 0.032853231 0.994279146
1341846102.877813 0.037465844 0.023736021 -0.021534760 0.099639423 -0.035665229 0.034645479 0.993780494
1341846102.909875 0.029698055 0.020999549 -0.022239100 0.096056379 -0.037920944 0.034723565 0.994046986
1341846102.945843 0.028619105 0.018917626 -0.025051819 0.094899639 -0.047897831 0.035511293 0.993699551
1341846102.977815 0.022301465 0.017045882 -0.026327206 0.095331319 -0.055463728 0.036977224 0.993211150
1341846103.009867 0.017961642 0.018235756 -0.027631357 0.091228940 -0.064152963 0.037822369 0.993041337
1341846103.045829 0.016971217 0.016600313 -0.027622744 0.086990453 -0.076514266 0.038244031 0.992529929
1341846103.077786 0.024510192 0.015567383 -0.025799762 0.086825438 -0.091551304 0.039741375 0.991211534
1341846103.110039 0.024240403 0.016411180 -0.025867408 0.088084370 -0.104166679 0.044034258 0.989672363
1341846103.145830 0.022646895 0.015897749 -0.028552478 0.087879039 -0.114849336 0.046940684 0.988374174
1341846103.177933 0.026451031 0.012910121 -0.029794566 0.087029226 -0.125349224 0.043768637 0.987318516
1341846103.213980 0.032788966 0.011583644 -0.027791595 0.088601798 -0.133420050 0.040191371 0.986272514
1341846103.246103 0.009383137 0.020288439 -0.035364799 0.091550462 -0.137659073 0.034020338 0.985652626
1341846103.277869 0.030735377 0.021351948 -0.029347029 0.089846142 -0.157753900 0.029919516 0.982927382
1341846103.314495 0.034320254 0.020157745 -0.027064295 0.089530595 -0.164825276 0.024812626 0.981937468
1341846103.345951 0.029364172 0.017822126 -0.041396160 0.085857615 -0.176938474 0.021708008 0.980229557
1341846103.382135 0.009932291 0.021285230 -0.036783203 0.084613137 -0.193263501 0.018142112 0.977323234
1341846103.413791 0.027399411 0.016555449 -0.033591475 0.081924550 -0.209377557 0.011149606 0.974333167
1341846103.445861 0.020521993 0.017155269 -0.032664124 0.083238281 -0.216006756 0.012007438 0.972763181
1341846103.482382 -0.002737957 0.023050088 -0.039127219 0.082272284 -0.228594303 0.015233511 0.969919503
1341846103.513968 0.009964232 0.019508583 -0.038245313 0.075284742 -0.254140556 0.014341618 0.964126050
1341846103.545990 0.029888475 0.013400633 -0.031456906 0.075057521 -0.270544440 0.014210063 0.959671915
1341846103.582021 0.016081067 0.012177985 -0.039252255 0.076935209 -0.275380373 0.016371032 0.958112001
1341846103.614121 0.035190720 0.016389694 -0.028149370 0.076522999 -0.302001774 0.020661397 0.950006485
1341846103.650229 0.030151431 0.010098030 -0.030692901 0.075190589 -0.312864125 0.021323984 0.946576834
1341846103.681746 0.031108977 0.012148486 -0.038767766 0.077316731 -0.324548155 0.032434452 0.942145705
1341846103.714025 0.032535817 0.012947200 -0.053579930 0.071805924 -0.335213393 0.035340898 0.938736856
1341846103.749741 0.031120514 0.014042868 -0.053000130 0.068115808 -0.351241738 0.037931968 0.933033049
1341846103.781715 0.028138679 0.009205104 -0.047118478 0.068284310 -0.361122638 0.038581025 0.929214299
1341846103.813998 0.029625898 0.016394040 -0.055375844 0.070564121 -0.370019019 0.042630222 0.925359011
1341846103.849900 0.039361339 0.014470377 -0.052703705 0.065908074 -0.387766033 0.043196265 0.918383181
1341846103.883046 0.015496533 0.022677375 -0.034343123 0.067574024 -0.398645759 0.038530875 0.913800120
1341846103.917830 0.023998018 0.022230728 -0.026420118 0.065853633 -0.410422564 0.040218398 0.908624828
1341846103.949988 0.012429762 0.021494679 -0.040276691 0.064388990 -0.413251311 0.035238929 0.907653868
1341846103.981996 0.020046825 0.026489342 -0.030812632 0.062706567 -0.431689560 0.033945180 0.899199486
1341846104.017780 0.028262993 0.020344198 -0.030608840 0.058328185 -0.440809786 0.031882815 0.895135760
1341846104.049832 0.031481240 0.021619346 -0.031955168 0.059367437 -0.449838579 0.027311696 0.890715897
1341846104.082120 0.017061651 0.016151711 -0.027295088 0.057242833 -0.460168779 0.022281975 0.885703921
1341846104.117792 0.028015925 0.014702050 -0.029598387 0.054479260 -0.470032781 0.018051066 0.880781114
1341846104.150184 0.009430915 0.009939984 -0.032271966 0.052712046 -0.471967071 0.016656969 0.879881263
1341846104.150184 0.009430915 0.009939984 -0.032271966 0.052712046 -0.471967071 0.016656969 0.879881263
1341846104.150184 0.009430915 0.009939984 -0.032271966 0.052712046 -0.471967071 0.016656969 0.879881263
1341846104.150184 0.009430915 0.009939984 -0.032271966 0.052712046 -0.471967071 0.016656969 0.879881263
1341846104.150184 0.009430915 0.009939984 -0.032271966 0.052712046 -0.471967071 0.016656969 0.879881263
1341846104.150184 0.009430915 0.009939984 -0.032271966 0.052712046 -0.471967071 0.016656969 0.879881263
1341846104.150184 0.009430915 0.009939984 -0.032271966 0.052712046 -0.471967071 0.016656969 0.879881263
1341846104.150184 0.009430915 0.009939984 -0.032271966 0.052712046 -0.471967071 0.016656969 0.879881263
1341846104.150184 0.009430915 0.009939984 -0.032271966 0.052712046 -0.471967071 0.016656969 0.879881263
1341846104.150184 0.009430915 0.009939984 -0.032271966 0.052712046 -0.471967071 0.016656969 0.879881263
1341846104.150184 0.009430915 0.009939984 -0.032271966 0.052712046 -0.471967071 0.016656969 0.879881263
1341846104.150184 0.009430915 0.009939984 -0.032271966 0.052712046 -0.471967071 0.016656969 0.879881263
1341846104.150184 0.009430915 0.009939984 -0.032271966 0.052712046 -0.471967071 0.016656969 0.879881263
1341846104.150184 0.009430915 0.009939984 -0.032271966 0.052712046 -0.471967071 0.016656969 0.879881263
1341846104.150184 0.009430915 0.009939984 -0.032271966 0.052712046 -0.471967071 0.016656969 0.879881263
1341846104.150184 0.009430915 0.009939984 -0.032271966 0.052712046 -0.471967071 0.016656969 0.879881263
1341846104.150184 0.009430915 0.009939984 -0.032271966 0.052712046 -0.471967071 0.016656969 0.879881263
1341846104.150184 0.009430915 0.009939984 -0.032271966 0.052712046 -0.471967071 0.016656969 0.879881263
1341846104.150184 0.009430915 0.009939984 -0.032271966 0.052712046 -0.471967071 0.016656969 0.879881263
1341846104.150184 0.009430915 0.009939984 -0.032271966 0.052712046 -0.471967071 0.016656969 0.879881263
1341846104.150184 0.009430915 0.009939984 -0.032271966 0.052712046 -0.471967071 0.016656969 0.879881263
1341846104.150184 0.009430915 0.009939984 -0.032271966 0.052712046 -0.471967071 0.016656969 0.879881263
1341846104.150184 0.009430915 0.009939984 -0.032271966 0.052712046 -0.471967071 0.016656969 0.879881263
1341846104.921931 0.026218507 0.013682195 -0.022119544 0.047241677 -0.448100209 0.007411059 0.892703474
1341846104.954032 0.047254220 0.009266321 -0.039065972 0.047322460 -0.432265878 -0.000652470 0.900503397
1341846104.989984 0.019452972 0.008451301 -0.036693417 0.049379159 -0.410451919 0.005906722 0.910525143
1341846105.021966 0.020768300 0.018323241 -0.041887332 0.054131605 -0.398014188 0.011765433 0.915705204
1341846105.053992 0.029097933 0.002227890 -0.033832703 0.053366132 -0.378309786 0.008319680 0.924102008
1341846105.089855 0.035801694 0.009805098 -0.038313530 0.060221687 -0.365773171 0.013699358 0.928652585
1341846105.121922 0.042903952 0.011887771 -0.034830283 0.063502871 -0.352894127 0.020721087 0.933275819
1341846105.158015 0.046026256 0.014669424 -0.024431521 0.070297033 -0.337978244 0.023405474 0.938233018
1341846105.189943 0.041447416 0.011964519 -0.032603417 0.069596663 -0.320752233 0.024906762 0.944274306
1341846105.222089 0.034393642 0.009705616 -0.022943202 0.070123680 -0.300973952 0.026825408 0.950672269
1341846105.258397 0.045085534 0.012680657 -0.026938844 0.074239179 -0.291770518 0.029182233 0.953156292
1341846105.289917 0.050382815 0.016436074 -0.030671177 0.074572653 -0.284908116 0.039176501 0.954846323
1341846105.321831 0.046582833 0.016022254 -0.032819472 0.072012842 -0.276712984 0.040458243 0.957396090
1341846105.357830 0.050413258 0.010087337 -0.028763458 0.070352435 -0.270630538 0.044594660 0.959073007
1341846105.389824 0.057687424 0.013044016 -0.033421610 0.072563045 -0.263357490 0.045959376 0.960866868
1341846105.425915 0.058100879 0.016425133 -0.021517811 0.074136831 -0.254098505 0.048286114 0.963123143
1341846105.457863 0.064110562 0.008759283 -0.025770782 0.073330574 -0.244697094 0.046953637 0.965681791
1341846105.489902 0.074639462 0.012977162 -0.021062154 0.075783260 -0.237010121 0.047454819 0.967383623
1341846105.525969 0.081483252 0.009884130 -0.016035246 0.077011943 -0.224925652 0.046454925 0.970216215
1341846105.557770 0.066955753 0.014224644 -0.021607196 0.080793336 -0.207556009 0.045911349 0.973799348
1341846105.594012 0.067152798 0.017088383 -0.021806836 0.081277691 -0.196500942 0.046820309 0.976006746
1341846105.626122 0.070892982 0.012074534 -0.021503614 0.081637256 -0.185571864 0.049942270 0.977959216
1341846105.657815 0.066164143 0.012416609 -0.023013180 0.085128039 -0.172268435 0.049562749 0.980112433
1341846105.693879 0.071892560 0.012865440 -0.025872910 0.084964059 -0.160649106 0.050999757 0.982024431
1341846105.726045 0.066222392 0.009477443 -0.027423389 0.086913683 -0.147882938 0.051866375 0.983812213
1341846105.758468 0.072000012 0.015025872 -0.028100494 0.090287596 -0.141283810 0.051350508 0.984505057
1341846105.793970 0.080670625 0.016023194 -0.027444309 0.090772368 -0.132900238 0.050458401 0.985673308
1341846105.825903 0.078710303 0.005847409 -0.021238038 0.089408129 -0.118591473 0.048783995 0.987705648
1341846105.861764 0.076528043 0.008013386 -0.017812654 0.093425013 -0.107820347 0.050167590 0.988498747
1341846105.893922 0.097816505 0.007923103 -0.014258049 0.094307810 -0.101307489 0.049602024 0.989132166
1341846105.925960 0.088292114 0.003328362 -0.012839598 0.096959271 -0.082993828 0.052432619 0.990435123
1341846105.963745 0.076406732 0.011268069 -0.024102628 0.100243561 -0.068300530 0.054603163 0.991112888
1341846105.993895 0.081948936 0.021316025 -0.028988209 0.098858736 -0.061130192 0.050305992 0.991947234
1341846106.025952 0.080633350 0.017374521 -0.023224160 0.095889285 -0.050153032 0.038628265 0.993376970
1341846106.061758 0.069164395 0.015771689 -0.025436444 0.095555536 -0.042314235 0.036496449 0.993854403
1341846106.093961 0.070614107 0.015346751 -0.026886750 0.094891094 -0.041647859 0.033483516 0.994052291
1341846106.130133 0.078994334 0.014511042 -0.022844221 0.094948903 -0.037779778 0.027992366 0.994371057
1341846106.161819 0.072999395 0.014279016 -0.024313550 0.095501520 -0.028487168 0.025652582 0.994690835
1341846106.193968 0.071658127 0.016013952 -0.021619173 0.095854238 -0.025725218 0.026083235 0.994720995
1341846106.229889 0.079309545 0.016317228 -0.025168240 0.095493801 -0.024462434 0.027207082 0.994757414
1341846106.261942 0.084118508 0.022517154 -0.023999693 0.095697626 -0.017133234 0.027132066 0.994893074
1341846106.293939 0.072486877 0.018664479 -0.021670472 0.093253613 -0.009947116 0.027726401 0.995206535
1341846106.329961 0.072075352 0.020746058 -0.020825027 0.092116602 -0.009995311 0.024230208 0.995403230
1341846106.361877 0.074245639 0.024044955 -0.023444815 0.089360759 -0.010582971 0.014027716 0.995844305
1341846106.398046 0.072156958 0.025778059 -0.021814251 0.084623195 -0.010737736 0.001092852 0.996354580
1341846106.429938 0.069898091 0.022210838 -0.023344120 0.078819819 -0.013519662 -0.012424516 0.996719778
1341846106.461886 0.072250120 0.025494883 -0.025902115 0.074932799 -0.020194463 -0.024558563 0.996681571
1341846106.497910 0.080136001 0.020426439 -0.024246980 0.069457293 -0.022563746 -0.036355838 0.996666849
1341846106.529979 0.074943043 0.017306078 -0.022558305 0.069690637 -0.018502491 -0.044848453 0.996388257
1341846106.561925 0.075243220 0.020053662 -0.023650849 0.071406782 -0.020293916 -0.056086596 0.995662332
1341846106.597815 0.082311720 0.019272575 -0.027682072 0.068521462 -0.021470571 -0.074175172 0.994656622
1341846106.632234 0.078636080 0.018370634 -0.027377537 0.065640435 -0.017095180 -0.094980761 0.993165493
1341846106.665869 0.076377437 0.018519018 -0.024681346 0.065086037 -0.015142822 -0.109949835 0.991688251
1341846106.697883 0.077563867 0.016291607 -0.027392117 0.063485436 -0.015418242 -0.124295801 0.990092158
1341846106.729896 0.081284463 0.015195190 -0.030115325 0.062279947 -0.013637261 -0.140143678 0.988076448
1341846106.766032 0.077934317 0.018029854 -0.026266610 0.063263074 -0.010251644 -0.152766496 0.986182094
1341846106.797963 0.077967755 0.018664347 -0.025723908 0.062320944 -0.012413907 -0.165260032 0.984200776
1341846106.834113 0.083362609 0.019598460 -0.029735250 0.058519505 -0.016723486 -0.180961937 0.981605113
1341846106.865869 0.080439068 0.015375663 -0.028234864 0.055372126 -0.014441725 -0.193034708 0.979521811
1341846106.897921 0.080289781 0.016221555 -0.026693320 0.056224484 -0.014845366 -0.200131431 0.978041828
1341846106.933929 0.082895868 0.013805932 -0.030638414 0.055672586 -0.016145747 -0.208391324 0.976326227
1341846106.967484 0.085241027 0.017162228 -0.030181007 0.055929426 -0.016125511 -0.217417136 0.974341631
1341846106.999098 0.079932831 0.017118700 -0.028240815 0.053839527 -0.014171485 -0.230089381 0.971575677
1341846107.033909 0.075784951 0.016267620 -0.027279997 0.052715689 -0.016020244 -0.243357107 0.968370676
1341846107.065762 0.078862779 0.017011667 -0.031216025 0.052100357 -0.017836859 -0.258092135 0.964549601
1341846107.101921 0.077001415 0.020709395 -0.029281093 0.049911603 -0.015982339 -0.270529717 0.961284041
1341846107.133974 0.073227189 0.020255271 -0.028536400 0.045360487 -0.019176729 -0.284129262 0.957520366
1341846107.166082 0.077038832 0.018527856 -0.029841602 0.043179680 -0.022520153 -0.296561956 0.953771114
1341846107.202100 0.077653714 0.022524348 -0.029876096 0.041929707 -0.022504611 -0.309094012 0.949840188
1341846107.233799 0.069212601 0.025200684 -0.026709160 0.039195068 -0.022430234 -0.320039839 0.946327150
1341846107.265874 0.064675838 0.026407255 -0.024112044 0.036836572 -0.024631888 -0.331950366 0.942255437
1341846107.301965 0.062549457 0.026527805 -0.025411494 0.035634480 -0.026513444 -0.343055904 0.938264251
1341846107.334002 0.061466474 0.028799266 -0.024936287 0.033595536 -0.030102365 -0.353707224 0.934267819
1341846107.369797 0.063734800 0.026333367 -0.026805835 0.031318393 -0.033510923 -0.366450399 0.929306328
1341846107.401899 0.061904486 0.028905258 -0.026822092 0.032216527 -0.031786997 -0.380871713 0.923519611
1341846107.434304 0.064627066 0.034697779 -0.024947550 0.031859871 -0.033464532 -0.390686423 0.919363439
1341846107.469787 0.061740987 0.035975937 -0.024963710 0.027562410 -0.033543628 -0.398056060 0.916333199
1341846107.502174 0.062931597 0.033499010 -0.026318246 0.024392398 -0.033836611 -0.403873265 0.913863480
1341846107.533946 0.060337346 0.036411155 -0.025095399 0.022945674 -0.031195629 -0.412945539 0.909932017
1341846107.569931 0.055532582 0.041416243 -0.023246037 0.019696737 -0.032658476 -0.421542227 0.906006396
1341846107.601911 0.056681853 0.038071662 -0.024698807 0.016495349 -0.036394726 -0.428749353 0.902539372
1341846107.637876 0.056603909 0.035694864 -0.024732942 0.015653025 -0.036341403 -0.437570453 0.898313046
1341846107.669757 0.057592504 0.040034134 -0.026799142 0.014488554 -0.035928298 -0.450672805 0.891848207
1341846107.701892 0.057249628 0.042025436 -0.023572365 0.011883904 -0.035926610 -0.458518028 0.887879074
1341846107.737797 0.058921643 0.045835108 -0.023017347 0.011181910 -0.038297188 -0.462073952 0.885943532
1341846107.769837 0.058617741 0.041588478 -0.026155395 0.006236423 -0.038814116 -0.469822913 0.881884873
1341846107.805959 0.055901866 0.045517437 -0.026799923 0.005192467 -0.036056258 -0.478926182 0.877099037
1341846107.837955 0.062362429 0.045730922 -0.028604779 0.002637602 -0.037747070 -0.488999605 0.871462882
1341846107.870011 0.058919486 0.045600064 -0.033226538 -0.004842091 -0.030846873 -0.504798830 0.862672150
1341846107.905926 0.049860783 0.040563315 -0.025448404 -0.008855287 -0.024266625 -0.517139554 0.855511189
1341846107.938092 0.050791461 0.042862803 -0.028352235 -0.009290108 -0.018406624 -0.532578945 0.846129179
1341846107.969943 0.058764867 0.047683809 -0.026882101 -0.015058089 -0.011301519 -0.545911908 0.837630987
1341846108.006614 0.055851322 0.046637870 -0.030871505 -0.023094643 -0.008713450 -0.554716289 0.831673384
1341846108.037863 0.064789914 0.046406694 -0.033349827 -0.029429277 -0.006772819 -0.561248422 0.827096283
1341846108.073927 0.055673160 0.047396962 -0.028444191 -0.039001536 0.001599707 -0.573863149 0.818020403
1341846108.106110 0.053944517 0.050403159 -0.029042117 -0.040252909 0.004676055 -0.579764247 0.813775897
1341846108.137977 0.057275224 0.053143684 -0.024653785 -0.040462814 0.005453444 -0.580644727 0.813132644
1341846108.173901 0.053918391 0.051609773 -0.027039185 -0.043101296 0.006302266 -0.584826708 0.809987783
1341846108.205882 0.053510692 0.048807468 -0.027672177 -0.044741370 0.010191954 -0.589494765 0.806467772
1341846108.237836 0.056907557 0.051581513 -0.022971647 -0.045356918 0.013248617 -0.594079256 0.803017437
1341846108.273872 0.061037961 0.049683884 -0.030081566 -0.049857132 0.013039657 -0.600303590 0.798110127
1341846108.305866 0.057442348 0.047638040 -0.028438676 -0.057862360 0.021024829 -0.609347999 0.790509284
1341846108.341858 0.059032157 0.051773198 -0.023394382 -0.058685198 0.025176603 -0.614762604 0.786122859
1341846108.373928 0.058287442 0.050414719 -0.029913805 -0.062859833 0.027035376 -0.617493570 0.783593893
1341846108.406059 0.060283437 0.052590549 -0.024842726 -0.066477589 0.030990094 -0.619526982 0.781541228
1341846108.441881 0.058471654 0.053824037 -0.019642176 -0.067908220 0.032818403 -0.621485770 0.779786408
1341846108.473918 0.055975806 0.051296242 -0.020078536 -0.067321971 0.035152175 -0.620019734 0.780901790
1341846108.506142 0.058668151 0.052076563 -0.020102279 -0.064292006 0.036891710 -0.617354929 0.783184826
1341846108.541923 0.058855325 0.049127821 -0.025200019 -0.066076174 0.037834682 -0.617909849 0.782553494
1341846108.573967 0.053974926 0.045016889 -0.032415021 -0.068582200 0.043759853 -0.622007489 0.778773606
1341846108.609979 0.059231129 0.045377750 -0.025798257 -0.064470135 0.052995726 -0.623189926 0.777604938
1341846108.641701 0.065770790 0.050260630 -0.018327046 -0.057979945 0.051785376 -0.614740074 0.784889281
1341846108.673868 0.055369914 0.043352950 -0.030731715 -0.062166199 0.055158254 -0.613498330 0.785310626
1341846108.710024 0.058614664 0.046629701 -0.024876533 -0.053498082 0.065877020 -0.609933317 0.787895679
1341846108.742835 0.062055442 0.045428131 -0.027099675 -0.049431384 0.068115033 -0.608399570 0.789155781
1341846108.773793 0.057711471 0.044303436 -0.027699703 -0.048628844 0.075239897 -0.607802927 0.789018273
1341846108.810032 0.060069364 0.042621888 -0.028010314 -0.041792035 0.080995366 -0.608453572 0.788338423
1341846108.841885 0.065474756 0.042620644 -0.022679422 -0.037786197 0.082421012 -0.606192946 0.790132344
1341846108.877944 0.065020576 0.042281806 -0.019620478 -0.036343619 0.083030254 -0.604308009 0.791578770
1341846108.909950 0.062653586 0.041266568 -0.024337173 -0.032655671 0.085561454 -0.602809906 0.792611539
1341846108.941882 0.068786129 0.042743415 -0.025995718 -0.028552057 0.085781813 -0.597179711 0.796995997
1341846108.977902 0.067523144 0.041464381 -0.024630252 -0.030680168 0.084556967 -0.594276845 0.799214542
1341846109.009916 0.063548990 0.037712891 -0.027902490 -0.030429265 0.087764814 -0.594191253 0.798941910
1341846109.045986 0.069342911 0.039366402 -0.023271378 -0.025701156 0.089281775 -0.588582814 0.803080678
1341846109.077854 0.069219664 0.038974069 -0.023880038 -0.026528619 0.089808755 -0.586938798 0.804197431
1341846109.109839 0.068495020 0.037603069 -0.023420226 -0.025921991 0.092086151 -0.587119162 0.803827941
1341846109.145865 0.069840096 0.036249924 -0.019305181 -0.020397684 0.092656866 -0.583737791 0.806380093
1341846109.178396 0.071278773 0.037782412 -0.017757095 -0.014055093 0.090435639 -0.576451540 0.811989844
1341846109.209809 0.070575848 0.036751743 -0.017443333 -0.010162371 0.088301539 -0.573889971 0.814094484
1341846109.245810 0.067482226 0.036697041 -0.015597291 -0.000331719 0.087075554 -0.567243576 0.818933725
1341846109.277797 0.072254501 0.036904465 -0.009564828 0.013282659 0.078347638 -0.552190006 0.829922616
1341846109.313909 0.068273939 0.034858264 -0.011028266 0.022566872 0.071534649 -0.541662037 0.837242961
1341846109.345968 0.067455076 0.031710304 -0.014904519 0.030313635 0.067341343 -0.531050026 0.844116211
1341846109.377812 0.066111468 0.030089574 -0.016331755 0.035817239 0.062164962 -0.520705283 0.850716531
1341846109.413820 0.066005468 0.028980402 -0.018560356 0.041474562 0.054217264 -0.506288230 0.859658420
1341846109.445954 0.063496031 0.024958588 -0.027951205 0.042570904 0.052167941 -0.497268677 0.864979804
1341846109.490348 0.065829739 0.027782226 -0.026070042 0.043324649 0.052882150 -0.488303661 0.869991958
1341846109.519997 0.079867460 0.038863160 -0.021180766 0.048554894 0.048492122 -0.480720818 0.874184430
1341846109.545959 0.077302694 0.037530430 -0.022671662 0.050564338 0.045523524 -0.469819814 0.880136430
1341846109.581855 0.066379271 0.028274590 -0.021243608 0.050448239 0.044451505 -0.456910878 0.886967599
1341846109.613999 0.063418195 0.025987010 -0.022402359 0.055345088 0.037358228 -0.439742208 0.895638347
1341846109.645963 0.061639279 0.025398970 -0.021804960 0.060985725 0.027030114 -0.417341143 0.906298220
1341846109.681808 0.061784532 0.024587113 -0.022834145 0.067066625 0.020067070 -0.396878600 0.915197670
1341846109.713847 0.062133502 0.023950573 -0.027774906 0.069700874 0.015530243 -0.381068230 0.921784997
1341846109.745831 0.061328474 0.023466524 -0.026163252 0.070810698 0.013271146 -0.368569523 0.926804304
1341846109.781814 0.060837690 0.021230320 -0.029358024 0.071089812 0.011444204 -0.356017619 0.931701005
1341846109.813956 0.071487077 0.026628992 -0.028305043 0.074955277 0.008919300 -0.345948517 0.935212135
1341846109.850256 0.071007267 0.028407630 -0.025962500 0.077600382 0.006963707 -0.336509436 0.938451409
1341846109.881767 0.058284070 0.018506764 -0.027106676 0.076718383 0.005698269 -0.328343153 0.941420555
1341846109.913863 0.060124960 0.018760229 -0.029637862 0.079549782 0.003361763 -0.322772712 0.943121612
1341846109.949976 0.070469886 0.025270365 -0.030603960 0.082329497 0.000191972 -0.321109802 0.943456590
1341846109.981998 0.066051878 0.021627704 -0.029250257 0.081746899 0.001107207 -0.322873086 0.942904651
1341846110.017884 0.066873901 0.021777926 -0.028930902 0.084489457 -0.000623115 -0.319954723 0.943657815
1341846110.049982 0.063150316 0.016982524 -0.030602841 0.085242979 -0.000546790 -0.316377848 0.944795430
1341846110.082565 0.064640492 0.018426366 -0.030038070 0.090168253 -0.001262596 -0.310473144 0.946295142
1341846110.117943 0.065570861 0.021656776 -0.029519282 0.093734309 -0.003886354 -0.302252650 0.948600054
1341846110.150254 0.066404641 0.018131008 -0.030727921 0.093546495 -0.006120477 -0.294936210 0.950907052
1341846110.181980 0.065632626 0.017123677 -0.030608252 0.095196933 -0.006775524 -0.286389947 0.953347981
1341846110.217907 0.067323491 0.017575203 -0.032053508 0.095473900 -0.009140612 -0.278801948 0.955547333
1341846110.249883 0.067615479 0.019149525 -0.030529616 0.095188357 -0.011604000 -0.269729733 0.958149433
1341846110.286020 0.064263202 0.014776547 -0.028940463 0.095611341 -0.013730017 -0.258574039 0.961150050
1341846110.356025 0.069725536 0.021324042 -0.031152038 0.098624371 -0.017628198 -0.237465143 0.966215730
1341846110.386335 0.068142802 0.017883513 -0.031587306 0.095459335 -0.018493412 -0.232156277 0.967806280
1341846110.417989 0.066498488 0.017239854 -0.031469919 0.096488759 -0.018090012 -0.226924330 0.968952000
1341846110.449878 0.065406218 0.017629884 -0.030244214 0.097631223 -0.019849844 -0.220697954 0.970240474
1341846110.485899 0.065548196 0.018364582 -0.033811990 0.098095678 -0.021664267 -0.217330709 0.970914662
1341846110.517949 0.070497632 0.017109515 -0.037930340 0.097661398 -0.023652630 -0.215478584 0.971324742
1341846110.554149 0.065152884 0.019106999 -0.032363862 0.097885817 -0.023522379 -0.211910844 0.972089946
1341846110.585896 0.055716075 0.013952794 -0.033878975 0.096139066 -0.024558287 -0.209043309 0.972859204
1341846110.617933 0.067433722 0.019571859 -0.035379052 0.096767649 -0.028928012 -0.204757929 0.973587871
1341846110.653885 0.055059165 0.014082690 -0.031728573 0.093698002 -0.027219728 -0.198101386 0.975313067
1341846110.686533 0.055099372 0.011666448 -0.033159919 0.093744107 -0.031263527 -0.187793911 0.977224708
1341846110.717831 0.062750831 0.012407678 -0.037730448 0.094215401 -0.033812288 -0.177285448 0.979055703
1341846110.753826 0.060498793 0.012559434 -0.035922471 0.092975765 -0.030677544 -0.165595561 0.981321812
1341846110.785789 0.060161993 0.011593821 -0.033702504 0.093739606 -0.030351248 -0.152734920 0.983343124
1341846110.821828 0.060112838 0.011744822 -0.034810696 0.094412111 -0.030639112 -0.141139328 0.985001147
1341846110.853855 0.073034443 0.014929012 -0.037150618 0.094566748 -0.033382427 -0.129799366 0.986455739
1341846110.885864 0.061947454 0.010527669 -0.034334373 0.094237261 -0.029078605 -0.120249771 0.987832844
1341846110.921999 0.069607422 0.015511449 -0.036252916 0.096700095 -0.031396832 -0.112464860 0.988440692
1341846110.953861 0.064713433 0.010375340 -0.036513615 0.094611511 -0.030476863 -0.106180094 0.989366233
1341846110.985986 0.064908698 0.008959665 -0.034888536 0.094854735 -0.028298805 -0.102305315 0.989815831
1341846111.021940 0.063559525 0.013632124 -0.034934256 0.095009707 -0.027124511 -0.099759974 0.990093589
1341846111.053945 0.062521137 0.012261864 -0.033805724 0.090911023 -0.028033789 -0.097527280 0.990675390
1341846111.089856 0.061902002 0.010278439 -0.034935765 0.088885248 -0.029192211 -0.093121141 0.991249561
1341846111.121811 0.059894998 0.011286649 -0.034215633 0.087681547 -0.031485569 -0.085717864 0.991954148
1341846111.153919 0.059340376 0.006404520 -0.033750258 0.086270228 -0.035093680 -0.078359000 0.992565215
1341846111.189911 0.061348703 0.009368449 -0.034731463 0.087904640 -0.038285967 -0.071870558 0.992794812
1341846111.221870 0.063354321 0.010217662 -0.037223078 0.084514722 -0.040349491 -0.064411312 0.993519187
1341846111.258571 0.070940495 0.011865701 -0.036646225 0.081859916 -0.042933211 -0.061061140 0.993844688
1341846111.289825 0.064745337 0.008489900 -0.035989136 0.078636155 -0.041880615 -0.058399633 0.994309723
1341846111.321895 0.064571224 0.004267327 -0.035185762 0.077823386 -0.042319238 -0.055038743 0.994546831
1341846111.357890 0.062849686 0.008369920 -0.034904961 0.080045328 -0.042526990 -0.050148685 0.994620204
1341846111.390567 0.064236939 0.006607222 -0.035617646 0.077755839 -0.045199279 -0.045143917 0.994923651
1341846111.421924 0.068108104 0.003232045 -0.036116842 0.077917971 -0.046305832 -0.041985068 0.994998395
1341846111.457975 0.064963378 0.008209132 -0.035234623 0.079238072 -0.044920899 -0.035502337 0.995210052
1341846111.490354 0.062049583 0.006924723 -0.036399696 0.077638946 -0.046596907 -0.027247591 0.995519221
1341846111.525824 0.071995966 0.003647056 -0.037681550 0.078114696 -0.051195443 -0.018236525 0.995461941
1341846111.557829 0.070883542 0.008540095 -0.035951272 0.079951130 -0.050835107 -0.007993093 0.995469570
1341846111.589761 0.070218667 0.008340493 -0.037418984 0.077458486 -0.052719947 0.001991497 0.995598733
1341846111.625966 0.076503858 0.007983660 -0.038756210 0.075715713 -0.055878211 0.014764412 0.995453060
1341846111.658029 0.075878963 0.007137840 -0.037794992 0.075254947 -0.054257646 0.027841585 0.995297790
1341846111.689871 0.074367106 0.009338593 -0.035235975 0.075904675 -0.053875025 0.040061072 0.994852304
1341846111.725851 0.075078763 0.008730308 -0.036620516 0.073744841 -0.054175090 0.052086301 0.994441450
1341846111.757957 0.079518624 0.005879499 -0.037692122 0.072226167 -0.054405563 0.063440509 0.993880630
1341846111.793921 0.071457453 0.006934201 -0.034835383 0.073589519 -0.051443420 0.075394288 0.993103147
1341846111.825999 0.073984839 0.006151321 -0.037373453 0.072458997 -0.053690519 0.087857544 0.992042363
1341846111.857852 0.066730820 0.002663097 -0.034686916 0.072425798 -0.053472847 0.098153032 0.991090894
1341846111.893939 0.064732954 0.003751594 -0.036189776 0.074787855 -0.052262064 0.103671022 0.990417957
1341846111.925817 0.058871482 0.003967792 -0.037591532 0.073989280 -0.053127214 0.110437863 0.989700258
1341846111.957857 0.064288415 -0.002796149 -0.037344664 0.073228471 -0.059513498 0.118091702 0.988508999
1341846111.993917 0.065207057 0.001633120 -0.034840461 0.076767527 -0.061169159 0.124095753 0.987403333
1341846112.025975 0.062926151 -0.000766999 -0.036907136 0.075900353 -0.062038876 0.132271707 0.986354172
1341846112.061964 0.067204639 -0.003437663 -0.036787774 0.076009899 -0.064906791 0.143136919 0.984642804
1341846112.094004 0.066925071 -0.002629913 -0.036182798 0.077978842 -0.065456249 0.154760972 0.982692122
1341846112.125857 0.067216292 -0.002806930 -0.035812944 0.079646759 -0.066536583 0.168188408 0.980276465
1341846112.161882 0.069829717 -0.006970004 -0.037989624 0.081036218 -0.069025986 0.182401285 0.977444828
1341846112.193903 0.070306011 -0.006738905 -0.038030926 0.085681722 -0.071444474 0.197918862 0.973849297
1341846112.230507 0.071683586 -0.007786666 -0.038057018 0.088604920 -0.073769875 0.208994329 0.971096575
1341846112.261848 0.071822084 -0.006384478 -0.037122127 0.091041178 -0.072962657 0.214847356 0.969653845
1341846112.293912 0.071725264 -0.009618059 -0.037982773 0.090564936 -0.072757214 0.225129411 0.967378497
1341846112.329892 0.076452501 -0.012881034 -0.037993610 0.094787322 -0.075630993 0.237673476 0.963746130
1341846112.361751 0.074491218 -0.013609193 -0.037105855 0.099619165 -0.074554682 0.246577248 0.961102128
1341846112.393853 0.074064896 -0.012823466 -0.036069542 0.101883225 -0.073512413 0.251365840 0.959703565
1341846112.429940 0.086370528 -0.014211792 -0.036356244 0.102330476 -0.075175539 0.255858421 0.958338976
1341846112.461839 0.086106651 -0.016593466 -0.039091814 0.103876136 -0.075199507 0.263654858 0.956054866
1341846112.498139 0.082346879 -0.016608307 -0.039452292 0.106197208 -0.074281856 0.269698292 0.954184055
1341846112.530069 0.079878218 -0.016980104 -0.042594213 0.106049299 -0.073740967 0.273383021 0.953193307
1341846112.562160 0.079382248 -0.017973829 -0.043641314 0.104042508 -0.075914562 0.278603047 0.951731324
1341846112.597968 0.082543656 -0.021729214 -0.043116748 0.102894351 -0.079520591 0.289252847 0.948378623
1341846112.630702 0.080498844 -0.017255431 -0.042653751 0.104793698 -0.081231363 0.297453433 0.945484638
1341846112.661861 0.078209430 -0.014294348 -0.040272355 0.103421651 -0.081291437 0.303820848 0.943604052
1341846112.698170 0.082069866 -0.016683085 -0.039775379 0.098899260 -0.082176328 0.313960433 0.940688491
1341846112.729995 0.085692778 -0.017015941 -0.036891222 0.098174654 -0.083849013 0.325022221 0.936851978
1341846112.765875 0.088986069 -0.016247151 -0.036151666 0.097855173 -0.083040543 0.335275531 0.933337510
1341846112.798043 0.088663861 -0.013450800 -0.030175669 0.099156313 -0.077484719 0.345402181 0.929979265
1341846112.829969 0.081657670 -0.016023969 -0.035640605 0.100453258 -0.068258703 0.357725769 0.925895333
1341846112.865900 0.075484499 -0.016279291 -0.041728504 0.099626824 -0.064525783 0.366564184 0.922790110
1341846112.897929 0.078563623 -0.016387653 -0.039001852 0.097775444 -0.064766735 0.374908149 0.919613540
1341846112.935783 0.081691854 -0.018638929 -0.039599255 0.097416863 -0.062485512 0.382650763 0.916615486
1341846112.965965 0.075845659 -0.018727204 -0.044603199 0.097175151 -0.059563566 0.390535325 0.913504958
1341846112.998277 0.088949375 -0.020639425 -0.040187236 0.094976261 -0.063745081 0.399170160 0.909713805
1341846113.033814 0.090314135 -0.017851619 -0.036597636 0.096462302 -0.062519312 0.405973166 0.906626821
1341846113.072059 0.089751840 -0.016542900 -0.036846694 0.096423425 -0.058404494 0.413241386 0.903616607
1341846113.139948 0.093313739 -0.019667307 -0.041176476 0.095092297 -0.055556610 0.431521058 0.895354927
1341846113.165863 0.088795945 -0.015277813 -0.038760524 0.097166948 -0.051408503 0.441536814 0.890483558
1341846113.198174 0.086309001 -0.015744718 -0.040594939 0.096331060 -0.046973646 0.452281207 0.885412574
1341846113.233852 0.090221167 -0.016996436 -0.038459975 0.095528029 -0.046375453 0.461690336 0.880662084
1341846113.265850 0.093712203 -0.014956039 -0.034467842 0.096040323 -0.044556085 0.469407171 0.876611590
1341846113.301938 0.095309086 -0.015864143 -0.036014274 0.096302085 -0.040180139 0.481564641 0.870176375
1341846113.333866 0.091445945 -0.015634084 -0.040465835 0.096673764 -0.036200229 0.492463082 0.864189684
1341846113.366028 0.093140848 -0.015716448 -0.039177023 0.095700197 -0.035920661 0.503508627 0.857922018
1341846113.401917 0.095893972 -0.014327759 -0.036222558 0.096440442 -0.034945708 0.514509559 0.851327121
1341846113.433895 0.092178375 -0.015939685 -0.041345030 0.096693814 -0.031717431 0.524209082 0.845487475
1341846113.469984 0.093687318 -0.015650833 -0.040185187 0.096044369 -0.033073977 0.533486009 0.839686990
1341846113.501829 0.097252078 -0.014455540 -0.035530940 0.097119063 -0.033008382 0.540828288 0.834855080
1341846113.533888 0.092410415 -0.016916335 -0.043639161 0.097137988 -0.030714182 0.547392547 0.830651700
1341846113.569800 0.091938771 -0.016533969 -0.044389497 0.096595794 -0.033324085 0.557187259 0.824075937
1341846113.601892 0.093216240 -0.015689008 -0.040053930 0.097529866 -0.034371596 0.562577724 0.820251644
1341846113.634488 0.089288950 -0.015285937 -0.041758526 0.097155996 -0.031819008 0.568773508 0.816115797
1341846113.669776 0.091904923 -0.016171897 -0.042308897 0.094084159 -0.032555133 0.579737186 0.808698416
1341846113.701823 0.100631684 -0.016920919 -0.038699646 0.093460090 -0.035407569 0.591904879 0.799787521
1341846113.737952 0.093615726 -0.018297872 -0.045209359 0.095486403 -0.032771669 0.597379565 0.795579016
1341846113.769790 0.089084312 -0.018293032 -0.048322473 0.093262523 -0.033464644 0.603208125 0.791405201
1341846113.801808 0.096056595 -0.016879832 -0.040488813 0.090674393 -0.036837492 0.610003531 0.786331236
1341846113.837973 0.094535068 -0.016533300 -0.042405065 0.090785824 -0.035318203 0.614910185 0.782557368
1341846113.869842 0.096121453 -0.019343846 -0.047605846 0.088354520 -0.036047757 0.622835994 0.776511014
1341846113.901753 0.096315026 -0.017025376 -0.042959221 0.089539394 -0.036603250 0.629362762 0.771067739
1341846113.937955 0.095369413 -0.017807504 -0.044666853 0.089074217 -0.033687364 0.637163043 0.764823020
1341846113.969840 0.094735347 -0.018834690 -0.050287709 0.085743345 -0.033305869 0.644281745 0.759236395
1341846114.005912 0.096223213 -0.016606342 -0.044752866 0.084144421 -0.034748442 0.650876045 0.753705919
1341846114.043864 0.095008433 -0.016817773 -0.044859149 0.082872234 -0.031184388 0.659183562 0.746750772
1341846114.069860 0.098391205 -0.018226696 -0.049020521 0.079940632 -0.030746061 0.668178260 0.739054799
1341846114.106082 0.100381814 -0.017344609 -0.049215574 0.079843603 -0.034270670 0.674011230 0.733593524
1341846114.137798 0.095578723 -0.015929746 -0.044787735 0.081314340 -0.033448290 0.676082313 0.731561303
1341846114.170101 0.096176788 -0.016616469 -0.047122061 0.079502612 -0.031456824 0.679462492 0.728711545
1341846114.205882 0.096312672 -0.017827766 -0.052674741 0.077466875 -0.032427516 0.681556225 0.726930857
1341846114.237814 0.098178364 -0.015453034 -0.046657048 0.077339217 -0.035551500 0.682766855 0.725661159
1341846114.273904 0.097951256 -0.016244464 -0.047075678 0.077982076 -0.036048189 0.684998393 0.723461509
1341846114.305813 0.097995557 -0.015884662 -0.048819724 0.077678986 -0.037981547 0.688824177 0.719753206
1341846114.337919 0.098309837 -0.015140943 -0.045947380 0.078033127 -0.039099768 0.690186381 0.718348682
1341846114.374059 0.098275587 -0.015132882 -0.047306277 0.078032874 -0.038951080 0.692111194 0.716502488
1341846114.406296 0.099615067 -0.015590829 -0.049529914 0.077400625 -0.041310158 0.696047068 0.712615728
1341846114.441861 0.098289013 -0.014939216 -0.046639681 0.078768879 -0.043662243 0.696785152 0.711603463
1341846114.473886 0.095581286 -0.015377599 -0.046792023 0.079556480 -0.043581527 0.696997404 0.711312890
1341846114.506009 0.098412380 -0.016496154 -0.050490972 0.077063210 -0.045614608 0.702016473 0.706507981
1341846114.541924 0.099030502 -0.014226139 -0.044422980 0.078714445 -0.048752416 0.702576995 0.705558479
1341846114.573824 0.092411153 -0.015713969 -0.045751441 0.080186673 -0.046265721 0.698511839 0.709584892
1341846114.605897 0.091418125 -0.016114632 -0.050068542 0.076927915 -0.045439079 0.696995437 0.711487710
1341846114.641888 0.096304446 -0.012976855 -0.043561332 0.075106591 -0.049626056 0.698513448 0.709912121
1341846114.673974 0.093119755 -0.013529206 -0.043236487 0.078060895 -0.047628108 0.697963297 0.710271299
1341846114.709730 0.087372206 -0.014530052 -0.049921975 0.077294417 -0.045456268 0.693907738 0.714458764
1341846114.741795 0.091757618 -0.012958242 -0.045532994 0.073469654 -0.048559267 0.690083742 0.718351305
1341846114.773917 0.092700168 -0.010155352 -0.040073544 0.074096262 -0.049527656 0.684986293 0.723084033
1341846114.810044 0.089533284 -0.012041891 -0.044076875 0.075042449 -0.047449853 0.674996018 0.732459903
1341846114.841856 0.088886626 -0.010455903 -0.043962833 0.074191466 -0.048417002 0.661501169 0.744692981
1341846114.873982 0.089961998 -0.010001183 -0.038593985 0.074811868 -0.049474768 0.649400592 0.755138576
1341846114.909807 0.091699377 -0.011523870 -0.038749404 0.078655906 -0.047870692 0.639300585 0.763424098
1341846114.941865 0.095021367 -0.009435631 -0.034560923 0.086019441 -0.047564354 0.632828236 0.768027842
1341846114.977980 0.089849435 -0.009635297 -0.039082401 0.092263810 -0.044904683 0.626725793 0.772454381
1341846115.009784 0.084957972 -0.009811580 -0.041524153 0.094320565 -0.041487321 0.617765784 0.779581845
1341846115.041927 0.082054548 -0.008716174 -0.045081232 0.093429133 -0.038802844 0.608402073 0.787154555
1341846115.077974 0.084598154 -0.009298633 -0.047601793 0.091848962 -0.040937960 0.602485776 0.791769385
1341846115.109710 0.082320645 -0.008743629 -0.044316467 0.093222693 -0.041806266 0.592858911 0.798799157
1341846115.142130 0.076809697 -0.008410520 -0.047194161 0.093118489 -0.039422028 0.581154585 0.807486355
1341846115.177979 0.074013479 -0.007672139 -0.050633285 0.088403933 -0.039504271 0.569167197 0.816500425
1341846115.209893 0.071858011 -0.006251879 -0.052366469 0.082875669 -0.042748217 0.557802498 0.824718475
1341846115.245960 0.065327570 -0.005205157 -0.050784525 0.078319870 -0.039978758 0.548444092 0.831550837
1341846115.277850 0.066167869 -0.004959666 -0.047789935 0.071729235 -0.037670564 0.540778995 0.837253809
1341846115.309821 0.066137917 -0.003576952 -0.048137229 0.064842626 -0.038605727 0.530258298 0.844470918
1341846115.345985 0.068149708 -0.000627562 -0.042778235 0.059365895 -0.040284853 0.518615484 0.851992249
1341846115.377811 0.068838969 0.000522596 -0.040736821 0.056132048 -0.039521411 0.504266262 0.860815167
1341846115.409843 0.060420018 0.003222369 -0.043596894 0.052461576 -0.035741039 0.483090371 0.873266280
1341846115.445793 0.059315898 0.007646104 -0.042225190 0.046671506 -0.036229268 0.462933928 0.884421527
1341846115.478059 0.066861242 0.006787682 -0.036516055 0.044101477 -0.037479751 0.453044832 0.889607072
1341846115.513951 0.066568173 0.005750865 -0.042365365 0.046088893 -0.035823289 0.442745566 0.894745111
1341846115.545891 0.057077441 0.008255379 -0.046440877 0.046710029 -0.034264874 0.431199819 0.900394797
1341846115.577954 0.058070134 0.012031493 -0.041980021 0.044440329 -0.036247540 0.418613374 0.906352043
1341846115.613954 0.058204342 0.012132298 -0.041296341 0.042774361 -0.035244424 0.406898320 0.911790490
1341846115.645824 0.052833173 0.011325541 -0.045471508 0.041874792 -0.034377906 0.392269373 0.918253481
1341846115.681882 0.049805973 0.015465753 -0.043271091 0.039638922 -0.035836864 0.375452429 0.925299883
1341846115.714384 0.054877874 0.017617218 -0.036832999 0.036604274 -0.036245055 0.360671848 0.931269169
1341846115.746144 0.051887546 0.016826291 -0.041627649 0.034387771 -0.032277845 0.346708775 0.936786354
1341846115.781725 0.050508283 0.016257005 -0.043379635 0.031729687 -0.032070011 0.337502658 0.940242887
1341846115.813812 0.055109020 0.018154461 -0.037568748 0.029414222 -0.032600962 0.327830583 0.943715572
1341846115.848050 0.053476576 0.019324640 -0.039486337 0.029199913 -0.026643988 0.314404875 0.948465586
1341846115.881857 0.049856141 0.019737219 -0.043232955 0.027212515 -0.022777176 0.304990232 0.951694071
1341846115.913919 0.049543515 0.020648131 -0.042412166 0.023286793 -0.022679264 0.298346460 0.953903913
1341846115.950006 0.052936271 0.020996984 -0.038632687 0.021335516 -0.021304738 0.289053321 0.956838012
1341846115.982063 0.052015979 0.020361844 -0.041725822 0.020836489 -0.016191628 0.280782491 0.959408581
1341846116.014067 0.050748982 0.017925743 -0.043767322 0.018794861 -0.014839405 0.277748138 0.960355401
1341846116.050272 0.051659968 0.017557498 -0.041984186 0.019116670 -0.016050965 0.273003370 0.961689174
1341846116.081984 0.052363239 0.019622790 -0.038866699 0.021673456 -0.014410501 0.263841867 0.964214742
1341846116.113928 0.046680838 0.020789932 -0.042839557 0.021118509 -0.009653864 0.254426122 0.966813385
1341846116.149901 0.047215998 0.017414177 -0.042794742 0.019101314 -0.011424992 0.250096232 0.967965126
1341846116.181797 0.051237058 0.017151805 -0.040295247 0.021723850 -0.013387484 0.240994453 0.970190942
1341846116.219755 0.050350998 0.020138402 -0.040289953 0.022877013 -0.010558533 0.231482983 0.972512603
1341846116.252587 0.051122848 0.017565312 -0.040382467 0.020259865 -0.010389030 0.226327717 0.973785043
1341846116.282014 0.055509891 0.016439088 -0.038422838 0.021817680 -0.011290844 0.221516386 0.974847138
1341846116.319031 0.053041447 0.019321933 -0.039885249 0.024560181 -0.009024125 0.216506168 0.975930572
1341846116.349920 0.052994460 0.019851794 -0.039281599 0.023469418 -0.008285473 0.213888705 0.976540923
1341846116.381987 0.054347105 0.019787738 -0.038764186 0.023275401 -0.007484357 0.210047573 0.977385402
1341846116.417962 0.053646892 0.019631322 -0.039930049 0.022954665 -0.005817332 0.205474868 0.978375852
1341846116.449943 0.051966276 0.021065740 -0.040744871 0.022535300 -0.004803252 0.197599158 0.980012059
1341846116.486079 0.051545754 0.022725789 -0.040562712 0.022618476 -0.003021594 0.187110856 0.982073724
1341846116.517901 0.051970877 0.021829667 -0.040966082 0.020545563 -0.002111484 0.177959919 0.983820975
1341846116.549851 0.050485957 0.021714849 -0.041925222 0.018828528 -0.002565831 0.168404832 0.985534728
1341846116.585719 0.049880140 0.024931297 -0.040475771 0.018835302 -0.002403382 0.156680927 0.987466693
1341846116.617985 0.052415840 0.024818433 -0.039909504 0.016179718 -0.001353800 0.149676666 0.988601685
1341846116.653901 0.050481953 0.024265876 -0.041782271 0.014687822 -0.000623895 0.147721618 0.988919675
1341846116.686079 0.052871913 0.024466485 -0.040014021 0.014877744 -0.002317423 0.147046685 0.989014924
1341846116.717942 0.054071255 0.025743153 -0.040343966 0.016283700 -0.000185768 0.144601896 0.989355862
1341846116.753865 0.049883939 0.026298484 -0.041757289 0.015500262 0.002812815 0.141986087 0.989743292
1341846116.785839 0.048317775 0.023439903 -0.040448632 0.014676536 0.001238151 0.139408469 0.990125418
1341846116.818815 0.049040820 0.025978211 -0.040195536 0.017983586 0.000405917 0.130535066 0.991280496
1341846116.853902 0.046589088 0.026932558 -0.041329604 0.016663700 0.002112789 0.123015232 0.992262661
1341846116.886435 0.044913713 0.024312411 -0.039916407 0.015486597 0.000650562 0.116139814 0.993111908
1341846116.921838 0.047906093 0.025306426 -0.038184889 0.017463008 -0.001691419 0.108685344 0.993921340
1341846116.953941 0.045818537 0.025293155 -0.038842112 0.017826300 -0.001039568 0.100752793 0.994751215
1341846116.985759 0.043788798 0.024789570 -0.038995430 0.018142246 -0.001787387 0.094122753 0.995393693
1341846117.021816 0.044908620 0.025017889 -0.037837300 0.018870652 -0.004358761 0.086953864 0.996024072
1341846117.054055 0.043149218 0.025434667 -0.037921648 0.019958928 -0.005128471 0.079038724 0.996658504
1341846117.085953 0.043013651 0.025452884 -0.037162650 0.019691667 -0.007139909 0.071801893 0.997198939
1341846117.121840 0.042465389 0.024685601 -0.037207402 0.019891296 -0.008927404 0.066327743 0.997559667
1341846117.154178 0.043645095 0.024014700 -0.037012283 0.020777602 -0.011263208 0.061704855 0.997814596
1341846117.190028 0.042501152 0.023938132 -0.035756219 0.022256732 -0.012168271 0.057964891 0.997996271
1341846117.221812 0.043606274 0.024103068 -0.037496097 0.022811532 -0.013274943 0.052659262 0.998263717
1341846117.253848 0.043430518 0.024070080 -0.037752304 0.022642313 -0.011776604 0.047868054 0.998527527
1341846117.289976 0.038902622 0.023265462 -0.038404204 0.022309951 -0.011432271 0.046838731 0.998587847
1341846117.321956 0.042488202 0.023205593 -0.036814395 0.023051953 -0.015608532 0.044961222 0.998600781
1341846117.354004 0.046664733 0.023429777 -0.037357219 0.024424586 -0.014813424 0.040697191 0.998763144
1341846117.389874 0.041513890 0.024692930 -0.039366238 0.024507890 -0.011124822 0.037722047 0.998925745
1341846117.421707 0.040477946 0.022556596 -0.037435774 0.023078764 -0.013802825 0.036215883 0.998982131
1341846117.457914 0.045287326 0.022262039 -0.036375105 0.024902074 -0.016187830 0.033619985 0.998993278
1341846117.490067 0.043361403 0.025229705 -0.037415206 0.025802769 -0.014251663 0.030320315 0.999105513
1341846117.521746 0.040334579 0.023713378 -0.036476493 0.023651341 -0.015539483 0.028792387 0.999184728
1341846117.557896 0.043473989 0.022111354 -0.035627127 0.024781970 -0.019480590 0.026965987 0.999139249
1341846117.590027 0.042720575 0.023656283 -0.037075017 0.025982091 -0.019584425 0.025919784 0.999134421
1341846117.621818 0.041538738 0.021762293 -0.034978393 0.025844736 -0.020882923 0.026048884 0.999108315
1341846117.658054 0.043554895 0.020060532 -0.034568306 0.028163167 -0.024295660 0.026899131 0.998945951
1341846117.689984 0.044817932 0.019757098 -0.035113204 0.030639105 -0.024915731 0.026114132 0.998878598
1341846117.725898 0.044516969 0.018918302 -0.035318222 0.032374557 -0.025057916 0.025273178 0.998841941
1341846117.757737 0.043585829 0.017057555 -0.036358818 0.036043834 -0.026513333 0.023874436 0.998713136
1341846117.790023 0.042651743 0.017141545 -0.036595453 0.038186178 -0.028230147 0.021916822 0.998631358
1341846117.825949 0.046807382 0.015767330 -0.036287434 0.039333548 -0.030538607 0.020263201 0.998553753
1341846117.857847 0.046919979 0.015846977 -0.036488336 0.041410729 -0.029554389 0.019769125 0.998509288
1341846117.893987 0.044554133 0.017089667 -0.036600776 0.042305242 -0.029240526 0.022033462 0.998433650
1341846117.925908 0.047315344 0.016117390 -0.036020797 0.042036798 -0.031927232 0.024895968 0.998295426
1341846117.958141 0.051050555 0.016035201 -0.036062300 0.042513780 -0.031466018 0.026331259 0.998253047
1341846117.993978 0.049197085 0.018385125 -0.036679398 0.042580947 -0.029083267 0.029004369 0.998248339
1341846118.025852 0.047904760 0.017514294 -0.036130097 0.040852651 -0.029794259 0.031839263 0.998213232
1341846118.058362 0.050989222 0.016618075 -0.035244104 0.040292211 -0.031006211 0.034250110 0.998119235
1341846118.093970 0.050984003 0.017046716 -0.035252124 0.040783927 -0.029461209 0.035094835 0.998116732
1341846118.125943 0.048618961 0.017273143 -0.036024105 0.039986998 -0.028808556 0.036001727 0.998135746
1341846118.161827 0.050257273 0.014051271 -0.034978591 0.038637403 -0.030514332 0.036450300 0.998121917
1341846118.194750 0.052448943 0.014322716 -0.034776721 0.040358480 -0.029485041 0.035779182 0.998109043
1341846118.226048 0.050351158 0.014822667 -0.034937344 0.040732432 -0.027495192 0.035771657 0.998150945
1341846118.261772 0.052155267 0.012784599 -0.034709491 0.040995289 -0.028230343 0.036516111 0.998092711
1341846118.294053 0.053623021 0.012480243 -0.034547050 0.042609647 -0.027712233 0.036947612 0.998023748
1341846118.336123 0.053217374 0.013362371 -0.035622254 0.043786939 -0.026404545 0.037230555 0.997997701
1341846118.362053 0.052776050 0.014569636 -0.035095096 0.043535337 -0.026275449 0.036882311 0.998025060
1341846118.393906 0.055789504 0.012831086 -0.035059679 0.042825453 -0.026323842 0.036118608 0.998082399
1341846118.429882 0.053460430 0.014328940 -0.035351418 0.043999497 -0.023472562 0.035895582 0.998110533
1341846118.461821 0.051085539 0.015496409 -0.035687827 0.043345623 -0.023696447 0.036397267 0.998115659
1341846118.509152 0.053738628 0.013310974 -0.035119858 0.041687470 -0.025310159 0.036671162 0.998136640
1341846118.535838 0.053888317 0.013741461 -0.035735182 0.042432189 -0.024346380 0.036802649 0.998124421
1341846118.567808 0.051128019 0.015766706 -0.035929050 0.042551685 -0.023882307 0.037983291 0.998086333
1341846118.603991 0.053265993 0.012511110 -0.035590865 0.040670291 -0.026214255 0.038669806 0.998079836
1341846118.635802 0.055821780 0.012858277 -0.035583537 0.043013770 -0.024932992 0.037973136 0.998041213
1341846118.667919 0.051659428 0.014500649 -0.037274685 0.043481480 -0.022399515 0.038696647 0.998053193
1341846118.703956 0.053021632 0.012818838 -0.035996996 0.042623173 -0.024169743 0.039687313 0.998010039
1341846118.735837 0.056298316 0.012568387 -0.036498517 0.044183090 -0.023869045 0.039798148 0.997945011
1341846118.772013 0.053805627 0.014612650 -0.037423126 0.044708453 -0.021383097 0.040501658 0.997949660
1341846118.804343 0.053272489 0.013466108 -0.037230872 0.043639388 -0.021704996 0.041341059 0.997955620
1341846118.835817 0.054941978 0.012808515 -0.037720952 0.044803288 -0.021922173 0.041598935 0.997888625
1341846118.872045 0.054178275 0.014337748 -0.037377965 0.045368720 -0.020896450 0.042101722 0.997863948
1341846118.903860 0.053894568 0.013505553 -0.038431529 0.044425081 -0.021569712 0.041809797 0.997904360
1341846118.935809 0.056437306 0.013071585 -0.038061928 0.044563137 -0.022133010 0.040858690 0.997925282
1341846118.971870 0.055829611 0.012785517 -0.038243502 0.045184743 -0.020555710 0.040210776 0.997957349
1341846119.003949 0.055414610 0.012366107 -0.038076203 0.045247585 -0.021000186 0.042024426 0.997870505
1341846119.035768 0.059782639 0.009715669 -0.038696222 0.047127575 -0.021664858 0.043991283 0.997684538
1341846119.071829 0.059539832 0.011008942 -0.039020445 0.051133361 -0.018165074 0.045893788 0.997471392
1341846119.103837 0.057429712 0.012099980 -0.039622728 0.052566975 -0.016879482 0.047151204 0.997360826
1341846119.136478 0.059996061 0.010695294 -0.040044256 0.052477449 -0.018090833 0.046866845 0.997357666
1341846119.171928 0.061737332 0.009579601 -0.039660681 0.054268923 -0.017012764 0.047028869 0.997273147
1341846119.203919 0.059955053 0.010464856 -0.040595569 0.056464851 -0.015060404 0.048159227 0.997128665
1341846119.239826 0.057280742 0.010011798 -0.041718729 0.056693092 -0.015982555 0.050950035 0.996962667
1341846119.266059 0.059309877 0.008033754 -0.041346081 0.057070062 -0.019585542 0.054302577 0.996699870
1341846119.297817 0.060915384 0.010365138 -0.040976442 0.058718499 -0.020816114 0.055680364 0.996503115
1341846119.334095 0.058622103 0.009611997 -0.040999059 0.057408452 -0.021500152 0.056860778 0.996498287
1341846119.365757 0.059993532 0.007276990 -0.041151892 0.057626497 -0.024445863 0.058516707 0.996321917
1341846119.401815 0.061324216 0.008315142 -0.040757380 0.059806228 -0.025773237 0.059753817 0.996086538
1341846119.434863 0.062845454 0.009033705 -0.041048791 0.060322087 -0.025534868 0.058720410 0.996123016
1341846119.465868 0.063036427 0.007782882 -0.041511338 0.059799857 -0.024555866 0.057404149 0.996255875
1341846119.501761 0.063219965 0.006263156 -0.041596469 0.060585707 -0.023861878 0.057398587 0.996225595
1341846119.533772 0.062965795 0.007789438 -0.040603314 0.062435973 -0.023586286 0.057862334 0.996091068
1341846119.565854 0.063602790 0.007831872 -0.042149086 0.062443282 -0.023767391 0.056908473 0.996141255
