1341846313.592026 0.000000000 0.000000000 0.000000000 0.000000000 0.000000000 0.000000000 1.000000000
1341846313.654184 0.010414796 0.000102498 -0.002916268 -0.000819117 -0.003699332 0.005114334 0.999979734
1341846313.686156 0.017237119 0.001522088 -0.001983472 0.000501519 -0.005884480 0.004900054 0.999970555
1341846313.721918 0.023852888 0.005144070 -0.005000772 0.000896530 -0.007138672 0.005995051 0.999956131
1341846313.753994 0.029703608 0.003667519 -0.006238321 0.000277207 -0.007812485 0.007645321 0.999940217
1341846313.789969 0.031428348 0.006189707 -0.004400258 0.001829935 -0.007780330 0.006188179 0.999948919
1341846313.822075 0.044049617 0.005793154 -0.004385293 0.001437085 -0.007979764 0.004960369 0.999954820
1341846313.853928 0.048325296 0.004766481 0.004979990 0.000621922 -0.005883277 0.004612988 0.999971867
1341846313.890011 0.061605509 0.013715029 0.002642129 0.001930338 -0.005543251 0.005075128 0.999969900
1341846313.922055 0.064773604 0.013886301 0.013162173 0.000021229 -0.005336818 0.004394939 0.999976099
1341846313.957927 0.139360145 0.040278058 0.024207836 0.002113857 -0.011702203 0.008843535 0.999890208
1341846313.990058 0.138827220 0.040098999 0.024559524 0.000916556 -0.006262219 0.010103150 0.999928951
1341846314.022042 0.137622967 0.039925188 0.028254306 -0.001727858 -0.005371436 0.009350940 0.999940336
1341846314.057816 0.139800340 0.039529480 0.033326346 -0.005062821 -0.000852677 0.011868676 0.999916375
1341846314.089801 0.140940219 0.038494371 0.043933153 -0.004486658 0.004218753 0.011184060 0.999918461
1341846314.122037 0.139577687 0.038855556 0.036913212 -0.005852864 0.009074192 0.013687454 0.999848008
1341846314.157989 0.139901876 0.031442530 0.054468650 -0.009898026 0.013090389 0.014872852 0.999754727
1341846314.190094 0.139286548 0.037794501 0.040602501 -0.007726302 0.018510144 0.014820506 0.999688983
1341846314.225969 0.139836058 0.038463868 0.044386912 -0.010381877 0.020594152 0.015952405 0.999606729
1341846314.257923 0.139507800 0.038188424 0.044172607 -0.011625125 0.023994647 0.015827455 0.999519169
1341846314.290052 0.140965804 0.038263354 0.043264069 -0.010467100 0.025310043 0.013975572 0.999527156
1341846314.325981 0.139240235 0.038176436 0.044065595 -0.011678595 0.027977051 0.011248344 0.999477088
1341846314.357905 0.139094114 0.037874728 0.044621497 -0.012145527 0.032586195 0.009753512 0.999347508
1341846314.389899 0.139309093 0.038345259 0.043624878 -0.010292420 0.035087179 0.008480979 0.999295235
1341846314.427905 0.139327914 0.038293954 0.043547407 -0.010985096 0.037857879 0.006309112 0.999202847
1341846314.493987 0.139177114 0.038179062 0.044087421 -0.008882154 0.048982900 -0.002851218 0.998756051
1341846314.526085 0.139051318 0.038072981 0.043913249 -0.009535154 0.052613854 -0.004948972 0.998557150
1341846314.558292 0.139275417 0.038084656 0.043763973 -0.010382501 0.056668185 -0.003057502 0.998334408
1341846314.594085 0.139166102 0.038308300 0.043665510 -0.008515683 0.062045414 -0.004113124 0.998028517
1341846314.626096 0.139129281 0.038417906 0.043379754 -0.008645492 0.066981509 -0.001922440 0.997714877
1341846314.658455 0.139156818 0.038312897 0.043534253 -0.010685126 0.069815405 -0.003583381 0.997496247
1341846314.694004 0.139095470 0.038296971 0.043545920 -0.010171647 0.075494491 -0.005881620 0.997076988
1341846314.725910 0.139077917 0.038330622 0.043494288 -0.005427124 0.078416049 -0.000896835 0.996905565
1341846314.761942 0.139082745 0.038349528 0.043497574 -0.001938092 0.079246879 0.004127302 0.996844590
1341846314.794030 0.139053613 0.038311321 0.043399654 0.000370375 0.082847632 0.004004873 0.996554077
1341846314.826092 0.139021128 0.038297992 0.043309517 0.002277862 0.088477582 0.005502304 0.996060371
1341846314.862145 0.138939813 0.038336348 0.043470200 0.002501701 0.093673006 0.007451287 0.995571971
1341846314.894072 0.138910457 0.038350996 0.043422189 0.002532246 0.098895602 0.009823051 0.995046079
1341846314.925969 0.138926148 0.038345471 0.043438904 0.002495327 0.102207929 0.012247357 0.994684517
1341846314.961937 0.138910294 0.038342081 0.043349411 -0.000652468 0.102283441 0.016732376 0.994614363
1341846314.994564 0.138890311 0.038337976 0.043348689 -0.004059382 0.104029588 0.015845420 0.994439721
1341846315.029900 0.138837993 0.038339827 0.043434534 -0.003982429 0.109544843 0.013068553 0.993887961
1341846315.061965 0.138822660 0.038364656 0.043400392 -0.003816588 0.112662710 0.016117683 0.993495226
1341846315.094388 0.138833806 0.038383547 0.043371845 -0.003334115 0.111938372 0.016411610 0.993574023
1341846315.129851 0.138764694 0.038370911 0.043390501 -0.001765627 0.113672681 0.016606549 0.993377864
1341846315.161941 0.138705581 0.038341656 0.043175027 -0.005410221 0.114498995 0.019857664 0.993210137
1341846315.197984 0.138737202 0.038344387 0.043329753 -0.012311802 0.112924099 0.016214931 0.993395030
1341846315.230076 0.138691515 0.038347192 0.043279529 -0.015342847 0.112962313 0.012877156 0.993397355
1341846315.262069 0.138692915 0.038354658 0.043289922 -0.018012425 0.110708468 0.014914061 0.993577719
1341846315.298000 0.138702393 0.038364448 0.043305248 -0.019599613 0.107157506 0.015676070 0.993925214
1341846315.329931 0.138701215 0.038370691 0.043297436 -0.015611601 0.106971964 0.014977174 0.994026661
1341846315.361981 0.138703927 0.038371939 0.043300498 -0.010084908 0.106371298 0.018290743 0.994107068
1341846315.397962 0.138692647 0.038378984 0.043279365 -0.007197228 0.107209228 0.021101326 0.993986487
1341846315.429923 0.138665184 0.038367677 0.043230020 -0.005062920 0.110232525 0.022319283 0.993642271
1341846315.466047 0.138641626 0.038369182 0.043190274 -0.005037169 0.114093468 0.023072395 0.993189275
1341846315.497883 0.138658985 0.038370971 0.043224759 -0.005313118 0.117396004 0.026138848 0.992726922
1341846315.530008 0.138635278 0.038371846 0.043185536 -0.005291168 0.119750105 0.026875418 0.992426097
1341846315.566108 0.138640806 0.038372278 0.043195095 -0.006146607 0.121242262 0.028824015 0.992185295
1341846315.597986 0.138635606 0.038372967 0.043189425 -0.005942078 0.123007081 0.027263690 0.992013454
1341846315.630109 0.138636246 0.038375467 0.043203164 -0.005698094 0.124372549 0.025345584 0.991895437
1341846315.666042 0.138630569 0.038381081 0.043170381 -0.007070768 0.125945881 0.023164496 0.991741419
1341846315.698114 0.138621390 0.038375333 0.043154459 -0.013613204 0.129894331 0.020988656 0.991212189
1341846315.733985 0.138647571 0.038383994 0.043215439 -0.014181086 0.131918937 0.023462227 0.990881324
1341846315.766041 0.138630807 0.038377125 0.043199256 -0.014135802 0.129764855 0.025640782 0.991112411
1341846315.798188 0.138624236 0.038385138 0.043185599 -0.015042047 0.129608065 0.025290092 0.991128623
1341846315.834140 0.138630927 0.038386736 0.043201398 -0.013623663 0.131249234 0.023878958 0.990968108
1341846315.866751 0.138624981 0.038389817 0.043194741 -0.011198116 0.132785484 0.023496155 0.990803003
1341846315.898492 0.138620764 0.038390975 0.043186910 -0.009917259 0.132952377 0.024737893 0.990764022
1341846315.936901 0.138633549 0.038391508 0.043204740 -0.006623853 0.133966908 0.023058007 0.990695357
1341846315.966572 0.138623729 0.038389321 0.043220811 -0.003516916 0.134616852 0.023893107 0.990603387
1341846316.034204 0.138622597 0.038387276 0.043203354 0.000294848 0.133148059 0.021675745 0.990859032
1341846316.066113 0.138622552 0.038389504 0.043206587 0.002871734 0.132051438 0.023672849 0.990955949
1341846316.101867 0.138621420 0.038385406 0.043184187 0.003511550 0.129826143 0.027420392 0.991151333
1341846316.134066 0.138624623 0.038384046 0.043193359 0.002528500 0.125492081 0.025121685 0.991773307
1341846316.202049 0.138624266 0.038386971 0.043183535 0.003448808 0.118794590 0.023597023 0.992632449
1341846316.233979 0.138623178 0.038387131 0.043176025 0.003207729 0.117116511 0.020389346 0.992903709
1341846316.270052 0.138624609 0.038384054 0.043193378 0.002071422 0.117512800 0.017662155 0.992912114
1341846316.301915 0.138624966 0.038384158 0.043201789 0.003074921 0.117028922 0.016635418 0.992984414
1341846316.334208 0.138624966 0.038383555 0.043195397 0.004863731 0.115101881 0.018300127 0.993173182
1341846316.370006 0.138624802 0.038384009 0.043193817 0.007333895 0.112637952 0.018266195 0.993441105
1341846316.401994 0.138624594 0.038384043 0.043193385 0.008526216 0.111389309 0.023179196 0.993469894
1341846316.438069 0.138624370 0.038384177 0.043193337 0.011228830 0.110802867 0.024992850 0.993464649
1341846316.470076 0.138624579 0.038384292 0.043193389 0.016759189 0.108605824 0.028467217 0.993535876
1341846316.502034 0.138624728 0.038384166 0.043192964 0.016575027 0.104054920 0.028959444 0.994011641
1341846316.537975 0.138624549 0.038384054 0.043193400 0.013978328 0.100176468 0.027213115 0.994499207
1341846316.570121 0.138624683 0.038384099 0.043193601 0.014692359 0.098900780 0.023442838 0.994712651
1341846316.601885 0.138624772 0.038384136 0.043193437 0.016692873 0.096530616 0.019284725 0.995003164
1341846316.638009 0.138624877 0.038384140 0.043193541 0.019013235 0.093940780 0.019773219 0.995199800
1341846316.669925 0.138624504 0.038384020 0.043193407 0.021521421 0.092151970 0.020416742 0.995302975
1341846316.705941 0.138624460 0.038384024 0.043193445 0.026150201 0.092880905 0.021888681 0.995093048
1341846316.738062 0.138624564 0.038384028 0.043193322 0.028435791 0.090740144 0.023334194 0.995195031
1341846316.770433 0.138624594 0.038384043 0.043193340 0.028333105 0.088780038 0.024727553 0.995341063
1341846316.805932 0.138624668 0.038384054 0.043193389 0.028229414 0.086819246 0.026120223 0.995481431
1341846316.838029 0.138624489 0.038384035 0.043193404 0.028877754 0.083408415 0.026855713 0.995734870
1341846316.870034 0.138624474 0.038384054 0.043193448 0.029560277 0.080033779 0.027627150 0.995970607
1341846316.906344 0.138624445 0.038384028 0.043193515 0.030245049 0.076651782 0.028397808 0.996194422
1341846316.937940 0.138624460 0.038384054 0.043193351 0.030325146 0.074096657 0.028335150 0.996387064
1341846316.973994 0.138624594 0.038384050 0.043193430 0.029812695 0.070506394 0.027791491 0.996678352
1341846317.005913 0.138624594 0.038384058 0.043193497 0.029296059 0.066908188 0.027246606 0.996956706
1341846317.037936 0.138624713 0.038384058 0.043193474 0.029214356 0.062034998 0.026216999 0.997301817
1341846317.073972 0.138624758 0.038384117 0.043193340 0.030402547 0.059041403 0.025270317 0.997472405
1341846317.106113 0.138624430 0.038384035 0.043193407 0.031724554 0.056189418 0.024333274 0.997619271
1341846317.137887 0.138624519 0.038384035 0.043193474 0.034883365 0.049688969 0.023857629 0.997870207
1341846317.173970 0.138624489 0.038384125 0.043193385 0.038039729 0.043185156 0.023380904 0.998068810
1341846317.205887 0.138624668 0.038384233 0.043193545 0.041191537 0.036680359 0.022903275 0.998215079
1341846317.248131 0.138624355 0.038383979 0.043193396 0.044126336 0.030068699 0.022436960 0.998321235
1341846317.306289 0.138624489 0.038383424 0.043194689 0.046445508 0.022474371 0.022137430 0.998422623
1341846317.348137 0.138624281 0.038383972 0.043193385 0.048821036 0.014927254 0.021817649 0.998457670
1341846317.410120 0.138624251 0.038383961 0.043193385 0.050315119 0.008895348 0.022052735 0.998450279
1341846317.442569 0.138624251 0.038384005 0.043193363 0.052888021 0.007575082 0.021969242 0.998329997
1341846317.474010 0.138624370 0.038383912 0.043193407 0.055461150 0.006254980 0.021885797 0.998201370
1341846317.509927 0.138624221 0.038383972 0.043193385 0.058086682 0.004785407 0.021947656 0.998058796
1341846317.542282 0.138623163 0.038385950 0.043189842 0.058414724 0.002043533 0.021728294 0.998053789
1341846317.573943 0.138623148 0.038385957 0.043189891 0.058302660 0.001804865 0.021822046 0.998058796
1341846317.610159 0.138623208 0.038385913 0.043189771 0.058193501 0.001567280 0.021916527 0.998063505
1341846317.643553 0.138624176 0.038383991 0.043193385 0.058145672 0.001443271 0.021939207 0.998065948
1341846317.677993 0.138625503 0.038383074 0.043194517 0.058961023 -0.003557539 0.023247365 0.997983217
1341846317.709996 0.138625503 0.038382977 0.043194532 0.060553003 -0.006786882 0.025132418 0.997825444
1341846317.741834 0.138625473 0.038382940 0.043194417 0.060177565 -0.008905651 0.025985036 0.997809649
1341846317.777923 0.138625532 0.038382914 0.043194536 0.059801098 -0.011024813 0.026837597 0.997788548
1341846317.810021 0.138624161 0.038383991 0.043193415 0.058507793 -0.013702026 0.027109601 0.997824728
1341846317.841886 0.138624132 0.038383931 0.043193385 0.056896500 -0.014567854 0.026608642 0.997919083
1341846317.878017 0.138624087 0.038383938 0.043193340 0.055284712 -0.015433794 0.026107484 0.998009920
1341846317.909910 0.138624147 0.038383812 0.043193433 0.053672500 -0.016299412 0.025605904 0.998097122
1341846317.946031 0.138624281 0.038383670 0.043193307 0.052060839 -0.017165262 0.025104204 0.998180747
1341846317.978041 0.138624176 0.038384050 0.043193437 0.050665494 -0.017985318 0.024615623 0.998250246
1341846318.009897 0.138624102 0.038383972 0.043193392 0.051946666 -0.017602203 0.024516188 0.998193681
1341846318.045949 0.138624072 0.038383991 0.043193374 0.053227946 -0.017219048 0.024416780 0.998135269
1341846318.078074 0.138623968 0.038384110 0.043193363 0.054508891 -0.016835928 0.024317130 0.998075128
1341846318.109894 0.138623610 0.038384195 0.043193392 0.055789948 -0.016453803 0.024217270 0.998013139
1341846318.145957 0.138623238 0.038384285 0.043193422 0.057070896 -0.016071647 0.024117364 0.997949362
1341846318.145957 0.138623238 0.038384285 0.043193422 0.057070896 -0.016071647 0.024117364 0.997949362
1341846318.145957 0.138623238 0.038384285 0.043193422 0.057070896 -0.016071647 0.024117364 0.997949362
1341846318.145957 0.138623238 0.038384285 0.043193422 0.057070896 -0.016071647 0.024117364 0.997949362
1341846318.145957 0.138623238 0.038384285 0.043193422 0.057070896 -0.016071647 0.024117364 0.997949362
1341846318.145957 0.138623238 0.038384285 0.043193422 0.057070896 -0.016071647 0.024117364 0.997949362
1341846318.145957 0.138623238 0.038384285 0.043193422 0.057070896 -0.016071647 0.024117364 0.997949362
1341846318.145957 0.138623238 0.038384285 0.043193422 0.057070896 -0.016071647 0.024117364 0.997949362
1341846318.145957 0.138623238 0.038384285 0.043193422 0.057070896 -0.016071647 0.024117364 0.997949362
1341846318.145957 0.138623238 0.038384285 0.043193422 0.057070896 -0.016071647 0.024117364 0.997949362
1341846318.145957 0.138623238 0.038384285 0.043193422 0.057070896 -0.016071647 0.024117364 0.997949362
1341846318.145957 0.138623238 0.038384285 0.043193422 0.057070896 -0.016071647 0.024117364 0.997949362
1341846318.145957 0.138623238 0.038384285 0.043193422 0.057070896 -0.016071647 0.024117364 0.997949362
1341846318.145957 0.138623238 0.038384285 0.043193422 0.057070896 -0.016071647 0.024117364 0.997949362
1341846318.145957 0.138623238 0.038384285 0.043193422 0.057070896 -0.016071647 0.024117364 0.997949362
1341846318.145957 0.138623238 0.038384285 0.043193422 0.057070896 -0.016071647 0.024117364 0.997949362
1341846318.145957 0.138623238 0.038384285 0.043193422 0.057070896 -0.016071647 0.024117364 0.997949362
1341846318.145957 0.138623238 0.038384285 0.043193422 0.057070896 -0.016071647 0.024117364 0.997949362
1341846318.145957 0.138623238 0.038384285 0.043193422 0.057070896 -0.016071647 0.024117364 0.997949362
1341846318.145957 0.138623238 0.038384285 0.043193422 0.057070896 -0.016071647 0.024117364 0.997949362
1341846318.145957 0.138623238 0.038384285 0.043193422 0.057070896 -0.016071647 0.024117364 0.997949362
1341846318.145957 0.138623238 0.038384285 0.043193422 0.057070896 -0.016071647 0.024117364 0.997949362
1341846318.145957 0.138623238 0.038384285 0.043193422 0.057070896 -0.016071647 0.024117364 0.997949362
1341846318.145957 0.138623238 0.038384285 0.043193422 0.057070896 -0.016071647 0.024117364 0.997949362
1341846318.145957 0.138623238 0.038384285 0.043193422 0.057070896 -0.016071647 0.024117364 0.997949362
1341846318.145957 0.138623238 0.038384285 0.043193422 0.057070896 -0.016071647 0.024117364 0.997949362
1341846318.145957 0.138623238 0.038384285 0.043193422 0.057070896 -0.016071647 0.024117364 0.997949362
1341846318.145957 0.138623238 0.038384285 0.043193422 0.057070896 -0.016071647 0.024117364 0.997949362
1341846318.145957 0.138623238 0.038384285 0.043193422 0.057070896 -0.016071647 0.024117364 0.997949362
1341846318.145957 0.138623238 0.038384285 0.043193422 0.057070896 -0.016071647 0.024117364 0.997949362
1341846318.145957 0.138623238 0.038384285 0.043193422 0.057070896 -0.016071647 0.024117364 0.997949362
1341846318.145957 0.138623238 0.038384285 0.043193422 0.057070896 -0.016071647 0.024117364 0.997949362
1341846318.145957 0.138623238 0.038384285 0.043193422 0.057070896 -0.016071647 0.024117364 0.997949362
1341846318.145957 0.138623238 0.038384285 0.043193422 0.057070896 -0.016071647 0.024117364 0.997949362
1341846318.145957 0.138623238 0.038384285 0.043193422 0.057070896 -0.016071647 0.024117364 0.997949362
1341846318.145957 0.138623238 0.038384285 0.043193422 0.057070896 -0.016071647 0.024117364 0.997949362
1341846318.145957 0.138623238 0.038384285 0.043193422 0.057070896 -0.016071647 0.024117364 0.997949362
1341846318.145957 0.138623238 0.038384285 0.043193422 0.057070896 -0.016071647 0.024117364 0.997949362
1341846318.145957 0.138623238 0.038384285 0.043193422 0.057070896 -0.016071647 0.024117364 0.997949362
1341846318.145957 0.138623238 0.038384285 0.043193422 0.057070896 -0.016071647 0.024117364 0.997949362
1341846318.145957 0.138623238 0.038384285 0.043193422 0.057070896 -0.016071647 0.024117364 0.997949362
1341846318.145957 0.138623238 0.038384285 0.043193422 0.057070896 -0.016071647 0.024117364 0.997949362
1341846318.145957 0.138623238 0.038384285 0.043193422 0.057070896 -0.016071647 0.024117364 0.997949362
1341846318.145957 0.138623238 0.038384285 0.043193422 0.057070896 -0.016071647 0.024117364 0.997949362
1341846318.145957 0.138623238 0.038384285 0.043193422 0.057070896 -0.016071647 0.024117364 0.997949362
1341846318.145957 0.138623238 0.038384285 0.043193422 0.057070896 -0.016071647 0.024117364 0.997949362
1341846318.145957 0.138623238 0.038384285 0.043193422 0.057070896 -0.016071647 0.024117364 0.997949362
1341846318.145957 0.138623238 0.038384285 0.043193422 0.057070896 -0.016071647 0.024117364 0.997949362
1341846318.145957 0.138623238 0.038384285 0.043193422 0.057070896 -0.016071647 0.024117364 0.997949362
1341846318.145957 0.138623238 0.038384285 0.043193422 0.057070896 -0.016071647 0.024117364 0.997949362
1341846318.145957 0.138623238 0.038384285 0.043193422 0.057070896 -0.016071647 0.024117364 0.997949362
1341846318.145957 0.138623238 0.038384285 0.043193422 0.057070896 -0.016071647 0.024117364 0.997949362
1341846318.145957 0.138623238 0.038384285 0.043193422 0.057070896 -0.016071647 0.024117364 0.997949362
1341846318.145957 0.138623238 0.038384285 0.043193422 0.057070896 -0.016071647 0.024117364 0.997949362
1341846318.145957 0.138623238 0.038384285 0.043193422 0.057070896 -0.016071647 0.024117364 0.997949362
1341846318.145957 0.138623238 0.038384285 0.043193422 0.057070896 -0.016071647 0.024117364 0.997949362
1341846318.145957 0.138623238 0.038384285 0.043193422 0.057070896 -0.016071647 0.024117364 0.997949362
1341846318.145957 0.138623238 0.038384285 0.043193422 0.057070896 -0.016071647 0.024117364 0.997949362
1341846318.145957 0.138623238 0.038384285 0.043193422 0.057070896 -0.016071647 0.024117364 0.997949362
1341846320.190003 0.000000000 0.000000000 0.000000000 0.000000000 0.000000000 0.000000000 1.000000000
1341846320.221941 0.004772000 -0.002238096 0.000468105 0.004039325 0.003345624 0.000705918 0.999985993
1341846320.258015 0.012084523 -0.009617082 -0.002285554 0.007866840 0.004069304 0.002770938 0.999956965
1341846320.289887 0.021367414 -0.015218652 -0.003349811 0.013627759 0.002785453 0.003380993 0.999897540
1341846320.321954 0.027309032 -0.016559299 -0.019345587 0.022074353 0.001413211 0.000678041 0.999755085
1341846320.357890 0.032972261 -0.012911680 -0.021426829 0.027553165 0.002227980 0.001371879 0.999616921
1341846320.390064 0.045386884 -0.014376163 -0.026656525 0.029282015 0.005705853 0.001236845 0.999554098
1341846320.426544 0.054351009 -0.009015196 -0.027712621 0.033164192 0.014147322 -0.006328694 0.999329746
1341846320.458122 0.067327254 -0.015683817 -0.016926173 0.032943908 0.020045705 -0.007101665 0.999230921
1341846320.490186 0.069704629 -0.018088151 -0.055131126 0.037483167 0.027593633 -0.011234354 0.998853028
1341846320.525911 0.076008938 -0.017746197 -0.039749894 0.040631220 0.035199836 -0.012680904 0.998473465
1341846320.558091 0.090256117 -0.024230104 -0.085744932 0.040525559 0.038386248 -0.014807904 0.998331070
1341846320.594093 0.100748256 -0.018235529 -0.048636090 0.042523589 0.043086912 -0.019626457 0.997973025
1341846320.631955 0.108799390 -0.015860217 -0.055316441 0.045517299 0.050966807 -0.022112796 0.997417450
1341846320.664916 0.122041695 -0.016916469 -0.047432072 0.044980392 0.052630138 -0.022920085 0.997337162
1341846320.699927 0.126472086 -0.023206042 -0.064779103 0.045042235 0.056684405 -0.025521442 0.997048974
1341846320.731822 0.141939431 -0.017262999 -0.055799387 0.047589127 0.062578470 -0.027618438 0.996522188
1341846320.763877 0.159271598 -0.020377677 -0.096049309 0.044854205 0.063122086 -0.026049757 0.996656954
1341846320.799999 0.154343188 -0.022484399 -0.072134949 0.037091292 0.062420335 -0.029667562 0.996919155
1341846320.831871 0.168225780 -0.014511641 -0.069195010 0.039745577 0.069974460 -0.037307139 0.996058226
1341846320.900014 0.000000000 0.000000000 0.000000000 0.000000000 0.000000000 0.000000000 1.000000000
1341846320.931889 0.025553893 -0.005625922 0.002887474 0.001189046 -0.000754266 -0.001115098 0.999998391
1341846320.967866 0.035775501 -0.002361497 -0.048343275 0.000823825 0.004246091 -0.004319950 0.999981284
1341846321.000017 0.048457984 -0.003048040 -0.024519227 -0.005429879 0.004392132 -0.006095452 0.999957025
1341846321.031860 0.064845361 -0.006542801 -0.014211975 -0.007629390 0.005003669 -0.008338192 0.999923587
1341846321.068047 0.082519956 -0.002666479 -0.016687537 -0.007049719 0.007893421 -0.011162355 0.999881685
1341846321.099840 0.108744189 0.000608351 0.002939718 -0.009258868 0.007842864 -0.009946484 0.999876916
1341846321.131821 0.115051977 -0.008751422 -0.008045471 -0.009069322 0.010695126 -0.009743243 0.999854207
1341846321.167887 0.130533382 -0.007721689 -0.005498365 -0.006234739 0.014370136 -0.009206118 0.999834895
1341846321.200042 0.141656652 -0.003949040 -0.006112971 -0.005756127 0.016351372 -0.009934147 0.999800384
1341846321.231950 0.146090508 -0.008754426 -0.006680374 -0.006426821 0.017756816 -0.011049195 0.999760628
1341846321.267939 0.167194083 -0.005609014 -0.008550518 -0.005998787 0.018659348 -0.016335433 0.999674439
1341846321.299948 0.179369673 -0.009001553 -0.009669182 -0.007479396 0.022645295 -0.022357253 0.999465585
1341846321.331858 0.207908407 -0.006106227 0.010462175 -0.006966124 0.023441680 -0.025111824 0.999385476
1341846321.367913 0.223039344 -0.038027681 -0.017356858 -0.007667457 0.025424853 -0.031232059 0.999159276
1341846321.399897 0.214931309 -0.022117725 -0.017156648 -0.004479115 0.031846862 -0.032884926 0.998941600
1341846321.435994 0.227769077 -0.024680594 -0.011564870 -0.003046777 0.034752924 -0.033698339 0.998822987
1341846321.467946 0.243357614 -0.019525589 -0.012391904 -0.000677438 0.036774490 -0.033658210 0.998756409
1341846321.499882 0.244656980 -0.015263833 -0.003707283 0.001044617 0.040822200 -0.033695903 0.998597562
1341846321.536109 0.279893607 -0.010932112 -0.018860368 0.001083449 0.043937314 -0.037154123 0.998342574
1341846321.568960 0.268090606 -0.005508984 -0.021903396 -0.001892356 0.051600594 -0.041040786 0.997822344
1341846321.603938 0.280723959 -0.017158059 -0.021617502 -0.005743906 0.054213263 -0.040179759 0.997704148
1341846321.637163 0.307600856 -0.013884350 -0.023229057 -0.007854407 0.057134941 -0.040630527 0.997508466
1341846321.668306 0.306975126 -0.008294325 -0.023103232 -0.012029154 0.068242908 -0.039644070 0.996808171
1341846321.704411 0.293099403 -0.009912058 -0.005950063 -0.014881981 0.071259774 -0.031974021 0.996834099
1341846321.736861 0.315348178 -0.004713405 0.007792429 -0.015242105 0.069025487 -0.022978397 0.997233748
1341846321.771881 0.320548445 0.015543033 -0.011733621 -0.016562235 0.070377544 -0.020442346 0.997173429
1341846321.804114 0.348775208 0.015001342 -0.001165123 -0.020758172 0.071634397 -0.016122082 0.997084618
1341846321.836152 0.356014043 0.014614602 -0.013463330 -0.023616953 0.073883206 -0.014680328 0.996879160
1341846321.871882 0.352660000 0.024408299 -0.010143546 -0.028842837 0.075532712 -0.016627282 0.996587396
1341846321.904074 0.363930225 0.023476873 0.008099984 -0.035977416 0.076686718 -0.019571206 0.996213675
1341846321.939847 0.371202409 0.021347862 0.005511851 -0.039836738 0.079217695 -0.022113817 0.995815516
1341846322.004094 0.352860004 0.015923694 0.010641122 -0.046721049 0.078666553 -0.023974665 0.995516956
1341846322.066178 0.375755429 -0.006313017 -0.005318612 -0.052415360 0.082708478 -0.027832186 0.994805157
1341846322.107979 0.377744555 -0.028854338 0.014084888 -0.055597138 0.084394604 -0.028528327 0.994471014
1341846322.166164 0.369465321 -0.067955986 0.016421709 -0.053355388 0.084541030 -0.029134804 0.994563818
1341846322.202932 0.372736841 -0.084015280 0.014188111 -0.052546188 0.081971951 -0.028447583 0.994841814
1341846322.234093 0.374408603 -0.083134815 0.014886037 -0.053272322 0.080303490 -0.030531431 0.994877517
1341846322.265941 0.376883835 -0.077249184 0.016349670 -0.054581355 0.076947778 -0.027789230 0.995152056
1341846322.301996 0.383880764 -0.093234748 0.023227407 -0.056629296 0.075048849 -0.026772015 0.995210528
1341846322.333949 0.368156850 -0.117568620 0.016391339 -0.058322955 0.074186929 -0.026833018 0.995175719
1341846322.369871 0.383902907 -0.133678734 0.027791910 -0.057460807 0.067420557 -0.028902322 0.995649219
1341846322.402292 0.402621180 -0.153734952 0.031063799 -0.056073371 0.067577630 -0.035115514 0.995517910
1341846322.433955 0.375646114 -0.193774819 0.027316824 -0.052636221 0.069649264 -0.039525922 0.995397449
1341846322.470030 0.376689583 -0.197639301 0.034205630 -0.043604262 0.065063760 -0.036191698 0.996270835
1341846322.502433 0.390511662 -0.216296539 0.036325570 -0.038049668 0.061828434 -0.033352181 0.996803463
1341846322.534002 0.392702222 -0.225786984 0.039138950 -0.028776111 0.061537955 -0.032898501 0.997147262
1341846322.570196 0.396078140 -0.244346961 0.049103837 -0.019503441 0.061119903 -0.029255528 0.997510970
1341846322.601920 0.386574715 -0.259899050 0.047385294 -0.014056460 0.058410294 -0.026681313 0.997837067
1341846322.638119 0.406959087 -0.282950133 0.050721612 -0.009092809 0.053917982 -0.027906314 0.998113930
1341846322.669947 0.421915412 -0.292424023 0.044663493 -0.004299474 0.056386311 -0.028270280 0.997999430
1341846322.702026 0.405921519 -0.307699144 0.059588727 -0.001788539 0.058703117 -0.027211735 0.997902930
1341846322.738006 0.412102610 -0.308486849 0.053264569 0.000117058 0.055964168 -0.025365800 0.998110473
1341846322.770087 0.420025915 -0.323451847 0.074611545 0.000189566 0.056587927 -0.025095975 0.998082161
1341846322.806047 0.408141583 -0.336932421 0.074175157 0.004025967 0.056982964 -0.022913644 0.998104036
1341846322.838063 0.402021885 -0.340324849 0.081206955 0.006119566 0.052996688 -0.021162495 0.998351693
1341846322.870081 0.408229679 -0.361579955 0.086943544 0.007460891 0.047792405 -0.019842312 0.998632312
1341846322.906018 0.430222869 -0.371152192 0.100327529 0.012117789 0.045147151 -0.019280158 0.998720765
1341846322.938349 0.420705199 -0.347841442 0.086659715 0.013968376 0.046643481 -0.019572264 0.998622119
1341846322.970069 0.428118765 -0.359052896 0.088860415 0.009055623 0.046370044 -0.016375339 0.998749018
1341846323.011820 0.432325929 -0.375888646 0.097289972 0.006003099 0.046645820 -0.015604976 0.998771548
1341846323.073951 0.428205132 -0.373678356 0.098531969 0.003797961 0.047276754 -0.011370965 0.998809874
1341846323.105962 0.434701174 -0.395500779 0.116023853 0.000316447 0.047348991 -0.010904154 0.998818874
1341846323.138158 0.434020162 -0.395198286 0.111740164 0.001037811 0.046923883 -0.014483998 0.998792887
1341846323.174092 0.429848284 -0.395051450 0.111587033 -0.000612651 0.046613798 -0.015766900 0.998788357
1341846323.206059 0.437879235 -0.399164826 0.114181936 -0.003568743 0.045468949 -0.018007735 0.998797059
1341846323.238053 0.438934624 -0.398971468 0.116892539 -0.005888126 0.048413016 -0.021488607 0.998578846
1341846323.273997 0.423849523 -0.406120449 0.118667446 -0.009967476 0.049615942 -0.019248916 0.998533130
1341846323.305946 0.429406524 -0.424937516 0.117311038 -0.015849452 0.045834571 -0.018156564 0.998658240
1341846323.342027 0.463968754 -0.452406555 0.129184484 -0.018608328 0.045717854 -0.019072900 0.998598933
1341846323.374048 0.441139966 -0.458470941 0.136536866 -0.017992469 0.050529230 -0.018124266 0.998396039
1341846323.405987 0.426852494 -0.472467065 0.118934631 -0.017970650 0.047190681 -0.012416070 0.998647034
1341846323.441956 0.446338564 -0.486861676 0.137255117 -0.017012756 0.042568173 -0.009726143 0.998901367
1341846323.473878 0.450800478 -0.497500449 0.135378852 -0.013051892 0.043516278 -0.011566325 0.998900473
1341846323.506129 0.435255796 -0.488584042 0.137687922 -0.010087478 0.043592654 -0.014572947 0.998892188
1341846323.541972 0.451053023 -0.492417544 0.134988442 -0.011741607 0.042786784 -0.016559025 0.998878002
1341846323.573913 0.467645258 -0.521774888 0.126402199 -0.013303928 0.045582261 -0.022522252 0.998618007
1341846323.609927 0.455246866 -0.519417286 0.140552163 -0.012396549 0.051591847 -0.026491508 0.998239875
1341846323.642014 0.434737265 -0.538358986 0.142261624 -0.013751952 0.054216210 -0.026493458 0.998082936
1341846323.674081 0.429184943 -0.560348094 0.147966683 -0.014166991 0.053063463 -0.023956800 0.998203218
1341846323.710069 0.428084612 -0.574299276 0.143212602 -0.012222732 0.052222136 -0.019715790 0.998366058
1341846323.742111 0.423926026 -0.589400589 0.145125270 -0.007793882 0.050448712 -0.018719129 0.998520792
1341846323.774928 0.426232815 -0.582515895 0.143839404 -0.004070832 0.047679920 -0.021628553 0.998620152
1341846323.810012 0.426728755 -0.589685857 0.146259278 -0.002949257 0.045982920 -0.025270540 0.998618186
1341846323.842207 0.431369364 -0.605264306 0.139950708 -0.002153283 0.045458719 -0.030088387 0.998510659
1341846323.878019 0.421561748 -0.618136585 0.140547782 -0.002023252 0.044477966 -0.034042157 0.998428166
1341846323.909826 0.426021993 -0.639547229 0.147148505 0.000532119 0.041993599 -0.038363453 0.998380959
1341846323.942459 0.418829978 -0.628948689 0.142755911 0.004893283 0.042155605 -0.039017618 0.998336911
1341846323.978055 0.411375672 -0.637219369 0.139749542 0.006913886 0.039537922 -0.037405830 0.998493731
1341846324.015934 0.421771675 -0.638693929 0.147631407 0.011107688 0.036860529 -0.037173267 0.998566985
1341846324.047722 0.420767635 -0.632151246 0.140417308 0.014488759 0.038290873 -0.038921490 0.998403251
1341846324.083904 0.426570117 -0.617723107 0.144901484 0.015140964 0.039231502 -0.038458098 0.998374999
1341846324.115968 0.427883208 -0.615540624 0.133951291 0.012873849 0.040773816 -0.040367305 0.998269618
1341846324.151967 0.434479624 -0.602111399 0.133762285 0.012529464 0.043054320 -0.045571987 0.997954190
1341846324.183941 0.433328032 -0.594326675 0.131167918 0.009284857 0.047023885 -0.049242221 0.997636080
1341846324.219984 0.429102004 -0.584290087 0.128743052 0.005294164 0.049205206 -0.047975000 0.997621775
1341846324.251968 0.424800485 -0.586620331 0.130305529 0.004445775 0.049388312 -0.048654448 0.997583985
1341846324.284052 0.420472562 -0.561733365 0.132653549 0.005527544 0.048683919 -0.049818266 0.997555733
1341846324.319880 0.413285911 -0.546794713 0.106378019 0.003999818 0.045725003 -0.049820829 0.997702897
1341846324.351917 0.421554327 -0.525991261 0.112766162 0.000798077 0.041953072 -0.050136115 0.997860551
1341846324.388001 0.436347127 -0.508663476 0.107970178 -0.003388683 0.041221242 -0.053720344 0.997699082
1341846324.419908 0.427829504 -0.481274128 0.120470911 -0.007599473 0.043679018 -0.057325784 0.997370601
1341846324.452027 0.421736062 -0.480862021 0.130300641 -0.012479642 0.044380624 -0.056352388 0.997345984
1341846324.487928 0.419850141 -0.480102301 0.118733928 -0.014153068 0.044291873 -0.054696925 0.997419775
1341846324.519985 0.407345146 -0.458891362 0.113291703 -0.015017692 0.043243870 -0.050166238 0.997691214
1341846324.556001 0.403529584 -0.434442103 0.131227821 -0.016228080 0.038932767 -0.044685729 0.998110235
1341846324.587888 0.412696242 -0.416313291 0.131393746 -0.019664316 0.035768189 -0.041941058 0.998285949
1341846324.620086 0.412007064 -0.411508709 0.123797938 -0.022351282 0.033331338 -0.043794341 0.998234212
1341846324.655955 0.419384331 -0.394334882 0.127517208 -0.023352237 0.031847943 -0.045086671 0.998202205
1341846324.688082 0.415417492 -0.387349576 0.128724113 -0.023941269 0.032301333 -0.044300910 0.998208821
1341846324.755922 0.393342942 -0.338872641 0.107953280 -0.022179345 0.030259144 -0.040371399 0.998480141
1341846324.782029 0.399435192 -0.310080647 0.118439294 -0.023711683 0.025312239 -0.040434465 0.998580039
1341846324.814016 0.424980164 -0.292854935 0.095446706 -0.026986705 0.023394303 -0.042477839 0.998458803
1341846324.849979 0.413283974 -0.285333037 0.119797058 -0.033426758 0.026797824 -0.045390986 0.998050213
1341846324.881924 0.405342251 -0.273093641 0.121194929 -0.036059808 0.025891000 -0.044851426 0.998006880
1341846324.913902 0.408245772 -0.258131146 0.121713363 -0.036767203 0.024827713 -0.042112939 0.998127341
1341846324.949999 0.404783070 -0.265217036 0.128796965 -0.037013523 0.025225732 -0.038319897 0.998261094
1341846324.981922 0.392395914 -0.261344254 0.132212952 -0.032558668 0.023281682 -0.034622408 0.998598635
1341846325.018013 0.390122384 -0.246274516 0.110047922 -0.028133912 0.018514652 -0.032287851 0.998911023
1341846325.050079 0.379835248 -0.222252920 0.102894172 -0.026008356 0.014109691 -0.033172067 0.999011576
1341846325.081901 0.386911213 -0.189582676 0.092617899 -0.026341349 0.008010299 -0.034997508 0.999008060
1341846325.118531 0.418308735 -0.173691094 0.083538771 -0.030655172 0.004796801 -0.034974959 0.998906374
1341846325.149933 0.414055824 -0.174461752 0.090780944 -0.036665380 0.007331335 -0.037046794 0.998613775
1341846325.181925 0.405002952 -0.177578330 0.097616293 -0.040341966 0.009528874 -0.035148218 0.998522103
1341846325.218055 0.408732802 -0.168093637 0.092701517 -0.042984176 0.009968373 -0.030782783 0.998551667
1341846325.249811 0.399602115 -0.151772499 0.101926155 -0.044603113 0.010943476 -0.027443405 0.998567820
1341846325.285925 0.408020109 -0.133060098 0.100398064 -0.046754494 0.010228178 -0.023693830 0.998573005
1341846325.317988 0.429356098 -0.138388202 0.105705552 -0.049428836 0.012042583 -0.021469537 0.998474240
1341846325.349844 0.419477135 -0.155908853 0.119864784 -0.047263741 0.017333990 -0.019809823 0.998535573
1341846325.387302 0.423338383 -0.136487767 0.115635686 -0.041910291 0.020030966 -0.018174492 0.998755217
1341846325.417931 0.431120694 -0.112582199 0.108727247 -0.038003325 0.025054416 -0.016313836 0.998830259
1341846325.450747 0.439839453 -0.127961397 0.096278138 -0.033751059 0.032966319 -0.014647088 0.998778999
1341846325.485954 0.427721560 -0.086758107 0.129863217 -0.023695208 0.040015057 -0.013309031 0.998829424
1341846325.517875 0.419105500 -0.087572537 0.119475603 -0.020331798 0.043270998 -0.012796724 0.998774469
1341846325.553859 0.423475921 -0.078699201 0.120636724 -0.017150810 0.046300203 -0.013137395 0.998693943
1341846325.585855 0.414344281 -0.050991055 0.111719668 -0.014273759 0.049513400 -0.015786748 0.998546660
1341846325.617990 0.415171087 -0.022298239 0.105803654 -0.016668009 0.051172830 -0.016861264 0.998408318
1341846325.653982 0.403195709 -0.032936320 0.111658007 -0.019976215 0.053408783 -0.020040568 0.998171747
1341846325.685819 0.411841601 -0.043507274 0.113626100 -0.015276215 0.054154560 -0.019183498 0.998231411
1341846325.717857 0.398469776 -0.005203837 0.114797696 -0.009096608 0.056447282 -0.013310351 0.998275399
1341846325.754083 0.391437978 -0.007971991 0.111236572 -0.006541497 0.057119820 -0.009139882 0.998304069
1341846325.786087 0.400530279 0.003256590 0.114294231 0.000315319 0.057053305 -0.007652503 0.998341739
1341846325.821856 0.403393000 0.042365734 0.104478836 0.005578861 0.058598943 -0.006400538 0.998245478
1341846325.853827 0.394644767 0.033445131 0.118479274 0.005486458 0.059862554 -0.003336229 0.998185992
1341846325.885958 0.382769912 0.051878687 0.105641842 0.006453347 0.058225296 0.002881672 0.998278439
1341846325.921984 0.392563432 0.061931096 0.119644091 0.005767352 0.054543730 0.007914281 0.998463392
1341846325.953899 0.399326086 0.073553398 0.113618456 0.009122567 0.054778688 0.008859107 0.998417556
1341846325.985823 0.394725084 0.113584146 0.115480535 0.013321079 0.058061507 0.012272047 0.998148680
1341846326.021991 0.389352798 0.097753264 0.118919872 0.015248239 0.059020933 0.017952565 0.997978806
1341846326.054055 0.401640087 0.105528779 0.121088587 0.020200580 0.057714552 0.021707322 0.997892678
1341846326.089984 0.410257220 0.133791760 0.114634350 0.023547726 0.059131429 0.021012103 0.997751236
1341846326.121822 0.409908414 0.150496617 0.113940522 0.023346178 0.063101232 0.018334419 0.997565567
1341846326.154079 0.401582181 0.155542970 0.129593164 0.023837667 0.065767683 0.016331632 0.997416496
1341846326.190178 0.398577064 0.172469780 0.118070208 0.026375663 0.065566100 0.018372519 0.997330368
1341846326.222162 0.393342108 0.177526593 0.104626507 0.025786338 0.064595595 0.024593718 0.997275114
1341846326.259181 0.396160811 0.193110898 0.114262782 0.022798263 0.062391214 0.029193506 0.997364223
1341846326.322766 0.403798342 0.222616300 0.120827667 0.015208332 0.062166680 0.028744858 0.997535884
1341846326.359773 0.404692382 0.227241129 0.117343761 0.011112877 0.063659966 0.026190691 0.997566044
1341846326.392109 0.414066344 0.227094412 0.134301886 0.009245872 0.064945154 0.027434025 0.997468829
1341846326.423985 0.401565433 0.238886341 0.128159881 0.014296550 0.066858515 0.031718519 0.997155666
1341846326.459869 0.397270083 0.263491303 0.124415025 0.017149817 0.064899296 0.035016853 0.997129798
1341846326.526163 0.417060822 0.301433533 0.126480430 0.017921556 0.065627731 0.034283217 0.997094035
1341846326.560211 0.412290156 0.322890192 0.126916230 0.012990694 0.070191123 0.034031469 0.996868253
1341846326.591828 0.410648525 0.334746689 0.129325107 0.010309035 0.072376847 0.035256833 0.996700704
1341846326.627027 0.415977210 0.337707847 0.121728383 0.009301803 0.073645465 0.035123788 0.996622384
1341846326.658442 0.419613689 0.357849061 0.123466939 0.007329430 0.077253759 0.033632409 0.996417105
1341846326.694856 0.415623188 0.369917184 0.127585739 0.003653813 0.080935270 0.033844762 0.996137857
1341846326.726206 0.419712216 0.401353478 0.121122800 -0.001351275 0.081839174 0.031546950 0.996145189
1341846326.762753 0.427027911 0.414058149 0.112960681 -0.007595774 0.084020078 0.029185971 0.996007562
1341846326.826821 0.426880985 0.462648124 0.110647261 -0.021281999 0.089975849 0.025373321 0.995393217
1341846326.858887 0.423012942 0.460763454 0.120048650 -0.030775040 0.091780648 0.022648368 0.995045841
1341846326.895360 0.414545596 0.464186817 0.151217878 -0.033126500 0.092071913 0.025085557 0.994884968
1341846326.926897 0.411542982 0.468031555 0.145101830 -0.031555418 0.088694967 0.027553411 0.995177507
1341846326.958888 0.420150697 0.484924823 0.149132967 -0.028853906 0.086505197 0.030429356 0.995368481
1341846326.994594 0.426470637 0.503819644 0.122560687 -0.027279250 0.086552970 0.033231523 0.995319068
1341846327.026301 0.425028712 0.521281600 0.118180342 -0.029097065 0.088178754 0.031510659 0.995180845
1341846327.063945 0.428281635 0.530576706 0.120489843 -0.032583922 0.090065256 0.028221758 0.995002568
1341846327.094662 0.428372711 0.541816771 0.119953550 -0.032750357 0.092186935 0.026163256 0.994859040
1341846327.128901 0.425981820 0.560150087 0.123576298 -0.033581875 0.092344545 0.024515985 0.994858623
1341846327.161940 0.440586895 0.600443780 0.122747667 -0.031918224 0.089672364 0.025112666 0.995142937
1341846327.193867 0.424205601 0.602914870 0.100321919 -0.033928007 0.092301048 0.020509312 0.994941592
1341846327.229885 0.440110296 0.600810170 0.121126473 -0.034967199 0.094775356 0.019345416 0.994696259
1341846327.262014 0.439755619 0.600932062 0.120555356 -0.037676536 0.099438250 0.013032204 0.994244754
1341846327.294023 0.439249605 0.600932479 0.120342426 -0.036643524 0.111372545 0.001518030 0.993101776
1341846327.330015 0.415751398 0.628047526 0.101541728 -0.031572077 0.122188136 0.001216248 0.992003918
1341846327.361939 0.438441426 0.601460695 0.119607911 -0.041294187 0.126141548 -0.000688211 0.991152167
1341846327.393887 0.437941283 0.601494551 0.119537160 -0.044562213 0.127608225 -0.006546629 0.990801454
1341846327.429966 0.437540531 0.601794720 0.118257374 -0.049963716 0.127186805 -0.003982495 0.990611553
1341846327.461965 0.434950560 0.600907743 0.115612939 -0.061322056 0.122158021 -0.003242898 0.990609109
1341846327.497931 0.433469445 0.599606931 0.113481820 -0.067045830 0.121191710 -0.004177974 0.990353465
1341846327.530068 0.423893541 0.595307231 0.101497687 -0.071266867 0.121875234 -0.001776525 0.989981949
1341846327.561895 0.430896401 0.597778201 0.110425390 -0.074206695 0.120124549 0.007374359 0.989954114
1341846327.598010 0.427797258 0.597061753 0.107906871 -0.074160352 0.117651559 0.010223085 0.990229189
1341846327.629945 0.429939121 0.596894622 0.108579278 -0.076408885 0.111888506 0.012478392 0.990700245
1341846327.662003 0.428372800 0.595192134 0.106325202 -0.079224803 0.107884213 0.009546777 0.990955710
1341846327.697919 0.428831518 0.596204340 0.107197084 -0.078755982 0.107655421 0.010167018 0.991011798
1341846327.730075 0.426428795 0.593408525 0.100391462 -0.085762478 0.105470486 0.012325654 0.990640640
1341846327.766017 0.427999973 0.595502198 0.105706401 -0.091779806 0.106488995 0.012798921 0.989986241
1341846327.797917 0.414308339 0.590400457 0.090938069 -0.100816235 0.108186960 0.016757226 0.988863409
1341846327.830054 0.424944282 0.593426108 0.102710769 -0.108244695 0.106912665 0.018249916 0.988190114
1341846327.865944 0.423599094 0.592478991 0.101250596 -0.113602825 0.108835660 0.018449057 0.987374723
1341846327.898010 0.420673281 0.591164827 0.097616889 -0.118170008 0.109660648 0.019296205 0.986730993
1341846327.929991 0.423331916 0.591401398 0.101274133 -0.125413910 0.108095907 0.019052254 0.986014068
1341846327.966065 0.419704825 0.590077221 0.097154625 -0.131357536 0.108653978 0.017023763 0.985215545
1341846327.998073 0.421487331 0.589673519 0.098628387 -0.139556289 0.108969137 0.014527430 0.984092832
1341846328.034045 0.423049152 0.590949237 0.100909106 -0.147434250 0.109770179 0.012347734 0.982884109
1341846328.065993 0.422396660 0.590954363 0.099765867 -0.152316168 0.110437572 0.013119606 0.982054591
1341846328.098045 0.423504084 0.590987504 0.101479024 -0.151982799 0.111022748 0.015767731 0.982001305
1341846328.133967 0.423390627 0.590965211 0.101202674 -0.148717821 0.110006772 0.018479805 0.982568085
1341846328.166023 0.423412919 0.590965211 0.101213366 -0.148863822 0.106932789 0.020298820 0.982849360
1341846328.198018 0.423414320 0.590969682 0.101184681 -0.147033066 0.103820376 0.019117506 0.983482122
1341846328.234044 0.423368722 0.590837955 0.101088017 -0.142314002 0.102265753 0.017444773 0.984369934
1341846328.265899 0.423320889 0.590805829 0.101032868 -0.138267428 0.100557603 0.018011522 0.985112131
1341846328.302051 0.423321038 0.590816081 0.101045862 -0.131977424 0.100398533 0.018473972 0.985982120
1341846328.333917 0.423279613 0.590776742 0.100993685 -0.126336142 0.100691326 0.020389920 0.986653268
1341846328.366008 0.423299938 0.590855896 0.101185516 -0.117279537 0.099522471 0.017674126 0.987941504
1341846328.402010 0.423339635 0.590957165 0.101456612 -0.100731350 0.101061203 0.020735223 0.989550352
1341846328.433920 0.423227876 0.590649068 0.100692287 -0.095474929 0.099400692 0.016693311 0.990315795
1341846328.470003 0.423101634 0.590688586 0.100625463 -0.091783196 0.098054476 0.006012736 0.990921319
1341846328.502194 0.423146427 0.590518355 0.100542642 -0.086476102 0.099403352 -0.001793176 0.991280794
1341846328.534033 0.423180282 0.590879798 0.101420864 -0.081332274 0.102420039 -0.008306255 0.991375923
1341846328.570125 0.423113465 0.590955257 0.101556763 -0.075008385 0.102742545 -0.010874937 0.991816223
1341846328.602804 0.423797280 0.593500376 0.123858832 -0.066057526 0.096620761 -0.007647916 0.993097305
1341846328.672663 0.421364516 0.591447055 0.164630696 -0.051985942 0.084764786 -0.011906600 0.994972706
1341846328.702975 0.417581111 0.585871875 0.180044219 -0.048233539 0.082706898 -0.014188314 0.995304883
1341846328.770129 0.445418149 0.520037472 0.169834465 -0.042631131 0.075919144 -0.014144394 0.996101797
1341846328.802331 0.464340955 0.474996358 0.158087865 -0.043591037 0.070835397 -0.009684675 0.996488035
1341846328.838051 0.454371095 0.454100788 0.151503757 -0.039702907 0.069386393 -0.013672517 0.996705711
1341846328.869939 0.458531171 0.451312035 0.144416586 -0.039541591 0.067914329 -0.013801036 0.996811748
1341846328.904486 0.455357075 0.429144889 0.149780244 -0.044157710 0.065435663 -0.012795824 0.996797144
1341846328.939814 0.467140645 0.378523827 0.154147416 -0.043705136 0.061563786 -0.011904557 0.997074723
1341846328.970217 0.459886700 0.376643717 0.138273031 -0.038816541 0.060687840 -0.011889203 0.997330904
1341846329.006232 0.457050562 0.366853654 0.151683375 -0.037348177 0.059043121 -0.008191901 0.997522891
1341846329.038243 0.473530024 0.336248815 0.155141532 -0.034952208 0.056972299 -0.006066799 0.997745275
1341846329.106125 0.469110101 0.330522448 0.133767948 -0.031315904 0.057064556 -0.007740249 0.997849226
1341846329.138340 0.468221724 0.303815097 0.136650547 -0.030489586 0.056052204 -0.010454000 0.997907460
1341846329.169991 0.468105704 0.299912840 0.123712510 -0.028186888 0.054783773 -0.011439295 0.998034775
1341846329.208656 0.466204047 0.283466369 0.114202037 -0.028253123 0.053580727 -0.012226752 0.998088896
1341846329.238169 0.471149474 0.282927155 0.113714710 -0.028368618 0.052140739 -0.011665661 0.998168528
1341846329.273827 0.469019026 0.264955074 0.110880174 -0.030536948 0.051507775 -0.010224593 0.998153269
1341846329.306052 0.470471710 0.262781471 0.110225074 -0.029902009 0.048615448 -0.011004725 0.998309195
1341846329.338104 0.476377785 0.263066202 0.104351066 -0.032987170 0.046486352 -0.012055815 0.998301327
1341846329.373907 0.475373358 0.224236608 0.106493898 -0.038198721 0.045661449 -0.014026894 0.998127818
1341846329.405985 0.477299035 0.209962666 0.111296400 -0.037209198 0.043731015 -0.016412908 0.998215258
1341846329.442057 0.476784050 0.203285918 0.099367388 -0.037877023 0.043010753 -0.019502943 0.998165846
1341846329.473950 0.474357218 0.176406384 0.098747209 -0.040069990 0.041365854 -0.025752170 0.998008072
1341846329.506147 0.471514285 0.171826541 0.097277299 -0.039781261 0.039184928 -0.028487384 0.998033285
1341846329.542121 0.461825997 0.157052875 0.101201110 -0.041525315 0.036974594 -0.028741689 0.998039305
1341846329.574086 0.467262417 0.136681601 0.111699052 -0.039539255 0.034036528 -0.029666657 0.998197377
1341846329.606387 0.464190781 0.134166375 0.102384426 -0.036739096 0.033734072 -0.031696212 0.998252273
1341846329.641955 0.459570169 0.128140777 0.095720746 -0.036806870 0.032752763 -0.030337933 0.998324633
1341846329.681570 0.456007212 0.117189348 0.104339644 -0.037689932 0.029968245 -0.030416777 0.998376787
1341846329.748113 0.467939645 0.100876264 0.098686017 -0.036107615 0.028887564 -0.032557778 0.998399615
1341846329.774077 0.465435028 0.083704941 0.102892488 -0.038221516 0.031156156 -0.030374454 0.998321474
1341846329.810175 0.461428612 0.066862680 0.102806710 -0.038270388 0.032910015 -0.028388362 0.998321831
1341846329.842255 0.458709955 0.053074382 0.108295888 -0.036791101 0.033381298 -0.024844930 0.998456240
1341846329.874044 0.456902713 0.042858694 0.109509900 -0.034918558 0.033677369 -0.021668684 0.998587489
1341846329.910073 0.457140744 0.048664875 0.102033325 -0.034270570 0.033418175 -0.019704686 0.998659372
1341846329.942009 0.456059366 0.049767189 0.106759779 -0.038166467 0.033617746 -0.014004559 0.998607516
1341846329.978087 0.455033660 0.014618446 0.113000169 -0.041379884 0.033634815 -0.012681686 0.998496652
1341846330.016305 0.463832170 0.022964802 0.105665423 -0.039008595 0.033787102 -0.014844430 0.998557150
1341846330.048192 0.454803228 0.037075613 0.105321683 -0.041921634 0.035932317 -0.013799769 0.998379171
1341846330.080418 0.453105271 0.003463268 0.109727249 -0.047328465 0.036264058 -0.011312274 0.998156786
1341846330.115886 0.456548482 -0.017793152 0.113677785 -0.044865996 0.037479468 -0.010329700 0.998236239
1341846330.147839 0.446037203 0.003496657 0.105441116 -0.041562282 0.038452730 -0.009064076 0.998354554
1341846330.181257 0.453740150 0.020519027 0.100531891 -0.045314096 0.037610263 -0.005066254 0.998251677
1341846330.215852 0.445653558 0.003731709 0.102547511 -0.052116513 0.039458681 -0.006316333 0.997841179
1341846330.247833 0.438880384 -0.011028940 0.102474838 -0.054622207 0.040074471 -0.007405440 0.997675121
1341846330.283913 0.440323442 0.007193363 0.095173851 -0.057290778 0.039412625 -0.006379709 0.997558892
1341846330.316011 0.433209747 -0.016062368 0.100846663 -0.064597659 0.039170139 -0.007716837 0.997112453
1341846330.347868 0.435126573 -0.026481709 0.104681812 -0.067298576 0.037174739 -0.007343757 0.997013032
1341846330.383835 0.438105524 -0.028982049 0.106083505 -0.068993658 0.036845561 -0.007046894 0.996911526
1341846330.415934 0.435424477 -0.049297493 0.106826358 -0.070155226 0.037455745 -0.008820539 0.996793628
1341846330.452561 0.428010821 -0.053191159 0.108214155 -0.067342676 0.037053652 -0.010331335 0.996988118
1341846330.483903 0.423831075 -0.045017328 0.102189146 -0.066747643 0.035693470 -0.007142481 0.997105658
1341846330.515970 0.423876286 -0.059178069 0.104458824 -0.068646953 0.033687178 -0.003581803 0.997065663
1341846330.552099 0.427979439 -0.062272727 0.106330313 -0.067159452 0.032381773 -0.001002660 0.997216105
1341846330.583876 0.420263082 -0.048679061 0.100937687 -0.066961288 0.032615971 -0.001324366 0.997221470
1341846330.619992 0.416155607 -0.038579941 0.090977907 -0.071071878 0.031473130 -0.000602338 0.996974349
1341846330.652136 0.417838901 -0.049387980 0.094130442 -0.078058571 0.029891526 -0.002661029 0.996497035
1341846330.683796 0.409925222 -0.055316132 0.090425558 -0.082783170 0.030565213 -0.003536299 0.996092498
1341846330.719991 0.400011688 -0.078543425 0.080816336 -0.086088270 0.028763501 -0.001694701 0.995870769
1341846330.752103 0.393741906 -0.078001730 0.081943884 -0.084095158 0.025348714 0.002639238 0.996131778
1341846330.787952 0.386170357 -0.072720945 0.076175250 -0.082596481 0.021433646 0.006570270 0.996330917
1341846330.819823 0.392858595 -0.072130024 0.070821792 -0.082974844 0.016842458 0.007595592 0.996380329
1341846330.852208 0.392277896 -0.064388171 0.068540588 -0.083133779 0.015272292 0.008961217 0.996381044
1341846330.888445 0.382226318 -0.044220325 0.056968629 -0.085509911 0.013863129 0.010364307 0.996186972
1341846330.914111 0.385576159 -0.045125663 0.058390595 -0.091493949 0.012206329 0.009253197 0.995687842
1341846330.949903 0.381675273 -0.058916416 0.059924681 -0.095168568 0.011075391 0.009800561 0.995351315
1341846330.981986 0.371381760 -0.063271873 0.056242503 -0.094565645 0.007264368 0.010991680 0.995431423
1341846331.014111 0.372897416 -0.060351234 0.046946004 -0.094867989 0.003192330 0.011353144 0.995419979
1341846331.082139 0.370624781 -0.061409935 0.047443185 -0.093421511 0.000086902 0.008844686 0.995587349
1341846331.114334 0.368048579 -0.060960293 0.042161696 -0.093869425 -0.001963844 0.009089604 0.995541096
1341846331.149989 0.374246508 -0.067874618 0.054597251 -0.093844481 -0.003547860 0.008625060 0.995543182
1341846331.181954 0.363913536 -0.069506049 0.042531133 -0.090576760 -0.003333794 0.006797893 0.995860696
1341846331.218151 0.356280267 -0.050343178 0.036561996 -0.090097882 -0.006140841 0.007957217 0.995882154
1341846331.249914 0.358515620 -0.063599013 0.025038444 -0.092788741 -0.007733678 0.004895465 0.995643735
1341846331.318141 0.359035581 -0.058889233 0.018116144 -0.081848182 0.001407689 -0.000930301 0.996643364
1341846331.349926 0.387276351 -0.064803533 0.036429226 -0.083749287 0.001799324 0.000843390 0.996484876
1341846331.382003 0.380304217 -0.078516908 0.036073152 -0.081436262 0.010187607 -0.003094166 0.996621668
1341846331.418008 0.394490629 -0.075649247 0.039211478 -0.073955514 0.018249322 -0.003794661 0.997087300
1341846331.450327 0.395434707 -0.063088037 0.054732237 -0.071840145 0.023055851 -0.003768988 0.997142494
1341846331.486219 0.391650677 -0.047699913 0.062417809 -0.070789807 0.025106402 -0.002760797 0.997171402
1341846331.518344 0.394014537 -0.053282209 0.056576688 -0.072401837 0.025913626 -0.005999163 0.997020781
1341846331.550202 0.394948661 -0.055253409 0.069175743 -0.069681257 0.030741582 -0.008305660 0.997060895
1341846331.586139 0.396946967 -0.041433584 0.074154876 -0.067604892 0.031602815 -0.006146731 0.997192562
1341846331.617931 0.406724215 -0.037376080 0.088924281 -0.068492629 0.031215493 -0.005382081 0.997148633
1341846331.654027 0.412255973 -0.042975616 0.098775104 -0.068312474 0.033783428 -0.006136552 0.997072935
1341846331.686123 0.411015004 -0.023916606 0.106596358 -0.064857170 0.036719780 -0.003851653 0.997211277
1341846331.717954 0.405215681 -0.016318738 0.109797128 -0.068007492 0.036183380 -0.004457545 0.997018516
1341846331.754076 0.416205257 -0.032801468 0.124986678 -0.071282625 0.036504928 -0.005340011 0.996773601
1341846331.785920 0.422677934 -0.022368543 0.143955722 -0.067894921 0.038675267 -0.006337462 0.996922433
1341846331.818053 0.420012325 -0.009095008 0.153290063 -0.067113243 0.040654063 -0.006958317 0.996892452
1341846331.853849 0.426160902 -0.012816838 0.172869474 -0.068529174 0.040624890 -0.007123375 0.996796191
1341846331.885987 0.419487596 -0.013153745 0.175997585 -0.065787986 0.043691088 -0.011494925 0.996810377
1341846331.922014 0.418119133 -0.006326353 0.179442555 -0.063664570 0.046586882 -0.012291471 0.996807635
1341846331.954037 0.444824547 0.005679390 0.211327136 -0.063354872 0.048079595 -0.010171561 0.996780336
1341846331.986135 0.447951674 -0.007756677 0.220955431 -0.061722964 0.053944554 -0.009788443 0.996586382
1341846332.022364 0.437703788 -0.002413488 0.256042212 -0.054397263 0.058896538 -0.011457283 0.996715069
1341846332.054175 0.431172848 0.000298912 0.259605974 -0.048252743 0.059328400 -0.010150109 0.997019947
1341846332.086502 0.437682658 0.006145825 0.269943655 -0.045421071 0.059243180 -0.008872815 0.997170210
1341846332.122051 0.444249421 0.020361371 0.293504268 -0.043053586 0.059781495 -0.009438573 0.997237980
1341846332.153983 0.439897895 0.044543497 0.309668273 -0.044095028 0.059381638 -0.011762059 0.997191608
1341846332.190165 0.439434886 0.046612006 0.322227687 -0.050837904 0.057888176 -0.012958240 0.996943593
1341846332.254145 0.438377440 0.032189988 0.366864324 -0.051742513 0.058251683 -0.015849974 0.996834099
1341846332.289948 0.437040448 0.041382805 0.381459773 -0.049497340 0.058263719 -0.013749587 0.996978581
1341846332.322172 0.442887396 0.046736389 0.399164915 -0.048503686 0.057702992 -0.011129751 0.997092724
1341846332.354003 0.432934284 0.044452243 0.396114856 -0.046261363 0.060270887 -0.016266577 0.996976793
1341846332.390180 0.451093525 0.058334246 0.402035773 -0.043876927 0.062684216 -0.017914953 0.996907473
1341846332.422055 0.453744382 0.071258388 0.426420093 -0.045270212 0.064574562 -0.020873114 0.996666968
1341846332.458114 0.460259467 0.064126730 0.441012025 -0.046805765 0.066228494 -0.025403474 0.996382296
1341846332.489993 0.450909138 0.079919912 0.464681804 -0.045155834 0.069096141 -0.023406724 0.996312618
1341846332.522130 0.437878460 0.086321518 0.477656335 -0.045736473 0.066733956 -0.018769972 0.996545255
1341846332.558114 0.447624147 0.085587949 0.487737387 -0.045594744 0.061571915 -0.010900841 0.997001112
1341846332.589874 0.459584504 0.096696317 0.490546376 -0.045388032 0.058961384 -0.005665723 0.997211814
1341846332.621889 0.471136332 0.105512924 0.491159022 -0.049344879 0.058466405 -0.003568799 0.997062683
1341846332.658202 0.474032044 0.100348592 0.506255090 -0.053653941 0.059138492 -0.004169974 0.996798098
1341846332.690001 0.469198793 0.104678102 0.509359479 -0.055477533 0.060408160 -0.004945310 0.996618629
1341846332.726000 0.461228102 0.105539858 0.521026850 -0.056209777 0.061216682 -0.000890912 0.996540129
1341846332.758386 0.462875962 0.105003387 0.520278394 -0.055973064 0.058843147 0.000054765 0.996696770
1341846332.789937 0.465579361 0.108803153 0.514951289 -0.056509659 0.059494361 -0.000582683 0.996627688
1341846332.825925 0.491603792 0.119200140 0.551597059 -0.058424335 0.059952881 -0.001085114 0.996489346
1341846332.857898 0.481885046 0.118721344 0.553725183 -0.057624955 0.062007349 -0.003880791 0.996403217
1341846332.894069 0.473285437 0.124571390 0.545423865 -0.057877090 0.062181745 -0.002875944 0.996381164
1341846332.926029 0.467523426 0.126544133 0.532835126 -0.062097557 0.063111447 -0.006438222 0.996051908
1341846332.958015 0.456273824 0.121776104 0.534703672 -0.066194110 0.065905869 -0.010591332 0.995571494
1341846332.994073 0.456064850 0.121980317 0.516860664 -0.068214066 0.066325955 -0.009639821 0.995416880
1341846333.026545 0.445447475 0.112195708 0.521070778 -0.072006747 0.068497628 -0.012908277 0.994965553
1341846333.057998 0.425494552 0.106742315 0.517983139 -0.073877908 0.073742576 -0.013707641 0.994442642
1341846333.094024 0.418017596 0.102886543 0.500566661 -0.072795138 0.074215770 -0.012075158 0.994508445
1341846333.126095 0.404748827 0.099510714 0.482331783 -0.072402954 0.076172628 -0.010782826 0.994403958
1341846333.161973 0.381408364 0.096925378 0.468246907 -0.074580356 0.080421634 -0.012057681 0.993893683
1341846333.195660 0.360406965 0.092968203 0.457918495 -0.076721966 0.084517747 -0.011097720 0.993401885
1341846333.226331 0.338315278 0.092289127 0.449503005 -0.077900648 0.086736590 -0.012824417 0.993098080
1341846333.262056 0.343446076 0.088302575 0.441037267 -0.082559206 0.086140819 -0.013978929 0.992757916
1341846333.294147 0.326806784 0.086372346 0.436182588 -0.085612796 0.087047681 -0.014957095 0.992405891
1341846333.326100 0.331848741 0.086534873 0.437629312 -0.087440498 0.085552804 -0.015244252 0.992372155
1341846333.362100 0.317961097 0.080848850 0.425552934 -0.091856070 0.086085804 -0.015448663 0.991923928
1341846333.394119 0.318869233 0.086148135 0.421923965 -0.094237812 0.084211864 -0.016798520 0.991839409
1341846333.429974 0.316501230 0.086014017 0.396087736 -0.095094964 0.082036331 -0.015982859 0.991953373
1341846333.462115 0.315176308 0.086042859 0.413836777 -0.094267666 0.082807735 -0.016453966 0.991960526
1341846333.494040 0.311363339 0.085215025 0.413531959 -0.093431093 0.083749160 -0.018384479 0.991926789
1341846333.529953 0.293759912 0.084082633 0.410869479 -0.091904782 0.086586267 -0.019431869 0.991805792
1341846333.562063 0.304535449 0.085047588 0.412312567 -0.091886006 0.087984532 -0.017901544 0.991713285
1341846333.594090 0.281819403 0.082316071 0.400279135 -0.094273455 0.088639513 -0.015568543 0.991470218
1341846333.629994 0.295212835 0.082175031 0.406536132 -0.098237433 0.085472278 -0.016407562 0.991349936
1341846333.662127 0.277618021 0.078248344 0.397018552 -0.101273336 0.085794792 -0.017809255 0.990992308
1341846333.697964 0.285373926 0.079915442 0.400183737 -0.101210698 0.085322544 -0.017024523 0.991053283
1341846333.730092 0.262529194 0.080518328 0.402258098 -0.098791800 0.087271854 -0.016599642 0.991134822
1341846333.762089 0.237721100 0.082596108 0.411189646 -0.097674564 0.088929124 -0.014443627 0.991132021
1341846333.798006 0.269234687 0.072688200 0.383027256 -0.095497616 0.088020764 -0.015914738 0.991402686
1341846333.830055 0.246567398 0.066654950 0.382100105 -0.093873277 0.090489373 -0.017516376 0.991308570
1341846333.866045 0.258336931 0.070104852 0.377970994 -0.092649050 0.090404473 -0.019482307 0.991394818
1341846333.897987 0.249680758 0.071539253 0.380273908 -0.090710074 0.090285368 -0.019567249 0.991583228
1341846333.930099 0.249994054 0.070442423 0.371528655 -0.087197207 0.090576276 -0.022263980 0.991814911
1341846333.965889 0.233682632 0.067109346 0.349842489 -0.085103363 0.091969930 -0.022754235 0.991857469
1341846333.997985 0.240197197 0.069856986 0.363384902 -0.081915356 0.092176631 -0.022363005 0.992115498
1341846334.030076 0.230761051 0.068014145 0.351568401 -0.079272337 0.093412586 -0.021370661 0.992236495
1341846334.066000 0.215873614 0.067331821 0.329250664 -0.076462179 0.094211087 -0.020451471 0.992400885
1341846334.097932 0.211092755 0.066800125 0.325427979 -0.074782752 0.094076559 -0.020212680 0.992546499
1341846334.133884 0.207255274 0.064970456 0.321495950 -0.073431388 0.094597653 -0.020152776 0.992599130
1341846334.166115 0.201576382 0.065112375 0.314641356 -0.072891258 0.092854537 -0.020103943 0.992804468
1341846334.198072 0.196832344 0.062012434 0.308648497 -0.072976597 0.090145133 -0.022152469 0.993004322
1341846334.234097 0.192741975 0.061490603 0.301719218 -0.072087973 0.091175675 -0.023089673 0.992953777
1341846334.266045 0.181176752 0.059713375 0.292866439 -0.071708895 0.093568958 -0.021583939 0.992792428
1341846334.297946 0.181036547 0.060925812 0.296347380 -0.070534348 0.090579286 -0.018657202 0.993213058
1341846334.334036 0.173435301 0.059319131 0.291787297 -0.070356354 0.089451991 -0.019808961 0.993305564
1341846334.365871 0.169903129 0.061736036 0.293343931 -0.070241548 0.089235052 -0.022759177 0.993269980
1341846334.401845 0.163885176 0.055696193 0.289109558 -0.072294801 0.090096183 -0.021862924 0.993065059
1341846334.433864 0.156394809 0.050355490 0.281446457 -0.072442442 0.088632829 -0.019395836 0.993237197
1341846334.466105 0.141738936 0.056080300 0.266155958 -0.072218850 0.088156059 -0.018890522 0.993305624
1341846334.502142 0.137797043 0.056704037 0.259487450 -0.073321626 0.086416885 -0.017899580 0.993396044
1341846334.540153 0.131257892 0.058568984 0.248501286 -0.072970770 0.085232109 -0.018574545 0.993511796
1341846334.602351 0.125869945 0.059012957 0.238593772 -0.079332814 0.079446524 -0.023310237 0.993403852
1341846334.670161 0.121999301 0.056459378 0.232166186 -0.084700309 0.076641075 -0.029248435 0.993023932
1341846334.702085 0.120401420 0.053886961 0.226637259 -0.086120948 0.073870666 -0.027320007 0.993166625
1341846334.734751 0.115453161 0.048255194 0.211213514 -0.086149521 0.071882091 -0.022876030 0.993422329
1341846334.770889 0.113695867 0.046235885 0.206651881 -0.085663140 0.071209997 -0.019302672 0.993588626
1341846334.802194 0.112763487 0.045056246 0.193317860 -0.086142942 0.067703225 -0.017779265 0.993820667
1341846334.833908 0.113619603 0.045069259 0.181338519 -0.086388774 0.066062510 -0.019191485 0.993883491
1341846334.869874 0.112062037 0.043480366 0.159299642 -0.087910652 0.065420151 -0.018334674 0.993808687
1341846334.902006 0.115236081 0.038638730 0.141938403 -0.089458980 0.063068107 -0.016690657 0.993851542
1341846334.938010 0.119203359 0.036110681 0.124550000 -0.089764878 0.058476221 -0.015026734 0.994131267
1341846334.970032 0.117826633 0.036546879 0.116372198 -0.089826085 0.058420446 -0.015691478 0.994118750
1341846335.002203 0.118580148 0.035343032 0.103028610 -0.087775968 0.057537887 -0.015033597 0.994363487
1341846335.037880 0.119111210 0.030103765 0.080194153 -0.085608415 0.054452233 -0.007388105 0.994812310
1341846335.069990 0.116812676 0.031743422 0.069439329 -0.085840724 0.051985327 -0.008390086 0.994916320
1341846335.106038 0.117284797 0.029496545 0.062625937 -0.085205659 0.052734375 -0.010400194 0.994912505
1341846335.138045 0.116999395 0.016583720 0.050170634 -0.084950365 0.053313471 -0.009975214 0.994907856
1341846335.169900 0.111411847 0.025573155 0.020939989 -0.083620347 0.050031349 -0.008376204 0.995205700
1341846335.206091 0.105326764 0.014964774 0.013933095 -0.084921353 0.048914466 -0.013529387 0.995094299
1341846335.239365 0.106712282 0.011622684 0.005809721 -0.084777221 0.049421847 -0.016833056 0.995031118
1341846335.269948 0.104492210 0.009024684 0.005032243 -0.083513781 0.050041772 -0.016626325 0.995110452
1341846335.305972 0.093159743 0.005438710 -0.009919092 -0.081678547 0.049003012 -0.015884669 0.995326579
1341846335.338012 0.092528746 0.005820091 -0.015480173 -0.079351187 0.047892790 -0.014876928 0.995584428
1341846335.374005 0.090392299 -0.003728249 -0.017802628 -0.076091073 0.049666066 -0.014009752 0.995764613
1341846335.406025 0.089992657 -0.003959853 -0.031426843 -0.068316758 0.050981030 -0.015573333 0.996238530
1341846335.438079 0.092207484 -0.006086932 -0.056616344 -0.063278966 0.052242365 -0.010345889 0.996573865
1341846335.473998 0.086997963 -0.009565770 -0.070360824 -0.061544303 0.054598451 -0.010183008 0.996557891
1341846335.507038 0.084949270 -0.004285459 -0.079437681 -0.059847131 0.056917422 -0.013874978 0.996486902
1341846335.538040 0.073250614 0.000914523 -0.087417640 -0.059992708 0.059562210 -0.015716096 0.996296227
1341846335.574119 0.072736122 0.009701011 -0.104648709 -0.061640233 0.059253268 -0.014801677 0.996228099
1341846335.605970 0.059578657 -0.011626295 -0.122360542 -0.064553007 0.059176855 -0.016090572 0.996028185
1341846335.641978 0.071868278 -0.002384950 -0.120463006 -0.062724292 0.059185229 -0.017241666 0.996125221
1341846335.673993 0.064841710 0.000923688 -0.130905092 -0.062418208 0.060235735 -0.018262338 0.996063292
1341846335.706178 0.060709029 0.001766855 -0.140216142 -0.062833302 0.058922548 -0.016423438 0.996147752
1341846335.741982 0.067443058 -0.007907675 -0.155902594 -0.062978737 0.058126070 -0.016693560 0.996180892
1341846335.773960 0.054807223 -0.014500732 -0.182989389 -0.063309133 0.059446551 -0.019082740 0.996039093
1341846335.806271 0.040428877 -0.016002854 -0.197606876 -0.064972833 0.059375390 -0.019280760 0.995932400
1341846335.842031 0.047305111 -0.021066101 -0.193482846 -0.067515627 0.060138192 -0.018981252 0.995723188
1341846335.873966 0.048515927 -0.022677451 -0.208048612 -0.066534907 0.060982272 -0.018920828 0.995739043
1341846335.910005 0.035041295 -0.019597875 -0.227140501 -0.066465631 0.061590642 -0.016959641 0.995741546
1341846335.941936 0.032980390 -0.019110542 -0.230763420 -0.067283064 0.059801694 -0.016925527 0.995796323
1341846335.974198 0.027657585 -0.020684013 -0.238921940 -0.067688935 0.059145309 -0.019912584 0.995752752
1341846336.010032 0.023028120 -0.020986540 -0.251128316 -0.067664027 0.058999311 -0.021707326 0.995725572
1341846336.042129 0.017869325 -0.022208370 -0.263003796 -0.068651259 0.057630748 -0.019681314 0.995780289
1341846336.078076 0.015083319 -0.024504920 -0.268163055 -0.068755060 0.055839475 -0.020194545 0.995864868
1341846336.110739 0.014794215 -0.022712594 -0.269183397 -0.068001568 0.055066504 -0.022590620 0.995908201
1341846336.142002 0.008863172 -0.023411009 -0.283395529 -0.067782305 0.055458356 -0.021770321 0.995919704
1341846336.183953 0.004446690 -0.024331830 -0.292696118 -0.068093270 0.052997679 -0.020827521 0.996052623
1341846336.241891 -0.001879434 -0.026239181 -0.306797445 -0.070186019 0.052301802 -0.021280274 0.995934546
1341846336.277946 0.004501664 -0.048537567 -0.379692852 -0.070606261 0.052303497 -0.018416919 0.995961785
1341846336.309977 -0.011602688 -0.036732111 -0.330723137 -0.067117818 0.050418962 -0.016502911 0.996333659
1341846336.346143 -0.011155557 -0.028952446 -0.325836957 -0.064846843 0.048717156 -0.014871684 0.996594369
1341846336.377975 -0.012538541 -0.029009724 -0.326970577 -0.064091250 0.049191058 -0.015653614 0.996608019
1341846336.410032 -0.011253630 -0.034152377 -0.358458698 -0.063108370 0.049126334 -0.015660031 0.996673822
1341846336.446041 -0.018157832 -0.037254706 -0.377654046 -0.063865207 0.049295977 -0.015166449 0.996624887
1341846336.477990 -0.017000955 -0.041990336 -0.393402398 -0.065271027 0.049114406 -0.015845114 0.996532202
1341846336.510056 -0.018452611 -0.037819192 -0.368948817 -0.064451143 0.049512357 -0.015074067 0.996577859
1341846336.546024 -0.021544842 -0.041981742 -0.388546169 -0.063392214 0.049883664 -0.013546992 0.996649146
1341846336.578003 -0.026152344 -0.036356635 -0.395737290 -0.063353263 0.050045654 -0.011398506 0.996670425
1341846336.614020 -0.022750396 -0.036895797 -0.394131780 -0.063995987 0.050190639 -0.012092222 0.996613860
1341846336.645982 -0.028927309 -0.038682856 -0.415589452 -0.065394551 0.051864255 -0.012917544 0.996427000
1341846336.678036 -0.038395111 -0.042165492 -0.421813667 -0.067323729 0.050448984 -0.011620831 0.996387184
1341846336.714024 -0.027533509 -0.057952709 -0.448717803 -0.066882789 0.047255568 -0.010332105 0.996587634
1341846336.746016 -0.028070142 -0.066342324 -0.492492765 -0.063268654 0.045545831 -0.008896609 0.996917009
1341846336.778014 -0.041021243 -0.054827921 -0.464074641 -0.059636630 0.042239245 -0.005374758 0.997311592
1341846336.820006 -0.039715853 -0.055005580 -0.481621414 -0.058872543 0.038630396 -0.003499660 0.997511625
1341846336.882056 -0.049104478 -0.055872034 -0.481594324 -0.056427464 0.036889292 -0.005636565 0.997709036
1341846336.914273 -0.076226547 -0.050161470 -0.429078192 -0.053954147 0.033852004 -0.003114412 0.997964561
1341846336.945998 -0.040871762 -0.050763838 -0.448566645 -0.048733439 0.027173607 -0.002036592 0.998440027
1341846336.981980 0.004101657 -0.045551267 -0.497077495 -0.044191774 0.019585663 -0.000860134 0.998830676
1341846337.014238 0.027052253 -0.034760918 -0.441864043 -0.046732083 0.017657446 -0.005013604 0.998738825
1341846337.046017 0.077674590 -0.017252788 -0.339671552 -0.048426963 0.014824980 -0.009322426 0.998673201
1341846337.082104 0.119831815 -0.010447278 -0.311200619 -0.048801597 0.012956634 -0.013497148 0.998633265
1341846337.114317 0.161585569 0.003257789 -0.330143362 -0.050492417 0.009589870 -0.014161073 0.998578012
1341846337.150037 0.191944227 0.006505833 -0.333156735 -0.052166983 0.006382996 -0.014382103 0.998514414
1341846337.181873 0.224325687 0.013247442 -0.322695136 -0.052279018 0.004929774 -0.016666591 0.998481274
1341846337.214073 0.244864151 0.021046476 -0.296322137 -0.053736042 0.005717635 -0.019326959 0.998351753
1341846337.250087 0.214448109 0.004190530 -0.346510977 -0.057850495 0.005694685 -0.018401317 0.998139381
1341846337.282028 0.235353485 -0.000724193 -0.380563706 -0.056822650 0.001260132 -0.014331539 0.998280644
1341846337.317920 0.251866907 0.001787671 -0.381850660 -0.057048522 -0.000915167 -0.013124787 0.998284698
1341846337.350018 0.261350363 -0.001298228 -0.410080880 -0.058545399 0.000340640 -0.014980551 0.998172283
1341846337.382159 0.275061488 -0.002015535 -0.418464690 -0.061609417 -0.000147952 -0.016215589 0.997968614
1341846337.417941 0.254067868 0.002018730 -0.367077768 -0.060380690 0.000814253 -0.016678661 0.998035729
1341846337.450137 0.257989436 0.001254174 -0.385831714 -0.059943866 -0.001190706 -0.015431868 0.998081744
1341846337.482096 0.258442998 0.001299595 -0.388828427 -0.061452460 -0.001323921 -0.014378118 0.998005569
1341846337.518008 0.259346634 0.003894975 -0.375737071 -0.060345232 -0.001694728 -0.014306634 0.998073578
1341846337.549978 0.258955568 0.014672208 -0.392948210 -0.059727512 -0.002593216 -0.015369409 0.998093009
1341846337.585971 0.256755978 0.008109795 -0.381856531 -0.062835969 -0.002544469 -0.016350076 0.997886717
1341846337.617903 0.252112120 0.001423497 -0.319239438 -0.061732400 -0.003254489 -0.016277064 0.997954726
1341846337.650141 0.257513463 -0.000892961 -0.366953641 -0.059461512 -0.004070333 -0.016599219 0.998084247
1341846337.686352 0.258596808 0.008958891 -0.362860590 -0.060722154 -0.003526080 -0.016450671 0.998012900
1341846337.718002 0.250463009 0.009097854 -0.360896558 -0.062610015 -0.002750836 -0.016447881 0.997898757
1341846337.749920 0.238585278 0.007380614 -0.390937954 -0.063113108 -0.000253997 -0.016986802 0.997861803
1341846337.786157 0.236466452 0.006274788 -0.394742250 -0.066049218 0.002041153 -0.016955817 0.997670174
1341846337.817945 0.252319962 0.010428652 -0.368474275 -0.068253338 0.003491432 -0.015120624 0.997547328
1341846337.854071 0.269049197 0.018020101 -0.356460273 -0.068924524 0.006159395 -0.015467509 0.997482955
1341846337.885951 0.273366421 0.028510690 -0.345914155 -0.071780317 0.008202424 -0.017107906 0.997240007
1341846337.918223 0.270786107 0.040431984 -0.336880982 -0.075718574 0.009530844 -0.020230630 0.996878445
1341846337.954120 0.266207784 0.035979174 -0.318626076 -0.078191243 0.011821820 -0.021837210 0.996629059
1341846337.985994 0.243460402 0.025694156 -0.340795547 -0.081343561 0.013485067 -0.020995047 0.996373713
1341846338.018107 0.265458345 0.033950847 -0.318434358 -0.084222816 0.014646361 -0.020476637 0.996128857
1341846338.054055 0.259810895 0.034991048 -0.319393277 -0.086570434 0.016073238 -0.020637380 0.995902240
1341846338.085986 0.247651771 0.037026070 -0.305464953 -0.090117425 0.019549526 -0.021378443 0.995509684
1341846338.121875 0.268012196 0.041064959 -0.322380751 -0.091749981 0.021740286 -0.019909870 0.995345592
1341846338.154089 0.254123926 0.047401208 -0.285630703 -0.092001714 0.023716897 -0.018503696 0.995304346
1341846338.186029 0.244011089 0.044830624 -0.259291798 -0.093389586 0.023741435 -0.014357078 0.995243013
1341846338.222071 0.264280111 0.044595856 -0.265526205 -0.094844714 0.023593036 -0.013856261 0.995115995
1341846338.254107 0.282823384 0.049109485 -0.229680240 -0.096380457 0.024898771 -0.013410795 0.994942725
1341846338.290130 0.287530810 0.050427418 -0.209041014 -0.096181944 0.024804791 -0.011208479 0.994991541
1341846338.321952 0.288274914 0.063650489 -0.207542852 -0.095126092 0.026553936 -0.010235081 0.995058358
1341846338.354022 0.277762055 0.053331830 -0.204998076 -0.096391857 0.027804255 -0.009963687 0.994905114
1341846338.389969 0.279477566 0.069322675 -0.195803881 -0.095902003 0.028680438 -0.010610607 0.994920909
1341846338.422377 0.286194950 0.067977026 -0.172022268 -0.098206833 0.028965227 -0.009568768 0.994698346
1341846338.454010 0.286046863 0.072663076 -0.167255968 -0.098915756 0.028990263 -0.010784040 0.994614959
1341846338.489894 0.288994461 0.073693782 -0.150119096 -0.100998342 0.028365994 -0.010154969 0.994430244
1341846338.522066 0.287004918 0.064246111 -0.160465375 -0.101083584 0.027832991 -0.010073730 0.994437516
1341846338.558058 0.286360115 0.064884298 -0.159406066 -0.102093525 0.027778542 -0.009764433 0.994338930
1341846338.589842 0.286774039 0.063337117 -0.143532902 -0.104175158 0.027763020 -0.011179715 0.994108558
1341846338.622019 0.284293741 0.061756387 -0.135602549 -0.103797927 0.029154038 -0.010292951 0.994117737
1341846338.657984 0.280419022 0.066100709 -0.131723478 -0.103140570 0.029846888 -0.007866042 0.994187772
1341846338.690198 0.290967375 0.063603394 -0.134164348 -0.105403513 0.028447263 -0.007071830 0.993997395
1341846338.722454 0.300711244 0.078257784 -0.096198298 -0.105142221 0.029296698 -0.009063012 0.993984282
1341846338.757945 0.296406239 0.097672336 -0.091736108 -0.104379602 0.029829355 -0.007158103 0.994064331
1341846338.790039 0.294836909 0.098235764 -0.083756551 -0.106486529 0.028153311 -0.007118556 0.993889987
1341846338.826048 0.293042421 0.098518088 -0.076852404 -0.106436297 0.029435286 -0.007218989 0.993857503
1341846338.858027 0.292432368 0.104285598 -0.062312361 -0.106137045 0.031119034 -0.008099118 0.993831456
1341846338.889902 0.294120371 0.101811163 -0.051089540 -0.108974174 0.029682942 -0.008338206 0.993566334
1341846338.925948 0.295050085 0.102239110 -0.047768090 -0.109698765 0.030870372 -0.011002752 0.993424475
1341846338.958108 0.296405613 0.104303941 -0.041076835 -0.109799981 0.032127164 -0.009797016 0.993386030
1341846338.990057 0.300810724 0.107085578 -0.036139160 -0.109550022 0.032012269 -0.008614789 0.993428290
1341846339.025928 0.318303525 0.102319583 -0.018083991 -0.108154349 0.031988475 -0.010184891 0.993567109
1341846339.057939 0.324996591 0.104730591 -0.011074053 -0.105299294 0.033756573 -0.011143608 0.993804991
1341846339.093927 0.327601463 0.109550864 0.009365913 -0.106393084 0.033605933 -0.008259735 0.993721783
1341846339.126562 0.336865544 0.115015909 0.017576717 -0.109586298 0.032334618 -0.009108877 0.993409455
1341846339.157969 0.339152783 0.119683117 0.025931412 -0.112587281 0.034635179 -0.011296676 0.992973745
1341846339.194113 0.342702270 0.125631779 0.052876640 -0.113764271 0.036597792 -0.008855931 0.992793977
1341846339.228165 0.351245522 0.131710574 0.056908108 -0.117280342 0.034027118 -0.006474575 0.992494583
1341846339.257998 0.359185964 0.133494347 0.073463805 -0.119702674 0.034926854 -0.007214314 0.992169023
1341846339.294132 0.358900100 0.135875583 0.078095645 -0.119705245 0.037501607 -0.006226277 0.992081404
1341846339.326577 0.361109823 0.136349306 0.083379105 -0.123744711 0.036171474 -0.001119629 0.991653979
1341846339.362269 0.365134656 0.137600064 0.084332079 -0.128157258 0.033838764 -0.003965530 0.991168439
1341846339.394725 0.365415633 0.131113082 0.096809365 -0.129711822 0.036254384 -0.003819749 0.990881324
1341846339.462186 0.372872561 0.148987576 0.132169724 -0.131745964 0.035980619 -0.004164624 0.990621567
1341846339.496743 0.399076670 0.147803739 0.139542401 -0.130504519 0.037033718 -0.006360504 0.990735412
1341846339.562052 0.397800356 0.151307553 0.149509653 -0.128024310 0.041086767 -0.006125957 0.990900695
1341846339.595122 0.401612669 0.150351807 0.152881384 -0.126337573 0.041178226 -0.006047877 0.991113782
1341846339.632085 0.400833100 0.145422980 0.149552777 -0.125953242 0.044586916 -0.006485448 0.991012454
1341846339.664568 0.404476553 0.151931241 0.157906532 -0.124910481 0.047321118 -0.011943356 0.990966916
1341846339.698896 0.404699117 0.151705578 0.158727154 -0.124747828 0.047660034 -0.012098210 0.990969300
1341846339.731977 0.410240263 0.153441116 0.173669174 -0.124576584 0.048258465 -0.013921398 0.990937948
1341846339.762241 0.407764167 0.152659118 0.165591791 -0.124387883 0.049056321 -0.015161521 0.990904272
1341846339.797873 0.421936482 0.158356696 0.192525342 -0.123586029 0.049979210 -0.014921805 0.990962088
1341846339.830245 0.423414439 0.157554820 0.196377948 -0.124188513 0.049490191 -0.013760616 0.990928173
1341846339.862015 0.418231905 0.154521689 0.194519341 -0.125451341 0.049484845 -0.013727837 0.990769804
1341846339.897797 0.418816626 0.154628322 0.196541324 -0.126569748 0.050562721 -0.014743311 0.990558505
1341846339.929916 0.419580996 0.154725671 0.198386908 -0.126708552 0.051601984 -0.013051030 0.990510881
1341846339.961960 0.421140581 0.154509023 0.203835383 -0.125923738 0.051401470 -0.011793382 0.990637183
1341846339.997845 0.423413545 0.156163901 0.214263126 -0.124174364 0.053185727 -0.013979970 0.990735352
1341846340.029925 0.425453961 0.156436890 0.220099002 -0.123158649 0.056007545 -0.012798819 0.990722597
1341846340.066044 0.425965637 0.156594574 0.221449643 -0.121226244 0.057328764 -0.012596449 0.990888000
1341846340.098009 0.426704735 0.156685829 0.223133788 -0.120390914 0.057385553 -0.012061007 0.990993142
1341846340.130102 0.428774059 0.157901764 0.233202830 -0.121350244 0.057865959 -0.012944483 0.990837097
1341846340.166041 0.435009003 0.159048587 0.248268738 -0.120860547 0.060232237 -0.017361073 0.990688324
1341846340.197867 0.431557089 0.158394039 0.241234720 -0.119197279 0.062500551 -0.015155998 0.990785539
1341846340.229904 0.434533507 0.159056813 0.247201383 -0.120411076 0.061809130 -0.015009971 0.990684390
1341846340.265859 0.434818327 0.159675762 0.255319178 -0.121244110 0.063914753 -0.016764278 0.990420997
1341846340.298061 0.436571717 0.160886720 0.257108927 -0.118667275 0.065959118 -0.016578378 0.990602136
1341846340.334063 0.434933126 0.160940960 0.257222950 -0.119919308 0.065020129 -0.014244789 0.990549743
1341846340.366064 0.438603371 0.161865562 0.260606080 -0.120768614 0.062519670 -0.012917126 0.990625739
1341846340.397995 0.441571146 0.161788419 0.265683502 -0.119682997 0.062919103 -0.015990995 0.990687370
1341846340.433895 0.443348467 0.163063750 0.271688223 -0.119465381 0.062943287 -0.015637565 0.990717709
1341846340.465959 0.443551809 0.164108172 0.270356536 -0.118102282 0.060757175 -0.014278299 0.991038084
1341846340.501858 0.443381846 0.161355048 0.267179340 -0.118028484 0.057491086 -0.012930905 0.991260231
1341846340.534329 0.443826258 0.161333963 0.270653665 -0.118360281 0.057297245 -0.014124773 0.991215587
1341846340.566041 0.444920808 0.160739809 0.268551767 -0.116725452 0.056419529 -0.012430573 0.991482496
1341846340.601909 0.443697810 0.160259128 0.263066649 -0.114171162 0.056021616 -0.013392173 0.991789877
1341846340.634005 0.444202721 0.159687370 0.260985523 -0.114122048 0.055550657 -0.014825184 0.991801620
1341846340.666028 0.444325119 0.159930438 0.261393279 -0.114066303 0.056532945 -0.017811457 0.991703391
1341846340.701946 0.444205552 0.159624994 0.259736598 -0.112012535 0.057871908 -0.020399556 0.991810441
1341846340.733954 0.444215715 0.159491390 0.259926617 -0.111451358 0.059785977 -0.022310453 0.991718948
1341846340.770081 0.444438159 0.159271896 0.259667605 -0.112475425 0.059493765 -0.024815295 0.991561413
1341846340.801980 0.444253564 0.159591243 0.259728104 -0.111988448 0.060577452 -0.029042119 0.991436124
1341846340.833999 0.444200546 0.159101978 0.258932203 -0.113424763 0.063093908 -0.034925938 0.990925908
1341846340.870013 0.444184244 0.159678429 0.258591652 -0.113971524 0.062590584 -0.035450082 0.990876496
1341846340.901955 0.444135100 0.159877390 0.258882672 -0.112377517 0.062249981 -0.035651147 0.991072774
1341846340.933918 0.444165021 0.159667552 0.258703709 -0.110499196 0.061967466 -0.032921743 0.991396070
1341846340.970122 0.444102883 0.159610093 0.258838326 -0.109271571 0.059535876 -0.027616931 0.991842985
1341846341.001922 0.443874598 0.159530252 0.258228987 -0.107954390 0.056454599 -0.023006966 0.992284954
1341846341.037923 0.443906963 0.159414068 0.258021265 -0.107133076 0.054428782 -0.022080228 0.992508173
1341846341.070300 0.443988025 0.159384921 0.257025987 -0.106523290 0.054028362 -0.020846257 0.992622375
1341846341.102028 0.443949521 0.159474298 0.256792605 -0.106317826 0.051998120 -0.020334927 0.992763400
1341846341.137982 0.443825871 0.159431741 0.257957518 -0.106362998 0.050941031 -0.019683180 0.992826521
1341846341.170048 0.443847120 0.159438446 0.258005589 -0.105619363 0.051115014 -0.019080497 0.992908716
1341846341.202110 0.443840206 0.159381568 0.257932812 -0.104091726 0.050726432 -0.018047769 0.993109286
1341846341.237996 0.443844855 0.159384474 0.257971883 -0.102386355 0.051066794 -0.017091518 0.993286014
1341846341.269883 0.443805128 0.159349740 0.257855207 -0.101141468 0.051467426 -0.017332057 0.993388712
1341846341.306107 0.443797469 0.159404710 0.257841349 -0.100015000 0.050196737 -0.016336113 0.993584633
1341846341.338109 0.443818569 0.159398749 0.257839531 -0.099587753 0.050422486 -0.018704452 0.993574321
1341846341.370120 0.443866014 0.159441844 0.257938862 -0.099088013 0.050298829 -0.021539310 0.993573189
1341846341.406074 0.443848521 0.159437791 0.257915527 -0.099065542 0.050824717 -0.022048108 0.993537486
1341846341.438113 0.443886727 0.159473911 0.258032680 -0.097222410 0.048121329 -0.021920793 0.993856907
1341846341.470024 0.443830132 0.159399629 0.257843852 -0.094777249 0.048412699 -0.022891181 0.994057059
1341846341.506077 0.443811923 0.159391224 0.257743120 -0.095794633 0.049214922 -0.024878686 0.993872404
1341846341.538156 0.443916887 0.159475878 0.257972658 -0.095847949 0.046179414 -0.021858973 0.994083941
1341846341.574016 0.443878204 0.159426436 0.257878929 -0.095381625 0.044699304 -0.023302769 0.994163632
1341846341.612466 0.443885207 0.159415558 0.257863462 -0.095013194 0.043632273 -0.022555076 0.994263530
1341846341.643972 0.443885446 0.159422621 0.257860273 -0.096039906 0.042131688 -0.022769900 0.994224727
1341846341.679982 0.443868011 0.159404859 0.257853568 -0.096516520 0.040671267 -0.022285057 0.994250357
1341846341.712332 0.443888694 0.159424379 0.257841051 -0.094998121 0.038248826 -0.018111391 0.994577467
1341846341.744185 0.443921119 0.159410819 0.257753819 -0.094884798 0.036507621 -0.015735850 0.994694173
1341846341.780061 0.443906397 0.159415975 0.257790923 -0.094221756 0.036131162 -0.015202913 0.994779170
1341846341.812163 0.443920732 0.159410670 0.257750273 -0.093495309 0.035505053 -0.012706149 0.994905293
1341846341.842595 0.443910927 0.159411833 0.257778853 -0.091257170 0.035623476 -0.009126822 0.995148122
1341846341.875779 0.443914026 0.159411654 0.257771045 -0.089291982 0.035404515 -0.006298960 0.995356083
1341846341.906227 0.443885624 0.159420848 0.257849753 -0.087127723 0.035359539 -0.004856285 0.995557547
1341846341.942069 0.443911731 0.159406781 0.257775962 -0.082340144 0.034922685 -0.006737890 0.995969415
1341846341.974775 0.443908185 0.159408927 0.257785320 -0.079441130 0.034582809 -0.003066419 0.996234775
1341846342.010161 0.443899989 0.159412608 0.257806510 -0.078575596 0.033419963 -0.001713694 0.996346354
1341846342.042024 0.443932384 0.159401670 0.257714123 -0.076572604 0.033072021 -0.002907196 0.996511161
1341846342.080032 0.443917841 0.159405455 0.257772267 -0.074816115 0.034991886 -0.001795355 0.996581614
1341846342.112265 0.443947256 0.159392834 0.257706165 -0.074522249 0.035811082 0.001434995 0.996575117
1341846342.147954 0.443931848 0.159372285 0.257729769 -0.072805583 0.035363305 0.003116042 0.996714115
1341846342.179852 0.443939835 0.159373537 0.257713228 -0.069855280 0.036459751 0.003392773 0.996884823
1341846342.211848 0.443927646 0.159385711 0.257745832 -0.069129452 0.037239783 0.002597624 0.996909022
1341846342.247920 0.443923026 0.159387276 0.257754117 -0.067707725 0.037370477 0.000631630 0.997004867
1341846342.279870 0.443925083 0.159390241 0.257772774 -0.066066816 0.037332889 0.001473155 0.997115493
1341846342.316068 0.443913013 0.159393251 0.257801592 -0.064853020 0.037346501 0.002479355 0.997192681
1341846342.347894 0.443910480 0.159391880 0.257806838 -0.064049587 0.037108950 0.002201746 0.997254074
1341846342.379953 0.443934053 0.159394801 0.257725984 -0.063480303 0.037927698 -0.000020949 0.997262120
1341846342.416195 0.443945318 0.159391940 0.257700235 -0.063157849 0.037635740 0.003614070 0.997287095
