1341846314.290052 0.056215310399999996 0.007467887999999999 0.0088769328 -0.010139108 0.023880165 0.009885534 0.999614537
1341846314.325981 0.0660822912 0.015194486399999999 0.008584089599999999 -0.010146488 0.02443078 0.008622048 0.999612808
1341846314.357905 0.07744124640000001 0.0084575616 0.016950648 -0.011809801 0.026630541 0.008202654 0.999541938
1341846314.389899 0.14263648799999998 0.0123045264 0.025096608 -0.009794034 0.022990623 0.006407743 0.999667168
1341846314.427905 0.15237559679999998 0.025546617599999998 0.0224454816 -0.008343251 0.024314046 0.004863116 0.99965775
1341846314.458114 0.1865889408 0.0149078448 0.0267583536 -0.010022614 0.025764573 0.002309127 0.999615133
1341846314.493987 0.13281015359999998 0.009946392 0.025903224 -0.008653002 0.037229169 -0.001892175 0.999267519
1341846314.526085 0.1353931008 0.0121029168 0.007057483199999999 -0.008216417 0.039725333 -0.005395997 0.999162257
1341846314.558292 0.148780032 0.015135667199999998 0.024155985600000002 -0.008971647 0.041642442 -0.004553555 0.99908191
1341846314.594085 0.12054652799999999 -5.496e-06 0.013084118399999999 -0.009458411 0.049367208 -0.003457841 0.998729944
1341846314.626096 0.12443940479999999 0.0148216368 0.0047369136 -0.007666205 0.053110603 -0.001672476 0.998557806
1341846314.658455 0.1689848736 0.0184070496 0.0198314256 -0.008906969 0.051356632 -0.004283175 0.998631477
1341846314.694004 0.14425687199999998 -0.0026594304 0.0114423072 -0.010946649 0.057974394 -0.004931212 0.998245895
1341846314.72591 0.1634488464 -0.0154041936 0.031826592 -0.008061098 0.059476346 -0.003654923 0.998190463
1341846314.761942 0.19597975199999998 -0.0067954176 0.03234768 -0.003574191 0.056960549 0.000959156 0.998369575
1341846314.79403 0.2235768576 -0.0038495279999999996 0.029902012799999995 -0.00032621 0.056779616 0.003959088 0.998378813
1341846314.826092 0.2274182064 0.0028526976 0.020575339199999997 0.002697087 0.061148711 0.003378508 0.998119295
1341846314.862145 0.24625158719999998 0.011740152 0.0249630912 0.003592769 0.063338354 0.004747056 0.997974336
1341846314.894072 0.2142005664 0.0028308336 0.0016564512 0.00206449 0.070434511 0.007878128 0.997483134
1341846314.925969 0.22081013759999998 0.0061261776 -0.0044813136 0.002344737 0.07285735 0.011525718 0.997273028
1341846314.961937 0.2216998464 0.023853820799999998 0.0092818224 0.001885873 0.073752634 0.013694036 0.99718076
1341846314.994564 0.23592678239999998 0.015560462399999999 0.013098984 -0.002651608 0.073435612 0.014066824 0.997197211
1341846315.0299 0.2616713568 0.005795928 0.0005419008 -0.00430452 0.074666053 0.013551584 0.997107208
1341846315.061965 0.2584943184 0.0033129552 -0.0029617584 -0.00513258 0.077645987 0.016908297 0.996824384
1341846315.094388 0.2652212448 -0.0040508688 0.0008397552 -0.005822639 0.076272935 0.018339384 0.996901333
1341846315.129851 0.2762865888 -0.0081280272 -0.010685591999999999 -0.004336403 0.07574293 0.016191391 0.996986508
1341846315.161941 0.2546294688 0.035879961599999996 -0.0125911344 -0.002037182 0.078751303 0.017625092 0.996736407
1341846315.197984 0.2598026832 0.028031572799999998 -0.0034527408 -0.009810011 0.07637094 0.016042963 0.996902168
1341846315.230076 0.2882884368 0.014745547199999999 -0.017460676799999998 -0.014287779 0.072670177 0.010694709 0.997196317
1341846315.262069 0.2915280816 0.0243303888 -0.0047809152 -0.016347487 0.070128158 0.013013431 0.997319162
1341846315.298 0.3163688784 0.011978611200000001 0.01406904 -0.019483484 0.063824393 0.015445805 0.997651398
1341846315.329931 0.3388141392 -0.0089408496 0.0166089696 -0.018385142 0.060184825 0.016504204 0.997881472
1341846315.361981 0.34233738239999995 -0.0044794032 0.0114706752 -0.012740972 0.05929086 0.020406837 0.997950792
1341846315.397962 0.35046468959999993 -0.0057560304 0.009697896 -0.010318303 0.058899432 0.023454323 0.997934997
1341846315.429923 0.3609380736 -0.0032786831999999998 0.0034689792 -0.007316364 0.060144402 0.025931584 0.99782598
1341846315.466047 0.3833380944 0.0067733472 -0.0188703408 -0.005492431 0.061803799 0.026716584 0.997715592
1341846315.497883 0.37536377759999995 0.0209056416 0.009805752 -0.004587818 0.065953761 0.030539971 0.997344673
1341846315.530008 0.2845414656 0.0112509408 0.0096437808 -0.005335996 0.077461779 0.034880191 0.996370673
1341846315.566108 0.2937928512 0.011840472 0.0043324608 -0.006214065 0.077981293 0.036279425 0.996275127
1341846315.597986 0.2967844944 0.007858776 0.007530465599999999 -0.006909263 0.07931751 0.03597511 0.996176064
1341846315.630109 0.2901837408 0.0108935136 0.0123206736 -0.006305726 0.081186056 0.034146 0.996093929
1341846315.666042 0.2943637152 0.0176284848 0.0015535008 -0.00642357 0.082317926 0.03344813 0.996023953
1341846315.698114 0.30597134880000004 0.031738612799999996 -0.0199676112 -0.009797528 0.084003367 0.031760905 0.995911002
1341846315.733985 0.29842858079999995 0.019403711999999997 0.023333529599999996 -0.014082072 0.087948799 0.03420509 0.99543798
1341846315.766041 0.2726545728 0.011790864 0.0092068128 -0.014418127 0.088775866 0.033303726 0.995390296
1341846315.798188 0.28429894079999996 0.010277064 0.015098664 -0.015607665 0.086888097 0.032835528 0.995554447
1341846315.83414 0.2844572448 0.0026485248 0.026604268799999997 -0.015441897 0.088901229 0.032160427 0.995401323
1341846315.866751 0.2826789216 -0.0024367008000000002 0.020722612799999998 -0.013609932 0.09040273 0.031950731 0.995299578
1341846315.898492 0.26740308 -0.0044899488 0.018919497599999998 -0.012506491 0.092372946 0.030638669 0.995174408
1341846315.936901 0.3423727872 -0.0048333216 0.0139891632 -0.009968007 0.086086988 0.027800821 0.995849788
1341846315.966572 0.32432942400000003 -0.0035992608 0.0113167248 -0.006477148 0.089029379 0.026853006 0.995645881
1341846316.002119 0.30799266239999995 -0.0002693088 0.008547456 -0.003958722 0.090447366 0.024669159 0.995587766
1341846316.034204 0.3009864816 -0.0045307872 0.007278825599999999 -0.002622019 0.090802513 0.024443865 0.995565414
1341846316.066113 0.28877458079999996 -0.0128414256 0.010827182400000001 -0.001298844 0.091732629 0.024709968 0.995476186
1341846316.101867 0.27435759839999996 -0.0039568368 0.007122532799999999 0.001080525 0.091464311 0.025380425 0.995484233
1341846316.134066 0.22224488639999998 -0.0006450576 0.007565001599999999 0.000892683 0.092911996 0.023998417 0.995384693
1341846316.169952 0.2136499632 -0.008343143999999999 0.0123943728 2.4317e-05 0.09119036 0.021969533 0.995591104
1341846316.202049 0.197579328 -0.0089093952 0.0224055312 0.000469946 0.089963377 0.019967915 0.995744765
1341846316.233979 0.19987408319999997 -0.0079907952 0.007644100799999999 0.000987228 0.088003635 0.019342124 0.995931864
1341846316.270052 0.20359561439999999 -0.008287516799999999 0.002279376 -0.000446254 0.087958589 0.016224075 0.995991886
1341846316.301915 0.1927732944 -0.017578612799999997 0.0107520624 -0.000973983 0.089573868 0.014521636 0.995873809
1341846316.334208 0.1706888784 -0.0182205888 0.015200232 0.000813021 0.090794876 0.014425188 0.995764792
1341846316.370006 0.1638665184 -0.0214346544 0.010777032 0.002439413 0.089475244 0.015730612 0.995861828
1341846316.401994 0.1517048832 -0.015975849599999998 0.011873102399999998 0.004706439 0.089612901 0.018086262 0.99580127
1341846316.438069 0.142712448 -0.026380032 0.0151104144 0.005994495 0.089655817 0.019015515 0.995773196
1341846316.470076 0.1277960736 -0.0259724736 0.0129144528 0.010743987 0.089933559 0.021832122 0.99565047
1341846316.502034 0.113690328 -0.0045922416 0.0037619904 0.014629628 0.088269077 0.0233195 0.995716214
1341846316.537975 0.10274554080000001 -0.0043607136 0.0014316672 0.012065775 0.086039141 0.022359015 0.995967746
1341846316.570121 0.0965772528 -0.0208304496 0.0136481664 0.010187491 0.085846953 0.020321058 0.996048987
1341846316.601885 0.07806884160000001 -0.0243818736 0.01193748 0.011919328 0.086708866 0.017777799 0.996003747
1341846316.638009 0.1151226192 -0.0203116704 0.0041252784 0.014644871 0.080609076 0.017966906 0.996476233
1341846316.669925 0.10632080640000001 -0.028071590400000002 0.011396591999999999 0.016492926 0.080254644 0.018495515 0.996466279
1341846316.705941 0.1024376496 -0.034417104 0.0060354 0.020014076 0.079909049 0.019543093 0.996409595
1341846316.738062 0.076405368 -0.0245065872 -0.011394672 0.023101196 0.081057683 0.021467773 0.996210396
1341846316.770433 0.0683037888 -0.0210921984 -0.010752676800000001 0.022388216 0.080413438 0.022463311 0.996256888
1341846316.805932 0.07912712159999999 -0.026225049599999998 -0.0090595728 0.022694333 0.079018414 0.021534404 0.996382117
1341846316.838029 0.06339078719999999 -0.017726313599999998 -0.0053630112 0.025022211 0.078236423 0.022873608 0.996358216
1341846316.870034 0.0459403008 -0.0226795104 0.0018564191999999998 0.025129572 0.076399639 0.024168516 0.996467531
1341846316.906344 0.0395604 -0.0221873568 -0.0028634016 0.026180293 0.072951779 0.024061551 0.996701419
1341846316.93794 0.0361451568 -0.0281427072 -0.0075938496 0.02511348 0.07132218 0.021343568 0.996908665
1341846316.973994 0.018787099199999997 -0.0313045536 -0.0033749472 0.02402661 0.070733503 0.020829283 0.996988297
1341846317.005913 0.0048367055999999995 -0.030743884799999996 0.00138828 0.023033824 0.068802916 0.021101376 0.997141063
1341846317.037936 -0.0083082096 -0.0378513504 0.002957712 0.022867208 0.067153022 0.021072429 0.997258008
1341846317.073972 -0.0088670208 -0.039193415999999995 0.0061428863999999994 0.024119899 0.065022893 0.021947237 0.997350752
1341846317.106113 -0.0315222144 -0.0449519808 0.005049446399999999 0.025860248 0.065136276 0.025442602 0.997216702
1341846317.137887 -0.0472609392 -0.0546083328 0.0096520416 0.027642496 0.060576688 0.028757339 0.99736625
1341846317.17397 -0.0456632304 -0.0398450256 0.0167981376 0.030413464 0.05228585 0.030662699 0.99769783
1341846317.205887 -0.043364544 -0.044262897600000004 0.0206923152 0.029913398 0.048454262 0.032219101 0.997857332
1341846317.248131 -0.05711164319999999 -0.0444542832 0.0259011312 0.031382121 0.046669707 0.034238994 0.997830033
1341846317.27395 -0.07213567679999999 -0.041401531199999994 0.020838168 0.032766525 0.043365803 0.035946172 0.997874558
1341846317.306289 -0.08776154879999999 -0.0467413968 0.026953459199999998 0.032722633 0.042345304 0.039008688 0.997804821
1341846317.348137 -0.06655781279999999 -0.04324872479999999 0.0166989024 0.034246448 0.040391106 0.039120488 0.997830331
1341846317.373974 -0.0900225072 -0.036505771199999995 0.014514839999999998 0.036220293 0.04310748 0.041266568 0.997560441
1341846317.41012 -0.0979683744 -0.0327438816 0.0242916576 0.036891188 0.042243335 0.043640547 0.997471809
1341846317.442569 -0.1029770592 -0.054581399999999995 0.0067714416 0.03745722 0.041782066 0.047486119 0.997294486
1341846317.47401 -0.1170311376 -0.05396510399999999 0.0240079296 0.043070111 0.043422285 0.049398646 0.99690479
1341846317.509927 -0.139426152 -0.0341102976 0.0138579264 0.0478824 0.042727191 0.05304813 0.996527731
1341846317.542282 -0.0947175168 -0.0226382112 0.0106600224 0.047999579 0.03439337 0.054571535 0.996762276
1341846317.573943 -0.0933223296 -0.0342934368 0.011086684799999998 0.046737362 0.034523614 0.053875025 0.996855676
1341846317.610159 -0.1141247856 -0.0423214272 0.012891 0.048585553 0.037800498 0.053686999 0.996658564
1341846317.643553 -0.13493762399999998 -0.0283256352 0.01917348 0.052445006 0.03887416 0.056215148 0.99628216
1341846317.677993 -0.157088808 -0.0412115088 0.020555299200000002 0.052157834 0.037286606 0.058988165 0.996197581
1341846317.709996 -0.12831540479999998 -0.0319325184 0.0208175472 0.055232592 0.031311039 0.057556801 0.996321321
1341846317.741834 -0.141306576 -0.0163644672 0.02409432 0.056785222 0.030957134 0.056927897 0.996281207
1341846317.777923 -0.1527858144 -0.0180094416 0.0316869312 0.054986022 0.030530313 0.056578796 0.996415198
1341846317.810021 -0.1655218704 -0.0201930432 0.0411044496 0.054653853 0.029797005 0.055143584 0.996536136
1341846317.841886 -0.175433064 -0.012455716799999999 0.0382449744 0.054603271 0.028964229 0.052814581 0.996689618
1341846317.878017 -0.1729304928 -0.017768251199999998 0.0221245536 0.05145134 0.027109364 0.049849007 0.997062147
1341846317.90991 -0.179781048 -0.0254823936 0.024335904 0.049781736 0.028501445 0.045466259 0.997317553
1341846317.946031 -0.19818829919999997 -0.0244049856 0.0410851248 0.051371358 0.030824132 0.046376061 0.997125924
1341846317.978041 -0.2117491728 -0.0300445344 0.0398447088 0.053078037 0.030240746 0.047332019 0.997009456
1341846318.009897 -0.2133453888 -0.024432801599999998 0.0315603456 0.05586756 0.029802775 0.046037465 0.996930897
1341846318.045949 -0.221821008 -0.0192441456 0.0278702832 0.056406498 0.030718066 0.044173997 0.996957064
1341846318.078074 -0.242398344 -0.0225468192 0.0376685856 0.055547107 0.030703155 0.042666405 0.997071445
1341846318.109894 -0.2553518784 -0.0209062176 0.0332029632 0.055320036 0.027210623 0.040378001 0.997280777
1341846318.145957 -0.2628025872 -0.021171552 0.034488868799999996 0.054527827 0.025093876 0.038433563 0.997456729
1341846318.178001 -0.27303889919999996 -0.0287338368 0.031848624 0.053099245 0.025809355 0.03537982 0.99762851
1341846318.214074 -0.2936442912 -0.0304188912 0.04091680799999999 0.053844228 0.0256026 0.033995043 0.99764204
1341846318.24597 -0.31836554879999995 -0.0499807824 0.0336974352 0.055324472 0.021638433 0.035321523 0.99760884
1341846318.278018 -0.3052815552 -0.0381509856 0.0341186208 0.060002271 0.014432915 0.035049673 0.997478306
1341846318.313937 -0.3296349072 -0.0371036016 0.037173936 0.061997425 0.010403422 0.034783538 0.997415781
1341846318.345989 -0.328819368 -0.0328226544 0.0361269408 0.063851804 -1.9053e-05 0.033054546 0.997411788
1341846318.382046 -0.3485826384 -0.034910788799999995 0.0425659824 0.065809451 -0.005686009 0.032484967 0.997287095
1341846318.414072 -0.36714623999999996 -0.0424431216 0.027546009599999997 0.066383913 -0.011247243 0.033475675 0.997169018
1341846318.446035 -0.37086306719999995 -0.045169560000000004 0.0329719584 0.06835977 -0.017571433 0.033647653 0.996938288
1341846318.482196 -0.3778738272 -0.042067776 0.022292971199999997 0.069707893 -0.019872762 0.033697538 0.996800065
1341846318.514144 -0.38578448159999995 -0.0385759344 0.0320991264 0.07040558 -0.020912657 0.034937669 0.996687055
1341846318.546259 -0.35312476319999997 -0.0432785472 0.0311439216 0.0713057 -0.025764473 0.033326004 0.996564627
1341846318.582042 -0.3664864176 -0.0357118032 0.0287363328 0.073400758 -0.024967821 0.032743592 0.996452093
1341846318.614115 -0.38303561280000004 -0.035161344 0.0348493632 0.073260985 -0.024263017 0.0326734 0.996482074
1341846318.650038 -0.39256746719999996 -0.0350347056 0.029319974399999997 0.072810195 -0.024702143 0.02991643 0.996590912
1341846318.68235 -0.4034310576 -0.030825686399999996 0.036598012799999996 0.072936267 -0.024778703 0.028080238 0.996633232
1341846318.714063 -0.38425226399999995 -0.032576251199999996 0.024822768000000002 0.071854509 -0.029320177 0.026233738 0.996638894
1341846318.749905 -0.3960743328 -0.0389716896 0.0198029136 0.07209564 -0.028993273 0.027222482 0.996604502
1341846318.782036 -0.4148274768 -0.0379143552 0.0191401296 0.074022695 -0.028545603 0.029982246 0.996396959
1341846318.814121 -0.4370173584 -0.037171099199999995 0.0194453184 0.074007034 -0.032095723 0.027959455 0.996348858
1341846318.850072 -0.45115499519999996 -0.037683004799999996 0.0272519088 0.074471794 -0.037102733 0.024953028 0.996220171
1341846318.883516 -0.5720683679999999 -0.06267077759999999 0.0574289424 0.076112285 -0.0325143 0.027458336 0.996190608
1341846318.918047 -0.5954781887999999 -0.0538446144 0.0567397104 0.08047913 -0.041542329 0.028007025 0.995496333
1341846318.950044 -0.5991458063999999 -0.0588529344 0.0743481408 0.082052417 -0.053058121 0.025157843 0.99489665
1341846318.982028 -0.5716411104 -0.0447185232 0.033699657599999995 0.084271371 -0.061347231 0.021057924 0.994329631
1341846319.018123 -0.5488832496 -0.0372317904 0.032560276799999996 0.084639758 -0.069576815 0.019759262 0.993783057
1341846319.050745 -0.5407479984 -0.050240251199999995 0.048548952 0.084989421 -0.076883085 0.018369194 0.99324137
1341846319.081905 -0.5852963808 -0.0649992624 0.025085279999999998 0.088529937 -0.07443852 0.01717752 0.993139625
1341846319.117976 -0.6106445808 -0.051172152 0.026265523199999998 0.092197731 -0.072154261 0.022568686 0.992866576
1341846319.150093 -0.6262598975999999 -0.059261188799999996 0.028914024 0.093562581 -0.075905994 0.030047407 0.992260814
1341846319.186069 -0.6034508928 -0.042166310400000004 0.026654327999999998 0.096272871 -0.079550594 0.031311776 0.991676748
1341846319.218149 -0.6071290992 -0.0366484512 0.0309559248 0.093636923 -0.074873328 0.030371482 0.992322385
1341846319.250034 -0.5942060687999999 -0.0051429696 0.0238771728 0.089923777 -0.069787487 0.028670941 0.993086815
1341846319.286594 -0.5275961616 -0.028737983999999998 0.0051213744 0.085001796 -0.075430378 0.028526884 0.993111849
1341846319.318034 -0.5316221232 -0.0299366352 0.006695078399999999 0.085523285 -0.074916661 0.032431796 0.992986143
1341846319.350268 -0.5416856304 -0.0322517472 -0.0049604208 0.085832983 -0.073878005 0.038902212 0.992804825
1341846319.386163 -0.5847250704 -0.029666030399999998 0.005540592 0.088579401 -0.075051479 0.045263484 0.992205739
1341846319.418386 -0.5653150656 -0.0182682144 0.0039131376 0.089961544 -0.082756154 0.0487407 0.991303504
1341846319.453961 -0.5504083872 -0.0249694464 -0.024505190399999998 0.089160264 -0.085759796 0.044626236 0.991314411
1341846319.486271 -0.5830220448 -0.028573416 -0.0191985024 0.088759884 -0.084865943 0.041453585 0.991564929
1341846319.518456 -0.5881692048 -0.0156983856 -0.029480107199999998 0.08634612 -0.088332117 0.044402599 0.991347671
1341846319.554083 -0.5940953136 -0.0306673872 0.0056792304 0.083933689 -0.091156058 0.040084209 0.991483212
1341846319.586296 -0.6131405376 -0.032069231999999996 -0.006072907199999999 0.083985507 -0.089613758 0.036156449 0.991770387
1341846319.622031 -0.649823568 -0.0362501088 -0.0066181823999999995 0.082513906 -0.090561993 0.03213492 0.99194622
1341846319.653962 -0.6890148624 -0.0411144576 0.020551416 0.082113802 -0.09377975 0.03232893 0.991674066
1341846319.686352 -0.6959944704000001 -0.0435370608 0.0161780544 0.083597742 -0.097225234 0.03317659 0.991190195
1341846319.721992 -0.6963340031999999 -0.034220923199999996 -0.0025690608 0.084387414 -0.100963473 0.037143733 0.990608633
1341846319.754063 -0.7034699664 -0.0204428976 0.0098747472 0.08280471 -0.104204088 0.03451125 0.990501821
1341846319.786397 -0.6538540368 -0.0238409088 -0.0045337056 0.076698966 -0.109100811 0.038891405 0.990303874
1341846319.822008 -0.6662359728 -0.025823735999999996 -0.013558464 0.073053874 -0.108903781 0.043512687 0.990408838
1341846319.853917 -0.6701427696 -0.019362374399999997 -0.011627136 0.068774953 -0.10998641 0.047183532 0.990427554
1341846319.889942 -0.6777688272 -0.0395846448 -0.008385561599999999 0.063889138 -0.110280253 0.05264166 0.990447044
1341846319.922039 -0.6963390096000001 -0.046825094399999996 -0.0171224688 0.063175842 -0.113027319 0.054206688 0.990098596
1341846319.953946 -0.6931576272000001 -0.053287919999999996 -0.0062064912 0.063278414 -0.11965967 0.050392296 0.989513993
1341846319.990054 -0.6843037584 -0.0472965744 0.0006699552 0.066530898 -0.123800889 0.044205409 0.989086866
1341846320.028122 -0.6939832464000001 -0.052184112 -0.0217276608 0.067851357 -0.126142934 0.042866133 0.988760173
1341846320.054177 -0.6877989984 -0.047752747199999994 -0.006405513599999999 0.071840689 -0.132802695 0.043042302 0.987597942
1341846320.090047 -0.6674135663999999 -0.038051899199999996 -0.0018367967999999998 0.074344099 -0.136122957 0.043321479 0.986948192
1341846320.122011 -0.6556510464 -0.030375806399999997 0.0045995424 0.075789712 -0.134545386 0.04356458 0.987043858
1341846320.157952 -0.648243072 -0.0326129616 0.0070096896 0.075931467 -0.132159352 0.044105787 0.987331271
1341846320.190003 -0.6211855152 -0.0418072272 0.02107452 0.078244045 -0.130322084 0.042480372 0.987466156
1341846320.221941 -0.6200353152 -0.0431107392 0.012128544 0.082033597 -0.126494721 0.043299664 0.987620711
1341846320.258015 -0.6071524128 -0.051340175999999994 0.0123647472 0.085334979 -0.126246855 0.046078105 0.987246931
1341846320.289887 -0.5995272528 -0.0691146432 0.007268659199999999 0.089180313 -0.126797691 0.046368994 0.986822784
1341846320.321954 -0.565948248 -0.0631664208 0.0228090048 0.099030964 -0.130900756 0.046445888 0.98534286
1341846320.35789 -0.5821791888 -0.0383959152 0.0203296512 0.106190667 -0.127586529 0.047589935 0.984977365
1341846320.390064 -0.5625686303999999 -0.0372768096 0.022812302399999998 0.107757486 -0.125006601 0.048200987 0.985108316
1341846320.426544 -0.5136025776 -0.0313251504 0.0454194576 0.111311428 -0.120918408 0.044041239 0.985418141
1341846320.458122 -0.48256902719999994 -0.041976820799999995 0.0496598016 0.111296542 -0.116126165 0.040689733 0.986140013
1341846320.490186 -0.4621080624 -0.052701667199999996 0.06312206399999999 0.113941923 -0.110991314 0.040346518 0.986443281
1341846320.525911 -0.47859642719999995 -0.0467865072 0.0316474176 0.118267119 -0.098884784 0.038120493 0.987310231
1341846320.558091 -0.4715346671999999 -0.0447157392 0.0176932032 0.119139403 -0.094224602 0.035511538 0.987758338
1341846320.594093 -0.4567328448 -0.049331294399999996 0.0402613872 0.120172158 -0.090725094 0.032722406 0.988057137
1341846320.631955 -0.4266645312 -0.0476848368 0.0390733344 0.123012029 -0.084076397 0.031259142 0.98834306
1341846320.664916 -0.4151259168 -0.043815192 0.017245675199999998 0.123047024 -0.081429414 0.029357698 0.988618612
1341846320.699927 -0.3984747312 -0.046423368 0.0318624432 0.123025179 -0.079516515 0.028488714 0.988802493
1341846320.731822 -0.3595595232 -0.0449183136 0.0366765888 0.125202507 -0.075035796 0.027015956 0.988920689
1341846320.763877 -0.3398164272 -0.0254216256 0.023960064 0.124201633 -0.076061964 0.026504349 0.98898232
1341846320.799999 -0.30510921599999996 -0.0447881424 0.0167786256 0.115074314 -0.079263151 0.021537077 0.989955246
1341846320.831871 -0.21139267199999998 -0.0455142528 0.0859838352 0.118311115 -0.076341577 0.016937833 0.989892721
1341846320.863887 -0.3469441296 -0.020965550399999998 0.0268592496 0.117862247 -0.054409511 0.018619338 0.991363466
1341846320.900014 -0.334453296 -0.044575512 0.020570472 0.109190516 -0.059791807 0.023469102 0.991943359
1341846320.931889 -0.29360793599999996 -0.05729581439999999 0.026764502399999997 0.109705642 -0.061971277 0.022388468 0.991777718
1341846320.967866 -0.2909622768 -0.0210019728 0.0223971408 0.111760043 -0.056176227 0.018581325 0.991972148
1341846321.000017 -0.2886283104 -0.0318854448 0.0250330752 0.104861714 -0.055664111 0.017052971 0.992781341
1341846321.03186 -0.22495300799999998 -0.04798086719999999 0.039198364799999996 0.101788968 -0.06029838 0.01425546 0.992874563
1341846321.068047 -0.217141896 -0.035595912 0.036723816 0.103134222 -0.056925669 0.011587652 0.992969513
1341846321.09984 -0.34103883360000004 -0.03019224 0.0226015152 0.101527177 -0.041037817 0.014718087 0.993876994
1341846321.131821 -0.3148013232 -0.042763272 0.0256848384 0.10085047 -0.040770516 0.015582213 0.993943751
1341846321.167887 -0.30559394399999995 -0.0384057888 0.030853180799999998 0.103982851 -0.037065383 0.01634567 0.993753791
1341846321.200042 -0.30337647360000003 -0.033655281599999996 0.0242684208 0.104500815 -0.034282152 0.016083017 0.99380362
1341846321.23195 -0.28855040159999995 -0.0441895584 0.0257001696 0.103096962 -0.034059867 0.014843541 0.993977189
1341846321.267939 -0.2652774816 -0.0410942208 0.014144016 0.103788458 -0.033022754 0.010232153 0.993998349
1341846321.299948 -0.2563898208 -0.0415797456 0.025928951999999998 0.102622278 -0.028675204 0.003897749 0.994299352
1341846321.331858 -0.2525052288 -0.04508386079999999 0.0295735008 0.102745332 -0.025826944 0.000725399 0.99437207
1341846321.367913 -0.2436014064 -0.0488721264 0.0215373984 0.104128592 -0.023203956 -0.003212134 0.994287908
1341846321.399897 -0.235869312 -0.044354865599999994 0.0234976992 0.106253907 -0.018022895 -0.004945082 0.994163394
1341846321.435994 -0.2307916944 -0.0482963328 0.025239427199999998 0.107632838 -0.014851364 -0.005322673 0.994065523
1341846321.467946 -0.21518229120000001 -0.0452134608 0.027649713599999997 0.109601691 -0.012948849 -0.004650577 0.993880391
1341846321.499882 -0.1976644464 -0.0475485456 0.028317412799999997 0.11094857 -0.010776215 -0.004319836 0.993758321
1341846321.536109 -0.16823026079999998 -0.0378963504 0.0162223968 0.111199751 -0.007351079 -0.00670458 0.993748307
1341846321.56896 -0.1761941328 -0.024728711999999996 0.034746552 0.109211184 0.000681525 -0.009655727 0.993971407
1341846321.603938 -0.16687179359999998 -0.0344766624 0.0248824752 0.105013363 0.00283156 -0.010025397 0.994416237
1341846321.637163 -0.12579409919999998 -0.012821304 0.0529194096 0.104652666 0.005399965 -0.011659405 0.994425833
1341846321.668306 -0.1420965648 -0.0232467648 0.0351435072 0.099038817 0.01596269 -0.008499424 0.99491924
1341846321.704411 -0.166089336 -0.0253318272 0.043632552 0.095820181 0.019140776 -0.001317668 0.995213747
1341846321.736861 -0.148337952 -0.0260157024 0.042180456 0.094513811 0.015693946 0.007566386 0.995371103
1341846321.771881 -0.1270020528 -0.0116404128 0.0371239776 0.092721738 0.014365803 0.012577962 0.995508969
1341846321.804114 -0.11530334879999998 -0.013990910399999999 0.0408006864 0.088409245 0.01609729 0.016124766 0.995823622
1341846321.836152 -0.1131581424 -0.0069145632 0.0478493328 0.085977912 0.018557886 0.016988311 0.995979309
1341846321.871882 -0.10845427199999999 0.0022670016 0.041816827200000004 0.081205636 0.019783834 0.014038267 0.996402085
1341846321.904074 -0.0993358416 -0.0022228703999999998 0.0461606112 0.074420758 0.02085378 0.011048151 0.996947646
1341846321.939847 -0.095434992 -0.0062906976 0.0480758544 0.070440069 0.023777187 0.008251127 0.997198462
1341846322.004094 -0.0993842832 -0.0115258464 0.0530664192 0.063353792 0.022114232 0.00756553 0.997717381
1341846322.034203 -0.0773381424 -0.0177346944 0.0529373664 0.061148506 0.021491135 0.006887798 0.997873485
1341846322.066178 -0.10941770399999999 -0.029396736 0.058466932799999996 0.057436887 0.029256258 0.005238429 0.997906625
1341846322.107979 -0.11310884159999998 -0.0487779504 0.063842736 0.054170731 0.031478733 0.004124342 0.998026848
1341846322.13398 -0.11441197919999999 -0.0700687632 0.0611806752 0.05458853 0.032176655 0.00223269 0.997987866
1341846322.166164 -0.0883175328 -0.06602471039999999 0.05915947679999999 0.057401974 0.0284793 0.002811157 0.997940898
1341846322.202932 -0.08581686720000001 -0.073337472 0.0522236928 0.058336981 0.02574056 0.003457716 0.997959018
1341846322.234093 -0.0787655376 -0.0786812064 0.0505681152 0.056987215 0.023720702 0.001858805 0.99809134
1341846322.265941 -0.0825527424 -0.09180238560000001 0.046911182399999994 0.054060109 0.021267848 0.00183231 0.998309493
1341846322.301996 -0.07202011679999999 -0.1085877552 0.0514210416 0.051758263 0.018754419 0.003291053 0.998478115
1341846322.333949 -0.1029589824 -0.1212022464 0.0484992288 0.050882392 0.020095451 0.002706651 0.998498797
1341846322.369871 -0.09064479839999999 -0.1434167136 0.051375312 0.050759621 0.013833913 0.000329604 0.998615026
1341846322.402292 -0.071051904 -0.1602847872 0.0495302208 0.052002773 0.013578464 -0.006191161 0.998535454
1341846322.433955 -0.0963368928 -0.21349951199999997 0.0406758384 0.053302683 0.016977752 -0.010404617 0.998379886
1341846322.47003 -0.0959747136 -0.2029473792 0.0406853808 0.063759245 0.012850524 -0.006555062 0.997861028
1341846322.502433 -0.0827243424 -0.2308543488 0.031961951999999995 0.067610592 0.008696692 -0.004463214 0.997663915
1341846322.534002 -0.0711932496 -0.2526221568 0.030609297599999998 0.074802227 0.007425865 -0.001579094 0.997169554
1341846322.570196 -0.0750929136 -0.2610964368 0.042381671999999995 0.085446559 0.007586532 0.000384937 0.99631381
1341846322.60192 -0.1110178368 -0.21956477279999997 0.049008816 0.095713191 0.007951077 0.003514349 0.995370984
1341846322.638119 -0.08792673599999999 -0.2408177376 0.0562758 0.100019962 0.003144711 0.003600307 0.994973958
1341846322.669947 -0.0740467296 -0.2452453872 0.053862662400000004 0.104892217 0.005162237 0.002477156 0.994467139
1341846322.702026 -0.09406346880000001 -0.25739450399999997 0.048793569599999996 0.107454546 0.008427693 0.003705091 0.994167387
1341846322.738006 -0.09115605119999999 -0.25631124959999996 0.0515881536 0.109194599 0.005629772 0.004860891 0.993992567
1341846322.770087 -0.0732156576 -0.2833958016 0.0525476832 0.107996538 0.004952951 0.005298994 0.99412483
1341846322.806047 -0.0895366608 -0.2952520272 0.05592470879999999 0.111447603 0.006160589 0.007110991 0.993725777
1341846322.838063 -0.09717517919999999 -0.30174093119999995 0.0502753248 0.113114558 0.002405441 0.008504744 0.993542671
1341846322.870081 -0.0931186512 -0.29937291839999997 0.0573542304 0.116995677 -0.002906821 0.010037659 0.993077457
1341846322.906018 -0.0802677264 -0.3032441136 0.05783215679999999 0.121960223 -0.005401019 0.010104862 0.992468834
1341846322.938349 -0.08311692 -0.28844010719999996 0.059708448 0.123566486 -0.004140511 0.010676231 0.992270231
1341846322.970069 -0.0805646448 -0.2916382656 0.058251993599999996 0.11879918 -0.004577245 0.012373811 0.992830694
1341846323.01182 -0.0739463088 -0.3134659392 0.062601624 0.115202338 -0.004820101 0.012648394 0.993249834
1341846323.03805 -0.0755572848 -0.31449197760000003 0.0679174752 0.11500103 -0.00434176 0.014775371 0.993246019
1341846323.073951 -0.07137442079999999 -0.3122704992 0.0655706016 0.112743273 -0.005077776 0.017830875 0.993451178
1341846323.105962 -0.0763826496 -0.331037592 0.0740554608 0.109473541 -0.004442998 0.018086875 0.993815184
1341846323.138158 -0.0756297024 -0.331433952 0.079180008 0.110463545 -0.004529725 0.014301537 0.993766963
1341846323.174092 -0.07845036 -0.3356578944 0.06791624639999999 0.108051971 -0.004720637 0.012996961 0.994049072
1341846323.206059 -0.0656646144 -0.341731632 0.0728653968 0.105063237 -0.006207473 0.010681481 0.994388819
1341846323.238053 -0.06421635839999999 -0.343006824 0.0776825472 0.10274519 -0.003167304 0.008904024 0.994662821
1341846323.273997 -0.08218999199999999 -0.34688272319999996 0.0613127712 0.098514184 -0.001545898 0.00944998 0.995089591
1341846323.305946 -0.0747580992 -0.3602908752 0.06716838239999999 0.092805386 -0.006199692 0.010446411 0.995610178
1341846323.342027 -0.049483008 -0.3777399648 0.0862100784 0.09017881 -0.006177326 0.008865319 0.995867014
1341846323.374048 -0.0742491696 -0.38806858079999995 0.08047228799999999 0.09016706 -0.000851128 0.010267913 0.995873392
1341846323.405987 -0.09179725439999999 -0.39192016319999995 0.0676360464 0.090561494 -0.003947575 0.015160345 0.995767653
1341846323.441956 -0.07278500639999999 -0.40148359679999995 0.0796494384 0.091841362 -0.009405673 0.017103177 0.995582342
1341846323.473878 -0.0715067712 -0.4141447296 0.08571841919999999 0.09589342 -0.007955887 0.015286368 0.995242417
1341846323.506129 -0.0755551008 -0.4190700192 0.0746806608 0.097394966 -0.007773404 0.012528858 0.995136619
1341846323.541972 -0.06506140319999999 -0.4236858864 0.0740010336 0.095557898 -0.008404498 0.01048232 0.995333195
1341846323.573913 -0.049206700799999996 -0.4297957776 0.0718274496 0.095525749 -0.00542314 0.005417634 0.995397449
1341846323.609927 -0.05860366079999999 -0.4294145472 0.08320737119999999 0.096499123 0.001194251 0.002321812 0.995329618
1341846323.642014 -0.07685556 -0.44158115519999996 0.0780998928 0.09483707 0.004036076 0.002784878 0.995480716
1341846323.674081 -0.07732844159999999 -0.45677544 0.0717876432 0.09437266 0.002429843 0.004836331 0.995522261
1341846323.710069 -0.07583248799999999 -0.4745334528 0.0734707632 0.095421486 0.001072624 0.009221104 0.995393634
1341846323.742111 -0.0733153248 -0.4886339328 0.0689515968 0.099455357 -0.0011942 0.009963637 0.994991422
1341846323.774928 -0.0672000624 -0.49042943519999993 0.051379550399999994 0.10226018 -0.003737521 0.007203521 0.994724572
1341846323.810012 -0.06556441439999999 -0.5094891072 0.05687887679999999 0.102378644 -0.005078166 0.003974155 0.994724631
1341846323.842207 -0.060793185599999994 -0.5172559247999999 0.0465567648 0.10333623 -0.005066814 -0.00119527 0.99463284
1341846323.878019 -0.0691764144 -0.5325940128 0.050822078400000005 0.103336796 -0.005418801 -0.005716064 0.994615257
1341846323.909826 -0.0646873536 -0.5505433536 0.053911257600000005 0.105992101 -0.007487649 -0.010348562 0.994284928
1341846323.942459 -0.0747625728 -0.5442178464 0.050591083200000005 0.110596307 -0.006844619 -0.010289161 0.9937886
1341846323.978055 -0.0782184432 -0.5442797184 0.0489538512 0.113064483 -0.009579622 -0.008396498 0.993506014
1341846324.015934 -0.0736044912 -0.5070971136 0.0540768 0.121308431 -0.011762416 -0.008576035 0.992508113
1341846324.047722 -0.0739425552 -0.4979594016 0.053865503999999995 0.125277221 -0.010226916 -0.009255134 0.992025912
1341846324.083904 -0.0734124192 -0.4818285216 0.0443998704 0.126102895 -0.008724439 -0.010234823 0.991925955
1341846324.115968 -0.0681121104 -0.48145812959999995 0.04712556959999999 0.123803899 -0.007419503 -0.011559576 0.99221164
1341846324.151967 -0.061693608 -0.4730896704 0.0518103072 0.123719171 -0.00496538 -0.015479792 0.992184103
1341846324.183941 -0.0679349856 -0.4537349232 0.0567618 0.121961258 -0.000443344 -0.018902056 0.992354751
1341846324.219984 -0.072620136 -0.4913144928 0.050696976 0.112915322 0.001528416 -0.018774508 0.993426085
1341846324.251968 -0.0834610752 -0.45397689119999995 0.0614235168 0.116681628 0.002461148 -0.018957512 0.992985368
1341846324.284052 -0.07849829759999999 -0.4760508672 0.0490243632 0.113267772 0.001194877 -0.019828569 0.993365884
1341846324.31988 -0.0910192608 -0.41992292639999995 0.053428363199999995 0.116877951 -0.001065758 -0.019788565 0.992948532
1341846324.351917 -0.0803140032 -0.43770883199999994 0.0543431184 0.109947324 -0.005411977 -0.02150479 0.993690014
1341846324.388001 -0.0682478064 -0.4094596992 0.049309497599999995 0.107987046 -0.005783312 -0.025143163 0.993817449
1341846324.419908 -0.07684927679999999 -0.39207465599999997 0.06508314239999999 0.104057945 -0.003134708 -0.027725469 0.994179785
1341846324.452027 -0.0807267024 -0.39356363999999994 0.067543752 0.099077098 -0.002697296 -0.027925128 0.99468416
1341846324.487928 -0.087780816 -0.3851936448 0.0747241536 0.097823389 -0.002566613 -0.026260881 0.994853973
1341846324.519985 -0.0982425408 -0.3704650992 0.0759378528 0.097036816 -0.004034112 -0.021872764 0.995032251
1341846324.556001 -0.0986104848 -0.3512471088 0.077049216 0.095727421 -0.009200435 -0.017462958 0.99521184
1341846324.587888 -0.09444195839999998 -0.3339307296 0.07633439040000001 0.092687882 -0.012487114 -0.014762238 0.995507479
1341846324.620086 -0.0940882272 -0.3294127824 0.07603168319999999 0.09035036 -0.014856292 -0.017197851 0.995650709
1341846324.655955 -0.0876795888 -0.33153480479999997 0.0776987328 0.087675817 -0.016700193 -0.018660322 0.995834231
1341846324.688082 -0.0905749728 -0.31301919359999997 0.0807779184 0.088720143 -0.016245622 -0.017556762 0.995769322
1341846324.755922 -0.109540104 -0.2708506128 0.0759509328 0.091156416 -0.018176679 -0.014091074 0.995570958
1341846324.782029 -0.1065586128 -0.25500564 0.0800449488 0.089451358 -0.023168685 -0.014796616 0.995611727
1341846324.814016 -0.07603017599999999 -0.2640387312 0.0707880192 0.08325237 -0.026518973 -0.016892252 0.996032357
1341846324.849979 -0.0923348112 -0.2527302864 0.09142828800000001 0.077952541 -0.022097234 -0.019300522 0.996525288
1341846324.881924 -0.1031134464 -0.24608157120000002 0.10191501119999999 0.075308934 -0.02273635 -0.019893657 0.996702492
1341846324.913902 -0.096686232 -0.23447910719999998 0.1010088816 0.074500673 -0.024572326 -0.016824372 0.996776164
1341846324.949999 -0.0991054512 -0.24098772 0.10077718079999999 0.074160993 -0.024587072 -0.013663227 0.996849477
1341846324.981922 -0.1173852672 -0.2326063152 0.10378891679999999 0.079020366 -0.02594558 -0.010428066 0.996480763
1341846325.018013 -0.11257922399999999 -0.2168280432 0.09840834239999999 0.08356715 -0.0315102 -0.007620215 0.99597466
1341846325.050079 -0.11790558239999999 -0.2001793008 0.09572323679999999 0.085806958 -0.036188904 -0.008445259 0.995618463
1341846325.081901 -0.1125147792 -0.178685688 0.0897027072 0.085407063 -0.041771956 -0.01048447 0.995414913
1341846325.118531 -0.0965782128 -0.1556993568 0.089454192 0.082247667 -0.044502456 -0.012401323 0.995540619
1341846325.149933 -0.0986889936 -0.1583351424 0.0946481904 0.07611306 -0.041960403 -0.014211608 0.996114492
1341846325.181925 -0.10636721760000001 -0.1509708144 0.09761983679999998 0.073175743 -0.040135231 -0.012648427 0.996430874
1341846325.218055 -0.10726718880000001 -0.1438095696 0.0998276688 0.070371091 -0.039985035 -0.00809289 0.996686339
1341846325.249811 -0.0841347888 -0.1633636944 0.0940423056 0.065526538 -0.042513262 -0.004673484 0.996933818
1341846325.285925 -0.0800048688 -0.147584592 0.0980339328 0.063587129 -0.043315835 -0.001550681 0.997034609
1341846325.317988 -0.0649717824 -0.1532514096 0.10311150720000001 0.060611326 -0.041974194 0.001170523 0.997277856
1341846325.349844 -0.0711948192 -0.1606110864 0.1088569968 0.062852308 -0.036899157 0.003601105 0.997334003
1341846325.387302 -0.0682017984 -0.144269424 0.10849094879999999 0.068322457 -0.03453996 0.006190481 0.997045994
1341846325.417931 -0.0742584624 -0.1283915856 0.1148134944 0.071716174 -0.029134961 0.009665894 0.996952593
1341846325.450747 -0.059408904 -0.138707784 0.11168008319999999 0.07535246 -0.022301339 0.011372098 0.996842682
1341846325.485954 -0.0912754032 -0.1091743008 0.1239705456 0.086217381 -0.012905556 0.01371148 0.996098399
1341846325.517875 -0.07243770719999999 -0.1059647712 0.1213602288 0.089480236 -0.011814527 0.015598231 0.995796382
1341846325.553859 -0.09098909279999999 -0.0924983904 0.1203886704 0.092899226 -0.006696095 0.01558928 0.995530963
1341846325.585855 -0.09703622399999999 -0.0705517008 0.11695631999999999 0.09603855 -0.003205873 0.013788172 0.995276988
1341846325.61799 -0.09810422879999998 -0.0480937152 0.1137746016 0.093809448 -0.001492611 0.013141772 0.995502293
1341846325.653982 -0.1112396496 -0.045210499200000004 0.1325934 0.092488602 0.001923483 0.009481799 0.995666742
1341846325.685819 -0.08584758719999999 -0.0716185248 0.13033219199999999 0.09484221 0.000619953 0.011002865 0.995431304
1341846325.717857 -0.1124316192 -0.045230049599999995 0.1294949136 0.100584865 0.003406228 0.018181814 0.99475652
1341846325.754083 -0.12154580159999999 -0.0270332352 0.136141848 0.10550005 0.004704683 0.02215383 0.994161367
1341846325.786087 -0.11885698559999999 -0.020510347199999997 0.13216296959999999 0.111840621 0.004813207 0.023294108 0.993441463
1341846325.821856 -0.11991937439999999 0.0043183104 0.1411611216 0.117041387 0.006776604 0.024614098 0.992798865
1341846325.853827 -0.0997863648 -0.015714393599999998 0.1335973968 0.114954844 0.005116459 0.028030597 0.992962003
1341846325.885958 -0.11107369919999999 -0.0019263359999999998 0.1281284352 0.115774393 0.003192224 0.033112716 0.992718339
1341846325.921984 -0.103682544 0.0029150112 0.1369383648 0.114744917 -0.001260767 0.038030401 0.992665946
1341846325.953899 -0.0895851024 0.0074655792 0.1397900928 0.117781319 -0.002127445 0.04026477 0.99222064
1341846325.985823 -0.093001128 0.023261131199999997 0.1484794128 0.12099956 0.000861994 0.044580013 0.991650641
1341846326.021991 -0.1306512336 0.052068144 0.152192472 0.126472294 0.004311393 0.049716938 0.990714073
1341846326.054055 -0.12041774879999999 0.021221251200000003 0.1471978944 0.126790836 0.002661458 0.053724222 0.990469933
1341846326.089984 -0.11526676799999999 0.0437659536 0.1463216016 0.130162045 0.004444949 0.052790608 0.990076423
1341846326.121822 -0.1124010624 0.0553339488 0.151128816 0.129861131 0.008100509 0.051327884 0.990169644
1341846326.154079 -0.1210400448 0.05816118719999999 0.15804015359999998 0.130477414 0.011200416 0.049662072 0.990143359
1341846326.190178 -0.1264599216 0.0740720736 0.15998761439999998 0.133452967 0.010946991 0.051798228 0.989640057
1341846326.222162 -0.1294972656 0.093075936 0.1545450768 0.133368731 0.009443035 0.057185393 0.989370227
1341846326.259181 -0.13228027199999998 0.1081607472 0.157967376 0.130586907 0.006908596 0.061372235 0.989511371
1341846326.291222 -0.1258443456 0.1200940944 0.16506972479999998 0.127144367 0.005530086 0.062322687 0.989908874
1341846326.322766 -0.12254027519999999 0.1325748768 0.1645911792 0.123532444 0.005712368 0.061013337 0.990446627
1341846326.359773 -0.12192275039999999 0.1405425024 0.171334416 0.119796917 0.007313178 0.058611173 0.991039813
1341846326.392109 -0.11795738399999998 0.12093565439999998 0.1806381936 0.11693085 0.008873927 0.059343919 0.991325736
1341846326.423985 -0.12489545279999999 0.1293455232 0.18407991359999998 0.121434107 0.010068324 0.064466849 0.990452647
1341846326.459869 -0.1317989232 0.14776968959999998 0.1864069296 0.12427415 0.007974921 0.067975231 0.989884675
1341846326.491143 -0.1216859424 0.1594396032 0.18765891359999998 0.125467375 0.006217699 0.067913108 0.989751041
1341846326.526163 -0.1196849424 0.1813363392 0.1851578256 0.125432551 0.008987252 0.066641115 0.989820659
1341846326.560211 -0.119255064 0.1973542416 0.1905928896 0.12063425 0.012830136 0.067368403 0.990325332
1341846326.591828 -0.12334846079999999 0.20154406560000002 0.19744875839999998 0.117320232 0.015040291 0.069111109 0.990572274
1341846326.627027 -0.1199848848 0.2137596864 0.194970576 0.117165521 0.016450651 0.068819351 0.990588486
1341846326.658442 -0.1196462544 0.23938300799999998 0.2010935088 0.116530411 0.020281149 0.066779815 0.990731955
1341846326.694856 -0.12476560799999999 0.2273663184 0.20357925119999998 0.110155769 0.02421339 0.066723958 0.99137646
1341846326.726206 -0.12305801279999999 0.2379823008 0.20569399679999997 0.104056545 0.02532075 0.065003775 0.992121756
1341846326.762753 -0.11853453119999999 0.25506456 0.2026802832 0.098909989 0.027444996 0.06216285 0.992773592
1341846326.794046 -0.12458535359999999 0.2608560048 0.209300424 0.091424718 0.031838778 0.05818285 0.993600786
1341846326.826821 -0.12614198399999998 0.2796342912 0.23467655039999996 0.085407764 0.034284972 0.05639147 0.99415797
1341846326.858887 -0.126599256 0.2941928544 0.22761644159999997 0.076550268 0.035686724 0.05556348 0.994876504
1341846326.89536 -0.13300040159999998 0.29260407839999997 0.2296047264 0.073682554 0.035563476 0.057329778 0.994997203
1341846326.926897 -0.1371413568 0.30272351519999996 0.2301133104 0.076121666 0.032131683 0.058878597 0.994839847
1341846326.958888 -0.131614752 0.3388684608 0.2319637104 0.081694953 0.029197305 0.062787801 0.994249046
1341846326.994594 -0.12635472 0.3210012672 0.2237999088 0.079302914 0.02941519 0.065021843 0.994292676
1341846327.026301 -0.12451129919999998 0.3382595664 0.2250204912 0.078026094 0.03079612 0.0640641 0.994414032
1341846327.063945 -0.1196046096 0.3408157104 0.23097016799999998 0.074546233 0.032609198 0.061128188 0.994807899
1341846327.094662 -0.1203642288 0.3525264864 0.23386405919999997 0.074566089 0.034781117 0.058793548 0.994873583
1341846327.128901 -0.124176816 0.3685734624 0.23397649439999998 0.074203484 0.035143543 0.056999087 0.994992375
1341846327.16194 -0.1253933328 0.3836003088 0.2453387088 0.073658876 0.034400869 0.055786476 0.995127559
1341846327.193867 -0.11931949919999998 0.386819064 0.23967193439999998 0.072342418 0.035390325 0.054764256 0.995246172
1341846327.229885 -0.112866264 0.40653516 0.2354403936 0.07386034 0.037987575 0.053220127 0.995122731
1341846327.262014 -0.11624728799999999 0.39574227359999997 0.23686305119999998 0.071404822 0.042962305 0.050647598 0.995233834
1341846327.294023 -0.10606943039999998 0.39022178879999997 0.16789127999999998 0.07089144 0.051244486 0.04450085 0.995172381
1341846327.330015 -0.10235196 0.4281418224 0.2227561536 0.077528015 0.063031144 0.04155859 0.994127452
1341846327.361939 -0.113895864 0.44294328479999995 0.25180783679999996 0.075668849 0.070867687 0.035852943 0.993965089
1341846327.393887 -0.11424334559999999 0.45516690239999996 0.2559917088 0.074564703 0.073506057 0.028079441 0.994106889
1341846327.429966 -0.12383251199999999 0.47618404799999997 0.2527165152 0.073523156 0.074624427 0.026195921 0.994152546
1341846327.461965 -0.1397841648 0.500527416 0.25228595039999996 0.066242866 0.070837274 0.028344145 0.994882226
1341846327.497931 -0.11685204479999999 0.492398928 0.256686096 0.059769567 0.066740781 0.026967747 0.995613396
1341846327.530068 -0.1210334832 0.5106277584 0.2685300528 0.059690487 0.067569651 0.030260218 0.995467603
1341846327.561895 -0.12819180959999998 0.5181753168 0.2722816032 0.057600994 0.06624563 0.033767201 0.995566905
1341846327.59801 -0.1320019056 0.5320858224 0.2794530432 0.060209639 0.063359223 0.038798325 0.995417058
1341846327.629945 -0.1351486464 0.5476439232 0.2885648112 0.061249834 0.058991276 0.039554622 0.995592237
1341846327.662003 -0.12973152 0.553432848 0.2889432 0.060719311 0.054773878 0.035483841 0.996019006
1341846327.697919 -0.1292366016 0.5755374336 0.2851687248 0.064311698 0.053713426 0.036435388 0.995816886
1341846327.730075 -0.1325362176 0.5902903296 0.28046304 0.059881553 0.053165603 0.037938457 0.996066391
1341846327.766017 -0.1296028128 0.5875552991999999 0.288848736 0.053869084 0.05238032 0.039176688 0.996403337
1341846327.797917 -0.1322919024 0.612899568 0.28887462719999996 0.051244304 0.051641069 0.041637257 0.996480584
1341846327.830054 -0.129580752 0.6176520096 0.2937578208 0.044042829 0.051284783 0.041829836 0.996835172
1341846327.865944 -0.1286168208 0.6222620495999999 0.29422888799999997 0.039428093 0.052942917 0.04118282 0.996968627
1341846327.89801 -0.133375248 0.6407235168000001 0.3030204912 0.03786936 0.054275349 0.042703412 0.996893406
1341846327.929991 -0.127684584 0.6488342304 0.30486778080000004 0.033431049 0.052003969 0.040737864 0.997255445
1341846327.966065 -0.1308345792 0.66959424 0.2944688016 0.030516161 0.052320752 0.039602637 0.997378051
1341846327.998073 -0.1308029664 0.6709934928 0.2981790144 0.023383897 0.053171623 0.035433676 0.997682512
1341846328.034045 -0.12758148 0.6754735008 0.3010879056 0.01736146 0.053761516 0.03344195 0.99784261
1341846328.065993 -0.1286714208 0.6837994319999999 0.30203862239999996 0.013243821 0.054792028 0.0345194 0.997813046
1341846328.098045 -0.1270633584 0.664818264 0.3129533184 0.00998026 0.055502787 0.034614999 0.997808397
1341846328.133967 -0.12546979679999998 0.6654304511999999 0.30979961279999996 0.013015268 0.053851485 0.037770938 0.997749448
1341846328.166023 -0.130722696 0.65391984 0.3064147008 0.011244636 0.05138696 0.038258832 0.997882366
1341846328.198018 -0.1258125744 0.6441685439999999 0.3024790032 0.010567188 0.048315257 0.035846647 0.998132765
1341846328.234044 -0.1283083152 0.629282496 0.29833751519999996 0.012611432 0.047122885 0.033660531 0.99824208
1341846328.265899 -0.1320851232 0.611690352 0.29189450879999995 0.013420394 0.045854323 0.034551214 0.9982602
1341846328.302051 -0.128431608 0.6021871104 0.28321476959999997 0.016583819 0.044442713 0.03606445 0.998223007
1341846328.333917 -0.1298339472 0.5824375056 0.279133968 0.019136518 0.044608925 0.037596621 0.998113394
1341846328.366008 -0.1289514816 0.5774391552 0.27602874239999997 0.025611747 0.043380022 0.037152134 0.998039007
1341846328.40201 -0.13291678559999998 0.5433848976 0.266207616 0.035323881 0.046337672 0.035988241 0.997652173
1341846328.43392 -0.13372762559999998 0.5192905776 0.25175169119999996 0.037968576 0.045044929 0.038211808 0.997531593
1341846328.470003 -0.130513824 0.4898457888 0.259512144 0.0372837 0.043178447 0.032315206 0.997848332
1341846328.502194 -0.12988512959999998 0.45282815519999997 0.2592802752 0.036801133 0.045405861 0.024644906 0.997986317
1341846328.534033 -0.11965474559999999 0.47475031679999996 0.2659890192 0.041966949 0.047076285 0.021257609 0.997782946
1341846328.570125 -0.1259866368 0.41498003999999994 0.2560126656 0.039185785 0.049155705 0.019458823 0.997832417
1341846328.602804 -0.1369709712 0.38281803359999994 0.258677352 0.043310452 0.045772303 0.02193835 0.997771382
1341846328.636433 -0.1348628448 0.36644010720000003 0.25826065919999996 0.049006008 0.037326016 0.022258164 0.997852564
1341846328.672663 -0.1265629536 0.3452889552 0.23926758239999998 0.052439872 0.030759858 0.021546172 0.997917652
1341846328.702975 -0.1182121296 0.32649876 0.244039176 0.05535927 0.026658025 0.020666324 0.997896612
1341846328.738215 -0.1151638272 0.3244044912 0.2461939392 0.062043447 0.025464397 0.015864441 0.99762243
1341846328.770129 -0.1075640208 0.28830367199999996 0.22662266399999997 0.062846966 0.022908175 0.01680108 0.997618735
1341846328.802331 -0.11396634719999998 0.32033854559999997 0.24172809599999998 0.068624884 0.020947158 0.016472481 0.997286558
1341846328.838051 -0.0991056288 0.2729585424 0.23233988159999996 0.068930998 0.016958183 0.01550767 0.997356713
1341846328.869939 -0.1007691168 0.2774344128 0.22388416319999999 0.069532908 0.015765058 0.014536974 0.997349143
1341846328.904486 -0.103612464 0.2564095968 0.2208785712 0.064496316 0.013482502 0.013213998 0.997739375
1341846328.939814 -0.0927741504 0.2244817248 0.22226369759999998 0.065641843 0.009356699 0.014175412 0.997698665
1341846328.970217 -0.0925098096 0.2202163872 0.21607936800000002 0.070046686 0.007763086 0.016699368 0.9973737
1341846329.006232 -0.08937589919999998 0.22381872 0.2152433952 0.073085718 0.004988381 0.021795997 0.997075021
1341846329.038243 -0.08361083999999999 0.1988996928 0.2116619472 0.075725906 0.003747667 0.022352189 0.996871054
1341846329.072238 -0.07960255679999999 0.18946775999999999 0.20040947039999998 0.078300267 0.003893564 0.022367692 0.996671259
1341846329.106125 -0.08270003999999999 0.19873656 0.2006598816 0.079402164 0.003546345 0.021353737 0.996607602
1341846329.13834 -0.08343334559999999 0.1765296384 0.20358022080000002 0.079575926 0.003172845 0.019158389 0.996639669
1341846329.169991 -0.0805903776 0.1765155696 0.1979659632 0.081814915 0.001719097 0.018311307 0.996477842
1341846329.208656 -0.07925134560000001 0.16720263359999998 0.1943998032 0.082143724 0.000821581 0.016824299 0.99647814
1341846329.238169 -0.072859872 0.1672378416 0.18715844639999998 0.081816234 -0.000876685 0.017562879 0.996492326
1341846329.273827 -0.0748814112 0.14837112959999998 0.1886242752 0.079226129 -0.001492102 0.017992994 0.996693134
1341846329.306052 -0.0757737888 0.1477275792 0.1875675024 0.079944395 -0.003962782 0.017524926 0.996637404
1341846329.338104 -0.0672951024 0.1482835728 0.1804706832 0.076895945 -0.006289379 0.016048353 0.996890128
1341846329.373907 -0.0705432384 0.121256928 0.18247016159999999 0.072039306 -0.006727931 0.013754508 0.997284293
1341846329.405985 -0.06859756319999999 0.1119916656 0.17831152320000002 0.073229752 -0.00833625 0.011100972 0.99721849
1341846329.442057 -0.06989477279999999 0.1088944224 0.17182279199999997 0.072853126 -0.008409927 0.006976617 0.997282803
1341846329.47395 -0.0720035328 0.09220162559999999 0.17236883520000001 0.071246877 -0.009241023 0.000890413 0.997415483
1341846329.506147 -0.0749441952 0.08666824320000001 0.1634982192 0.071418673 -0.010946219 -0.002225678 0.997383893
1341846329.542121 -0.07746475199999998 0.073679016 0.16271469119999998 0.069245867 -0.013859636 -0.0025453 0.997500122
1341846329.574086 -0.0702734352 0.05279011199999999 0.1639034784 0.070816107 -0.016913187 -0.002984103 0.997341514
1341846329.606387 -0.06889338719999999 0.053441428799999996 0.15497474879999998 0.073737301 -0.017467577 -0.004627823 0.997114003
1341846329.641955 -0.07476021599999999 0.050578867199999995 0.1514389152 0.073771432 -0.018219838 -0.004369181 0.997099161
1341846329.68157 -0.0777603936 0.0356817936 0.15028155840000001 0.072282784 -0.020745656 -0.004137476 0.997159839
1341846329.748113 -0.0694540416 0.0295294032 0.14878512959999998 0.074444361 -0.021519557 -0.006332956 0.996972859
1341846329.774077 -0.0681750384 0.0179104944 0.15326560799999997 0.07215067 -0.019802988 -0.003597703 0.997190654
1341846329.810175 -0.0734937504 0.0049916304000000005 0.1514992992 0.071888827 -0.017836567 -0.001937167 0.997251272
1341846329.842255 -0.07453283999999999 -0.005988100799999999 0.1516473216 0.073179729 -0.017717022 0.001126659 0.997160733
1341846329.874044 -0.0769340448 -0.0135071376 0.1484323632 0.074818425 -0.017631216 0.004714061 0.997030139
1341846329.910073 -0.0747864048 -0.0065874144 0.1427124288 0.075526409 -0.018341865 0.006882757 0.996951342
1341846329.942009 -0.0775851216 -0.0082567296 0.1397861136 0.071191177 -0.018712357 0.012390708 0.997210205
1341846329.978087 -0.075256392 -0.0333894768 0.1418885184 0.068428792 -0.019357122 0.014094009 0.997368634
1341846330.016305 -0.0708021216 -0.0259139904 0.1418580672 0.070447445 -0.018430257 0.011778125 0.997275651
1341846330.048192 -0.0781080192 -0.0213281952 0.1378642896 0.06674403 -0.016430764 0.012900046 0.997551441
1341846330.080418 -0.07531566719999999 -0.0418644288 0.132472344 0.062032454 -0.017108619 0.015165916 0.997812212
1341846330.115886 -0.0746315472 -0.0582906 0.1384872864 0.064296283 -0.015700703 0.016140694 0.99767679
1341846330.147839 -0.0825572832 -0.0397986672 0.128124816 0.067920096 -0.01475704 0.017350111 0.997430742
1341846330.181257 -0.07724783519999999 -0.0296716848 0.124369464 0.06319721 -0.015992839 0.021363663 0.997644186
1341846330.215852 -0.0805205232 -0.0476402976 0.13524117119999998 0.055822473 -0.014402153 0.020411246 0.998128176
1341846330.247833 -0.0856048032 -0.053151201599999996 0.133050576 0.053899162 -0.013505819 0.019186324 0.99827069
1341846330.283913 -0.0862608528 -0.035786419199999996 0.12190057919999998 0.051769383 -0.014434913 0.019660233 0.99836117
1341846330.316011 -0.08792654879999999 -0.055122998400000005 0.1282499856 0.044302188 -0.015050504 0.018983206 0.998724401
1341846330.347868 -0.0905016768 -0.06364285439999999 0.1271208288 0.041902572 -0.016634759 0.017840976 0.998823881
1341846330.383835 -0.0858318432 -0.065931888 0.1321192752 0.039749749 -0.017261654 0.018330418 0.998892367
1341846330.415934 -0.08671189919999998 -0.0828569664 0.1328525856 0.038358685 -0.016193198 0.016702173 0.998993218
1341846330.452561 -0.09327982559999999 -0.0858166224 0.1324663296 0.041140735 -0.016312785 0.015304563 0.998902977
1341846330.483903 -0.0996527088 -0.07749569760000001 0.12578776319999999 0.0418639 -0.017620141 0.017453756 0.998815477
1341846330.51597 -0.08790010079999999 -0.0805494288 0.1204802352 0.041313659 -0.021592282 0.020534132 0.998701811
1341846330.552099 -0.0936518736 -0.0913067424 0.11886921119999999 0.041407704 -0.022079406 0.023663372 0.998618007
1341846330.583876 -0.0966689136 -0.0819232368 0.11330693279999998 0.04129751 -0.022104457 0.02389623 0.998616457
1341846330.619992 -0.10590203520000001 -0.0667835664 0.1113088752 0.038105991 -0.022541318 0.022992399 0.998754799
1341846330.652136 -0.1034582736 -0.07521097439999999 0.11189823839999999 0.031297754 -0.024195939 0.02099447 0.998996556
1341846330.683796 -0.10560731520000001 -0.08068419839999999 0.11298186719999999 0.026575562 -0.023978731 0.020247975 0.999153972
1341846330.719991 -0.114263016 -0.0953462448 0.10863148799999998 0.023371883 -0.025548482 0.020926857 0.999181211
1341846330.752103 -0.115469616 -0.1011319296 0.1038895824 0.02475307 -0.029834561 0.025446944 0.998924196
1341846330.787952 -0.1227818112 -0.093365808 0.0987562896 0.02619453 -0.033751342 0.028830564 0.998670876
1341846330.819823 -0.1186416144 -0.0941645904 0.0971196144 0.02574737 -0.038758639 0.030272078 0.998458028
1341846330.852208 -0.11794070879999999 -0.0861074112 0.0880643232 0.025747374 -0.04042048 0.031043982 0.998368442
1341846330.888445 -0.1245436896 -0.0702591888 0.0861627888 0.023393787 -0.041986816 0.031533092 0.998346388
1341846330.914111 -0.1221877632 -0.0696528864 0.0917998272 0.017667077 -0.043689083 0.030681161 0.998417616
1341846330.949903 -0.1261660272 -0.0845528496 0.0903369168 0.013635905 -0.044641446 0.03087388 0.998432755
1341846330.981986 -0.1343494512 -0.083401368 0.0880829376 0.014669332 -0.048406024 0.031120159 0.998235047
1341846331.014111 -0.1333041504 -0.0756331344 0.0869695104 0.01468171 -0.052483246 0.031162111 0.998027503
1341846331.082139 -0.1335399984 -0.0797913024 0.0804884784 0.016226953 -0.055596124 0.028351424 0.997918785
1341846331.114334 -0.1350636096 -0.0774273648 0.0753407232 0.016079031 -0.057651557 0.028230013 0.99780798
1341846331.149989 -0.13213820639999999 -0.085107048 0.0797157792 0.015876116 -0.058984246 0.027396889 0.997756541
1341846331.181954 -0.1364143872 -0.08556829919999999 0.0719034576 0.019247696 -0.058962785 0.026143866 0.997732162
1341846331.218151 -0.14577132 -0.067327104 0.06281152799999999 0.020144096 -0.06109494 0.025981322 0.997590363
1341846331.249914 -0.12724236 -0.0792262656 0.0693190512 0.016957663 -0.064699769 0.026163371 0.997417629
1341846331.282227 -0.11130260639999999 -0.1017220368 0.0660367632 0.020380838 -0.061163783 0.024090359 0.997628808
1341846331.318141 -0.123627768 -0.0768503568 0.0676445136 0.027720343 -0.055029172 0.021389846 0.997870684
1341846331.349926 -0.1194597264 -0.0782314272 0.0710748192 0.026433121 -0.05286099 0.021517241 0.998020053
1341846331.382003 -0.096299448 -0.09647421119999999 0.0805803072 0.028666796 -0.046772636 0.021945726 0.998252928
1341846331.418008 -0.10433751840000001 -0.0890196912 0.0814622352 0.035554092 -0.036988486 0.020211142 0.998478472
1341846331.450327 -0.1116448944 -0.0780798096 0.09371862719999999 0.038264025 -0.031649809 0.020162415 0.998562753
1341846331.486219 -0.12005000639999999 -0.071443176 0.0941961312 0.038697671 -0.028932203 0.021070797 0.998609722
1341846331.518344 -0.10650389279999999 -0.07326347039999999 0.1001253408 0.037478313 -0.029084232 0.020242497 0.998668969
1341846331.550202 -0.101160624 -0.0837365808 0.1074036048 0.038995385 -0.024879772 0.018709451 0.998754382
1341846331.586139 -0.11207148959999999 -0.0684037392 0.11398405919999999 0.042416517 -0.022703471 0.019064477 0.998660028
1341846331.617931 -0.1050106464 -0.06549805439999999 0.1197863904 0.041522402 -0.023191176 0.019339565 0.998681128
1341846331.654027 -0.0990926112 -0.0720629952 0.1276224096 0.041684601 -0.020843139 0.019750388 0.998718083
1341846331.686123 -0.1056542352 -0.059829047999999996 0.1324437792 0.044800393 -0.017498944 0.02142258 0.998612881
1341846331.717954 -0.11153608799999999 -0.0498830496 0.13645275359999998 0.042126957 -0.018216943 0.021033047 0.998724699
1341846331.754076 -0.0979431696 -0.0637600272 0.153453936 0.038963903 -0.018714517 0.020485792 0.998855293
1341846331.78592 -0.1002342672 -0.0660712512 0.15812882879999998 0.041844267 -0.015568649 0.018945312 0.998823166
1341846331.818053 -0.10262467199999999 -0.05241220319999999 0.165122976 0.043151651 -0.013767627 0.019283064 0.998787522
1341846331.853849 -0.1004737536 -0.060339988799999994 0.17893399200000001 0.041400928 -0.013511067 0.01881204 0.998874068
1341846331.885987 -0.0924711072 -0.062317132799999994 0.1918032624 0.044261247 -0.011479228 0.016616507 0.998815775
1341846331.922014 -0.0959371344 -0.0552590496 0.209081592 0.04634336 -0.007984265 0.015576595 0.998772204
1341846331.954037 -0.0884276592 -0.0538635216 0.21166135679999998 0.046522617 -0.00603113 0.016241478 0.998766959
1341846331.986135 -0.0810203952 -0.0664850592 0.23349773759999998 0.047967099 -0.000702116 0.018119505 0.998684287
1341846332.022364 -0.0936083424 -0.0718189824 0.24286765919999997 0.054421034 0.004974574 0.017785165 0.998347223
1341846332.054175 -0.1002182256 -0.0650392704 0.255258624 0.060970124 0.00559284 0.019324744 0.997936845
1341846332.086502 -0.09526848959999999 -0.059432184 0.265998672 0.064124852 0.005117971 0.021402208 0.997699201
1341846332.122051 -0.0976420992 -0.05484762719999999 0.28025055359999995 0.066263996 0.006405437 0.019951617 0.997582078
1341846332.153983 -0.1038513264 -0.039108196799999995 0.28856544 0.065450534 0.006494605 0.017328762 0.997684181
1341846332.190165 -0.10840488479999999 -0.0357501696 0.299868144 0.059650823 0.005142712 0.014949514 0.998094082
1341846332.222699 -0.1048699488 -0.053601307200000003 0.31810269119999995 0.055718962 0.004418851 0.013869179 0.998340368
1341846332.254145 -0.10557699359999999 -0.05900721119999999 0.3348386784 0.058066092 0.005167309 0.013541793 0.99820751
1341846332.289948 -0.1070605872 -0.054223296000000004 0.3497148864 0.060201835 0.004794768 0.015519669 0.998054028
1341846332.322172 -0.1061661312 -0.0566581776 0.3612632256 0.060676128 0.004192693 0.017599976 0.997993469
1341846332.354003 -0.099716664 -0.059242747199999994 0.3703524816 0.063206546 0.005731988 0.015430769 0.997864664
1341846332.39018 -0.09952835519999999 -0.0474523248 0.375963984 0.065464996 0.010321809 0.011864678 0.997730911
1341846332.422055 -0.104801016 -0.0447997824 0.3886908192 0.063733503 0.013055317 0.008653128 0.99784404
1341846332.458114 -0.1001436 -0.048922497599999996 0.40281497279999995 0.063023902 0.015171882 0.004603128 0.997886062
1341846332.489993 -0.110269296 -0.0419588448 0.4092999456 0.064484738 0.017598925 0.005984267 0.997745514
1341846332.52213 -0.11692769279999998 -0.038227363199999996 0.4302888384 0.06387233 0.014216153 0.011183168 0.997794151
1341846332.558114 -0.1138341504 -0.040581849600000004 0.4326792576 0.063866422 0.008606427 0.017999154 0.997758985
1341846332.589874 -0.10302414239999999 -0.031366536 0.4353355392 0.063962363 0.005020341 0.022636347 0.997682869
1341846332.621889 -0.0962788416 -0.0244568544 0.43936783199999996 0.060223665 0.004059373 0.025122656 0.997860432
1341846332.658202 -0.0943627584 -0.031271664 0.45345661439999996 0.055658255 0.004937758 0.024098549 0.998146772
1341846332.690001 -0.0956929728 -0.0278602368 0.46612933919999994 0.053856157 0.006115789 0.024877684 0.998219967
1341846332.726 -0.0960647664 -0.0331763376 0.47641070879999997 0.052388258 0.004942349 0.029676804 0.998173475
1341846332.758386 -0.0888672816 -0.0304258368 0.48359288159999997 0.053487714 0.001865982 0.03109871 0.998082399
1341846332.789937 -0.0809505504 -0.0209462544 0.49391172959999996 0.053396907 0.002444115 0.029269286 0.998141289
1341846332.825925 -0.0783750864 -0.0232170432 0.5058567168 0.050758164 0.004725183 0.028179504 0.998302162
1341846332.857898 -0.0788305008 -0.0251544768 0.5133143327999999 0.051491912 0.006055569 0.027709883 0.998270512
1341846332.894069 -0.0776013936 -0.0119803632 0.522304632 0.052202318 0.005987355 0.027956979 0.998227179
1341846332.926029 -0.07266 -0.007107672 0.5323655951999999 0.04892204 0.006302442 0.025614643 0.998454213
1341846332.958015 -0.0690692784 -0.004937664 0.5398953456 0.046110399 0.008358017 0.022876142 0.998639405
1341846332.994073 -0.0668190912 -0.0038254464 0.5458181999999999 0.043078214 0.009422447 0.021475142 0.998796403
1341846333.026545 -0.06055246079999999 -0.0037106592 0.5555279712 0.040544514 0.010158595 0.019204855 0.998941481
1341846333.057998 -0.0530284896 -0.0042999024 0.5644628063999999 0.039271891 0.011725116 0.019013751 0.998978853
1341846333.094024 -0.05411016 -0.0026756304 0.5753361936 0.039842919 0.013992674 0.022026438 0.998865128
1341846333.126095 -0.0480374496 0.002477088 0.5797061184 0.040955555 0.015031287 0.024388716 0.99875015
1341846333.161973 -0.040141790399999995 0.0114718416 0.588787224 0.040509649 0.016952027 0.026063686 0.998695314
1341846333.19566 -0.041820734400000004 0.0082605936 0.595070208 0.037357405 0.019532975 0.028193135 0.998713195
1341846333.226331 -0.043935124799999996 0.0103152192 0.5966110128 0.036077138 0.020703176 0.027453803 0.998757303
1341846333.262056 -0.0395781264 0.0196642512 0.6061029888 0.033963475 0.020729916 0.02658171 0.998854399
1341846333.294147 -0.039749808000000005 0.014885452799999999 0.6082957487999999 0.03000815 0.020731708 0.025108306 0.999019146
1341846333.3261 -0.039259752 0.0160463184 0.6013508304 0.028511245 0.019257123 0.023689227 0.99912715
1341846333.3621 -0.0364383648 0.0234785184 0.600350976 0.025955219 0.018292151 0.021723256 0.999259651
1341846333.394119 -0.0354481344 0.0183230832 0.6120315311999999 0.022195855 0.017104594 0.021644795 0.999372959
1341846333.429974 -0.03400872 0.0205802304 0.6127477151999999 0.021639828 0.015311294 0.021180028 0.99942416
1341846333.462115 -0.02911404 0.018244776 0.6149916864 0.021090999 0.014762529 0.020101331 0.999466479
1341846333.49404 -0.030656779199999998 0.0203500896 0.6181157136 0.02235925 0.016148709 0.018929636 0.999440312
1341846333.529953 -0.027142881599999998 0.0207992976 0.6200515487999999 0.023297461 0.017074369 0.017845981 0.999423444
1341846333.562063 -0.0284463216 0.0223038528 0.6189584976 0.024001706 0.019416345 0.019875677 0.999325693
1341846333.59409 -0.0356499504 0.029604768 0.6190382496 0.023538554 0.019626098 0.02039733 0.999322116
1341846333.629994 -0.03610644 0.0288035424 0.6160276656 0.019331168 0.01712882 0.019556427 0.999475062
1341846333.662127 -0.0333752496 0.031012751999999998 0.6165128207999999 0.016908096 0.015531455 0.018415742 0.999566793
1341846333.697964 -0.034234468799999994 0.019399310399999998 0.6150998352 0.013899295 0.01585873 0.019874988 0.999580085
1341846333.730092 -0.0351479664 0.0199869744 0.6139819632 0.016808901 0.016336478 0.020881455 0.999507129
1341846333.762089 -0.030868646399999998 0.024437376 0.6199306031999999 0.019021204 0.016649075 0.022243159 0.999432921
1341846333.798006 -0.0366627936 0.0170440512 0.6024607679999999 0.019672787 0.017647678 0.02259112 0.99939543
1341846333.830055 -0.0353729904 0.016878244799999997 0.5975912352 0.022070466 0.01863564 0.02064386 0.999369502
1341846333.866045 -0.0384287184 0.016195795199999998 0.5958041664 0.022857007 0.020031106 0.019754354 0.999342799
1341846333.897987 -0.040715308799999995 0.009986875199999998 0.5884959696 0.023925504 0.020193113 0.018922163 0.99933064
1341846333.930099 -0.0414046368 0.0096888672 0.584115672 0.026981981 0.021028396 0.017370574 0.999263763
1341846333.965889 -0.0404708976 0.011946479999999999 0.5878194096 0.029427998 0.022042193 0.016748862 0.999183476
1341846333.997985 -0.0400051248 0.0076208016 0.583330824 0.031898066 0.022750881 0.016058322 0.999103069
1341846334.030076 -0.044658652800000004 0.0075693888 0.57338376 0.03497161 0.024191903 0.017310174 0.998945475
1341846334.066 -0.04927008 0.0038905823999999998 0.5627533776 0.036522865 0.02421722 0.018944731 0.998859704
1341846334.097932 -0.0457613904 0.0041972208 0.5587051392 0.038458303 0.023674432 0.01864046 0.998805821
1341846334.133884 -0.051029011199999995 0.00398688 0.54897852 0.039884847 0.025031958 0.018847935 0.998712838
1341846334.166115 -0.06146677439999999 0.0047389056 0.5417215728 0.040366966 0.024793241 0.019210506 0.998692513
1341846334.198072 -0.0621671904 0.003700152 0.536701584 0.040879745 0.023193236 0.018269269 0.998727798
1341846334.234097 -0.058383623999999995 0.005580796799999999 0.5306729424 0.041390143 0.023176886 0.017115353 0.99872756
1341846334.266045 -0.0641889024 0.0018068784 0.5210968128 0.041000452 0.025015516 0.01793264 0.998684943
1341846334.297946 -0.071544624 0.0007049904 0.5115092015999999 0.042262372 0.024024678 0.018903757 0.998638749
1341846334.334036 -0.0735382512 0.0027842304 0.5078773872 0.042808287 0.022514455 0.019189034 0.998645246
1341846334.365871 -0.0703362912 0.0053685792 0.4993725312 0.042391524 0.02214548 0.017932544 0.998694599
1341846334.401845 -0.07791459359999998 0.0045029616 0.4927670736 0.041166604 0.023530848 0.016824499 0.998733461
1341846334.433864 -0.08323815359999999 -0.0027168432 0.48661136639999997 0.040562492 0.022597175 0.017794931 0.998762906
1341846334.466105 -0.0858667392 0.0040486176 0.47168065439999995 0.041644212 0.021138351 0.018031113 0.998746097
1341846334.502142 -0.09357434399999999 0.0062139071999999995 0.46529495519999997 0.040593527 0.020685242 0.018330591 0.998793423
1341846334.540153 -0.094724472 0.0040895424 0.45633494880000003 0.039866153 0.01952232 0.017274303 0.998864949
1341846334.566584 -0.1058644128 0.0122474208 0.45028199039999994 0.039294828 0.019265225 0.014029588 0.998943388
1341846334.602351 -0.11272824 0.0130720368 0.4413005952 0.036093876 0.016874718 0.009558762 0.999160171
1341846334.634069 -0.1079965824 0.012933806400000001 0.442164912 0.033042826 0.01422344 0.005266342 0.999338806
1341846334.670161 -0.1077002592 0.0065011439999999995 0.4263335472 0.030670675 0.013313952 0.003446853 0.999434948
1341846334.702085 -0.1166540016 0.0012758496 0.4224769968 0.028921092 0.011811992 0.003940237 0.999504149
1341846334.734751 -0.1126958352 0.0038513712 0.41411036160000003 0.029047238 0.008383093 0.006651952 0.999520779
1341846334.770889 -0.1153681296 0.0029384496 0.4059751152 0.028879002 0.006696403 0.009321559 0.999517024
1341846334.802194 -0.1273203744 0.0041270592 0.3941521872 0.02897883 0.005538575 0.008837209 0.999525607
1341846334.833908 -0.1247994768 0.0058513008 0.38269350719999995 0.028653061 0.003513203 0.007241512 0.999557018
1341846334.869874 -0.1273346832 0.006651191999999999 0.3746978736 0.026960025 0.003047832 0.007382563 0.999604583
1341846334.902006 -0.1335109152 0.0062500848 0.3683901072 0.025208283 0.001758544 0.008132244 0.999647558
1341846334.93801 -0.1381444032 0.003170328 0.351017832 0.024530312 -0.000863951 0.007439883 0.999671042
1341846334.970032 -0.1330569408 0.0013113984 0.35172325439999996 0.024227837 -0.00264596 0.006940754 0.99967885
1341846335.002203 -0.13582038719999998 -0.0052246848 0.332626176 0.025117954 -0.002080911 0.008813692 0.999643505
1341846335.03788 -0.1486541856 -0.003135912 0.3205603488 0.028172797 -0.004165038 0.010058249 0.999543786
1341846335.06999 -0.14188892639999998 0.003112488 0.3131452224 0.028761238 -0.007678909 0.010564522 0.99950099
1341846335.106038 -0.1367261664 -0.002581992 0.30125638079999995 0.028465258 -0.007012442 0.009017288 0.999529481
1341846335.138045 -0.1463117472 -0.0018108815999999999 0.29403950399999995 0.030512566 -0.005283148 0.007825642 0.999489784
1341846335.1699 -0.15122925599999998 0.003217848 0.272578416 0.031030487 -0.007474553 0.007964756 0.99945879
1341846335.206091 -0.1472998656 0.0012631055999999998 0.26280636 0.029948793 -0.009828055 0.005760775 0.999486506
1341846335.239365 -0.1438334592 -0.0043735824 0.2642629632 0.029505551 -0.00946944 0.003421131 0.999513924
1341846335.269948 -0.148607664 -0.005614871999999999 0.252410976 0.031013597 -0.007860274 0.002640431 0.999484539
1341846335.305972 -0.15566605919999998 -0.0065089584 0.2389451616 0.032849465 -0.008841645 0.002688198 0.999417603
1341846335.338012 -0.1503250128 -0.006388756799999999 0.2352722544 0.034329731 -0.011119353 0.004679055 0.999337733
1341846335.374005 -0.142607664 -0.017276688 0.2261716416 0.037595332 -0.01037831 0.006086356 0.99922061
1341846335.406025 -0.1460743104 -0.0176881632 0.2143134336 0.044268381 -0.007469118 0.007831062 0.998961031
1341846335.438079 -0.1500519984 -0.006642912 0.199465032 0.050491374 -0.00641305 0.011014247 0.99864316
1341846335.473998 -0.1483559472 -0.0038157264 0.18838053119999998 0.052594654 -0.004986665 0.012402615 0.998526454
1341846335.507038 -0.1490177856 -0.0023358096 0.1722265536 0.053569943 -0.002236434 0.010155858 0.998509943
1341846335.53804 -0.1532200272 0.007439731199999999 0.1648987776 0.053649232 0.000270177 0.008386447 0.998524606
1341846335.574119 -0.1622920992 0.011678759999999998 0.1577907072 0.051493511 0.000877904 0.008026088 0.998640716
1341846335.60597 -0.1595444448 0.0038219232 0.15062879999999998 0.049464259 -0.000158176 0.007544904 0.998747408
1341846335.641978 -0.1576296864 0.004215768 0.1399787664 0.050560508 0.000801338 0.00490306 0.998708665
1341846335.673993 -0.16255220159999997 0.0084643728 0.1265407392 0.050539296 0.001727968 0.0051183 0.998707473
1341846335.706178 -0.16503807359999997 0.007180991999999999 0.11685571199999999 0.049901783 0.000374289 0.005617378 0.998738289
1341846335.741982 -0.1604488128 0.0047962224 0.1049066496 0.05007232 -0.000358268 0.005148638 0.998732269
1341846335.77396 -0.1652601792 0.0102469776 0.09393851519999999 0.050577719 0.000601977 0.00429823 0.998710692
1341846335.806271 -0.166620576 0.0161094288 0.0812336784 0.048888143 3.7386e-05 0.00462551 0.998793542
1341846335.842031 -0.1666551792 0.0110429664 0.0781802496 0.046590693 0.000827943 0.004339599 0.998904288
1341846335.873966 -0.1666519248 0.0101022048 0.065743992 0.047449052 0.002245703 0.003933343 0.998863399
1341846335.910005 -0.17583827519999998 0.0159749664 0.0532269648 0.047364917 0.002880553 0.0051066 0.998860478
1341846335.941936 -0.1773872496 0.0153420528 0.0438720912 0.046173733 0.000739819 0.006533406 0.998911798
1341846335.974198 -0.17762898719999998 0.0145042464 0.033818414399999996 0.045871444 -8.1744e-05 0.004364392 0.998937845
1341846336.010032 -0.1811426448 0.015230807999999998 0.023341329600000002 0.045659207 -7.7451e-05 0.00363863 0.998950422
1341846336.042129 -0.185423184 0.0162650256 0.010567622399999999 0.044762217 -0.001167308 0.003881786 0.998989403
1341846336.078076 -0.1869928848 0.0106379376 0.003333408 0.044375408 -0.003181516 0.003223998 0.999004602
1341846336.110739 -0.18409413119999998 0.0144128544 -0.0038493647999999995 0.045072444 -0.003869213 0.002348235 0.998973429
1341846336.142002 -0.1942445952 0.014422161599999999 -0.0170460624 0.044999193 -0.003060903 0.002680965 0.998978734
1341846336.183953 -0.19968835199999999 0.018286416 -0.0274838736 0.044784524 -0.005325967 0.003266522 0.998977065
1341846336.210112 -0.19626621119999998 0.0203576448 -0.0302258496 0.043457918 -0.00775926 0.004159975 0.999016464
1341846336.241891 -0.19704188639999998 0.018620467199999997 -0.0337038816 0.042871028 -0.006555286 0.003000704 0.999054551
1341846336.277946 -0.20582358239999998 0.014934216 -0.0396897648 0.043005161 -0.005787949 0.004874001 0.999046206
1341846336.309977 -0.20799318719999998 0.013897012799999999 -0.050502215999999996 0.045491785 -0.008292253 0.007659086 0.99890095
1341846336.346143 -0.205742184 0.01904076 -0.0622875024 0.04755868 -0.00986152 0.008904867 0.998780072
1341846336.377975 -0.2070841296 0.0180916176 -0.06557725439999999 0.04821565 -0.009662844 0.008339658 0.998755395
1341846336.410032 -0.21154917119999997 0.0191291712 -0.0795495696 0.049122937 -0.008606242 0.008199665 0.998722017
1341846336.446041 -0.21534497760000001 0.0252284352 -0.0897996528 0.049149439 -0.008806744 0.007792008 0.998722196
1341846336.47799 -0.21158521919999998 0.0254992128 -0.09119711999999999 0.048135839 -0.009321872 0.007689094 0.998767734
1341846336.510056 -0.2158804704 0.0205437552 -0.0971336496 0.047988139 -0.008563889 0.008434739 0.998775542
1341846336.546024 -0.2185929888 0.0222674592 -0.102676536 0.049252003 -0.008363673 0.010059141 0.998700678
1341846336.578003 -0.2223636384 0.0310045056 -0.1117020768 0.049458086 -0.00853977 0.011795596 0.998670042
1341846336.61402 -0.2158368432 0.0307569264 -0.11530568159999999 0.048664607 -0.008585704 0.011634459 0.998710513
1341846336.645982 -0.2209370976 0.03762282719999999 -0.12378796799999998 0.04812197 -0.006901862 0.010475089 0.998762667
1341846336.678036 -0.22855653599999998 0.0328707216 -0.1245956832 0.045995921 -0.008353624 0.011089784 0.9988451
1341846336.714024 -0.23282843999999997 0.024919415999999996 -0.1179234528 0.047012988 -0.010540698 0.011008929 0.998777986
1341846336.746016 -0.23725821599999997 0.0234265392 -0.1228186176 0.050840158 -0.012446526 0.012289776 0.998553574
1341846336.778014 -0.23998373280000002 0.0276300144 -0.1454748384 0.053581011 -0.01621756 0.015373795 0.998313427
1341846336.820006 -0.2403202752 0.0327356448 -0.15064668 0.054188654 -0.019990768 0.018061036 0.998167157
1341846336.845952 -0.23415253919999998 0.0277675008 -0.1457222064 0.054713219 -0.021789871 0.017033935 0.998118997
1341846336.882056 -0.2462218896 0.029851780799999998 -0.15287952959999998 0.056837041 -0.021845208 0.016326468 0.998010933
1341846336.914273 -0.2667030384 0.0251862048 -0.13631550239999998 0.059152622 -0.025314825 0.018451203 0.997757316
1341846336.945998 -0.2465163744 0.0177883584 -0.17003917919999997 0.0646106 -0.033077519 0.020964658 0.997141838
1341846336.98198 -0.25009696319999997 0.0448609056 -0.166158072 0.069440529 -0.036845211 0.018983785 0.996724665
1341846337.014238 -0.24575332319999998 0.0491449824 -0.1882156128 0.066376962 -0.039681155 0.017131377 0.99685806
1341846337.046017 -0.2429563152 0.0419296704 -0.18756987839999997 0.063551441 -0.041079123 0.012566419 0.997053564
1341846337.082104 -0.2427656832 0.043198723200000004 -0.18879464640000002 0.063090064 -0.04157168 0.009405505 0.997097254
1341846337.114317 -0.25439424 0.0417502128 -0.1928550288 0.061140433 -0.043180514 0.009099454 0.997153223
1341846337.150037 -0.2471946 0.0432477264 -0.19974562559999998 0.059474763 -0.045461271 0.00798123 0.997162104
1341846337.181873 -0.2392578192 0.04191345119999999 -0.201704424 0.058968712 -0.045721695 0.005184619 0.997198761
1341846337.214073 -0.24298122719999998 0.048896184 -0.20909403359999998 0.05718017 -0.044082519 0.003035817 0.997385561
1341846337.250087 -0.2560277424 0.038250288 -0.213282288 0.053706046 -0.044705559 0.003518733 0.997549355
1341846337.282028 -0.2564944992 0.0370747536 -0.2131572048 0.054836869 -0.048949514 0.007241902 0.997268498
1341846337.31792 -0.2456991072 0.041596334400000004 -0.2116913952 0.05465607 -0.051131915 0.008164671 0.997161746
1341846337.350018 -0.2518189776 0.0484794144 -0.21860604479999998 0.053595096 -0.050112315 0.007491718 0.997276366
1341846337.382159 -0.2453314848 0.0417653184 -0.21066034079999998 0.050493389 -0.050247401 0.005961067 0.997441769
1341846337.417941 -0.25585357439999995 0.032553662399999996 -0.2134013952 0.050858315 -0.048861712 0.005551314 0.997494459
1341846337.450137 -0.2607133824 0.0434276352 -0.2226487056 0.051972136 -0.050528761 0.006887858 0.997345626
1341846337.482096 -0.252872424 0.039569952 -0.2222590128 0.050213642 -0.051306654 0.007845134 0.997388959
1341846337.518008 -0.2555719056 0.0323182608 -0.2232852816 0.050697796 -0.051613104 0.008056925 0.997346938
1341846337.549978 -0.2542057536 0.047985388799999994 -0.2303690688 0.051827908 -0.052319463 0.006474538 0.997263551
1341846337.585971 -0.2566709712 0.0427703808 -0.221263488 0.048880856 -0.052624628 0.005218128 0.997403681
1341846337.617903 -0.252809664 0.023415340799999997 -0.2160673152 0.049085252 -0.053462513 0.005579377 0.997347116
1341846337.650141 -0.2521610688 0.040486166399999995 -0.2218360464 0.052466705 -0.053844303 0.005358427 0.997155607
1341846337.686352 -0.2502153408 0.046751899199999995 -0.2244836928 0.050959874 -0.053555131 0.005376539 0.997249246
1341846337.718002 -0.2466749472 0.0407530704 -0.2181009648 0.048902515 -0.053461485 0.00568427 0.997355521
1341846337.74992 -0.24154895999999998 0.045651321599999996 -0.21353918879999997 0.048911653 -0.051972266 0.0050387 0.997437298
1341846337.786157 -0.2404198752 0.0523320336 -0.2194862544 0.046019692 -0.04896839 0.004918541 0.997727454
1341846337.817945 -0.23910155519999998 0.042657316800000004 -0.2065581504 0.043169018 -0.046941392 0.006355655 0.997944117
1341846337.854071 -0.2346513216 0.0530377728 -0.20150476320000002 0.042566031 -0.043994341 0.006009749 0.99810648
1341846337.885951 -0.24009440159999998 0.059728243199999996 -0.19834347360000001 0.039853677 -0.041232936 0.004418701 0.99834466
1341846337.918223 -0.23700365279999996 0.057364785599999996 -0.1995354096 0.035472393 -0.039939221 0.001425923 0.998571277
1341846337.95412 -0.236666592 0.052081056 -0.18920840639999997 0.03269846 -0.03845631 0.000766375 0.998724878
1341846337.985994 -0.2353090176 0.06279640319999999 -0.18305985119999998 0.030852458 -0.037657913 0.000831051 0.998813927
1341846338.018107 -0.233587824 0.0552966 -0.1770913296 0.026857747 -0.036110654 0.002452798 0.9989838
1341846338.054055 -0.23178259199999998 0.062544024 -0.172434408 0.025018174 -0.034695465 0.001448101 0.999083698
1341846338.085986 -0.22592987039999998 0.0622796496 -0.15844484639999998 0.021459335 -0.031923756 0.001348077 0.999258995
1341846338.121875 -0.22989816 0.0544814016 -0.15465411359999998 0.019155834 -0.029226525 0.002736164 0.999385476
1341846338.154089 -0.23258703839999997 0.0546070992 -0.1503342912 0.018283367 -0.028406925 0.005652237 0.999413252
1341846338.186029 -0.23080828799999997 0.0571865184 -0.1442863776 0.017286558 -0.02880423 0.00850035 0.999399424
1341846338.222071 -0.22055652959999997 0.06136836479999999 -0.1307144256 0.016359417 -0.028339367 0.008018956 0.999432325
1341846338.254107 -0.2234806368 0.0537126336 -0.12343632959999999 0.014043322 -0.026150091 0.008318983 0.999524772
1341846338.29013 -0.22244485439999998 0.051108614399999995 -0.11822916479999998 0.014304579 -0.026303846 0.010384236 0.999497712
1341846338.321952 -0.22073123039999998 0.0562369152 -0.09920079359999999 0.014838893 -0.025467578 0.012041985 0.999492943
1341846338.354022 -0.2193666624 0.053785535999999995 -0.09596964479999999 0.013831327 -0.024841439 0.012444573 0.999518216
1341846338.389969 -0.21997246559999997 0.059521363199999996 -0.0947436768 0.01390806 -0.023939332 0.012703062 0.999535978
1341846338.422377 -0.2177920656 0.0586470432 -0.07874181599999999 0.011980227 -0.023710607 0.012971574 0.999562919
1341846338.45401 -0.2177435328 0.062389944 -0.07297925279999999 0.011323769 -0.023848776 0.011548077 0.999584734
1341846338.489894 -0.2171440416 0.06005952479999999 -0.0586974 0.009498477 -0.024266524 0.011952803 0.999588907
1341846338.522066 -0.2120536368 0.058256107200000004 -0.044835172799999996 0.010179518 -0.024419557 0.012010196 0.99957782
1341846338.558058 -0.21500982719999998 0.0663107952 -0.043855319999999996 0.009957681 -0.023919161 0.01080406 0.999605894
1341846338.589842 -0.2051760096 0.0641095872 -0.0229602096 0.007683193 -0.025188677 0.011141818 0.999591112
1341846338.622019 -0.200931432 0.0592980288 -0.010883937599999999 0.008046954 -0.024401717 0.012465061 0.999592125
1341846338.657984 -0.20655521759999998 0.06635067359999999 -0.0118549872 0.008907823 -0.02370416 0.013666899 0.999585927
1341846338.690198 -0.2001403392 0.069377712 9.393119999999999e-05 0.007040392 -0.025147388 0.014098349 0.999559522
1341846338.722454 -0.1929142896 0.06237432 0.02156868 0.005845709 -0.02450835 0.014189166 0.999581814
1341846338.757945 -0.2015078544 0.06825803999999999 0.0203372304 0.006521306 -0.02342839 0.015221305 0.99958837
1341846338.790039 -0.1930774224 0.071499576 0.0307106688 0.004498964 -0.026331091 0.016628815 0.999504805
1341846338.826048 -0.1848308064 0.0659868384 0.045542452799999994 0.004486557 -0.026148461 0.015254449 0.999531627
1341846338.858027 -0.190651848 0.0719493648 0.046217313600000004 0.004697953 -0.023825411 0.014036529 0.99960655
1341846338.889902 -0.18828059519999998 0.0732767952 0.0656678736 0.002349907 -0.024996199 0.013859115 0.999588728
1341846338.925948 -0.1829229696 0.06898111679999999 0.0801103872 0.0012969 -0.024744079 0.011531518 0.999626458
1341846338.958108 -0.1814331456 0.0680514 0.0888333744 0.001225857 -0.022906324 0.011440496 0.9996714
1341846338.990057 -0.17734082880000002 0.0697604304 0.107145792 0.00206057 -0.023050968 0.011630588 0.999664485
1341846339.025928 -0.1684858752 0.062224022399999995 0.11743943999999999 0.003285435 -0.02295633 0.012813566 0.999648929
1341846339.057939 -0.1704231984 0.07050497759999999 0.1261544448 0.006603308 -0.020437246 0.012564902 0.999690354
1341846339.093927 -0.17737452 0.0807472848 0.1329464064 0.006591848 -0.019987205 0.013425935 0.999688387
1341846339.126562 -0.16831904159999997 0.0854961456 0.133394616 0.003748254 -0.021651663 0.012515521 0.999680221
1341846339.157969 -0.1630226448 0.08519541600000001 0.1509992832 0.001462007 -0.019356728 0.010042435 0.999761164
1341846339.194113 -0.1646901552 0.0845282352 0.1613555424 -0.000823552 -0.018320072 0.012015877 0.999759614
1341846339.228165 -0.1620062832 0.0879586032 0.1634883264 -0.004291272 -0.020417152 0.01447215 0.999677598
1341846339.257998 -0.1519071216 0.0850754592 0.18121855199999998 -0.007230293 -0.020434996 0.014897859 0.999653995
1341846339.294132 -0.156214176 0.09490042559999999 0.19208527199999997 -0.005821998 -0.017118614 0.01386821 0.999740362
1341846339.326577 -0.16079717759999998 0.09181635839999999 0.1848099408 -0.010219508 -0.01837199 0.018354395 0.999610484
1341846339.362269 -0.14907359039999998 0.09481915679999998 0.2040200304 -0.014692346 -0.021798901 0.016271109 0.999521971
1341846339.394725 -0.1442172096 0.0967454112 0.2200741392 -0.015260838 -0.020194061 0.015450766 0.999560177
1341846339.42616 -0.1527392304 0.096135264 0.2241949632 -0.017459242 -0.019100752 0.01699709 0.9995206
1341846339.462186 -0.139053288 0.0931886832 0.23918952959999998 -0.019424001 -0.021255614 0.0159437 0.999458194
1341846339.496743 -0.12962541119999998 0.0901614816 0.24790998239999998 -0.016982833 -0.01835859 0.013594107 0.999594808
1341846339.530143 -0.1367172528 0.09804085439999999 0.2554862016 -0.015169892 -0.013684439 0.013745392 0.999696791
1341846339.562052 -0.1346667744 0.091148304 0.2687640864 -0.015514005 -0.014330915 0.01579785 0.999652147
1341846339.595122 -0.1267238688 0.0940488528 0.27199169279999996 -0.012940203 -0.013872712 0.01456175 0.999713957
1341846339.632085 -0.121819632 0.0936476208 0.274991064 -0.011742713 -0.010882957 0.012857764 0.999789178
1341846339.664568 -0.1191535488 0.0920906256 0.2865813744 -0.011849754 -0.008296626 0.011374197 0.999830663
1341846339.698896 -0.12331064159999999 0.0913181328 0.2965446912 -0.011699216 -0.006114832 0.00945842 0.999868095
1341846339.731977 -0.1190309712 0.0923411088 0.3133960608 -0.011380373 -0.006424875 0.008328358 0.999879897
1341846339.762241 -0.11284293599999999 0.0911801952 0.3196083072 -0.010890868 -0.005598953 0.007374629 0.999897778
1341846339.797873 -0.1128907968 0.0899488608 0.32378912159999995 -0.010941041 -0.005064983 0.008734537 0.999889195
1341846339.830245 -0.1090402176 0.0874980192 0.33056466719999994 -0.011458591 -0.005516879 0.008692505 0.999881327
1341846339.862015 -0.1051284768 0.08720304 0.334489848 -0.0119975 -0.005578144 0.009404881 0.999868214
1341846339.897797 -0.09904150560000001 0.0860278224 0.3428682816 -0.013129607 -0.00494502 0.009210739 0.999859154
1341846339.929916 -0.10009567679999999 0.08337632639999999 0.35803320479999995 -0.013684411 -0.003900122 0.010515166 0.999843419
1341846339.96196 -0.1003465152 0.0820343088 0.3641936304 -0.012372784 -0.004068443 0.010959001 0.999855101
1341846339.997845 -0.0881479632 0.08095449599999999 0.3619883904 -0.011211111 -0.003982096 0.011746058 0.999860227
1341846340.029925 -0.08560288799999999 0.0797098272 0.3722982288 -0.01027388 -0.001606495 0.01249132 0.999867916
1341846340.066044 -0.0831273504 0.0780020352 0.3739840128 -0.008601319 -0.000496832 0.013818901 0.99986738
1341846340.098009 -0.0835646496 0.0808643904 0.3820944048 -0.007387394 0.000316127 0.014414908 0.999868751
1341846340.130102 -0.08187749759999999 0.0809337264 0.387322248 -0.008089766 0.00011689 0.013771025 0.999872446
1341846340.166041 -0.073342944 0.0772690608 0.3968373312 -0.007495217 0.001456958 0.012332127 0.999894798
1341846340.197867 -0.0767722512 0.08254587840000001 0.3995641008 -0.005812819 0.004616328 0.011831228 0.999902487
1341846340.229904 -0.0768342096 0.0845195424 0.41394760799999997 -0.006554975 0.004831108 0.010729029 0.999909282
1341846340.265859 -0.069254208 0.0776140368 0.4170477744 -0.008126293 0.005000554 0.011128802 0.999892533
1341846340.298061 -0.0714392304 0.0800658624 0.43012182720000003 -0.005551502 0.00775432 0.010834166 0.999895871
1341846340.334063 -0.07072968959999999 0.0845596176 0.4299447312 -0.006095494 0.006959411 0.012479238 0.999879301
1341846340.366064 -0.065696232 0.0781790688 0.433724568 -0.008445611 0.004532742 0.012275058 0.999878705
1341846340.397995 -0.0618931152 0.0776360496 0.43924774079999995 -0.006576777 0.004790338 0.012008823 0.999894798
1341846340.433895 -0.061961376 0.078853368 0.44446485119999996 -0.006044753 0.004819314 0.012672721 0.999889791
1341846340.465959 -0.06367632 0.077650104 0.44731020959999995 -0.005411196 0.003104095 0.013539952 0.999888897
1341846340.501858 -0.0560434512 0.0768096336 0.44672602559999997 -0.004934076 -0.001345252 0.014718433 0.999878585
1341846340.534329 -0.053758872 0.0805135392 0.4479948528 -0.003936059 -0.002627071 0.014251925 0.999887228
1341846340.566041 -0.0491102256 0.074871792 0.4510754208 -0.003319359 -0.003806989 0.014873977 0.999876618
1341846340.601909 -0.044065271999999996 0.0739458048 0.4451899392 -0.000813222 -0.004657039 0.016080698 0.999859512
1341846340.634005 -0.0427072368 0.0781522848 0.4404377808 0.000560206 -0.004829667 0.0142011 0.999887347
1341846340.666028 -0.0362285232 0.0753097392 0.4408888224 -0.000103058 -0.005407987 0.013324547 0.999896586
1341846340.701946 -0.03126456 0.0736322928 0.4365495072 0.001622417 -0.004225924 0.010703327 0.999932468
1341846340.733954 -0.029457983999999996 0.0768733152 0.43220604479999997 0.002880597 -0.002574286 0.009380003 0.999948561
1341846340.770081 -0.0298468176 0.0765756192 0.432865296 0.00226438 -0.002013907 0.006451768 0.999974608
1341846340.80198 -0.024154660799999998 0.0746237664 0.4303916928 0.002070151 -0.001500258 0.001524553 0.999995589
1341846340.833999 -0.025374998399999998 0.079879464 0.42722507519999997 0.002528745 0.001049521 -0.002938711 0.999991953
1341846340.870013 -0.0266497824 0.079304112 0.431554056 0.001146471 0.000920605 -0.004842324 0.999987185
1341846340.901955 -0.0260054592 0.07595835359999999 0.4281565536 0.001780153 0.000833021 -0.005287186 0.999984086
1341846340.933918 -0.026410497600000003 0.0760987056 0.42811120799999997 0.003665 0.000370003 -0.002804111 0.999989271
1341846340.970122 -0.031667856 0.0795801216 0.42747995999999994 0.005376237 -0.002094519 0.001732417 0.99998188
1341846341.001922 -0.0311013456 0.07530216960000001 0.42285347040000004 0.005909512 -0.00596566 0.006642509 0.99994266
1341846341.037923 -0.027391915200000002 0.0773601744 0.41935747679999996 0.007360992 -0.008844757 0.010136323 0.9998824
1341846341.0703 -0.026442604800000002 0.07424060639999999 0.41510921759999997 0.007435803 -0.010039615 0.010283608 0.999869049
1341846341.102028 -0.0306601488 0.076012536 0.41041506720000004 0.007753834 -0.010789569 0.009763672 0.999864042
1341846341.137982 -0.025954737599999996 0.074873376 0.406908024 0.007587076 -0.013200553 0.01050308 0.999828935
1341846341.170048 -0.0245852736 0.07386372479999999 0.41204999519999996 0.008185667 -0.0139142 0.011814687 0.999799907
1341846341.20211 -0.023478758399999997 0.07283592 0.4091829312 0.009398824 -0.014440542 0.013905496 0.999754846
1341846341.237996 -0.0231207696 0.0712474896 0.4019428992 0.010985535 -0.014098412 0.014530362 0.9997347
1341846341.269883 -0.024944304 0.0726595296 0.40242659039999995 0.012319441 -0.013509226 0.014629775 0.999725819
1341846341.306107 -0.0266669424 0.0722928048 0.40001278079999997 0.012888047 -0.013761368 0.013718423 0.999728143
1341846341.338109 -0.025393243200000002 0.0732054192 0.39790821120000003 0.013884317 -0.013387986 0.011503543 0.999747753
1341846341.37012 -0.0239883888 0.0719018832 0.3977359056 0.014222911 -0.012420574 0.00933914 0.999778092
1341846341.406074 -0.029052071999999998 0.0712946784 0.3934375056 0.014142823 -0.011484063 0.008418848 0.999798596
1341846341.438113 -0.029562081599999998 0.0676102176 0.3981595536 0.015143174 -0.013399625 0.008818113 0.999756634
1341846341.470024 -0.0282589248 0.0700017408 0.393581664 0.018115366 -0.013706484 0.007419318 0.999714434
1341846341.506077 -0.0300082272 0.0751265472 0.3909922608 0.018435581 -0.012622637 0.005905013 0.999732912
1341846341.538156 -0.035601081599999994 0.0728514096 0.39137588640000004 0.017491449 -0.013722708 0.005720826 0.999736488
1341846341.574016 -0.0322457952 0.0725664192 0.3918985248 0.01843226 -0.016365189 0.007180606 0.999670386
1341846341.612466 -0.034459248 0.072962544 0.3872578032 0.018805657 -0.0168042 0.007891207 0.999650776
1341846341.643972 -0.0350723664 0.0769614528 0.38598357599999994 0.018247576 -0.018198401 0.006812981 0.999644637
1341846341.679982 -0.0374657952 0.0739537488 0.3836089632 0.017718695 -0.01927009 0.006436646 0.99963659
1341846341.712332 -0.039088214399999995 0.07354733279999999 0.377295936 0.018296035 -0.021162227 0.009639582 0.999562144
1341846341.744185 -0.0371056416 0.0755497632 0.3787805184 0.018884271 -0.023543833 0.011883305 0.999473751
1341846341.780061 -0.037348992 0.0744587136 0.38236012319999996 0.019356558 -0.024403838 0.013757098 0.999420106
1341846341.812163 -0.0370497552 0.0740867856 0.38026195679999997 0.019391768 -0.025076179 0.015616804 0.999375403
1341846341.842595 -0.036388392 0.06793638719999999 0.3781292448 0.020817198 -0.025173498 0.018401116 0.999296904
1341846341.875779 -0.0374114016 0.0691991664 0.3750699888 0.022802496 -0.02525753 0.021929178 0.999180257
1341846341.906227 -0.035427936 0.065118288 0.378362952 0.0241728 -0.025987854 0.023950351 0.999082923
1341846341.942069 -0.0334023216 0.061436472 0.36833614079999993 0.027105758 -0.026094757 0.025550291 0.998965204
1341846341.974775 -0.0335746464 0.061891003199999996 0.3639832032 0.030473704 -0.026190586 0.026797762 0.998832941
1341846342.010161 -0.038229374399999995 0.0627914496 0.3631273968 0.031337708 -0.026759025 0.028587133 0.998741508
1341846342.042024 -0.027528144 0.056837270399999994 0.362070288 0.032297514 -0.028745459 0.029416367 0.998631716
1341846342.080032 -0.027672417600000002 0.0617638128 0.35731641119999996 0.034955345 -0.026216036 0.028619977 0.998634934
1341846342.112265 -0.031150075200000002 0.0573916944 0.35141068799999997 0.034653563 -0.025249213 0.030469803 0.998615623
1341846342.147954 -0.028028812799999997 0.0532137552 0.3548699856 0.036575135 -0.026979089 0.033224288 0.99841404
1341846342.179852 -0.026856408 0.055777344 0.3548919456 0.039965641 -0.026320897 0.034057114 0.998273551
1341846342.211848 -0.028312377599999997 0.057377097599999996 0.3548758128 0.040767554 -0.025577571 0.033841535 0.99826777
1341846342.24792 -0.0293436816 0.054210504 0.3504079344 0.041474745 -0.025246205 0.032610681 0.998288035
1341846342.27987 -0.026593281599999997 0.0553047024 0.354174864 0.043201629 -0.02496461 0.033031221 0.998208046
1341846342.316068 -0.0277757472 0.054939470399999996 0.3479217744 0.044378199 -0.024690701 0.033693172 0.99814111
1341846342.347894 -0.026402448 0.056757432 0.34598665440000004 0.044861287 -0.024768641 0.033580553 0.998121381
1341846342.379953 -0.023578991999999997 0.0556514496 0.34860248639999997 0.045003645 -0.024666218 0.03434417 0.998091519
1341846342.416195 -0.02619012 0.056920627200000004 0.3507343776 0.045848601 -0.024084946 0.035027333 0.998043537
1341846342.447907 -0.027452438399999998 0.0570611232 0.34947767039999994 0.045929894 -0.024715887 0.035851236 0.997995138
