1341846314.961937 0.0709995465 -0.007757766 -0.0864221805 0.006918931 0.017157672 0.014649593 0.999721527
1341846314.994564 0.06826995 -0.030372615 -0.08366292 0.001802342 0.018978907 0.011507531 0.999752045
1341846315.0299 0.1788223725 -0.07995110849999999 -0.0984210435 -0.004272555 0.012555732 0.005483188 0.999897003
1341846315.061965 0.08562207150000001 -0.016409241 -0.0792538965 0.001935944 0.023518477 0.013676968 0.999627948
1341846315.094388 0.171578394 -0.0864598095 -0.09501309000000001 -0.004862742 0.015926192 0.004955815 0.999849081
1341846315.129851 0.186887457 -0.10824208649999999 -0.1073750895 -0.005078653 0.015216283 0.001288862 0.999870479
1341846315.161941 0.2345044275 -0.094366359 -0.149736717 -0.00693505 0.011120383 0.004335636 0.999904692
1341846315.197984 0.10011705750000001 -0.0072774765 -0.085112199 -0.004147145 0.020633383 0.012020357 0.999706268
1341846315.230076 0.125330769 -0.019322910000000002 -0.0991498995 -0.008650532 0.017744301 0.005866867 0.999787927
1341846315.262069 0.104593032 -0.0064306755 -0.0787519035 -0.010192841 0.017012248 0.009855062 0.999754727
1341846315.298 0.0828549945 -0.005521365 -0.047261506499999995 -0.011500353 0.015904414 0.010791653 0.999749124
1341846315.329931 0.1183897575 -0.030724618500000002 -0.063070479 -0.011734815 0.010868168 0.013683131 0.99977845
1341846315.361981 0.205746318 -0.051097338 -0.06591462299999999 -0.007939352 0.002617374 0.014895783 0.999854088
1341846315.397962 0.201683745 -0.0545952015 -0.059759064 -0.005479619 0.003744083 0.017620075 0.999822736
1341846315.429923 0.16859514150000002 -0.135984861 -0.086420313 -0.010516959 0.011045618 0.008346269 0.999848843
1341846315.466047 0.1695128265 -0.14167052549999998 -0.0979389405 -0.010302605 0.015433633 0.008014421 0.999795675
1341846315.497883 0.19809350550000002 -0.1283630715 -0.105953247 -0.010249738 0.015727136 0.012733219 0.999742687
1341846315.530008 0.19648639350000002 -0.131498199 -0.0983072925 -0.01047871 0.017508456 0.013455906 0.999701262
1341846315.566108 0.234239796 -0.12285741149999999 -0.113336316 -0.010905161 0.015143188 0.017669035 0.999669731
1341846315.597986 0.2424592575 -0.12679986599999998 -0.10223451 -0.011413421 0.01594618 0.016984217 0.999663472
1341846315.630109 0.165435381 -0.0151812 -0.0705159045 -0.001189274 0.020713681 0.031097533 0.999301016
1341846315.666042 0.18452087550000001 -0.017394093 -0.0960077925 -0.002696674 0.02071402 0.02955934 0.999344707
1341846315.698114 0.24755640750000002 -0.1374327765 -0.16203447450000003 -0.017765379 0.022871966 0.007443123 0.999552846
1341846315.733985 0.15046386299999998 -0.0133043895 -0.062297883 -0.009259065 0.030176355 0.028227884 0.999103069
1341846315.766041 0.1431074025 -0.009848574 -0.0712009305 -0.00854655 0.028138744 0.030282577 0.999108672
1341846315.798188 0.1388822265 -0.018062244 -0.058354245 -0.010408623 0.028169157 0.028769521 0.999134839
1341846315.83414 0.122364414 -0.02036115 -0.041236578 -0.009022788 0.031816248 0.027174743 0.999083519
1341846315.866751 0.139545846 -0.0353938905 -0.0655271955 -0.008722348 0.031490799 0.027901018 0.999076486
1341846315.898492 0.1297067175 -0.032809599 -0.0603603675 -0.007204186 0.032736801 0.028693603 0.99902606
1341846315.936901 0.136551546 -0.041206275 -0.07095188699999999 -0.005333117 0.033816073 0.02675809 0.999055564
1341846315.966572 0.100772505 -0.0309121245 -0.055043163000000006 -0.000890077 0.038300041 0.027755335 0.998880386
1341846316.002119 0.109010187 -0.011203847999999999 -0.06798456900000001 0.002971714 0.036650755 0.02810872 0.998928368
1341846316.034204 0.0870714945 -0.0171214245 -0.0518926545 0.004237535 0.038333237 0.028569259 0.998847544
1341846316.066113 0.066669759 -0.007282089 -0.042042321 0.007728549 0.039884292 0.029863309 0.998728037
1341846316.101867 0.10872786150000001 -0.022853601 -0.0758061675 0.007517328 0.035374653 0.024014991 0.999057233
1341846316.134066 0.094572585 -0.0218652345 -0.0666865485 0.006742855 0.033040203 0.022959657 0.999167502
1341846316.169952 0.087756741 -0.0099916605 -0.0514782495 0.008327071 0.030634748 0.02216186 0.999250233
1341846316.202049 0.08699607449999999 -0.0295056045 -0.07022199600000001 0.006785393 0.028531073 0.017291525 0.999420285
1341846316.233979 0.0876542985 -0.015379393500000001 -0.0761976675 0.008885304 0.026877334 0.016010093 0.999471009
1341846316.270052 0.08229730499999999 -0.0197182485 -0.0804492225 0.007080333 0.027825067 0.013977296 0.999490023
1341846316.301915 0.078341769 -0.0348499935 -0.07685708849999999 0.005982488 0.028929217 0.011148358 0.999501407
1341846316.334208 0.060640640999999995 -0.008388616500000001 -0.066809691 0.010364228 0.029046329 0.015339827 0.999406636
1341846316.370006 0.0654892245 -0.018238581 -0.0657015165 0.011420514 0.026312578 0.017096743 0.999442339
1341846316.401994 0.040126572 -0.007796668499999999 -0.0700074225 0.013873417 0.027848447 0.019394901 0.999327719
1341846316.438069 0.0482427 -0.039297726 -0.079169364 0.0128998 0.026847195 0.017174985 0.999408722
1341846316.470076 0.025419213 -0.027069596999999997 -0.066124917 0.018468918 0.027757321 0.022090595 0.999199927
1341846316.502034 0.0297977715 0.0185819625 -0.086334984 0.024028614 0.023781175 0.027265279 0.999056399
1341846316.537975 0.017050383 -0.004849038 -0.0848392335 0.019571785 0.021725759 0.025942817 0.99923569
1341846316.570121 -0.010172632499999999 -0.0054068399999999996 -0.048806590500000004 0.019998834 0.023783715 0.023878386 0.999231815
1341846316.601885 0.007463754 -0.040552780499999996 -0.089553006 0.01843811 0.021476394 0.016243475 0.999467313
1341846316.638009 -0.016308297 -0.0472423725 -0.084196485 0.020341555 0.021856854 0.018207245 0.999388337
1341846316.669925 -0.031685778 -0.044843787 -0.072008217 0.023095991 0.02204895 0.019534606 0.999299169
1341846316.705941 -0.03239811 -0.0570533265 -0.0912733785 0.025817366 0.021467129 0.018774835 0.99925983
1341846316.738062 -0.051909025500000004 -0.0293782995 -0.0878433435 0.030831622 0.022152595 0.022197666 0.999032497
1341846316.770433 -0.066451923 -0.034035394499999996 -0.089339823 0.029482249 0.022241548 0.024186477 0.999025106
1341846316.805932 -0.09784229850000001 -0.0390179835 -0.069718707 0.029695285 0.024709124 0.023337211 0.998980999
1341846316.838029 -0.034473185999999996 -0.038752128000000004 -0.0940223745 0.030880075 0.01748039 0.020928821 0.999151051
1341846316.870034 -0.0629283645 -0.048692781000000004 -0.0711451845 0.03086487 0.016127855 0.022857966 0.999132037
1341846316.906344 -0.059643062999999996 -0.0426841785 -0.079552854 0.03230951 0.012118705 0.023494693 0.999128222
1341846316.93794 -0.046780317 -0.040631679 -0.100577952 0.031885184 0.009195349 0.02027064 0.999243677
1341846316.973994 -0.0827848215 -0.024044845500000002 -0.090210285 0.032799471 0.010427331 0.019633699 0.999214709
1341846317.005913 -0.112605966 -0.0290073375 -0.0799062255 0.031544078 0.010084444 0.020908192 0.999232769
1341846317.037936 -0.072213885 -0.04682051550000001 -0.0967648725 0.029882876 0.003239928 0.019037627 0.99936682
1341846317.073972 -0.086759604 -0.054828643499999996 -0.097076916 0.030259484 0.002367427 0.019307403 0.999352753
1341846317.106113 -0.1260560475 -0.0636849855 -0.08785056599999999 0.03169341 0.004149213 0.022911031 0.999226391
1341846317.137887 -0.1565769015 -0.0693150345 -0.0867423555 0.034440663 0.001277217 0.027739337 0.999020875
1341846317.17397 -0.119411451 -0.046258641 -0.105334155 0.036994185 -0.010737315 0.028897906 0.998839855
1341846317.205887 -0.1150719795 -0.049448888999999996 -0.10909186200000001 0.036446057 -0.014923764 0.030488944 0.998758912
1341846317.248131 -0.1378118925 -0.040620609 -0.089522397 0.038896885 -0.016003134 0.033103433 0.998566508
1341846317.27395 -0.15905705850000001 -0.035116114500000004 -0.0844671555 0.040722571 -0.018748159 0.035116792 0.998377144
1341846317.306289 -0.153668097 -0.035295902999999997 -0.0909370125 0.04063281 -0.021932095 0.037369929 0.998234153
1341846317.348137 -0.150628401 -0.045632808000000004 -0.0929305035 0.040689055 -0.02192108 0.040259019 0.998119771
1341846317.373974 -0.1630259055 -0.038167578 -0.090627759 0.042623397 -0.020118337 0.041089561 0.99804318
1341846317.41012 -0.172538964 -0.03596598 -0.08863861049999999 0.042982556 -0.020985968 0.043798808 0.997894645
1341846317.442569 -0.1859415435 -0.06078771 -0.0809785395 0.043346953 -0.020015277 0.046881236 0.997758806
1341846317.47401 -0.207371385 -0.050958486 -0.069414147 0.049851321 -0.017944546 0.050030671 0.997341394
1341846317.509927 -0.165012534 -0.041434546499999995 -0.0968188185 0.052659821 -0.024384301 0.052325863 0.99694252
1341846317.542282 -0.1642400235 -0.036943443 -0.101424591 0.052271146 -0.027822411 0.054075431 0.996779561
1341846317.573943 -0.167187303 -0.046901920500000006 -0.09270895500000001 0.051071383 -0.027030114 0.05252235 0.996946573
1341846317.610159 -0.198073593 -0.0618420015 -0.086014125 0.052630194 -0.022540106 0.053295579 0.996936083
1341846317.643553 -0.1966379895 -0.0455765895 -0.0996581655 0.056094959 -0.024114512 0.055373702 0.996596992
1341846317.677993 -0.2197458585 -0.0498014865 -0.0936531855 0.056508951 -0.025726007 0.058173589 0.996373832
1341846317.709996 -0.220301208 -0.048071097 -0.08909745300000001 0.059341189 -0.028833969 0.058541585 0.996102452
1341846317.741834 -0.2110745295 -0.0394099155 -0.10173547349999999 0.060012557 -0.031101733 0.057833441 0.996035397
1341846317.777923 -0.2277445905 -0.038876706000000004 -0.0878189265 0.058700785 -0.03134001 0.057748914 0.996110976
1341846317.810021 -0.25027699049999996 -0.0429978915 -0.079754562 0.058203354 -0.031156326 0.05571964 0.996261477
1341846317.841886 -0.264738942 -0.025078549500000002 -0.0789181335 0.059484251 -0.031592291 0.054502811 0.996239424
1341846317.878017 -0.25090943849999997 -0.037549692 -0.09852669 0.055606391 -0.033998139 0.050702445 0.996584833
1341846317.90991 -0.2617649595 -0.045762444000000006 -0.091577952 0.054242056 -0.032251406 0.046202995 0.996936798
1341846317.946031 -0.290832561 -0.0454535595 -0.07543100250000001 0.055842306 -0.028896812 0.046814147 0.996922791
1341846317.978041 -0.30468335399999996 -0.05090328 -0.079853427 0.057465557 -0.029664598 0.048647802 0.996720195
1341846318.009897 -0.265008438 -0.0440050905 -0.0988903485 0.059953917 -0.033675428 0.045560639 0.996592045
1341846318.045949 -0.2783760795 -0.029621196 -0.102175173 0.061531134 -0.032204229 0.045274079 0.996557593
1341846318.078074 -0.30325464 -0.03468555 -0.09812821499999999 0.060593963 -0.031896275 0.044164911 0.996674716
1341846318.109894 -0.3218594175 -0.0293379435 -0.09303257699999999 0.060916558 -0.034889657 0.042367116 0.996632814
1341846318.145957 -0.32519749049999996 -0.0310123665 -0.0948232305 0.060187072 -0.037230488 0.03970914 0.996701837
1341846318.178001 -0.33804701550000005 -0.03947301 -0.086657337 0.059314352 -0.036266755 0.036772553 0.996902347
1341846318.214074 -0.31675239 -0.048748248 -0.10400170049999999 0.058612823 -0.04000435 0.033768274 0.996907175
1341846318.24597 -0.35050232249999996 -0.06302299950000001 -0.1046406015 0.060198072 -0.042751808 0.034619097 0.996669471
1341846318.278018 -0.357323013 -0.057095397000000006 -0.0994571325 0.064652756 -0.047738507 0.035068315 0.996148229
1341846318.313937 -0.3858871635 -0.051605028 -0.0989671005 0.067059539 -0.051646776 0.035613306 0.995774746
1341846318.345989 -0.377717526 -0.046866672 -0.105708843 0.068876915 -0.062157165 0.034785476 0.9950791
1341846318.382046 -0.399599487 -0.049541769 -0.08569342799999999 0.07117606 -0.067877233 0.034193724 0.994563937
1341846318.414072 -0.41442583499999996 -0.0625754115 -0.106448778 0.071088634 -0.073296167 0.0347137 0.994167507
1341846318.446035 -0.37439671500000005 -0.055294803 -0.1124855595 0.073675245 -0.084085323 0.033679564 0.993160248
1341846318.482196 -0.3830778855 -0.046292553 -0.1187597745 0.075730994 -0.085895807 0.033781394 0.992847204
1341846318.514144 -0.3986176995 -0.0389264265 -0.11471724 0.07635282 -0.086256124 0.034508117 0.992743313
1341846318.546259 -0.410527179 -0.050419520999999995 -0.122200695 0.076687664 -0.087021813 0.034571566 0.992648482
1341846318.582042 -0.424265652 -0.043413615 -0.127610253 0.078686506 -0.086167209 0.03420113 0.992579401
1341846318.614115 -0.4171517325 -0.0505683855 -0.130196277 0.077953801 -0.088037744 0.034041926 0.992478549
1341846318.650038 -0.42895811250000004 -0.0520973415 -0.1334654145 0.077579416 -0.088370189 0.031319704 0.992568016
1341846318.68235 -0.4480200675 -0.0480517695 -0.134356743 0.077767529 -0.087520584 0.029663403 0.992679417
1341846318.714063 -0.466298919 -0.0515883645 -0.135853677 0.077066526 -0.087379567 0.028800908 0.992771924
1341846318.749905 -0.4726953855 -0.056011342500000005 -0.12180929400000001 0.077654116 -0.087491892 0.029944004 0.992682397
1341846318.782036 -0.4935833235 -0.050836729500000004 -0.133592481 0.079652779 -0.086971931 0.03214879 0.992500722
1341846318.814121 -0.5154237764999999 -0.0419396805 -0.115795818 0.08101061 -0.090948269 0.030597281 0.99208343
1341846318.850072 -0.517028679 -0.0578041515 -0.1384131915 0.079510711 -0.097410478 0.028528811 0.991652787
1341846318.883516 -0.5265508544999999 -0.0648887085 -0.157024278 0.081379123 -0.104484566 0.028174281 0.990790904
1341846318.918047 -0.553575555 -0.046990786500000006 -0.14569176150000002 0.086523406 -0.112510562 0.026251955 0.98952812
1341846318.950044 -0.6025481955 -0.049266792000000004 -0.107297721 0.089195319 -0.120345727 0.025327276 0.988392472
1341846318.982028 -0.5976618840000001 -0.0344695995 -0.104186421 0.09253905 -0.125430435 0.02259185 0.987518787
1341846319.018123 -0.6213601394999999 -0.0389075085 -0.133083918 0.091229044 -0.129332408 0.021624811 0.987158954
1341846319.050745 -0.563168943 -0.07220952450000001 -0.16992323999999998 0.088615052 -0.14119263 0.019034518 0.985824347
1341846319.081905 -0.5491347525 -0.0570922335 -0.16422345900000002 0.095739149 -0.143208876 0.017631257 0.984893084
1341846319.117976 -0.5796339524999999 -0.052433536499999996 -0.18056555549999997 0.097887792 -0.140126094 0.02262285 0.98502326
1341846319.150093 -0.5988043035 -0.0616727115 -0.178851222 0.09851376 -0.143549249 0.030016797 0.984270096
1341846319.186069 -0.5797761750000001 -0.033954786 -0.17447333850000002 0.102128878 -0.146832362 0.031877432 0.983358383
1341846319.218149 -0.558728343 -0.007241715 -0.14680356749999998 0.101733416 -0.145198449 0.030171594 0.983695745
1341846319.250034 -0.5864479695 -0.028949265000000002 -0.164293533 0.093287207 -0.136638343 0.02776368 0.985827863
1341846319.286594 -0.6118502309999999 -0.0565771635 -0.17340525 0.089085653 -0.131873101 0.030983511 0.98676908
1341846319.318034 -0.6269017815 -0.0687107565 -0.182749779 0.088399686 -0.130359948 0.034737755 0.986906826
1341846319.350268 -0.682256142 -0.023134428000000002 -0.1000873755 0.094352581 -0.125515074 0.043298081 0.986645222
1341846319.386163 -0.6499850085000001 -0.0357800715 -0.133732512 0.094119631 -0.130895302 0.04947868 0.985677302
1341846319.418386 -0.60841935 -0.044745354 -0.178427097 0.093578115 -0.138840318 0.049978264 0.984616041
1341846319.453961 -0.5850980145 -0.0403863525 -0.1518468255 0.094006911 -0.147458926 0.046301324 0.983501256
1341846319.486271 -0.608001867 -0.0460805085 -0.157477905 0.093003638 -0.146616995 0.04530431 0.98376894
1341846319.518456 -0.6318148545000001 -0.0410161005 -0.1941124545 0.090214126 -0.147786528 0.045998137 0.983821511
1341846319.554083 -0.6266699055 -0.043035669 -0.137964114 0.088427447 -0.152713671 0.043966793 0.983323991
1341846319.586296 -0.6568190775 -0.06685524 -0.1542120165 0.0875891 -0.150120407 0.03938726 0.983992219
1341846319.622031 -0.634322583 -0.042048891 -0.17601574050000002 0.087354578 -0.154750496 0.036313392 0.983413815
1341846319.653962 -0.6628219245 -0.0537897375 -0.1453083705 0.086697511 -0.158691719 0.033984132 0.982927024
1341846319.686352 -0.664713153 -0.044177148 -0.13190114249999998 0.089132018 -0.16315113 0.035822876 0.981913388
1341846319.721992 -0.66106206 -0.038423294999999996 -0.1555307415 0.089637272 -0.167321667 0.03726745 0.981111467
1341846319.754063 -0.6618191175 -0.025966809 -0.1668197565 0.087512195 -0.169200137 0.036855321 0.980996728
1341846319.786397 -0.6747125625 -0.027621324 -0.1400514345 0.082542412 -0.169781223 0.040564857 0.981180727
1341846319.822008 -0.6900901334999999 -0.0278550495 -0.15672179249999998 0.078869723 -0.169233888 0.044173453 0.981421471
1341846319.853917 -0.7005101805 -0.019089963 -0.1380267765 0.07473506 -0.170245185 0.047516309 0.98141402
1341846319.889942 -0.7061408775000001 -0.041001408 -0.13612873949999998 0.069641247 -0.170674518 0.052482739 0.981461108
1341846319.922039 -0.7160943510000001 -0.050598279 -0.160068231 0.06819272 -0.174093187 0.054717995 0.980840087
1341846319.953946 -0.7099738875 -0.051595362 -0.1390894515 0.069249511 -0.181043655 0.051394846 0.979686856
1341846319.990054 -0.7094007 -0.0490503735 -0.1396790775 0.072412722 -0.184060633 0.044590175 0.979229212
1341846320.028122 -0.7179534584999999 -0.0483015375 -0.14585708249999998 0.074586391 -0.187316984 0.043443993 0.97849977
1341846320.054177 -0.7146471645 -0.0467053605 -0.1352632455 0.077915102 -0.193187475 0.044500254 0.977050424
1341846320.090047 -0.6918671654999999 -0.0367159635 -0.1252714815 0.080551557 -0.196626455 0.044232663 0.976162374
1341846320.122011 -0.6815078685 -0.035079012 -0.122735547 0.081200093 -0.194813341 0.045162927 0.976429522
1341846320.157952 -0.6652363185 -0.0407388105 -0.12615067800000002 0.080983333 -0.192965567 0.046019491 0.976774395
1341846320.190003 -0.647232057 -0.0555463035 -0.118487187 0.082909681 -0.190781057 0.044556379 0.977109671
1341846320.221941 -0.64564479 -0.046289358 -0.105625818 0.087889694 -0.187370181 0.045175835 0.977305949
1341846320.258015 -0.6303875130000001 -0.055481894999999996 -0.148315176 0.090155341 -0.186508939 0.048753154 0.977092385
1341846320.289887 -0.6240005055 -0.06408063900000001 -0.121763772 0.094987497 -0.188085422 0.050108451 0.976263523
1341846320.321954 -0.6084737325 -0.061595082 -0.1288950795 0.104106657 -0.189439118 0.047300197 0.975211442
1341846320.35789 -0.5815980675 -0.0569054205 -0.144068067 0.109137572 -0.190211147 0.049567785 0.974398136
1341846320.390064 -0.564215472 -0.050742585 -0.12874827149999998 0.111317895 -0.187938228 0.050458845 0.97454679
1341846320.426544 -0.549833535 -0.07445695050000001 -0.137721609 0.1128335 -0.180183142 0.04689049 0.976014256
1341846320.458122 -0.5639354504999999 -0.056437551 -0.119542626 0.115626797 -0.171551809 0.045233645 0.977319956
1341846320.490186 -0.5368173795 -0.068321808 -0.0949164525 0.118152283 -0.167055875 0.047030862 0.977711856
1341846320.525911 -0.5126292855 -0.0613650555 -0.12443739300000001 0.122063078 -0.159377947 0.044062603 0.978650987
1341846320.558091 -0.502167096 -0.054051866999999996 -0.12328708499999999 0.124152415 -0.155698627 0.040031847 0.979153454
1341846320.594093 -0.471577977 -0.0631862055 -0.0931935015 0.125562459 -0.153006673 0.035919361 0.979557455
1341846320.631955 -0.47168871749999997 -0.0551124765 -0.0977557995 0.128752798 -0.14446798 0.034721062 0.980482638
1341846320.664916 -0.4916261475 -0.053935281 -0.133765821 0.128365159 -0.138748482 0.034595452 0.981363535
1341846320.699927 -0.47685465 -0.063859896 -0.1145986695 0.128340289 -0.136784151 0.0329661 0.981698573
1341846320.731822 -0.4780692585 -0.0572593725 -0.10187325900000001 0.131116182 -0.130185291 0.032421622 0.982246995
1341846320.763877 -0.5133763485 -0.022109260500000002 -0.144783297 0.13065125 -0.124565512 0.033313747 0.98300755
1341846320.799999 -0.48794263649999997 -0.061375769999999996 -0.1491880545 0.120812751 -0.127586871 0.027481096 0.984058261
1341846320.831871 -0.366139935 -0.056921778 -0.0418192335 0.124671668 -0.128516153 0.023205331 0.983565986
1341846320.863887 -0.44440629299999995 -0.034162119000000005 -0.13582067849999999 0.123650037 -0.109278999 0.023571255 0.986008704
1341846320.900014 -0.43320609449999997 -0.0651238695 -0.14525905050000001 0.114329159 -0.114176109 0.027000502 0.986490548
1341846320.931889 -0.382139415 -0.0818209935 -0.1322931195 0.114452183 -0.117189817 0.02572459 0.98615694
1341846320.967866 -0.3928300965 -0.047046195000000006 -0.148441779 0.116413534 -0.110596426 0.022946896 0.986757219
1341846321.000017 -0.393339483 -0.0569675205 -0.1428017445 0.109927848 -0.109736912 0.020589424 0.987648606
1341846321.03186 -0.3620018565 -0.068942844 -0.132071049 0.107192561 -0.110881537 0.018722866 0.987858534
1341846321.068047 -0.35481219750000004 -0.053621028 -0.122816196 0.108989149 -0.108142801 0.016370354 0.988007367
1341846321.09984 -0.380512152 -0.046179454499999995 -0.127033443 0.107237391 -0.103874974 0.017595248 0.988635659
1341846321.131821 -0.346915404 -0.0589855455 -0.115580961 0.106624894 -0.104416944 0.019254198 0.988613904
1341846321.167887 -0.3381427035 -0.050825574 -0.110540097 0.109967306 -0.100529157 0.019571589 0.98864454
1341846321.200042 -0.33372886049999995 -0.0479974455 -0.1152156285 0.110359505 -0.0980037 0.019377006 0.988858223
1341846321.23195 -0.31466552849999996 -0.0574380045 -0.10665178650000001 0.109274179 -0.098055959 0.018482286 0.988990664
1341846321.267939 -0.2992004145 -0.051212285999999996 -0.1168916895 0.110365652 -0.096157067 0.013404031 0.989137769
1341846321.299948 -0.3181411035 -0.056945259 -0.1127569005 0.109198742 -0.089596838 0.00782611 0.989942849
1341846321.331858 -0.3205678635 -0.0625075785 -0.115916013 0.109255001 -0.086179912 0.004184812 0.990262032
1341846321.367913 -0.287513091 -0.0684203625 -0.1059328575 0.110935725 -0.085409336 -0.000535731 0.99015063
1341846321.399897 -0.2815060185 -0.0623524455 -0.105651477 0.113244064 -0.080243535 -0.00147503 0.990320444
1341846321.435994 -0.285295743 -0.071786232 -0.10515406050000001 0.114163667 -0.076061338 -0.002156063 0.990543604
1341846321.467946 -0.270214218 -0.0696870675 -0.109323999 0.115942024 -0.0742466 -0.001614229 0.990475774
1341846321.499882 -0.2507482215 -0.0668282085 -0.09457510050000001 0.117822543 -0.072333544 -0.001131614 0.990396142
1341846321.536109 -0.2162587995 -0.0561748545 -0.105100443 0.118206501 -0.068812691 -0.003401601 0.990596056
1341846321.56896 -0.227209005 -0.0448330185 -0.0920219625 0.116415657 -0.061167531 -0.006514489 0.991293848
1341846321.603938 -0.22442627699999998 -0.055625157 -0.0958958775 0.112269714 -0.058303408 -0.007113427 0.991940379
1341846321.637163 -0.209226267 -0.044397269999999996 -0.0844218 0.110836007 -0.05410599 -0.007195503 0.992338717
1341846321.668306 -0.210950325 -0.035893732500000004 -0.0768185145 0.10710986 -0.044591025 -0.00516402 0.993233323
1341846321.704411 -0.23401946699999998 -0.041497542 -0.080796492 0.102832161 -0.041220635 0.002073447 0.993842125
1341846321.736861 -0.2208082995 -0.0398739285 -0.07721135999999999 0.10122028 -0.044200383 0.01031297 0.993828177
1341846321.771881 -0.1977072705 -0.0241108695 -0.079311681 0.099246107 -0.045621425 0.015224146 0.993899941
1341846321.804114 -0.1872472725 -0.030186665999999997 -0.0725544585 0.094372205 -0.043841526 0.018409826 0.99440074
1341846321.836152 -0.1964140605 -0.028161819 -0.0819812835 0.091406748 -0.040829923 0.019265633 0.99478972
1341846321.871882 -0.1985083785 -0.0225524745 -0.0836179065 0.086598516 -0.039633878 0.016962681 0.995310068
1341846321.904074 -0.18713043000000001 -0.025972663500000003 -0.069853536 0.080279738 -0.038654037 0.013206216 0.995935082
1341846321.939847 -0.18587901150000002 -0.0308835225 -0.062351635499999995 0.076289728 -0.035450302 0.010171601 0.996403396
1341846322.004094 -0.1579563945 -0.031240458 -0.062309132999999996 0.069877438 -0.039394386 0.007563376 0.996748745
1341846322.034203 -0.1679590395 -0.0455940585 -0.061043571000000005 0.066911653 -0.037717152 0.007956577 0.997013986
1341846322.066178 -0.16797033900000002 -0.0453216105 -0.056605932 0.064477175 -0.033683695 0.005559503 0.997335076
1341846322.107979 -0.175141107 -0.067763484 -0.060295059000000005 0.060875773 -0.031123698 0.004519867 0.997649789
1341846322.13398 -0.1763277165 -0.08934007499999999 -0.0560670885 0.061475512 -0.030122634 0.001942086 0.997652054
1341846322.166164 -0.1800289125 -0.09374526000000001 -0.0682656885 0.063386567 -0.030644245 0.003761721 0.997511387
1341846322.202932 -0.1725774705 -0.101568825 -0.0642277665 0.064338826 -0.033685308 0.004640049 0.997348666
1341846322.234093 -0.1352992995 -0.1006268175 -0.0680288805 0.06377954 -0.037812263 0.001418007 0.997246444
1341846322.265941 -0.173608308 -0.114904755 -0.0658104885 0.060631692 -0.037900072 0.00259807 0.997437
1341846322.301996 -0.16464201750000002 -0.1385896455 -0.0711364995 0.057455871 -0.040088985 0.003536119 0.99753654
1341846322.333949 -0.141842052 -0.1541257335 -0.0681511905 0.05627064 -0.043617245 0.002368998 0.997459531
1341846322.369871 -0.1262412765 -0.172461546 -0.0688653 0.056687616 -0.050101589 -0.000936785 0.997133613
1341846322.402292 -0.166645629 -0.151060689 -0.063229734 0.0614908 -0.04529446 -0.00503564 0.997066677
1341846322.433955 -0.18705029850000002 -0.1951171605 -0.0671741325 0.063987501 -0.042179246 -0.008755661 0.997020483
1341846322.47003 -0.190974537 -0.19433739149999998 -0.07207659 0.072819971 -0.04615473 -0.004330005 0.99626714
1341846322.502433 -0.18222718499999999 -0.2206397025 -0.07033212900000001 0.077326559 -0.049666375 -0.002631553 0.995764494
1341846322.534002 -0.1692392265 -0.25360677 -0.0666443025 0.083628304 -0.051077906 0.001458998 0.995186031
1341846322.570196 -0.173753766 -0.2577266595 -0.054664424999999996 0.093641244 -0.050932091 0.002301577 0.99429971
1341846322.60192 -0.1798388775 -0.257018436 -0.0654633 0.099721678 -0.053606283 0.00574779 0.993553698
1341846322.638119 -0.1560821355 -0.280815363 -0.054090828 0.103851721 -0.058738928 0.006146783 0.992837727
1341846322.669947 -0.136517985 -0.2820905055 -0.0528371955 0.109409615 -0.057440866 0.005302842 0.992321491
1341846322.702026 -0.15999049799999998 -0.294409791 -0.0646226415 0.111717023 -0.053526297 0.006873079 0.992273629
1341846322.738006 -0.15866832150000001 -0.269386875 -0.060348141 0.115600079 -0.056249354 0.009042317 0.991660655
1341846322.770087 -0.1413970065 -0.29586954600000004 -0.0441364905 0.114443451 -0.057285894 0.009808169 0.991728187
1341846322.806047 -0.1592433045 -0.311468976 -0.050805684 0.117289342 -0.055808518 0.011075034 0.991466582
1341846322.838063 -0.16344258750000001 -0.3150271575 -0.0569339325 0.119306661 -0.059877992 0.012821179 0.990967333
1341846322.870081 -0.1549989225 -0.3351386655 -0.049127318999999996 0.12024463 -0.065403581 0.013936181 0.990489483
1341846322.906018 -0.137285784 -0.3381084405 -0.0376637445 0.125624448 -0.068558626 0.014276172 0.989603162
1341846322.938349 -0.14176991700000002 -0.327088683 -0.054343233 0.126431465 -0.06684614 0.015257899 0.989602864
1341846322.970069 -0.170026974 -0.2791118925 -0.0518822595 0.125122398 -0.06558089 0.017790819 0.989811599
1341846323.01182 -0.1406698785 -0.3526112115 -0.0437928075 0.118200183 -0.066906601 0.016189072 0.990600884
1341846323.03805 -0.170572752 -0.3014444205 -0.0499844115 0.121239662 -0.064955585 0.020309918 0.990287423
1341846323.073951 -0.16882636499999998 -0.29850099750000003 -0.051622222499999995 0.118881062 -0.065490693 0.022455502 0.990491807
1341846323.105962 -0.1669994145 -0.32188949099999997 -0.04096048049999999 0.115029402 -0.065764278 0.02216148 0.990934968
1341846323.138158 -0.16751592450000002 -0.324176877 -0.044848241999999996 0.115788497 -0.065537363 0.018607613 0.99093473
1341846323.174092 -0.16928500500000002 -0.32410667249999997 -0.0475840935 0.114069231 -0.065762661 0.01697932 0.991148412
1341846323.206059 -0.162076086 -0.3279379725 -0.04566132 0.11148411 -0.066737212 0.014727236 0.991413414
1341846323.238053 -0.156872835 -0.33291353700000004 -0.045978020999999994 0.108874358 -0.064053141 0.012860957 0.991906345
1341846323.273997 -0.170070507 -0.33563309399999997 -0.059977736999999996 0.104408942 -0.06277734 0.013422569 0.99246037
1341846323.305946 -0.1685930805 -0.3503329425 -0.04635993150000001 0.098741792 -0.067031056 0.013442269 0.99276191
1341846323.342027 -0.1447668 -0.369190413 -0.031897935 0.096251428 -0.067089744 0.011087487 0.993031561
1341846323.374048 -0.14364314099999997 -0.42807408750000003 -0.026919315 0.093251504 -0.06335669 0.011397623 0.993559361
1341846323.405987 -0.1841305455 -0.3862214685 -0.050666634 0.096006364 -0.064840168 0.017648054 0.993109763
1341846323.441956 -0.163651698 -0.3981369465 -0.033351804 0.096856892 -0.070873216 0.020470478 0.992560685
1341846323.473878 -0.1662850215 -0.401192118 -0.033891993 0.101430312 -0.068868294 0.018843573 0.992277145
1341846323.506129 -0.17114808599999998 -0.393472116 -0.043426197 0.104554966 -0.068460755 0.016403001 0.992024362
1341846323.541972 -0.154863441 -0.40645454400000003 -0.049372119000000006 0.102104127 -0.069690019 0.014537828 0.992223084
1341846323.573913 -0.1334466135 -0.416027853 -0.047774119500000004 0.101907313 -0.066579953 0.008720811 0.992525041
1341846323.609927 -0.15557809949999998 -0.4177145565 -0.042893703000000005 0.102976456 -0.059159439 0.004644599 0.992912114
1341846323.642014 -0.17150428350000002 -0.4270464 -0.046630808999999995 0.10171517 -0.05642391 0.005161906 0.993198693
1341846323.674081 -0.169971336 -0.45139016249999997 -0.046441381500000004 0.100245751 -0.058550205 0.007602416 0.993209362
1341846323.710069 -0.166921308 -0.470467674 -0.05388237 0.100719325 -0.05983543 0.011644758 0.993045688
1341846323.742111 -0.1701979785 -0.4703030865 -0.048388428 0.105955876 -0.061651003 0.012861179 0.99237448
1341846323.774928 -0.167010291 -0.428850387 -0.055355994 0.112533107 -0.063954152 0.011137738 0.991525114
1341846323.810012 -0.16395113249999999 -0.433235763 -0.056578176 0.11402306 -0.065339625 0.007814752 0.991296351
1341846323.842207 -0.155872755 -0.4416179715 -0.068680971 0.115222007 -0.065424368 0.002624354 0.991179407
1341846323.878019 -0.1693415025 -0.45378554400000004 -0.064281591 0.115956999 -0.06541656 -0.001303662 0.991096854
1341846323.909826 -0.164885364 -0.46742531400000004 -0.066748311 0.119136952 -0.067249916 -0.005689193 0.990581334
1341846323.942459 -0.1684216215 -0.46474263450000003 -0.0691781085 0.123154618 -0.067164123 -0.005902781 0.990094483
1341846323.978055 -0.173040219 -0.4714096005 -0.071411157 0.125233278 -0.069734119 -0.004167914 0.989664793
1341846324.015934 -0.16349255999999998 -0.46950529950000003 -0.0640994355 0.129175037 -0.072769009 -0.003610446 0.98894155
1341846324.047722 -0.1628870175 -0.4569799545 -0.0648646425 0.133325204 -0.071020059 -0.004586074 0.988513768
1341846324.083904 -0.1610724015 -0.4418200395 -0.070441137 0.134140447 -0.069601841 -0.004553732 0.988504529
1341846324.115968 -0.1586481705 -0.437142771 -0.067122396 0.132269353 -0.068073288 -0.006486382 0.988852262
1341846324.151967 -0.1532120355 -0.43328582099999996 -0.069322257 0.132153854 -0.065530553 -0.010847998 0.989001215
1341846324.183941 -0.15616715850000001 -0.4242649815 -0.0694253115 0.129555076 -0.061197225 -0.014097667 0.989581525
1341846324.219984 -0.16356648599999998 -0.4669177365 -0.0678225465 0.121715598 -0.059118859 -0.014272827 0.990700066
1341846324.251968 -0.171409869 -0.423884979 -0.060052396499999994 0.12453112 -0.058477268 -0.014593444 0.990383506
1341846324.284052 -0.1752361425 -0.4080287655 -0.060449593499999996 0.125779212 -0.058896463 -0.015445797 0.990188003
1341846324.31988 -0.177320034 -0.39818281499999997 -0.057338046000000004 0.124430038 -0.062293392 -0.015801724 0.990144908
1341846324.351917 -0.17552833650000002 -0.37558215 -0.050015780999999995 0.122240134 -0.065886311 -0.016975075 0.99016577
1341846324.388001 -0.160326882 -0.40482302400000003 -0.0651335175 0.115129933 -0.066469267 -0.02131678 0.990894794
1341846324.419908 -0.16466003999999998 -0.389809089 -0.0606841245 0.111183897 -0.064325042 -0.023779504 0.991430759
1341846324.452027 -0.171830322 -0.3919633065 -0.054642528 0.106031626 -0.063454732 -0.024445023 0.992034912
1341846324.487928 -0.175588632 -0.38535125849999996 -0.0519433785 0.104599066 -0.063687332 -0.022729529 0.992212832
1341846324.519985 -0.1873544445 -0.37149272099999997 -0.050506141500000004 0.103365026 -0.065109044 -0.018448463 0.992338717
1341846324.556001 -0.18914436899999998 -0.31837468950000003 -0.0388525545 0.104692087 -0.070258193 -0.013950245 0.991921723
1341846324.587888 -0.18532808550000002 -0.33614536500000003 -0.0459839115 0.098893501 -0.073411807 -0.012071027 0.992312968
1341846324.620086 -0.18479191500000003 -0.329029362 -0.041127327 0.096945509 -0.0760253 -0.014194617 0.992280304
1341846324.655955 -0.153940473 -0.363194703 -0.03611988 0.093019709 -0.079073414 -0.016581023 0.992380857
1341846324.688082 -0.15839609400000002 -0.359553906 -0.031085297999999997 0.092332914 -0.078573622 -0.015952159 0.992495
1341846324.755922 -0.190308429 -0.27572924249999997 -0.0349166385 0.097129166 -0.080099449 -0.011347333 0.991978467
1341846324.782029 -0.186878403 -0.259982766 -0.037367361 0.095544532 -0.085088342 -0.01253318 0.991702616
1341846324.814016 -0.16819363350000002 -0.241690401 -0.036358722 0.092919432 -0.087241217 -0.014014375 0.991745174
1341846324.849979 -0.1814176755 -0.227376036 -0.020478338999999998 0.08784347 -0.083266139 -0.016664971 0.992508233
1341846324.881924 -0.19292499000000002 -0.223206678 -0.019218141 0.085049383 -0.083741337 -0.01760377 0.992695391
1341846324.913902 -0.18588955499999998 -0.2126806335 -0.016993624500000002 0.08392784 -0.08573693 -0.014469719 0.992671132
1341846324.949999 -0.188165007 -0.21715735949999998 -0.011175264 0.083552524 -0.085924901 -0.01104651 0.992730498
1341846324.981922 -0.2041508745 -0.2105266185 -0.0099512145 0.087892085 -0.087380044 -0.008228824 0.992255986
1341846325.018013 -0.20178860399999998 -0.1955994885 -0.013845717 0.092308275 -0.092799835 -0.005114116 0.991383493
1341846325.050079 -0.20598934500000002 -0.1790556255 -0.026171667 0.094639689 -0.097241715 -0.005904186 0.990733325
1341846325.081901 -0.2038911705 -0.157434354 -0.0252927765 0.094617657 -0.1023174 -0.008206771 0.990207672
1341846325.118531 -0.18677907900000001 -0.140905593 -0.026953501499999998 0.090789527 -0.105329268 -0.00956935 0.99023807
1341846325.149933 -0.188638236 -0.140272677 -0.017417803500000002 0.085145541 -0.102977097 -0.011975019 0.990960419
1341846325.181925 -0.194278905 -0.135124686 -0.012829522500000001 0.081873894 -0.101465426 -0.010364428 0.991410136
1341846325.218055 -0.1948707 -0.1271022075 -0.0157851855 0.078889012 -0.101308271 -0.006210782 0.991702855
1341846325.249811 -0.1978618815 -0.118109556 -0.014290254 0.076879807 -0.10125193 -0.002416182 0.99188292
1341846325.285925 -0.195051294 -0.10537020450000001 -0.015944755499999998 0.074425742 -0.101966009 0.000315218 0.991999805
1341846325.317988 -0.181578276 -0.11026121850000001 -0.0051809445 0.071497656 -0.100730687 0.002681638 0.992337763
1341846325.349844 -0.18936933749999998 -0.148968009 -0.011850682500000001 0.071359113 -0.095222957 0.00457604 0.992884457
1341846325.387302 -0.1879394175 -0.101853918 -0.0005337675 0.078785777 -0.092977837 0.008196169 0.992512345
1341846325.417931 -0.1753914735 -0.1277570835 -0.010187109 0.079186238 -0.088745736 0.010792464 0.992843032
1341846325.450747 -0.1670363595 -0.13390963649999998 0.0015898589999999999 0.08351355 -0.08123143 0.012798608 0.993107796
1341846325.485954 -0.19001591550000002 -0.112763673 0.001276605 0.092643984 -0.072920948 0.016036596 0.99289602
1341846325.517875 -0.192234573 -0.1010370285 -0.00019389150000000003 0.096536316 -0.070124164 0.018389085 0.992685854
1341846325.553859 -0.190964331 -0.09569621249999999 -0.0002768265 0.099551044 -0.066613518 0.018613042 0.992625713
1341846325.585855 -0.195795576 -0.072912348 -0.0034779060000000002 0.103052206 -0.063324198 0.016963862 0.992513239
1341846325.61799 -0.199077192 -0.051704532 -0.0020499435 0.100761808 -0.061265569 0.015509084 0.992901325
1341846325.653982 -0.2033492445 -0.068598306 0.005289417 0.097281486 -0.059203863 0.01210069 0.99342072
1341846325.685819 -0.2057001525 -0.0687211515 0.007125358500000001 0.102328427 -0.057683419 0.013890691 0.992979646
1341846325.717857 -0.2106048735 -0.050288791500000006 0.010564321500000001 0.107157923 -0.056640856 0.020926312 0.992406726
1341846325.754083 -0.214259013 -0.0514387305 0.0078786045 0.109437674 -0.056450937 0.025447417 0.992063046
1341846325.786087 -0.210302757 -0.046940921999999996 0.0069546195 0.11556834 -0.056201126 0.026890624 0.991343677
1341846325.821856 -0.209962602 -0.023274355500000003 0.009001336499999998 0.120499134 -0.054483473 0.028961593 0.990793943
1341846325.853827 -0.22025093399999998 -0.0154358235 0.012344688 0.121232383 -0.05324344 0.032050073 0.99067682
1341846325.885958 -0.209760984 -0.011137797000000001 0.0155617245 0.121352106 -0.056630157 0.03758375 0.990279853
1341846325.921984 -0.223568073 0.0034327575 0.0157002705 0.120430104 -0.05988216 0.042350918 0.990008652
1341846325.953899 -0.212043762 0.007278534 0.019972741500000002 0.123228513 -0.060471144 0.044461917 0.989535809
1341846325.985823 -0.217184751 0.021162807 0.024180952500000002 0.12612763 -0.057359882 0.048651017 0.989158571
1341846326.021991 -0.2195129745 0.006899395500000001 0.01914912 0.126639307 -0.057053369 0.054372124 0.988812983
1341846326.054055 -0.21557078100000002 0.020575566000000003 0.023151599999999998 0.131779179 -0.058306731 0.058860045 0.987810731
1341846326.089984 -0.20552924250000001 0.041984136 0.023449977 0.13513276 -0.057139248 0.058386613 0.987453938
1341846326.121822 -0.20543488199999999 0.053544429000000004 0.027464764500000002 0.135111153 -0.053290099 0.056213167 0.987798154
1341846326.154079 -0.2145679515 0.054305297999999995 0.033339609 0.135588586 -0.050145857 0.054629475 0.987986207
1341846326.190178 -0.2202995655 0.06946569 0.035977585500000006 0.138367757 -0.050212201 0.05696227 0.98746562
1341846326.222162 -0.22257496799999998 0.088706043 0.031375826999999995 0.137819067 -0.051976174 0.062585734 0.987110615
1341846326.259181 -0.2189416635 0.0610348005 0.0308854215 0.132208124 -0.054691795 0.066718951 0.987460613
1341846326.291222 -0.21264912000000002 0.074028483 0.035710371 0.128994986 -0.056168232 0.067281365 0.987764478
1341846326.322766 -0.2111079375 0.08404331400000001 0.038465847000000004 0.12510249 -0.055815727 0.06575273 0.988387883
1341846326.359773 -0.2110895325 0.089378235 0.044827074 0.121520914 -0.05430961 0.062973626 0.989099324
1341846326.392109 -0.2102587335 0.0831170565 0.0532290015 0.119658493 -0.052640285 0.063701779 0.989369988
1341846326.423985 -0.21768007050000002 0.0907304715 0.054734188499999996 0.123715661 -0.051256116 0.069059297 0.988583863
1341846326.459869 -0.2241462915 0.1078248465 0.0563654745 0.126379758 -0.053304676 0.072252609 0.987910092
1341846326.491143 -0.21228551099999998 0.1185627915 0.056981457 0.127322733 -0.05531555 0.07261619 0.987651765
1341846326.526163 -0.21129903 0.12734585099999998 0.05465259 0.126100659 -0.052531362 0.072126605 0.98799634
1341846326.560211 -0.216577044 0.1926520245 0.0707878305 0.124635085 -0.048671775 0.072906412 0.988322735
1341846326.591828 -0.21786973650000002 0.14065706700000002 0.06429905550000001 0.117753781 -0.046283297 0.073513493 0.989235938
1341846326.627027 -0.211363452 0.16887742649999998 0.0656776575 0.118973017 -0.045069743 0.072892293 0.989192009
1341846326.658442 -0.212764824 0.1712402865 0.067933944 0.116325647 -0.041137259 0.071377508 0.989788532
1341846326.694856 -0.218963673 0.18239388299999998 0.07171852949999999 0.113016397 -0.037452582 0.071158193 0.990333855
1341846326.726206 -0.2197142235 0.1960688565 0.0721088865 0.107657492 -0.036322873 0.068748906 0.991142809
1341846326.762753 -0.214445646 0.2123010675 0.076270383 0.102483809 -0.034213796 0.065819167 0.991964877
1341846326.794046 -0.2205501165 0.223535232 0.07616449349999999 0.095297314 -0.029834939 0.061614145 0.99309212
1341846326.826821 -0.2192390865 0.2464920585 0.07729477650000001 0.089071535 -0.028018156 0.060953975 0.993763506
1341846326.858887 -0.2194255665 0.224924967 0.08006658750000001 0.078922175 -0.026583403 0.058431678 0.994811714
1341846326.89536 -0.2268874395 0.2220947505 0.082128735 0.076035738 -0.026369199 0.060250122 0.994933724
1341846326.926897 -0.23157483750000002 0.2301115905 0.0843853635 0.078109868 -0.029782662 0.062196005 0.994556904
1341846326.958888 -0.223850007 0.24370411949999998 0.0872511885 0.080493324 -0.032665037 0.065557182 0.994060397
1341846326.994594 -0.2199296385 0.262152855 0.0816481755 0.081835888 -0.032676414 0.068326607 0.993763804
1341846327.026301 -0.217417248 0.273703473 0.088363458 0.079936735 -0.031354524 0.066755429 0.994067729
1341846327.063945 -0.2158852545 0.277545969 0.09604364400000001 0.077073559 -0.029362567 0.063857853 0.994544923
1341846327.094662 -0.21727068300000002 0.2904599025 0.0962792235 0.077458188 -0.027063068 0.061961241 0.994700253
1341846327.128901 -0.2191580865 0.3021157755 0.096114033 0.076626562 -0.026943726 0.05980818 0.99489969
1341846327.16194 -0.218631348 0.297625356 0.09672748199999999 0.075040385 -0.027745575 0.058860309 0.995055079
1341846327.193867 -0.210353166 0.3016236915 0.10256676749999999 0.073867179 -0.026888436 0.057448566 0.995248854
1341846327.229885 -0.207707985 0.3163434525 0.103214898 0.075189263 -0.023778163 0.055770759 0.995324433
1341846327.262014 -0.20642411249999998 0.3303487755 0.101307321 0.075303741 -0.020255083 0.054578505 0.995459795
1341846327.294023 -0.184984866 0.3373832385 0.053062902 0.076524064 -0.011053473 0.043300208 0.996065736
1341846327.330015 -0.2024767215 0.37944865800000005 0.087797529 0.082790755 0.003277763 0.041631628 0.995691597
1341846327.361939 -0.210664719 0.39610671750000004 0.117545076 0.082366168 0.00958961 0.037536427 0.995848775
1341846327.393887 -0.21023698950000003 0.39361095449999994 0.1214080515 0.079818614 0.011500545 0.031035123 0.996259749
1341846327.429966 -0.21914438849999998 0.3869355375 0.1077378975 0.077026322 0.011772584 0.031181552 0.996471822
1341846327.461965 -0.225830115 0.4030574265 0.1185499755 0.068695322 0.007880615 0.030324344 0.997145534
1341846327.497931 -0.21599453700000001 0.41429430450000004 0.126031329 0.064999461 0.004762258 0.029242285 0.997445405
1341846327.530068 -0.2184989175 0.430361442 0.1284429105 0.064068921 0.005332618 0.031330947 0.997439265
1341846327.561895 -0.22452649200000002 0.44209520100000005 0.14169727799999998 0.062885784 0.003417024 0.03649883 0.997347236
1341846327.59801 -0.22870401750000002 0.44350094700000003 0.139979997 0.063426003 0.000875344 0.040928934 0.997146487
1341846327.629945 -0.231691176 0.455988978 0.147924198 0.064223208 -0.003681131 0.04200381 0.997044384
1341846327.662003 -0.229868649 0.4977180495 0.1550066175 0.066854022 -0.007867512 0.038243867 0.996998489
1341846327.697919 -0.2251980495 0.4637237985 0.135654876 0.065735035 -0.008942575 0.038050655 0.997071266
1341846327.730075 -0.231234111 0.487743111 0.13612014 0.062693842 -0.00893825 0.037952963 0.997270882
1341846327.766017 -0.23046869250000002 0.48800409299999997 0.137382336 0.0564727 -0.009834585 0.038952313 0.997595549
1341846327.797917 -0.232726995 0.50819328 0.1413318465 0.053949181 -0.009760177 0.041140322 0.99764806
1341846327.830054 -0.234266346 0.5151593114999999 0.1464354045 0.045943439 -0.010408186 0.041856907 0.998012424
1341846327.865944 -0.2301988455 0.531498393 0.146131659 0.043792281 -0.009379804 0.042127136 0.99810797
1341846327.89801 -0.232316919 0.5847280020000001 0.15909009750000003 0.043607634 -0.00847242 0.042682335 0.998100579
1341846327.929991 -0.2303790885 0.5919374430000001 0.1598591385 0.038840089 -0.010552244 0.041569345 0.998324633
1341846327.966065 -0.231558237 0.549560889 0.14661150750000002 0.032472074 -0.009533342 0.038191091 0.998697221
1341846327.998073 -0.2311475265 0.5527289790000001 0.150522417 0.02542459 -0.008558802 0.034714554 0.999037147
1341846328.034045 -0.2287191375 0.560761524 0.15132582449999998 0.020013599 -0.00797679 0.032204367 0.999249041
1341846328.065993 -0.2279863755 0.5653250369999999 0.1499400585 0.015154171 -0.007453552 0.032908835 0.999315679
1341846328.098045 -0.233423127 0.556954065 0.151218198 0.012402807 -0.005930619 0.032839309 0.999366045
1341846328.133967 -0.2343049065 0.554119236 0.14732514 0.015181611 -0.006792033 0.036285002 0.999203086
1341846328.166023 -0.227402775 0.5453595450000001 0.1495270485 0.014153891 -0.010934654 0.037230566 0.99914664
1341846328.198018 -0.22804074 0.5249978909999999 0.1362777345 0.012013037 -0.01363791 0.034712303 0.999232113
1341846328.234044 -0.232375644 0.5224483169999999 0.14032886849999998 0.016165871 -0.014425953 0.033344839 0.999209046
1341846328.265899 -0.23119295399999998 0.521118576 0.14205366 0.018928349 -0.016230557 0.034339715 0.999099135
1341846328.302051 -0.22996004399999997 0.49967089649999996 0.1319637015 0.019978689 -0.016567279 0.034150448 0.999079645
1341846328.333917 -0.2347804935 0.4837598325 0.1323199665 0.023273051 -0.015973905 0.037145548 0.998911142
1341846328.366008 -0.228252483 0.4732196895 0.1229546475 0.028854806 -0.017635088 0.035851993 0.998784781
1341846328.40201 -0.21527552249999998 0.46984258799999995 0.10494390149999999 0.042367868 -0.017861223 0.041337926 0.998086751
1341846328.43392 -0.224484867 0.4755316185 0.12101786099999999 0.048751432 -0.019373512 0.046581339 0.997536063
1341846328.470003 -0.21189690900000002 0.434882439 0.106319178 0.045720756 -0.021755628 0.037768677 0.998002946
1341846328.502194 -0.221401989 0.4132770795 0.12054123900000001 0.044548988 -0.017142767 0.025128901 0.998543978
1341846328.534033 -0.21546074250000002 0.3866922945 0.1062020655 0.044743493 -0.014197839 0.02094808 0.998677909
1341846328.570125 -0.22105915199999998 0.33470578799999995 0.1170165915 0.044286925 -0.013020981 0.019805703 0.998737633
1341846328.602804 -0.228016953 0.3070051425 0.1224177885 0.048738141 -0.016623206 0.022511778 0.998419523
1341846328.636433 -0.2353663035 0.287899632 0.115559622 0.052990228 -0.022921631 0.022092361 0.998087466
1341846328.672663 -0.22710354300000002 0.275058153 0.11653828649999999 0.058874696 -0.030234611 0.021627186 0.997573018
1341846328.702975 -0.212806512 0.260237826 0.107244081 0.061088659 -0.035332233 0.02323466 0.997236133
1341846328.738215 -0.20871314549999997 0.25508525400000004 0.100280043 0.066962056 -0.036511954 0.017710224 0.996929944
1341846328.770129 -0.2101017555 0.25175991600000003 0.10169418599999999 0.071325101 -0.037890363 0.017606277 0.996577621
1341846328.802331 -0.214471359 0.246479652 0.0979050555 0.072093919 -0.039881051 0.017452026 0.996447384
1341846328.838051 -0.20049517349999998 0.210162762 0.0870828255 0.074192129 -0.044044126 0.016972324 0.996126294
1341846328.869939 -0.1939922775 0.2144914605 0.08666585099999999 0.074792847 -0.046169717 0.017409679 0.995977521
1341846328.904486 -0.1980758565 0.19263491100000002 0.086535036 0.069737636 -0.048299413 0.015343745 0.996277273
1341846328.939814 -0.18795561300000002 0.1613609415 0.083564631 0.070812896 -0.052369297 0.016307468 0.995980442
1341846328.970217 -0.1891334025 0.1615464315 0.08804952 0.075792313 -0.053909276 0.019444177 0.995475352
1341846329.006232 -0.186291738 0.1746948195 0.08597358449999999 0.077459827 -0.056116231 0.022745326 0.995155036
1341846329.038243 -0.1776684015 0.156570633 0.081368307 0.080315895 -0.057811417 0.024315707 0.994794428
1341846329.072238 -0.17546496749999999 0.1601965755 0.076102659 0.084968984 -0.057317853 0.024585789 0.994429708
1341846329.106125 -0.176140935 0.1491305535 0.071346627 0.083536431 -0.058093444 0.023902377 0.99452275
1341846329.13834 -0.1771435935 0.130616523 0.066027294 0.084612638 -0.058397394 0.021106008 0.994477212
1341846329.169991 -0.174373812 0.129357594 0.05887404 0.086669959 -0.059711933 0.020595485 0.994232655
1341846329.208656 -0.17328020849999998 0.1206130455 0.0569187405 0.087051518 -0.060647435 0.019282889 0.994169056
1341846329.238169 -0.168434379 0.12141828 0.05082671700000001 0.086864837 -0.061970916 0.019133082 0.99410665
1341846329.273827 -0.168930585 0.1056386025 0.050247774 0.084510557 -0.062862001 0.019664289 0.994243205
1341846329.306052 -0.1692354375 0.1040291505 0.046434348 0.085272141 -0.065123983 0.018871756 0.994047999
1341846329.338104 -0.1639438245 0.10343641499999999 0.04492188 0.082133383 -0.067281127 0.017105529 0.994200587
1341846329.373907 -0.16549350300000001 0.0791126955 0.042532398 0.077742279 -0.067711122 0.014793918 0.994561434
1341846329.405985 -0.16294639500000002 0.0711212445 0.042301485 0.078870922 -0.069497027 0.01286234 0.994376242
1341846329.442057 -0.1601814735 0.0696152115 0.0394215795 0.078850411 -0.0701579 0.009326046 0.994370878
1341846329.47395 -0.16960462650000002 0.0525841425 0.041183469 0.07770697 -0.070639871 0.003025611 0.994465947
1341846329.506147 -0.171211419 0.0509181255 0.0351210105 0.078473605 -0.072331287 -5.8186e-05 0.994288743
1341846329.542121 -0.17301487050000003 0.036172035000000005 0.034514748 0.076091841 -0.075273387 -0.000540586 0.994255364
1341846329.574086 -0.16744839749999998 0.0184552245 0.0392203575 0.077843584 -0.078207783 -0.000898573 0.993892908
1341846329.606387 -0.167645052 0.020309166 0.0315141435 0.081031136 -0.078338251 -0.002422349 0.993625283
1341846329.641955 -0.1715776245 0.0165657375 0.024615922499999998 0.080886394 -0.079259843 -0.002159052 0.993564606
1341846329.68157 -0.172640601 0.0030848625 0.025103376 0.079575777 -0.082105525 -0.002108644 0.993439436
1341846329.748113 -0.16489953 -0.0002863845 0.023526409499999998 0.082087293 -0.082624145 -0.004641915 0.993183494
1341846329.774077 -0.166384584 -0.0138388365 0.0280834065 0.079512082 -0.080797426 -0.002069787 0.99355191
1341846329.810175 -0.17057825100000001 -0.025840782 0.0244702035 0.07922063 -0.078960985 -0.000158084 0.993724942
1341846329.842255 -0.1713861135 -0.035149248 0.020065401 0.080226324 -0.078803942 0.003191674 0.993651569
1341846329.874044 -0.17330250149999998 -0.0410827635 0.0231518205 0.081847779 -0.078850374 0.006792895 0.99349761
1341846329.910073 -0.152816715 -0.020129589 0.026387964 0.083528459 -0.080365665 0.008125643 0.99322623
1341846329.942009 -0.1745229915 -0.037072377000000004 0.017462484 0.077494815 -0.079605117 0.013827508 0.993713439
1341846329.978087 -0.1723398255 -0.0372919995 0.0212007375 0.075844914 -0.080234349 0.015189019 0.993770242
1341846330.016305 -0.148115052 -0.039763480500000004 0.0213500745 0.078005224 -0.08058352 0.012695592 0.993609726
1341846330.048192 -0.174437397 -0.045350289 0.011165454 0.073525347 -0.077588074 0.01442366 0.994166017
1341846330.080418 -0.17225629199999998 -0.0663686775 0.012322449000000001 0.068294741 -0.078115582 0.016346138 0.994468033
1341846330.115886 -0.17235306900000003 -0.081889659 0.011353216499999999 0.070369005 -0.076543018 0.017331533 0.994428992
1341846330.147839 -0.177037965 -0.066033801 0.0073797164999999994 0.073759891 -0.075917497 0.019114919 0.994198501
1341846330.181257 -0.1746221175 -0.05142276 0.002871909 0.069467917 -0.076867417 0.022352913 0.994367123
1341846330.215852 -0.1752816735 -0.0689056425 0.0092308095 0.062435314 -0.075696908 0.021165716 0.994949162
1341846330.247833 -0.17991704700000002 -0.0749036025 0.007217779499999999 0.060482774 -0.074957646 0.019892028 0.995151997
1341846330.283913 -0.1797113925 -0.0614596005 -0.0013144995 0.057635855 -0.075653777 0.02052032 0.99525553
1341846330.316011 -0.183750696 -0.0779686155 0.0029982420000000004 0.050397787 -0.076006949 0.019057674 0.99565047
1341846330.347868 -0.184656024 -0.086918904 0.0029438639999999996 0.04799195 -0.077608392 0.017974045 0.995665967
1341846330.383835 -0.178765443 -0.088955154 0.0023488515 0.046218999 -0.07850153 0.018346701 0.995673001
1341846330.415934 -0.1820772 -0.102486168 0.0045250965 0.045228928 -0.077328734 0.016790548 0.995837688
1341846330.452561 -0.1861080885 -0.10542732749999999 0.000210258 0.048012756 -0.07757505 0.015325097 0.995711803
1341846330.483903 -0.189093591 -0.0990839025 -0.00465516 0.048410352 -0.079189628 0.01794529 0.995521724
1341846330.51597 -0.1891292805 -0.10840878450000001 -0.002902878 0.046298012 -0.081451125 0.020846467 0.995383143
1341846330.552099 -0.16783497 -0.0993627855 0.0021449250000000002 0.048228744 -0.084014617 0.022843858 0.995034516
1341846330.583876 -0.17108575650000002 -0.09001713149999999 -0.0031121325 0.048141707 -0.084045865 0.023343565 0.995024502
1341846330.619992 -0.1951833285 -0.09302237099999999 -0.0161228655 0.043387275 -0.083754487 0.023245741 0.995270014
1341846330.652136 -0.1913335875 -0.0790348185 -0.015934023000000002 0.037733443 -0.085526161 0.020601757 0.995407939
1341846330.683796 -0.193896171 -0.0829320165 -0.020479180500000003 0.033170257 -0.085036501 0.01909313 0.995642483
1341846330.719991 -0.200989152 -0.096317262 -0.0235299375 0.029958874 -0.086740717 0.019734027 0.995584786
1341846330.752103 -0.2012706855 -0.100212264 -0.0262366245 0.031332836 -0.091091603 0.023974441 0.995060682
1341846330.787952 -0.21124483200000002 -0.093265686 -0.035241390000000004 0.03251382 -0.094646566 0.027258804 0.994606376
1341846330.819823 -0.20597278049999998 -0.09318092850000001 -0.031701159 0.032168578 -0.099820487 0.028434293 0.994078755
1341846330.852208 -0.20492323199999998 -0.0866314035 -0.035295012 0.032048702 -0.101541668 0.029194167 0.993886292
1341846330.888445 -0.2088217215 -0.07475491799999999 -0.0408938985 0.029058617 -0.103247628 0.02996557 0.99377948
1341846330.914111 -0.20546849250000002 -0.076621149 -0.040637484 0.023089709 -0.104928732 0.028619867 0.993799627
1341846330.949903 -0.2118513105 -0.087321636 -0.040068018 0.019635739 -0.10534858 0.028328346 0.993837833
1341846330.981986 -0.21854783249999998 -0.0858782385 -0.0467457885 0.020608112 -0.109128103 0.028739095 0.993398428
1341846331.014111 -0.215138961 -0.0813320955 -0.050812393500000004 0.020287585 -0.113583542 0.028919179 0.992900252
1341846331.082139 -0.2138748885 -0.09029961 -0.050529528000000004 0.021918334 -0.116597272 0.026303897 0.992588937
1341846331.114334 -0.2153808135 -0.088417377 -0.0534978855 0.021582885 -0.118714511 0.026122469 0.992350101
1341846331.149989 -0.21240066149999998 -0.095848605 -0.0491560065 0.021551007 -0.119972952 0.025222128 0.992222667
1341846331.181954 -0.21649555799999998 -0.0943834725 -0.055310409 0.025154188 -0.119926512 0.023881877 0.992176652
1341846331.218151 -0.226720035 -0.0806804595 -0.062068914 0.025622809 -0.121837564 0.023914116 0.991931021
1341846331.249914 -0.21111047100000002 -0.0911476395 -0.0552326445 0.022570476 -0.125338614 0.023889959 0.991569519
1341846331.282227 -0.192998232 -0.111647304 -0.055747084499999995 0.026080051 -0.122217096 0.022248844 0.991911173
1341846331.318141 -0.2075735745 -0.08887866750000001 -0.052246881 0.033778675 -0.115793951 0.020039422 0.992496431
1341846331.349926 -0.198493209 -0.08868939299999999 -0.056431421999999995 0.032584637 -0.113967724 0.019817499 0.992752194
1341846331.382003 -0.161363808 -0.114225993 -0.038551707 0.033186786 -0.110865764 0.021314455 0.993052423
1341846331.418008 -0.18687984750000003 -0.0948709395 -0.041959615500000005 0.042156838 -0.098405868 0.019027082 0.994070947
1341846331.450327 -0.1949622615 -0.08445816 -0.032569992 0.044847365 -0.092925437 0.01939594 0.994473457
1341846331.486219 -0.2046681045 -0.0799943715 -0.0298415205 0.04503911 -0.090098068 0.02005941 0.994711757
1341846331.518344 -0.1947636135 -0.07841106 -0.030351977999999998 0.043918431 -0.090097614 0.018986236 0.994782925
1341846331.550202 -0.1907603145 -0.0855312795 -0.020486016 0.045904394 -0.08587373 0.017486114 0.995094299
1341846331.586139 -0.20168694450000002 -0.07282810349999999 -0.019469799 0.04887433 -0.083638132 0.018128183 0.99513185
1341846331.617931 -0.194922414 -0.070556355 -0.011022799500000001 0.048050612 -0.084275939 0.018522406 0.995110869
1341846331.654027 -0.1901821635 -0.07717797450000001 -0.0014394420000000002 0.048175935 -0.082085431 0.018957878 0.995279729
1341846331.686123 -0.1964342745 -0.0667021365 -0.0005873850000000001 0.051005781 -0.078688532 0.020878045 0.99537462
1341846331.717954 -0.20107768499999998 -0.062166213000000005 0.0047252025 0.048133299 -0.079400368 0.020792542 0.995462954
1341846331.754076 -0.190402875 -0.076182111 0.022452795 0.045046996 -0.079951517 0.019812752 0.995583236
1341846331.78592 -0.19381677749999998 -0.0759721275 0.031624191 0.048202876 -0.076667845 0.018277152 0.995723069
1341846331.818053 -0.1978544565 -0.063864963 0.04117014 0.049533606 -0.074844576 0.018723082 0.995788217
1341846331.853849 -0.1974803535 -0.0731897055 0.053889507 0.047590461 -0.074640878 0.018189006 0.995908141
1341846331.885987 -0.1933766235 -0.07391730599999999 0.0697975155 0.050735507 -0.072554372 0.016311223 0.995939612
1341846331.922014 -0.1953684 -0.06597612900000001 0.077609223 0.05312882 -0.06931179 0.015722301 0.996055245
1341846331.954037 -0.1889958735 -0.066913137 0.08655168149999999 0.052694265 -0.067210987 0.01684103 0.996204019
1341846331.986135 -0.1854545715 -0.077352687 0.10420812900000001 0.054352824 -0.062166195 0.018392066 0.996415019
1341846332.022364 -0.201600279 -0.09685467449999999 0.1058776425 0.060159665 -0.056072757 0.018313896 0.996444345
1341846332.054175 -0.20724973200000002 -0.08918678699999999 0.1161746865 0.066831551 -0.055674434 0.020394614 0.996001005
1341846332.086502 -0.20471636699999998 -0.0869055075 0.126088686 0.06949494 -0.055868093 0.022384897 0.99576509
1341846332.122051 -0.20721737699999998 -0.08076937049999999 0.1391197275 0.07179343 -0.054747354 0.02149781 0.995683849
1341846332.153983 -0.21307117949999999 -0.06885189 0.14713121699999998 0.071040399 -0.054845139 0.01941281 0.995775282
1341846332.190165 -0.2190645765 -0.065848185 0.16194323249999998 0.064953983 -0.056122269 0.016293349 0.996175587
1341846332.222699 -0.2160756585 -0.08409127500000001 0.1780865595 0.061011691 -0.057015143 0.015496614 0.996386826
1341846332.254145 -0.221244273 -0.084989673 0.18842023800000002 0.063978247 -0.056124922 0.014752399 0.99626261
1341846332.289948 -0.2239042725 -0.081567468 0.1954974465 0.066043235 -0.056283001 0.016715106 0.996087909
1341846332.322172 -0.22377594150000002 -0.083320407 0.20954325599999998 0.066509314 -0.057052638 0.019099163 0.995970249
1341846332.354003 -0.2159987265 -0.084159423 0.216733635 0.069130793 -0.055825952 0.017038884 0.995898664
1341846332.39018 -0.217357803 -0.071691867 0.2205000945 0.071844853 -0.051161766 0.014005429 0.996004343
1341846332.422055 -0.22349079 -0.071342604 0.2308020075 0.069938622 -0.048222013 0.010569696 0.99632901
1341846332.458114 -0.219504276 -0.0748799235 0.24566372549999999 0.069412902 -0.04660384 0.00690494 0.996474922
1341846332.489993 -0.23074584750000002 -0.069414363 0.250429473 0.070801295 -0.043658011 0.008050062 0.996502042
1341846332.52213 -0.23868184950000002 -0.06579423000000001 0.2639591055 0.07005962 -0.047141436 0.013114793 0.996342003
1341846332.558114 -0.23529785849999998 -0.0687003165 0.2706069465 0.069480598 -0.053045984 0.02041751 0.995962679
1341846332.589874 -0.2272642065 -0.059354919 0.278809407 0.069622681 -0.056495801 0.024949223 0.995659828
1341846332.621889 -0.22358538900000002 -0.055686545999999996 0.28783163700000003 0.065344185 -0.05710585 0.027134523 0.995857835
1341846332.658202 -0.224691246 -0.062206002 0.297188388 0.060949352 -0.056374229 0.02554355 0.996220171
1341846332.690001 -0.2249437455 -0.056398117500000004 0.30199008149999995 0.059303377 -0.055288129 0.025489088 0.996381819
1341846332.726 -0.230941044 -0.061985398500000004 0.31174064999999995 0.057479799 -0.055648189 0.028961869 0.996373773
1341846332.758386 -0.22430982149999998 -0.0584523855 0.3204332505 0.05839752 -0.058965452 0.03148694 0.996052921
1341846332.789937 -0.212355315 -0.053022663000000005 0.33055339499999997 0.058095772 -0.059460916 0.030777229 0.996063292
1341846332.825925 -0.214247898 -0.054162603000000004 0.342230391 0.05586322 -0.056639556 0.028561009 0.996421397
1341846332.857898 -0.2157210855 -0.055848168 0.348531606 0.056672473 -0.055227757 0.028020436 0.996470273
1341846332.894069 -0.215694432 -0.0428333085 0.3599854065 0.057499696 -0.055324718 0.028360089 0.996407926
1341846332.926029 -0.210171645 -0.037942249500000004 0.36192276900000003 0.054461163 -0.055326104 0.026330477 0.996634185
1341846332.958015 -0.2069567505 -0.03928095 0.370650573 0.051333424 -0.053253792 0.023716966 0.996978641
1341846332.994073 -0.208303236 -0.0355730445 0.377302887 0.048999615 -0.051493157 0.021041531 0.99724859
1341846333.026545 -0.2051782425 -0.035278083 0.3875541255 0.046507336 -0.050594881 0.018649556 0.997461498
1341846333.057998 -0.1979070615 -0.036964588500000006 0.3943566765 0.045202449 -0.049353976 0.018476503 0.997586846
1341846333.094024 -0.200465955 -0.0357478425 0.4035851865 0.045455687 -0.047179814 0.021566451 0.997618556
1341846333.126095 -0.1945649925 -0.0332325765 0.4066495065 0.045985665 -0.046286412 0.024661386 0.997564375
1341846333.161973 -0.189853443 -0.0249897645 0.414785151 0.045502707 -0.043843288 0.026187556 0.997658014
1341846333.19566 -0.1946549655 -0.026605134 0.42106446899999994 0.042490304 -0.040753458 0.026682187 0.997908711
1341846333.226331 -0.1920492315 -0.025188515999999998 0.4224964995 0.041231342 -0.040527113 0.026792396 0.99796778
1341846333.262056 -0.1913718915 -0.0162240075 0.427277304 0.039453536 -0.040259123 0.026102383 0.99806881
1341846333.294147 -0.1893449475 -0.018438354 0.41614160850000004 0.035251696 -0.040632617 0.024499876 0.998251498
1341846333.3261 -0.187313778 -0.0183422745 0.4191286185 0.033542253 -0.041904192 0.022625497 0.998302102
1341846333.3621 -0.18418855050000002 -0.0115408125 0.42064460550000005 0.031072503 -0.042952802 0.02134061 0.9983657
1341846333.394119 -0.1879957935 -0.0152745885 0.4310380305 0.027525706 -0.043321792 0.020153062 0.998478532
1341846333.429974 -0.186654708 -0.0133891695 0.430969095 0.026968062 -0.045125406 0.019549413 0.998425901
1341846333.462115 -0.182761128 -0.0177670755 0.43451541450000003 0.026031468 -0.04540395 0.018604467 0.99845618
1341846333.49404 -0.180717975 -0.015581092500000001 0.435931353 0.027687525 -0.044906061 0.017461618 0.99845475
1341846333.529953 -0.176578488 -0.0064717875 0.45539721450000004 0.029444421 -0.044133455 0.017698076 0.998434782
1341846333.562063 -0.1839255255 -0.0083964465 0.4555674 0.030009709 -0.040582996 0.018417072 0.998555601
1341846333.59409 -0.18598589999999998 -0.0050591025 0.4399241535 0.028903469 -0.041821335 0.019723747 0.998512149
1341846333.629994 -0.1867967955 -0.0064014885 0.43384409100000004 0.025102202 -0.044100456 0.018486036 0.99854058
1341846333.662127 -0.186039792 -0.006290145 0.42833815199999997 0.02227523 -0.045335226 0.01763954 0.998567641
1341846333.697964 -0.183568707 -0.0135269505 0.4301364375 0.019933568 -0.045391351 0.018661417 0.998596013
1341846333.730092 -0.187412715 -0.014138352 0.4273971975 0.022379059 -0.044492994 0.019795543 0.998562813
1341846333.762089 -0.187375635 -0.0138693105 0.42122050650000004 0.023588032 -0.043587971 0.02151916 0.998539209
1341846333.798006 -0.1877016555 -0.017668259999999998 0.4173763995 0.024760755 -0.043168802 0.021410378 0.998531401
1341846333.830055 -0.18524685149999998 -0.009909378 0.439717824 0.028369259 -0.042129226 0.019309247 0.998522639
1341846333.866045 -0.1885656645 -0.0101241405 0.4359697065 0.029549439 -0.040447719 0.018021652 0.998582065
1341846333.897987 -0.1910943315 -0.012382101000000001 0.4315664925 0.031095849 -0.040176459 0.01666083 0.998569667
1341846333.930099 -0.1884344715 -0.0218228265 0.40505607450000003 0.032811478 -0.04000134 0.016319657 0.998527408
1341846333.965889 -0.18961702200000002 -0.018537228000000003 0.4003937235 0.035780031 -0.039188221 0.016267432 0.998458564
1341846333.997985 -0.1921224915 -0.023123132999999997 0.393470406 0.037958607 -0.037768502 0.015761463 0.998440921
1341846334.030076 -0.1921505355 -0.0216924525 0.3864964635 0.041232053 -0.03662264 0.017224567 0.998329639
1341846334.066 -0.194084559 -0.022614687 0.3766096035 0.042612731 -0.03685569 0.018829489 0.998234093
1341846334.097932 -0.192788469 -0.023402951999999998 0.3711284775 0.044460282 -0.036899406 0.01843127 0.998159349
1341846334.133884 -0.198780021 -0.0248272785 0.364976829 0.045836192 -0.035229355 0.018547367 0.998155296
1341846334.166115 -0.204031566 -0.025065612 0.35847207000000003 0.046151534 -0.035953142 0.019140899 0.998103738
1341846334.198072 -0.203656662 -0.02526264 0.35205260850000003 0.046726998 -0.037649445 0.018857071 0.998019814
1341846334.234097 -0.200505618 -0.026542017 0.3608147115 0.047063265 -0.037379086 0.017286366 0.998042583
1341846334.266045 -0.2039989455 -0.029101608 0.3528801675 0.046976119 -0.035736229 0.017461648 0.998103797
1341846334.297946 -0.2114954505 -0.0283711005 0.347396796 0.048401266 -0.036693633 0.018976288 0.997973323
1341846334.334036 -0.209174985 -0.026040807 0.341265231 0.048765492 -0.038781945 0.019933572 0.997857988
1341846334.365871 -0.2082793455 -0.026286637499999998 0.33102646649999995 0.048103724 -0.03853697 0.018063456 0.997935176
1341846334.401845 -0.2116405395 -0.026152402499999998 0.32733866699999997 0.046974584 -0.037482359 0.016928734 0.998049021
1341846334.433864 -0.218441601 -0.0306416475 0.3192082515 0.04691419 -0.03787547 0.017365495 0.99802953
1341846334.466105 -0.218037375 -0.0262061325 0.31492134450000003 0.047931999 -0.039824836 0.017762195 0.997898281
1341846334.502142 -0.22281749099999998 -0.023449896 0.310122738 0.046846062 -0.04090032 0.018761383 0.997888088
1341846334.540153 -0.220700907 -0.0217712565 0.28869584400000003 0.046250436 -0.041812789 0.017495345 0.997901022
1341846334.566584 -0.223942509 -0.0172290465 0.277501797 0.045238469 -0.042390067 0.014545092 0.997970462
1341846334.602351 -0.232602138 -0.013876528499999999 0.275984604 0.042624015 -0.044720411 0.010191839 0.998037755
1341846334.634069 -0.22680564749999998 -0.016408287 0.2691724005 0.039382186 -0.047737639 0.00587778 0.998065948
1341846334.670161 -0.22921534799999999 -0.0192431475 0.262377828 0.0374262 -0.048051674 0.003502536 0.998137295
1341846334.702085 -0.23591203649999998 -0.0231373845 0.254018808 0.03587861 -0.049645253 0.003441514 0.998116314
1341846334.734751 -0.237719826 -0.018249021 0.258795954 0.036662854 -0.052159484 0.004842968 0.997953773
1341846334.770889 -0.2382495615 -0.020647368 0.2501286795 0.035992485 -0.053856015 0.007915725 0.997868419
1341846334.802194 -0.242613783 -0.016864650000000002 0.2375999505 0.036051504 -0.055898644 0.008234861 0.997751415
1341846334.833908 -0.236863197 -0.0191716335 0.218589759 0.035309851 -0.057972122 0.007006031 0.997668922
1341846334.869874 -0.2386017855 -0.018307395 0.210948948 0.033571217 -0.058245227 0.006892266 0.997713864
1341846334.902006 -0.241992819 -0.021129408000000002 0.19904094900000002 0.031727962 -0.05964727 0.006972456 0.997690797
1341846334.93801 -0.2446606125 -0.0231177645 0.18947593799999998 0.031166887 -0.062537506 0.00634511 0.997535646
1341846334.970032 -0.2413672785 -0.023212169999999997 0.188806374 0.031304251 -0.063970238 0.00549826 0.997445524
1341846335.002203 -0.24403990050000002 -0.027487143 0.1756037385 0.032140065 -0.063268714 0.00735936 0.997451723
1341846335.03788 -0.2501782335 -0.023840946000000002 0.1610287335 0.034862287 -0.065720834 0.009527881 0.997183323
1341846335.06999 -0.244528461 -0.020556684 0.1545721515 0.035311371 -0.069233894 0.009608669 0.99692899
1341846335.106038 -0.2448007245 -0.022190427 0.1580924835 0.035417344 -0.06811396 0.008082745 0.997015953
1341846335.138045 -0.248318091 -0.0268391745 0.13670217 0.036878187 -0.066563502 0.006976408 0.997076035
1341846335.1699 -0.250653321 -0.01972341 0.125113383 0.037689745 -0.068919465 0.007329423 0.996883094
1341846335.206091 -0.2455249185 -0.022968189 0.1175637285 0.036562301 -0.071311772 0.005296428 0.996769667
1341846335.239365 -0.24338139749999999 -0.026599014 0.1154610585 0.036525745 -0.070552357 0.002594943 0.996835709
1341846335.269948 -0.24729418800000003 -0.027117567 0.10396255500000001 0.038302019 -0.068754062 0.001307876 0.996897221
1341846335.305972 -0.250679592 -0.0284417775 0.09108464849999999 0.040038485 -0.069963165 0.001799495 0.996744156
1341846335.338012 -0.2480280075 -0.030008196 0.09119795850000001 0.041110668 -0.071958907 0.003882496 0.996552408
1341846335.374005 -0.2424952305 -0.038195653499999996 0.087967764 0.044737797 -0.071122445 0.005189822 0.996450305
1341846335.406025 -0.248163948 -0.0276026355 0.07791885900000001 0.052172381 -0.067884564 0.007269885 0.996301591
1341846335.438079 -0.2458090845 -0.023643639 0.062991459 0.057139553 -0.067332804 0.011025559 0.996032
1341846335.473998 -0.24040765349999998 -0.022419225 0.0506350575 0.059313372 -0.066043474 0.012384368 0.995975316
1341846335.507038 -0.236921985 -0.018910512 0.037743821999999996 0.06050773 -0.063659817 0.010634975 0.996078908
1341846335.53804 -0.241852743 -0.012684285 0.030210003 0.060467504 -0.060811017 0.008373107 0.996280909
1341846335.574119 -0.2459364885 -0.008015022 0.0210865275 0.058398239 -0.060643334 0.008464504 0.996413767
1341846335.60597 -0.244855728 -0.0157879755 0.015290064 0.05624371 -0.061467972 0.00784162 0.996492267
1341846335.641978 -0.239810859 -0.0156799575 0.0048659535 0.057498071 -0.060724333 0.005561157 0.996481597
1341846335.673993 -0.24478355699999998 -0.012134214 -0.006730272 0.05744138 -0.059397846 0.005158755 0.996567011
1341846335.706178 -0.24366415500000002 -0.0132142185 -0.018957861 0.056593768 -0.060979027 0.006174421 0.996514201
1341846335.741982 -0.242495028 -0.013362426 -0.021882168 0.057166528 -0.061331645 0.005461166 0.996464074
1341846335.77396 -0.24412033349999998 -0.0090008055 -0.0358572105 0.057687253 -0.060465612 0.004768906 0.996490538
1341846335.806271 -0.2449048095 -0.0027254745 -0.043823475 0.056129776 -0.060983457 0.00491143 0.996547222
1341846335.842031 -0.242949663 -0.00870372 -0.0465989805 0.053552803 -0.060552746 0.00526652 0.996713459
1341846335.873966 -0.2444327775 -0.009451062 -0.057154149 0.054578155 -0.058787402 0.00440662 0.9967677
1341846335.910005 -0.24900614100000001 -0.0036428895000000005 -0.069706638 0.054372508 -0.058342826 0.005732151 0.996798337
1341846335.941936 -0.24970209299999999 -0.004575933000000001 -0.0792806265 0.053168591 -0.060309693 0.006800638 0.996739507
1341846335.974198 -0.24657455250000002 -0.004843170000000001 -0.09009858600000001 0.052866422 -0.061336119 0.005069533 0.996703207
1341846336.010032 -0.247552218 -0.0062434485 -0.09727756200000001 0.052639566 -0.061372716 0.004075991 0.996717572
1341846336.042129 -0.2523560715 -0.004828356000000001 -0.10933741799999999 0.051870812 -0.062249806 0.004191952 0.996702969
1341846336.078076 -0.2536160715 -0.008767763999999999 -0.11515274099999999 0.051487133 -0.064158663 0.00354779 0.996604323
1341846336.110739 -0.250176879 -0.005151986999999999 -0.118976832 0.052369304 -0.064867325 0.002496649 0.996515632
1341846336.142002 -0.25601336550000003 -0.004550427 -0.1304860995 0.052121688 -0.064443387 0.003214234 0.996554077
1341846336.183953 -0.2597681025 -0.001160622 -0.14011020899999999 0.052012499 -0.06673108 0.003641837 0.996407747
1341846336.210112 -0.25797172949999997 0.000851472 -0.147369312 0.050469756 -0.068703361 0.004383613 0.99635005
1341846336.241891 -0.257578551 -0.0009210555 -0.14674737599999998 0.050075162 -0.067706659 0.003202442 0.996442676
1341846336.277946 -0.2656855935 -0.005002227 -0.147460977 0.050186202 -0.067111537 0.005105988 0.996469438
1341846336.309977 -0.26608078350000003 -0.005367987 -0.1581847515 0.052538354 -0.069566838 0.007843078 0.996161997
1341846336.346143 -0.26353458 0.0004602195 -0.16500810600000002 0.054786973 -0.071066283 0.009064463 0.995924592
1341846336.377975 -0.2632188015 -0.0014104935 -0.1696879575 0.05525982 -0.07102637 0.008870599 0.995903075
1341846336.410032 -0.2628999 0.0009557865 -0.1843201305 0.056234069 -0.07031396 0.008849348 0.99589926
1341846336.446041 -0.26579979 0.006471027 -0.1914635745 0.056256894 -0.070494197 0.008524306 0.995888054
1341846336.47799 -0.265735314 0.004732739999999999 -0.19477236150000002 0.055174224 -0.070448272 0.007988307 0.995956361
1341846336.510056 -0.2675820015 0.003692304 -0.208756863 0.05491988 -0.069697484 0.008323279 0.996020496
1341846336.546024 -0.2666210805 0.0007548075 -0.20587270049999998 0.055808805 -0.070033722 0.010660804 0.995925188
1341846336.578003 -0.2701252215 0.009458226 -0.21306941999999998 0.056139849 -0.070018664 0.012225342 0.995889664
1341846336.61402 -0.26388975600000003 0.0104306985 -0.21567123 0.055491425 -0.07001128 0.011905216 0.995930374
1341846336.645982 -0.26754475050000004 0.0139204395 -0.230179347 0.05461387 -0.068227246 0.01092044 0.996114016
1341846336.678036 -0.274711896 0.0084909915 -0.2360902005 0.052236035 -0.069436729 0.010965516 0.996157467
1341846336.714024 -0.2791864575 0.0018379260000000001 -0.22884921 0.053533785 -0.071698934 0.010687807 0.995931327
1341846336.746016 -0.2807170605 -0.0015412499999999999 -0.2383645455 0.0567942 -0.073754266 0.012588148 0.995578349
1341846336.778014 -0.279097461 0.007027155 -0.253533141 0.059788458 -0.077575631 0.015826708 0.995066226
1341846336.820006 -0.280887651 0.011480733 -0.256265775 0.06033916 -0.081418976 0.018707993 0.994675875
1341846336.845952 -0.27512623350000004 0.007335648 -0.2542620645 0.060775843 -0.083370872 0.017786527 0.994504511
1341846336.882056 -0.2843991135 0.0130897935 -0.2688864435 0.063085966 -0.083275959 0.016984975 0.99438262
1341846336.914273 -0.28944247050000005 0.006155869499999999 -0.2673640845 0.064885169 -0.087180942 0.018772364 0.993899882
1341846336.945998 -0.286442757 -0.0014609339999999999 -0.276870321 0.070629127 -0.093949497 0.021409921 0.992837667
1341846336.98198 -0.2911734 0.021227939999999997 -0.28158993449999997 0.075263448 -0.097505175 0.019714262 0.992189229
1341846337.014238 -0.28858912649999996 0.028818738000000003 -0.28885383 0.07279107 -0.100375712 0.017866079 0.992122412
1341846337.046017 -0.279388512 0.024152404500000002 -0.290101491 0.069923311 -0.10247954 0.014011125 0.992175579
1341846337.082104 -0.285979977 0.022978673999999998 -0.296199828 0.06965854 -0.102259897 0.010232846 0.992263019
1341846337.114317 -0.2918930715 0.0224391915 -0.296457453 0.067801215 -0.104185864 0.009903062 0.992194653
1341846337.150037 -0.28343606849999997 0.023801562000000002 -0.30084611850000004 0.066205963 -0.106601395 0.008739281 0.992056727
1341846337.181873 -0.27992313 0.0234290835 -0.2994452325 0.066045761 -0.106813513 0.005471614 0.992067993
1341846337.214073 -0.28126324350000004 0.0270925245 -0.30338989200000005 0.064179622 -0.105103359 0.003299823 0.992382646
1341846337.250087 -0.2992315275 0.0139116195 -0.31042559249999996 0.0606419 -0.105288334 0.003658673 0.992584288
1341846337.282028 -0.2945329695 0.013879746 -0.31165183350000003 0.061472867 -0.109858826 0.007215091 0.992018163
1341846337.31792 -0.284511834 0.019774286999999998 -0.3088442295 0.061440822 -0.112031288 0.008141066 0.991769969
1341846337.350018 -0.284166801 0.02496123 -0.3172866165 0.060134038 -0.111265264 0.007701094 0.991939843
1341846337.382159 -0.280809315 0.018625009499999998 -0.3104387055 0.057184216 -0.11135146 0.005878754 0.992117047
1341846337.417941 -0.28908054 0.0094955265 -0.316397736 0.057480577 -0.109894782 0.005543085 0.992264271
1341846337.450137 -0.2925305325 0.020599897500000002 -0.3220641675 0.058693115 -0.111567423 0.006551543 0.992000461
1341846337.482096 -0.2850707745 0.016295193 -0.321842853 0.056732509 -0.112355582 0.007298037 0.992020369
1341846337.518008 -0.28884574799999996 0.0105250275 -0.325933893 0.05729923 -0.112324923 0.00742048 0.991990328
1341846337.549978 -0.2865943035 0.025205922000000002 -0.3288434535 0.058606088 -0.113317482 0.006074065 0.991810262
1341846337.585971 -0.28750203 0.018325467 -0.323815617 0.055499587 -0.113754258 0.005034383 0.99194473
1341846337.617903 -0.2855875005 0.0026781615 -0.3154159125 0.055999286 -0.11461743 0.005266256 0.991816103
1341846337.650141 -0.285183729 0.016473348 -0.3224311965 0.059185233 -0.114807621 0.004956977 0.991610706
1341846337.686352 -0.280984446 0.023990076 -0.3265289415 0.057782028 -0.114689045 0.005320419 0.991705239
1341846337.718002 -0.2791463265 0.0177043635 -0.318088665 0.055534761 -0.114571191 0.005318077 0.991847277
1341846337.74992 -0.276886701 0.0206875575 -0.31290452550000003 0.055576622 -0.112908602 0.004645143 0.992038965
1341846337.786157 -0.2782869615 0.028395495 -0.3122126145 0.053019524 -0.10979867 0.00433055 0.992529273
1341846337.817945 -0.277799139 0.018190386 -0.306857718 0.049829867 -0.107930154 0.005848019 0.992891669
1341846337.854071 -0.2757907305 0.025613766 -0.3082188735 0.049164981 -0.10475067 0.005706566 0.993266106
1341846337.885951 -0.278033409 0.032242149 -0.30268380149999996 0.046564501 -0.102127984 0.003709495 0.993673921
1341846337.918223 -0.2773911555 0.032664357 -0.2954196765 0.042623769 -0.100921035 0.001154024 0.993980289
1341846337.95412 -0.2785958865 0.0281368215 -0.29012499449999996 0.040048838 -0.099551938 0.000156515 0.994226038
1341846337.985994 -0.277626807 0.036533709000000004 -0.281738664 0.038040947 -0.09859366 -8.3833e-05 0.994400382
1341846338.018107 -0.275412222 0.032799474 -0.2748011985 0.034197748 -0.097250268 0.001160272 0.994671583
1341846338.054055 -0.275700744 0.035819779499999996 -0.26744031 0.032129414 -0.095818169 0.000378743 0.99488014
1341846338.085986 -0.2696788485 0.0351401265 -0.260204031 0.02867003 -0.093126662 -0.000407172 0.995241344
1341846338.121875 -0.277865991 0.0320042565 -0.248704461 0.02657358 -0.090279318 0.001012976 0.995561361
1341846338.154089 -0.2790463995 0.03199275 -0.24686176499999998 0.025591686 -0.089467935 0.003965146 0.995652974
1341846338.186029 -0.277499484 0.0338615415 -0.24235696350000002 0.024344472 -0.090124108 0.006776391 0.995609879
1341846338.222071 -0.269980029 0.0343255815 -0.22923153899999998 0.022903631 -0.089595698 0.00644026 0.995693982
1341846338.254107 -0.2733022305 0.0320317875 -0.22103428949999998 0.021166628 -0.087545417 0.006519229 0.99591428
1341846338.29013 -0.273826854 0.0293004135 -0.21420520199999998 0.021273462 -0.087417357 0.008168649 0.995911062
1341846338.321952 -0.2742429825 0.0350020215 -0.2027126925 0.021856826 -0.086602934 0.010022961 0.995952666
1341846338.354022 -0.2712128715 0.0322433055 -0.197763111 0.020864215 -0.086250998 0.010636749 0.995998144
1341846338.389969 -0.2742720165 0.0405326835 -0.1979668755 0.021055371 -0.085131779 0.010585422 0.996090949
1341846338.422377 -0.273339648 0.035829634500000006 -0.1785673125 0.018652685 -0.084988073 0.010952729 0.996147156
1341846338.45401 -0.273276981 0.039007944 -0.1756935405 0.018080113 -0.08526849 0.009986131 0.996143878
1341846338.489894 -0.2723676615 0.0376178895 -0.1635348015 0.016337816 -0.085744612 0.009943149 0.996133566
1341846338.522066 -0.2671673805 0.034651363500000004 -0.155454363 0.016964611 -0.085995913 0.010187136 0.996098936
1341846338.558058 -0.2713273695 0.039128202 -0.1530139545 0.016471608 -0.085587762 0.009336344 0.996150732
1341846338.589842 -0.267843483 0.036346698000000004 -0.139215609 0.014176182 -0.086304687 0.009243992 0.996125042
1341846338.622019 -0.265489875 0.031662787500000004 -0.1269851445 0.014517912 -0.085487053 0.010513963 0.996178031
1341846338.657984 -0.270791397 0.040650957 -0.128600541 0.015526525 -0.084797643 0.01138484 0.996212125
1341846338.690198 -0.266755662 0.0431731575 -0.1168232535 0.013714557 -0.086196989 0.01132375 0.99611932
1341846338.722454 -0.26253792 0.0332035425 -0.09534010050000001 0.012184201 -0.085809343 0.012043743 0.996164262
1341846338.757945 -0.26607537 0.043348509 -0.1039803345 0.013028231 -0.085015535 0.012907284 0.996210814
1341846338.790039 -0.2632739355 0.0409606335 -0.0920039085 0.010536951 -0.087521426 0.013948197 0.996009231
1341846338.826048 -0.2591715465 0.0342557055 -0.0758174895 0.010383432 -0.08732523 0.012956388 0.996041477
1341846338.858027 -0.262222092 0.040992093 -0.0756087075 0.01107912 -0.08491157 0.011171278 0.996264279
1341846338.889902 -0.2600914455 0.0421815645 -0.0652851045 0.008675928 -0.08616969 0.010828176 0.996183872
1341846338.925948 -0.257174055 0.0373491675 -0.049905819000000004 0.007439693 -0.085929394 0.009390737 0.996229231
1341846338.958108 -0.25598934 0.040249165499999996 -0.039427326 0.008151129 -0.084416799 0.008490941 0.996361017
1341846338.990057 -0.255619278 0.041117877 -0.0328970475 0.008604796 -0.084084198 0.009108838 0.996379852
1341846339.025928 -0.2510209845 0.034837519500000004 -0.0151821675 0.01007035 -0.083895527 0.010273845 0.996370733
1341846339.057939 -0.2532348315 0.042022008 -0.0093482055 0.013558677 -0.081143834 0.009929883 0.996560693
1341846339.093927 -0.2591544825 0.0493081425 -0.005964641999999999 0.013096818 -0.080932006 0.010736182 0.996575773
1341846339.126562 -0.251449785 0.0520994115 0.0050988015 0.010040068 -0.082676597 0.009947369 0.996476233
1341846339.157969 -0.2434695615 0.049763772 0.023493195 0.007413932 -0.081180409 0.007688162 0.996642232
1341846339.194113 -0.255160908 0.054873693 0.0186157845 0.006111597 -0.078388214 0.007868703 0.99687314
1341846339.228165 -0.2498118435 0.0547445655 0.027507240000000002 0.002141781 -0.081275582 0.011001925 0.996628642
1341846339.257998 -0.2467400805 0.0545453145 0.047585038499999996 -0.000729467 -0.081318036 0.011837179 0.996617675
1341846339.294132 -0.2476359045 0.0590430645 0.050372325 -0.000297006 -0.078305013 0.01110785 0.996867478
1341846339.326577 -0.25426848599999996 0.0645411375 0.0483647355 -0.00372935 -0.079008937 0.014891573 0.99675566
1341846339.362269 -0.24428574 0.060739479 0.0668725605 -0.008644629 -0.082733892 0.013287172 0.996445596
1341846339.394725 -0.2404204425 0.062341695 0.0766686915 -0.009223238 -0.08119709 0.012032677 0.996582747
1341846339.42616 -0.244015677 0.063236565 0.0766477755 -0.011185107 -0.080650307 0.012775191 0.996597826
1341846339.462186 -0.2402728515 0.060640627499999995 0.092518443 -0.013043975 -0.0820546 0.012463397 0.996464491
1341846339.496743 -0.2295942075 0.0590112405 0.1062669915 -0.010217916 -0.079581752 0.010671492 0.996718884
1341846339.530143 -0.23504641650000002 0.0633394395 0.10398088800000001 -0.008975483 -0.074874841 0.010237776 0.997099996
1341846339.562052 -0.23684638049999998 0.0580281075 0.1118915505 -0.009066558 -0.075028047 0.011295792 0.997076213
1341846339.595122 -0.2287593045 0.055020348 0.119875851 -0.00745178 -0.075496085 0.011401999 0.997053027
1341846339.632085 -0.2237514705 0.0549805545 0.1247660865 -0.005932358 -0.07203842 0.009409353 0.997339845
1341846339.664568 -0.22577041799999997 0.05646492 0.136458927 -0.005151328 -0.068735652 0.007407011 0.997594118
1341846339.698896 -0.2264522535 0.0557870175 0.14883549299999999 -0.005136054 -0.067623518 0.006194692 0.997678459
1341846339.731977 -0.2229973335 0.055692414 0.1554767775 -0.004909422 -0.067688011 0.005466696 0.997679472
1341846339.762241 -0.22017863249999997 0.054446116499999996 0.170396766 -0.00450242 -0.066782095 0.004180205 0.997748673
1341846339.797873 -0.2239076745 0.055546474500000005 0.1734237225 -0.003999972 -0.065567665 0.005074445 0.997827172
1341846339.830245 -0.21784077 0.0523840185 0.181128636 -0.005092147 -0.067057408 0.006263016 0.997716486
1341846339.862015 -0.21636166499999998 0.053833923000000006 0.185832072 -0.005374932 -0.066916123 0.006279499 0.997724354
1341846339.897797 -0.21178543049999998 0.052880643 0.189731637 -0.006523529 -0.066237122 0.005753689 0.997766018
1341846339.929916 -0.21284202149999998 0.0476329905 0.199435266 -0.007264621 -0.064885698 0.006565519 0.997844696
1341846339.96196 -0.21114949500000002 0.0452480715 0.2068059105 -0.00608409 -0.065644287 0.007887369 0.997793376
1341846339.997845 -0.20625421049999998 0.045480537 0.2047584105 -0.004810724 -0.064857505 0.008158586 0.997849584
1341846340.029925 -0.205923213 0.0461918025 0.2158778925 -0.003556636 -0.062370274 0.008976651 0.998006403
1341846340.066044 -0.20262969449999998 0.044709183 0.22101496199999998 -0.001953878 -0.061723728 0.010922192 0.998031616
1341846340.098009 -0.20334842549999999 0.045362596500000005 0.2222012025 -0.000936612 -0.060730923 0.011391195 0.998088717
1341846340.130102 -0.1998188055 0.045179621999999996 0.22839774300000001 -0.001646096 -0.061218955 0.01089539 0.998063564
1341846340.166041 -0.1953509985 0.041648764500000005 0.2388034575 -0.001078439 -0.059718389 0.00943331 0.998170137
1341846340.197867 -0.19853649 0.043870954499999996 0.242948376 0.00043168 -0.056584589 0.008674961 0.998360038
1341846340.229904 -0.198855189 0.047117043000000004 0.2507512725 -0.000502499 -0.056673326 0.008638615 0.998355269
1341846340.265859 -0.1961987445 0.0429183855 0.2595109635 -0.001369448 -0.055996116 0.008064545 0.99839747
1341846340.298061 -0.1966746195 0.042632779499999995 0.2620315035 0.000732352 -0.053231448 0.007707194 0.998552203
1341846340.334063 -0.2003035635 0.0497828835 0.27118011599999997 0.000724484 -0.053772178 0.00951266 0.998507679
1341846340.366064 -0.196448544 0.0431497665 0.278699571 -0.001736997 -0.056131687 0.008967524 0.998381615
1341846340.397995 -0.193273209 0.041339925 0.279699363 -5.6153e-05 -0.055949744 0.009023786 0.99839282
1341846340.433895 -0.193236867 0.044674479 0.2865207105 0.000854126 -0.056107718 0.009670993 0.998377502
1341846340.465959 -0.194271543 0.043892801999999995 0.28982991599999997 0.001405708 -0.058280353 0.011197201 0.998236477
1341846340.501858 -0.18799601400000002 0.042411888 0.286684389 0.001742136 -0.06240901 0.011816382 0.997979164
1341846340.534329 -0.186037416 0.044095878 0.290673036 0.002603845 -0.063648872 0.011412497 0.997903705
1341846340.566041 -0.1824662205 0.0391730895 0.2928146445 0.003198628 -0.064794756 0.012198871 0.997818887
1341846340.601909 -0.1768477635 0.0396460575 0.287763912 0.005600505 -0.065673977 0.0129618 0.997741222
1341846340.634005 -0.17332637399999998 0.043194834 0.28262034 0.006990818 -0.066180982 0.011945381 0.997711658
1341846340.666028 -0.16973243100000002 0.039070224 0.28164613050000004 0.006247288 -0.066086844 0.010111748 0.99774307
1341846340.701946 -0.1653068205 0.0362821725 0.279300771 0.007885349 -0.065182768 0.008119139 0.997809112
1341846340.733954 -0.165602889 0.0426624255 0.278842869 0.010114157 -0.063017294 0.005833483 0.997944117
1341846340.770081 -0.16487034299999997 0.0417591675 0.27696802049999997 0.009177952 -0.062754303 0.004236738 0.997977793
1341846340.80198 -0.158262687 0.039352059 0.273210228 0.009203098 -0.062375929 -0.000625501 0.998010099
1341846340.833999 -0.15872256899999998 0.043984062000000004 0.27145323 0.009901679 -0.059870273 -0.005318488 0.998142898
1341846340.870013 -0.1611529515 0.0418625685 0.2726818155 0.008699945 -0.05926805 -0.008145307 0.998170972
1341846340.901955 -0.16002431099999997 0.039147651 0.2713173615 0.009186884 -0.059862699 -0.008247555 0.998130262
1341846340.933918 -0.15985845 0.040190184 0.2708383365 0.011040286 -0.060384482 -0.005575604 0.998098552
1341846340.970122 -0.161372574 0.04225338 0.2696568885 0.012304099 -0.063154295 -0.000705431 0.997927666
1341846341.001922 -0.1602529695 0.0398925585 0.267919272 0.012837357 -0.067242056 0.004423915 0.997644305
1341846341.037923 -0.15925128300000002 0.0409289985 0.265922451 0.014006169 -0.069895841 0.007660143 0.997426569
1341846341.0703 -0.1590575085 0.0394317045 0.2647436535 0.014186537 -0.070689283 0.007791523 0.997367024
1341846341.102028 -0.1609741665 0.040237910999999994 0.2616989085 0.014345656 -0.071835823 0.008046008 0.997280836
1341846341.137982 -0.15997043249999998 0.0390139605 0.2614963365 0.01420956 -0.073893271 0.008396318 0.99712956
1341846341.170048 -0.15887636100000002 0.0378085995 0.2610816975 0.014508668 -0.074411534 0.009473959 0.997077048
1341846341.20211 -0.15746670899999998 0.037148571 0.26098718400000004 0.01577126 -0.075128324 0.011678089 0.996980727
1341846341.237996 -0.158156154 0.038298024 0.259178571 0.017628314 -0.074666798 0.011989793 0.996980608
1341846341.269883 -0.15876854999999998 0.036692019 0.2545551315 0.018506715 -0.074034154 0.012349457 0.997007489
1341846341.306107 -0.158766156 0.0368944245 0.2547603045 0.019239387 -0.074633747 0.011586095 0.996958077
1341846341.338109 -0.1579177215 0.0365320125 0.252856017 0.020088749 -0.074461989 0.010204639 0.996969283
1341846341.37012 -0.15751096199999998 0.036105984 0.2507303835 0.020701803 -0.07309635 0.007572157 0.99708122
1341846341.406074 -0.16241206500000002 0.0367730145 0.24900983100000001 0.021068497 -0.072059318 0.00632095 0.997157753
1341846341.438113 -0.16225612650000001 0.031564809 0.2460728115 0.021540275 -0.07395649 0.007082119 0.997003675
1341846341.470024 -0.15736624200000002 0.033814898999999995 0.24436013850000002 0.024502564 -0.074749984 0.005793762 0.996884406
1341846341.506077 -0.15842732399999998 0.0391986135 0.23771529900000002 0.025193619 -0.073609404 0.004078457 0.996960521
1341846341.538156 -0.163497654 0.0357594795 0.240677919 0.023955392 -0.074548006 0.004001387 0.996921599
1341846341.574016 -0.160729902 0.0366398145 0.239042223 0.024840225 -0.077238992 0.005717455 0.996686697
1341846341.612466 -0.161060481 0.0379590345 0.2381010705 0.025465954 -0.07775525 0.006041948 0.996628881
1341846341.643972 -0.1619716275 0.0411746715 0.2330486415 0.024947049 -0.078808092 0.004726542 0.996566415
1341846341.679982 -0.1599948405 0.039025939499999995 0.229595481 0.024304355 -0.080476426 0.00494111 0.996447921
1341846341.712332 -0.16541298450000003 0.039845281499999996 0.2332849635 0.025181351 -0.082038186 0.007534103 0.996282518
1341846341.744185 -0.16259406750000002 0.0386813115 0.2304601245 0.025072204 -0.084548801 0.010209093 0.99605155
1341846341.780061 -0.163294578 0.039666586499999996 0.22803757200000002 0.025702039 -0.084882222 0.01085042 0.99600035
1341846341.812163 -0.161433243 0.035772867 0.226532448 0.025305947 -0.085874252 0.012818011 0.995902061
1341846341.842595 -0.16193169899999998 0.033488442 0.22802414399999998 0.026994472 -0.086071864 0.01617399 0.995791793
1341846341.875779 -0.1613190285 0.034728219 0.22457073149999998 0.028545106 -0.086304747 0.019900214 0.995660901
1341846341.906227 -0.1593284805 0.030331183499999997 0.226539774 0.029689535 -0.087307185 0.022375748 0.995487511
1341846341.942069 -0.157134213 0.0255365685 0.219213873 0.032125559 -0.087304324 0.024449207 0.995363295
1341846341.974775 -0.157447161 0.0274456395 0.214914627 0.035687372 -0.087283336 0.025463469 0.995218396
1341846342.010161 -0.16024779 0.029178243000000003 0.213404427 0.036589056 -0.088089079 0.026930021 0.99507606
1341846342.042024 -0.1546058475 0.023727141 0.213702372 0.037532732 -0.089517564 0.027875623 0.994887352
1341846342.080032 -0.151816131 0.0279937845 0.213977115 0.040131338 -0.087589353 0.027940268 0.994955719
1341846342.112265 -0.154737927 0.024385779 0.2131034355 0.039916649 -0.086605638 0.029902982 0.994993448
1341846342.147954 -0.154679373 0.019256224500000002 0.210866607 0.041650496 -0.087734848 0.031994976 0.994758368
1341846342.179852 -0.150226722 0.021246790499999998 0.208257921 0.044653673 -0.087683342 0.033881996 0.994570136
1341846342.211848 -0.151159743 0.022826042999999997 0.209909592 0.045539308 -0.086985581 0.033573281 0.994601667
1341846342.24792 -0.1514218635 0.020275933500000003 0.2050530705 0.046333317 -0.086697049 0.032735609 0.994618118
1341846342.27987 -0.150139935 0.0216854415 0.2077400205 0.048064038 -0.086307213 0.033063583 0.99455905
1341846342.316068 -0.148525362 0.0210472965 0.203724135 0.049080078 -0.086437568 0.034505714 0.994449139
1341846342.347894 -0.14809961249999998 0.024407991 0.20108747249999998 0.049861632 -0.086316466 0.034424461 0.994423568
1341846342.379953 -0.1479144735 0.0220645395 0.20186513099999998 0.049899079 -0.085538156 0.033655528 0.99451524
1341846342.416195 -0.1480382235 0.023083690499999997 0.20061079199999998 0.050374694 -0.085359521 0.035400212 0.994446039
1341846342.447907 -0.149195682 0.025643106 0.2010190275 0.050887354 -0.086046413 0.035822038 0.994345665
