1341846317.841886 0.015081699 0.000625756 -0.003552362 0.000184413 -0.018183807 -0.003478978 0.999828577
1341846317.878017 0.019938879 0.000773377 -0.002095900 -0.001865498 -0.021057386 -0.006681557 0.999754190
1341846317.909910 0.014414448 0.000118075 -0.003720505 -0.003369829 -0.017777545 -0.011029107 0.999775469
1341846317.946031 0.019511642 -0.001713523 -0.002520978 -0.003031445 -0.018757809 -0.011449597 0.999753892
1341846317.978041 0.013005752 0.000184878 -0.003018783 -0.000340656 -0.017447829 -0.009710455 0.999800563
1341846318.009897 0.020918544 -0.000384751 -0.002017304 0.002075112 -0.021413602 -0.011854931 0.999698281
1341846318.045949 0.020363918 -0.000445105 -0.002351250 0.002636379 -0.020283271 -0.013459066 0.999700189
1341846318.078074 0.028330155 -0.001161690 -0.001642265 0.001556871 -0.024782894 -0.015402760 0.999572992
1341846318.109894 0.029084740 -0.000986375 -0.001928810 0.001183741 -0.029270718 -0.017518222 0.999417305
1341846318.145957 0.030994782 -0.001465200 -0.001311856 0.000217652 -0.033093359 -0.020020701 0.999251723
1341846318.178001 0.024524946 0.002769043 -0.001944746 0.001390513 -0.030249145 -0.022513323 0.999287844
1341846318.214074 0.039943308 -0.000591718 -0.002291223 0.000257551 -0.038055677 -0.026348865 0.998928130
1341846318.245970 0.025184860 0.001523674 -0.004897872 0.002709208 -0.037069213 -0.023314156 0.999037027
1341846318.278018 0.007448954 0.000321624 -0.003482558 0.006229463 -0.034535989 -0.021486016 0.999153018
1341846318.313937 0.028312162 -0.002306069 -0.005087046 0.006503863 -0.049080189 -0.023654448 0.998493493
1341846318.345989 0.030561136 -0.000186382 -0.004858498 0.008099663 -0.058856685 -0.023430534 0.997958541
1341846318.382046 0.026471574 -0.000427394 -0.002461086 0.009874852 -0.065399311 -0.024835987 0.997501194
1341846318.414072 0.025502007 -0.000308644 -0.002746021 0.010936462 -0.071380362 -0.023660947 0.997108519
1341846318.446035 0.027722351 0.000300162 -0.002808314 0.013138800 -0.079750687 -0.022877824 0.996465683
1341846318.482196 0.004732401 0.000803806 -0.003940254 0.014690314 -0.072466090 -0.020637797 0.997049093
1341846318.514144 0.041942175 -0.002682673 -0.005399832 0.012793929 -0.089780770 -0.023649186 0.995598555
1341846318.546259 0.025053563 -0.000318145 -0.005708711 0.014893592 -0.084513448 -0.021765567 0.996073246
1341846318.582042 0.023465795 -0.000420105 -0.005633069 0.016702441 -0.084063388 -0.021926740 0.996079087
1341846318.614115 0.046592426 -0.003374636 -0.005533159 0.014945119 -0.094215572 -0.024585586 0.995135963
1341846318.650038 0.050320152 -0.000760648 -0.004459817 0.015974082 -0.096857727 -0.027549576 0.994788647
1341846318.682350 0.050681472 0.000201846 -0.003762951 0.016035412 -0.097586431 -0.030027114 0.994644701
1341846318.714063 0.047169060 -0.000474672 -0.005254005 0.015319362 -0.097454287 -0.030354563 0.994659007
1341846318.749905 0.034744337 -0.000767805 -0.005021571 0.015552022 -0.092924088 -0.027722651 0.995165646
1341846318.782036 0.032723267 0.000418970 -0.005852497 0.017786821 -0.092564821 -0.025500204 0.995221138
1341846318.814121 0.032114405 -0.000297181 -0.006121976 0.016994676 -0.097165063 -0.026214693 0.994777799
1341846318.850072 0.037020557 -0.002519046 -0.007157135 0.016126391 -0.105746195 -0.028964048 0.993840396
1341846318.883516 0.027195524 -0.004363673 -0.012602867 0.017242573 -0.108971067 -0.028843509 0.993476748
1341846318.918047 0.023220887 -0.000670172 -0.007558961 0.021399613 -0.118007675 -0.029603925 0.992340565
1341846318.950044 -0.003760332 0.000704805 -0.005969877 0.023745129 -0.117256671 -0.028666981 0.992403746
1341846318.982028 -0.005095713 0.002420728 -0.006780947 0.026436854 -0.120587721 -0.032933593 0.991803944
1341846319.018123 -0.006810421 0.001559168 -0.008311532 0.025162309 -0.124930650 -0.032262526 0.991321504
1341846319.050745 -0.005163866 0.000997146 -0.002871775 0.026048824 -0.133685991 -0.032946263 0.990133345
1341846319.081905 -0.003134886 0.002592364 -0.003482487 0.033170559 -0.136322051 -0.034120061 0.989521027
1341846319.117976 -0.005791682 0.001302829 -0.006762704 0.033773087 -0.133470386 -0.028703416 0.990061164
1341846319.150093 -0.007999799 -0.000212213 -0.008649081 0.033707939 -0.136080354 -0.020793600 0.989905775
1341846319.186069 -0.005761613 0.002069930 -0.006656633 0.037213959 -0.139457062 -0.020426717 0.989317775
1341846319.218149 -0.005126837 0.004184830 -0.005578947 0.035862073 -0.135333955 -0.022326687 0.989899039
1341846319.250034 -0.006932348 0.004055388 -0.006357505 0.029584922 -0.128135428 -0.023159925 0.991044760
1341846319.286594 -0.009671805 0.002842202 -0.006692185 0.026882324 -0.123461649 -0.021083031 0.991761088
1341846319.318034 -0.011479678 0.002927466 -0.007528859 0.027494039 -0.121608548 -0.017818846 0.992037296
1341846319.350268 0.014893555 0.001661053 -0.008062973 0.026702264 -0.133608595 -0.013295428 0.990585148
1341846319.386163 0.011593701 0.002277171 -0.007428449 0.027970508 -0.136026889 -0.005294682 0.990296066
1341846319.418386 0.013542113 0.002189287 -0.009782545 0.028533040 -0.142254591 -0.002759874 0.989414930
1341846319.453961 0.013544763 0.002209023 -0.009431259 0.029359225 -0.144600555 -0.006903810 0.989030361
1341846319.486271 0.011649820 0.001276316 -0.012002736 0.027865129 -0.143719733 -0.008308670 0.989191175
1341846319.518456 0.009458124 0.003544651 -0.013072387 0.025832195 -0.146157846 -0.006600454 0.988901913
1341846319.554083 0.009775575 0.002224156 -0.010619901 0.022799306 -0.149557248 -0.009163697 0.988447726
1341846319.586296 0.008545597 0.001674243 -0.011481014 0.022947988 -0.149116263 -0.012874416 0.988469541
1341846319.622031 -0.013378168 0.002879170 -0.008959451 0.022996150 -0.141615301 -0.014038779 0.989555001
1341846319.653962 -0.014280648 0.002451394 -0.005724495 0.021778425 -0.147005156 -0.014906322 0.988783598
1341846319.686352 -0.015049615 0.002602592 -0.005236153 0.023251697 -0.151200652 -0.013057960 0.988143265
1341846319.721992 -0.015987918 0.003394535 -0.006058590 0.024254162 -0.154850751 -0.011905356 0.987568319
1341846319.754063 -0.016548442 0.004996054 -0.007561412 0.022157272 -0.156694591 -0.012896769 0.987314284
1341846319.786397 -0.016876742 0.004593508 -0.006642171 0.017194679 -0.156364590 -0.009355891 0.987505376
1341846319.822008 -0.017195260 0.004696673 -0.006904442 0.013616205 -0.156784967 -0.005684778 0.987522542
1341846319.853917 -0.017607260 0.005140737 -0.006579743 0.009022587 -0.157358602 -0.002655607 0.987496734
1341846319.889942 -0.018327612 0.003650081 -0.006474145 0.004155051 -0.157565057 0.003188444 0.987494707
1341846319.922039 -0.020202983 0.002669527 -0.008999235 0.002676926 -0.160196528 0.005809058 0.987064421
1341846319.953946 -0.016795618 0.002507877 -0.007517319 0.002788382 -0.167962521 0.003116461 0.985784531
1341846319.990054 -0.016429489 0.003100742 -0.006356018 0.006205254 -0.171989635 -0.003708397 0.985072255
1341846320.028122 -0.016855815 0.002535213 -0.006305464 0.007607185 -0.175972655 -0.004765704 0.984354138
1341846320.054177 -0.016574921 0.003071742 -0.005643599 0.011095138 -0.181684926 -0.004310132 0.983284771
1341846320.090047 -0.015060700 0.004024664 -0.005168193 0.013663781 -0.184249744 -0.004091677 0.982775927
1341846320.122011 -0.014376294 0.003846157 -0.006212635 0.014095728 -0.182064980 -0.002748491 0.983181596
1341846320.157952 -0.013243176 0.003359583 -0.005838117 0.014091487 -0.180206299 -0.002202095 0.983525395
1341846320.190003 -0.013777272 0.002531096 -0.006283674 0.016743280 -0.177219406 -0.003558548 0.984022498
1341846320.221941 -0.013538711 0.002446528 -0.006282577 0.020889282 -0.173702881 -0.002872281 0.984572351
1341846320.258015 -0.012733717 0.001992505 -0.005708008 0.024670763 -0.173038080 0.000404449 0.984606028
1341846320.289887 -0.011545578 -0.000156728 -0.006116689 0.028150609 -0.174477786 0.001781375 0.984257042
1341846320.321954 -0.010983702 0.001463439 -0.006210052 0.038806111 -0.176539257 0.001568445 0.983527064
1341846320.357890 -0.009355981 0.002110525 -0.006744487 0.043970246 -0.176716551 0.002430056 0.983276129
1341846320.390064 -0.004265065 0.001701568 -0.002894601 0.045814559 -0.175551951 0.002127768 0.983401239
1341846320.426544 -0.001240256 0.001882745 -0.000058850 0.049532201 -0.170323059 -0.001998477 0.984140575
1341846320.458122 -0.001755519 0.002573142 0.001577206 0.052082334 -0.162562430 -0.005473012 0.985307515
1341846320.490186 -0.002638209 0.000708457 -0.001332729 0.054106500 -0.155617341 -0.004942864 0.986322105
1341846320.525911 -0.006224896 0.001234367 -0.004896327 0.058288582 -0.146014586 -0.006484308 0.987542450
1341846320.558091 -0.005654334 0.001480329 -0.006057110 0.060066368 -0.141811490 -0.010597062 0.988012791
1341846320.594093 -0.003402564 0.001062028 -0.003947058 0.061636422 -0.139039740 -0.013795863 0.988270462
1341846320.631955 -0.002170122 0.000996704 -0.005055761 0.064726420 -0.131213352 -0.015230092 0.989121616
1341846320.664916 -0.001642480 0.001251847 -0.005656149 0.065144517 -0.128148511 -0.017186310 0.989463866
1341846320.699927 -0.001993195 0.000951323 -0.004679173 0.065363154 -0.125702411 -0.018771404 0.989734411
1341846320.731822 -0.000765720 0.001494251 -0.003916729 0.068325251 -0.119684547 -0.019841222 0.990259349
1341846320.763877 -0.002413066 0.004791246 -0.005319855 0.068489529 -0.116311021 -0.019192038 0.990662754
1341846320.799999 -0.000030810 0.001824675 -0.005650450 0.059106067 -0.118640289 -0.024863772 0.990864635
1341846320.831871 0.001313172 0.001203917 -0.000642348 0.062363535 -0.112194881 -0.031035040 0.991241634
1341846320.863887 0.000333562 0.001857512 -0.006091481 0.061616872 -0.098509490 -0.030331835 0.992763400
1341846320.900014 0.000670556 0.000726818 -0.005023638 0.053423557 -0.102603741 -0.025352659 0.992963076
1341846320.931889 0.002963281 -0.000009574 -0.002616861 0.054164525 -0.104293063 -0.025722418 0.992737412
1341846320.967866 0.003548900 0.002007622 -0.003707042 0.055673305 -0.098734602 -0.028947894 0.993133426
1341846321.000017 0.003574631 0.001358990 -0.004507558 0.049250275 -0.097714879 -0.031290583 0.993502438
1341846321.031860 0.004520708 -0.000114812 -0.004115307 0.046368245 -0.097140133 -0.033600081 0.993622065
1341846321.068047 0.039980512 -0.000765518 -0.004723148 0.046759728 -0.110263035 -0.038089328 0.992070973
1341846321.099840 0.040293563 -0.001161449 -0.005513172 0.044210821 -0.108606212 -0.038046341 0.992372215
1341846321.131821 0.041711424 -0.001935130 -0.003440980 0.044237804 -0.107689686 -0.036801644 0.992517829
1341846321.167887 0.042286456 -0.001693347 -0.004473052 0.047220647 -0.103707410 -0.036022492 0.992833018
1341846321.200042 0.029078355 -0.000413131 -0.006467478 0.048108142 -0.094930828 -0.035557687 0.993684769
1341846321.231950 0.029817360 -0.000998610 -0.006425043 0.047312494 -0.094264463 -0.036886737 0.993737936
1341846321.267939 0.031270564 -0.000784352 -0.006648879 0.048403759 -0.092759803 -0.041455586 0.993646920
1341846321.299948 0.032295514 -0.001165565 -0.006329875 0.047507294 -0.088974252 -0.047439329 0.993768692
1341846321.331858 0.008974908 -0.000249387 -0.003863404 0.048778549 -0.075447313 -0.049967799 0.994701743
1341846321.367913 0.010787128 -0.001271513 -0.004503135 0.049959455 -0.074023083 -0.054555606 0.994509101
1341846321.399897 0.011399029 -0.000784524 -0.003649095 0.052604638 -0.069261737 -0.055777248 0.994647920
1341846321.435994 0.011493558 -0.001216279 -0.003372928 0.054128487 -0.065463103 -0.056653939 0.994773865
1341846321.467946 0.012244919 -0.001088182 -0.002921747 0.056317613 -0.063321590 -0.056267530 0.994812846
1341846321.499882 0.013174037 -0.001131615 -0.002873541 0.058001146 -0.060415793 -0.055745430 0.994926274
1341846321.536109 0.015595712 -0.000763092 -0.003647736 0.058538448 -0.056554586 -0.058425337 0.994967997
1341846321.568960 0.013157914 -0.000005647 -0.002845281 0.056085806 -0.048051268 -0.061230343 0.995387495
1341846321.603938 0.013154795 -0.000418566 -0.002594128 0.052865881 -0.045028821 -0.062479541 0.995627403
1341846321.637163 0.015822072 -0.000109523 -0.002212932 0.051139634 -0.041743938 -0.062899150 0.995834231
1341846321.668306 0.015511077 -0.000179320 -0.002605527 0.046648901 -0.031655367 -0.061309226 0.996525466
1341846321.704411 0.014153723 -0.000320087 -0.002977462 0.043127537 -0.028276797 -0.054898951 0.997159243
1341846321.736861 0.015300883 -0.000338216 -0.002308617 0.041514628 -0.030830732 -0.045877200 0.997607768
1341846321.771881 0.014526474 0.000635770 -0.002624186 0.039398443 -0.030426586 -0.040618218 0.997933924
1341846321.804114 0.015179873 0.000567897 -0.001664487 0.035165992 -0.028204620 -0.037387047 0.998283565
1341846321.836152 0.015129803 0.001047710 -0.001419513 0.032701652 -0.025416309 -0.037219562 0.998448431
1341846321.871882 0.015817808 0.001814440 -0.001782810 0.028220965 -0.024310563 -0.039805312 0.998512924
1341846321.904074 0.016191849 0.001502095 -0.001233431 0.021724114 -0.022805495 -0.043710545 0.998547614
1341846321.939847 0.016293669 0.001054927 -0.000584049 0.017775290 -0.019609729 -0.046705205 0.998558044
1341846322.004094 0.016004361 0.000851138 -0.000841493 0.011004591 -0.020906704 -0.047783848 0.998578250
1341846322.034203 0.016689416 0.000044687 -0.001186890 0.008374436 -0.020850426 -0.048043184 0.998592496
1341846322.066178 0.016869530 -0.000221705 -0.001263034 0.005834373 -0.016854167 -0.050613504 0.998559058
1341846322.107979 0.016204745 -0.001130847 -0.000604240 0.003480222 -0.014405436 -0.052411821 0.998515606
1341846322.133980 0.016254801 -0.002523143 -0.000591079 0.004290469 -0.014033047 -0.054439262 0.998409271
1341846322.166164 0.015650013 -0.002957193 -0.001033046 0.006256468 -0.014110883 -0.052821118 0.998484671
1341846322.202932 0.015931221 -0.003543147 -0.001483188 0.007160556 -0.016789608 -0.052041408 0.998478115
1341846322.234093 0.015977662 -0.003660224 -0.001181024 0.006385701 -0.018402983 -0.053989347 0.998351514
1341846322.265941 0.015624710 -0.004200556 -0.001168842 0.003684243 -0.020712558 -0.054197356 0.998308599
1341846322.301996 0.016365534 -0.004109070 -0.000891220 0.001776078 -0.023047889 -0.052351296 0.998361170
1341846322.333949 0.015369597 -0.005137132 -0.000873367 0.000564057 -0.024079282 -0.052882418 0.998310208
1341846322.369871 0.016214276 -0.006361770 -0.000853334 0.000807930 -0.030407187 -0.054713674 0.998038650
1341846322.402292 0.017395016 -0.007684788 -0.000583949 0.002538081 -0.030578399 -0.060125679 0.997719109
1341846322.433955 0.015807992 -0.010194244 -0.000719784 0.006171552 -0.028324204 -0.065453179 0.997434497
1341846322.470030 0.016097141 -0.010266881 -0.000780843 0.015125465 -0.033623319 -0.060611993 0.997480273
1341846322.502433 0.016517289 -0.013752728 -0.001166480 0.019300871 -0.036947090 -0.057193287 0.997492492
1341846322.534002 0.016632680 -0.012732465 0.000336477 0.028932011 -0.037982326 -0.055927929 0.997292519
1341846322.570196 0.016330333 -0.011471983 -0.000172042 0.039197914 -0.038322985 -0.053177025 0.997079253
1341846322.601920 0.016108871 -0.011860589 -0.001113971 0.044174995 -0.041160814 -0.048733618 0.996985137
1341846322.638119 0.016863739 -0.012989379 -0.000485717 0.049420804 -0.045325823 -0.049048357 0.996542752
1341846322.669947 0.017673803 -0.013243507 -0.000034995 0.054357752 -0.043370277 -0.049336888 0.996358454
1341846322.702026 0.016519234 -0.015754325 0.000058490 0.056586206 -0.040829141 -0.047802687 0.996416509
1341846322.738006 0.016815281 -0.015272129 0.000689193 0.058255035 -0.043804370 -0.045274504 0.996312082
1341846322.770087 0.017149439 -0.014263560 0.000751102 0.058676057 -0.043352742 -0.045773003 0.996284366
1341846322.806047 0.016281478 -0.014966334 0.000612843 0.062180471 -0.042854100 -0.044502143 0.996150911
1341846322.838063 0.016248928 -0.015156139 -0.000106444 0.064089417 -0.047152087 -0.042304233 0.995931506
1341846322.870081 0.016150927 -0.016319977 0.001109991 0.065349527 -0.052408930 -0.041127350 0.995636165
1341846322.906018 0.017213151 -0.016625028 0.000793001 0.070402518 -0.055054899 -0.040673550 0.995167375
1341846322.938349 0.017299540 -0.015735755 0.000747068 0.071338363 -0.054037221 -0.038991068 0.995223880
1341846322.970069 0.017196620 -0.015910823 0.001200955 0.066694014 -0.053870980 -0.037521500 0.995611370
1341846323.011820 0.017338235 -0.017074354 0.001553662 0.063684687 -0.053768292 -0.037174191 0.995826960
1341846323.038050 0.016974807 -0.017184658 0.001943556 0.063455924 -0.053003006 -0.035048831 0.995959640
1341846323.073951 0.017224541 -0.017157540 0.001686312 0.060774531 -0.053456619 -0.033266120 0.996163726
1341846323.105962 0.017026355 -0.018027680 0.002427457 0.057762764 -0.053191971 -0.032871101 0.996370196
1341846323.138158 0.017080309 -0.018247206 0.002250977 0.058363385 -0.053364720 -0.036141541 0.996212661
1341846323.174092 0.016751155 -0.018495928 0.002148124 0.056495126 -0.053527839 -0.038236052 0.996233463
1341846323.206059 0.017381884 -0.019017449 0.001964930 0.053496554 -0.054435086 -0.040338255 0.996266901
1341846323.238053 0.017721595 -0.018918972 0.002218124 0.051523522 -0.052004382 -0.042024970 0.996431053
1341846323.273997 0.016979177 -0.019433703 0.002227704 0.046669170 -0.050626829 -0.043145902 0.996693194
1341846323.305946 0.017208312 -0.020232478 0.002989328 0.041047543 -0.054599527 -0.042592116 0.996754706
1341846323.342027 0.018018859 -0.020926543 0.002914533 0.039600965 -0.053562064 -0.042920928 0.996855378
1341846323.374048 0.016836563 -0.021853885 0.003793940 0.039311759 -0.049220633 -0.043512546 0.997064948
1341846323.405987 0.015958393 -0.022708068 0.002405794 0.038499303 -0.052277271 -0.038547155 0.997145414
1341846323.441956 0.016604232 -0.022614045 0.003137042 0.040364787 -0.057067275 -0.034369912 0.996961713
1341846323.473878 0.016747391 -0.023372831 0.003054889 0.044319749 -0.055945743 -0.035453249 0.996819377
1341846323.506129 0.016612131 -0.023010710 0.002084250 0.047349874 -0.056141526 -0.037928768 0.996577919
1341846323.541972 0.017074686 -0.023277506 0.002214500 0.045830961 -0.056559429 -0.039802432 0.996552229
1341846323.573913 0.017614895 -0.024135357 0.003277682 0.045849685 -0.053127371 -0.046018586 0.996472538
1341846323.609927 0.017238691 -0.024334552 0.002560975 0.046747956 -0.046962582 -0.050120600 0.996542573
1341846323.642014 0.016608713 -0.024890419 0.002374269 0.045414943 -0.044952154 -0.048679616 0.996768355
1341846323.674081 0.016368283 -0.025541799 0.002684275 0.045165408 -0.046473727 -0.046293929 0.996823549
1341846323.710069 0.016659427 -0.026931060 0.003505862 0.045418847 -0.048278399 -0.042742305 0.996884823
1341846323.742111 0.016400781 -0.027542872 0.003357691 0.049866565 -0.050295427 -0.042218365 0.996594846
1341846323.774928 0.016417058 -0.027366392 0.003007204 0.053778257 -0.052736014 -0.044889372 0.996148467
1341846323.810012 0.016533583 -0.027909685 0.002600882 0.054928757 -0.054249708 -0.048043501 0.995857239
1341846323.842207 0.016467504 -0.028161665 0.001980345 0.057077330 -0.054082271 -0.051900785 0.995551884
1341846323.878019 0.015952831 -0.028688712 0.001655997 0.058023024 -0.054622013 -0.055790864 0.995257318
1341846323.909826 0.015927831 -0.029544733 0.002083946 0.061234955 -0.056818355 -0.059925586 0.994701385
1341846323.942459 0.015836852 -0.029639129 0.001767664 0.064964235 -0.057066694 -0.059944160 0.994449437
1341846323.978055 0.016042059 -0.029723074 0.002845278 0.066315427 -0.060543355 -0.059042685 0.994208574
1341846324.015934 0.016395606 -0.029818572 0.002985979 0.070020951 -0.063122354 -0.058884509 0.993803442
1341846324.047722 0.016907278 -0.029497707 0.002259904 0.073699996 -0.062079128 -0.059361450 0.993574739
1341846324.083904 0.016889475 -0.028712340 0.002502452 0.074138075 -0.060738377 -0.060076710 0.993582010
1341846324.115968 0.017205169 -0.028396219 0.002503574 0.072073050 -0.059274077 -0.061288346 0.993748367
1341846324.151967 0.017531835 -0.028309710 0.002195603 0.071893364 -0.056816563 -0.065928966 0.993607879
1341846324.183941 0.017244022 -0.027193137 0.002136509 0.070134610 -0.052407034 -0.069725163 0.993716776
1341846324.219984 0.016761117 -0.027126225 0.002407072 0.065711759 -0.050051536 -0.069844611 0.994132042
1341846324.251968 0.016413508 -0.026829911 0.002770144 0.065349907 -0.049651913 -0.070452698 0.994133055
1341846324.284052 0.016299974 -0.025906188 0.002608539 0.066156402 -0.050322808 -0.071652673 0.993960202
1341846324.319880 0.016150398 -0.024976626 0.002378698 0.064769790 -0.053466190 -0.072056323 0.993858218
1341846324.351917 0.016491376 -0.023695230 0.002381564 0.061649848 -0.056591731 -0.072986923 0.993815660
1341846324.388001 0.017553359 -0.023510132 0.002065554 0.057198253 -0.057400655 -0.076477230 0.993772984
1341846324.419908 0.017129624 -0.022608092 0.002593763 0.052857768 -0.054768424 -0.079434268 0.993929923
1341846324.452027 0.016770920 -0.022607354 0.003045252 0.048132095 -0.054075439 -0.080348663 0.994134426
1341846324.487928 0.016641723 -0.022266163 0.002887021 0.046175521 -0.054072827 -0.078152627 0.994402409
1341846324.519985 0.016056659 -0.021628762 0.002938188 0.044739824 -0.055342913 -0.073876351 0.994724929
1341846324.556001 0.016139442 -0.020591911 0.002572812 0.042593334 -0.059987605 -0.069436342 0.994869769
1341846324.587888 0.016646946 -0.019727761 0.002890868 0.038827777 -0.063311227 -0.066692166 0.995005608
1341846324.620086 0.016663570 -0.019555729 0.002967523 0.036092158 -0.065754414 -0.069185615 0.994779885
1341846324.655955 0.016923098 -0.018535223 0.002991573 0.035534419 -0.066885613 -0.070955247 0.994599879
1341846324.688082 0.016697088 -0.018428778 0.003246479 0.034474969 -0.066428632 -0.069986321 0.994736433
1341846324.755922 0.016163640 -0.015941698 0.002658944 0.035997301 -0.068883777 -0.066351958 0.994764566
1341846324.782029 0.016445376 -0.015169129 0.002427337 0.033720922 -0.073718004 -0.067014918 0.994453371
1341846324.814016 0.017936798 -0.014112292 0.002328572 0.031323753 -0.075884134 -0.068036005 0.994299531
1341846324.849979 0.017217088 -0.013312806 0.003190333 0.025967209 -0.071883827 -0.070945248 0.994547725
1341846324.881924 0.016594160 -0.012880069 0.003399343 0.023012660 -0.072506607 -0.071586177 0.994529366
1341846324.913902 0.016944051 -0.012269522 0.003590837 0.021848524 -0.074000195 -0.068498962 0.994663000
1341846324.949999 0.016714966 -0.012407453 0.003845495 0.021693580 -0.073869795 -0.065352812 0.994887769
1341846324.981922 0.015763039 -0.012025151 0.003705378 0.025699401 -0.075673118 -0.062141541 0.994862556
1341846325.018013 0.015904032 -0.011067186 0.003495836 0.029848579 -0.080808550 -0.059457239 0.994506836
1341846325.050079 0.016049543 -0.010122173 0.002890741 0.031496804 -0.086084716 -0.059371777 0.994018316
1341846325.081901 0.016576977 -0.009329564 0.002366780 0.030279933 -0.091781341 -0.060867030 0.993455827
1341846325.118531 0.017515797 -0.008224068 0.002495456 0.026457442 -0.093916498 -0.062904350 0.993238509
1341846325.149933 0.017318839 -0.008187912 0.002752859 0.020833269 -0.091246761 -0.065463722 0.993455827
1341846325.181925 0.017014876 -0.007830727 0.002775375 0.017534485 -0.089403950 -0.063639104 0.993805587
1341846325.218055 0.016390827 -0.007183518 0.002450049 0.015047565 -0.088165887 -0.059195198 0.994231462
1341846325.249811 0.016122174 -0.006622115 0.002435674 0.012951874 -0.087491006 -0.055726197 0.994521081
1341846325.285925 0.016512441 -0.006086160 0.002338353 0.010097050 -0.088109538 -0.052831855 0.994657516
1341846325.317988 0.017247565 -0.006291644 0.002883468 0.007471736 -0.086196847 -0.050014369 0.994993925
1341846325.349844 0.016773721 -0.006534629 0.003203171 0.010179716 -0.081099898 -0.047965884 0.995499074
1341846325.387302 0.016860496 -0.005509189 0.003371224 0.015451173 -0.078477874 -0.045693394 0.995748281
1341846325.417931 0.017676583 -0.005204536 0.003406082 0.018151792 -0.074491836 -0.042354334 0.996156394
1341846325.450747 0.017960738 -0.005966594 0.003550117 0.022245107 -0.067162380 -0.040975858 0.996652067
1341846325.485954 0.016974250 -0.004215706 0.004112195 0.032635652 -0.059388295 -0.038317226 0.996965289
1341846325.517875 0.016929371 -0.003688924 0.003702255 0.036034178 -0.056720059 -0.036558107 0.997069657
1341846325.553859 0.017111378 -0.003256320 0.003837510 0.039283715 -0.053424738 -0.036203168 0.997141898
1341846325.585855 0.016964581 -0.002177194 0.003434544 0.042241774 -0.050480906 -0.038547721 0.997086465
1341846325.617990 0.016978433 -0.000916080 0.003086815 0.039702564 -0.048515961 -0.039973564 0.997232199
1341846325.653982 0.016640253 -0.001798088 0.003958568 0.036376812 -0.046526000 -0.043375410 0.997311711
1341846325.685819 0.016443580 -0.002282838 0.004157018 0.041748498 -0.045128264 -0.041663256 0.997238517
1341846325.717857 0.016396422 -0.001223317 0.004392228 0.046263099 -0.044201776 -0.034814861 0.997343421
1341846325.754083 0.016183997 -0.001369665 0.004149174 0.048504241 -0.043875597 -0.030655090 0.997387886
1341846325.786087 0.016696867 -0.000843731 0.003814917 0.055030409 -0.044160932 -0.028766843 0.997092724
1341846325.821856 0.016823513 0.000368056 0.003799042 0.059421908 -0.042526536 -0.026994176 0.996961296
1341846325.853827 0.016335417 0.000875290 0.003768214 0.060001668 -0.041475449 -0.023871312 0.997050524
1341846325.885958 0.015937302 0.001749728 0.003333937 0.060290091 -0.043599430 -0.017883072 0.997067869
1341846325.921984 0.016316354 0.001989205 0.003896752 0.058611292 -0.047513943 -0.012932631 0.997065604
1341846325.953899 0.017131172 0.002128158 0.004133924 0.061391015 -0.048134357 -0.010562069 0.996896505
1341846325.985823 0.016843503 0.002938402 0.004490839 0.064275719 -0.044866577 -0.007246034 0.996896744
1341846326.021991 0.016535539 0.002893813 0.004274685 0.066452540 -0.044233389 -0.001509833 0.996807516
1341846326.054055 0.016864987 0.003794157 0.004262011 0.071680933 -0.045341287 0.002362452 0.996393681
1341846326.089984 0.017456787 0.004882573 0.004098730 0.074624762 -0.044073883 0.002099912 0.996235013
1341846326.121822 0.017382773 0.005603069 0.004262956 0.074740425 -0.039880447 -0.000691579 0.996405005
1341846326.154079 0.016964082 0.005701777 0.004731986 0.075205706 -0.037188388 -0.002445477 0.996471345
1341846326.190178 0.016798161 0.006481337 0.004716174 0.077545419 -0.037621498 0.000122894 0.996278763
1341846326.222162 0.016586341 0.007692941 0.004341414 0.077092201 -0.038678139 0.005280202 0.996259451
1341846326.259181 0.016645884 0.008148461 0.004789190 0.073499903 -0.041078996 0.010073998 0.996397913
1341846326.291222 0.017048687 0.008822427 0.005165779 0.069873907 -0.042153206 0.010933382 0.996604800
1341846326.322766 0.017246203 0.009540373 0.005224626 0.066000067 -0.041588157 0.008995114 0.996912003
1341846326.359773 0.017349005 0.009846563 0.005336745 0.062187776 -0.040035885 0.006999131 0.997236609
1341846326.392109 0.017343849 0.009511361 0.005837688 0.060461223 -0.038101006 0.007598037 0.997414172
1341846326.423985 0.016921341 0.010104856 0.006129249 0.064716227 -0.036856089 0.012415369 0.997145593
1341846326.459869 0.016898761 0.011401319 0.005549712 0.067173831 -0.039045919 0.015552573 0.996855676
1341846326.491143 0.017356446 0.011196783 0.005850291 0.067523591 -0.040543515 0.015814051 0.996768117
1341846326.526163 0.017855160 0.012755504 0.005499972 0.067261808 -0.037974931 0.015291556 0.996895134
1341846326.560211 0.017774621 0.013240165 0.005733388 0.062033899 -0.033687621 0.015112174 0.997390866
1341846326.591828 0.017502811 0.013497769 0.006178471 0.059066582 -0.031237898 0.015976528 0.997637212
1341846326.627027 0.017705915 0.014234005 0.006376165 0.059059151 -0.029772881 0.015084603 0.997696340
1341846326.658442 0.018136065 0.015171435 0.006270572 0.057343189 -0.026275773 0.013691047 0.997914732
1341846326.694856 0.017637560 0.015958255 0.006476768 0.054204740 -0.022073532 0.013102775 0.998199761
1341846326.726206 0.017746678 0.016808726 0.006564031 0.049010079 -0.020755373 0.010513623 0.998527229
1341846326.762753 0.018204739 0.017554525 0.006478279 0.043233108 -0.018362017 0.007318298 0.998869419
1341846326.794046 0.018270954 0.018292103 0.006520111 0.036707997 -0.014694558 0.004429665 0.999208093
1341846326.826821 0.017967859 0.019264210 0.007273823 0.029760392 -0.011554922 0.000915113 0.999489784
1341846326.858887 0.017738935 0.019523717 0.007094907 0.020501483 -0.009189226 -0.000795421 0.999747217
1341846326.895360 0.017602159 0.019388560 0.007093571 0.017113822 -0.009464698 0.001833797 0.999807000
1341846326.926897 0.017199403 0.020095585 0.007423727 0.018449355 -0.012924097 0.003661806 0.999739587
1341846326.958888 0.018680224 0.021564050 0.007782931 0.022546010 -0.017065952 0.008087091 0.999567389
1341846326.994594 0.018963762 0.022495193 0.007586018 0.023733562 -0.016563974 0.010617119 0.999524713
1341846327.026301 0.019171948 0.023374217 0.007640193 0.022056978 -0.015172559 0.009138866 0.999599814
1341846327.063945 0.019404797 0.023553345 0.007517773 0.018587189 -0.012947834 0.006162064 0.999724388
1341846327.094662 0.019260354 0.024102924 0.007933093 0.018495725 -0.010631550 0.002905442 0.999768198
1341846327.128901 0.019210873 0.024955548 0.008066509 0.018232118 -0.010575605 0.001296298 0.999777019
1341846327.161940 0.019450635 0.025781691 0.008194767 0.017409466 -0.011911705 0.000739001 0.999777198
1341846327.193867 0.019820817 0.026204616 0.008630222 0.016741918 -0.010931377 -0.000282209 0.999800086
1341846327.229885 0.020113625 0.027116746 0.008081625 0.018340971 -0.007818925 -0.002230411 0.999798715
1341846327.262014 0.020519676 0.027408259 0.008749791 0.017382436 -0.003962795 -0.004110126 0.999832630
1341846327.294023 0.020901334 0.027998270 0.005729466 0.021757815 0.006552036 -0.014140105 0.999641776
1341846327.330015 0.020997271 0.029532041 0.006200304 0.026372267 0.017198710 -0.014906186 0.999393046
1341846327.361939 0.020815810 0.030459847 0.008364940 0.024719639 0.022843229 -0.019780358 0.999237657
1341846327.393887 0.020883150 0.031008732 0.008619403 0.023495177 0.024967499 -0.027739629 0.999027073
1341846327.429966 0.020616302 0.032703746 0.007828008 0.023563920 0.025167936 -0.028081013 0.999010921
1341846327.461965 0.020282770 0.033190094 0.007772490 0.014148263 0.021260742 -0.028822247 0.999258280
1341846327.497931 0.020420108 0.033616636 0.009004992 0.008185139 0.019938389 -0.031501044 0.999271333
1341846327.530068 0.020413464 0.034892775 0.009658406 0.008519693 0.020838981 -0.028008573 0.999354124
1341846327.561895 0.020162337 0.035611920 0.009892754 0.006948384 0.018994249 -0.022948761 0.999532044
1341846327.598010 0.019649096 0.035792764 0.010544467 0.007124939 0.017282914 -0.018973228 0.999645233
1341846327.629945 0.019662131 0.036939133 0.010485771 0.008156897 0.012562551 -0.018155819 0.999722958
1341846327.662003 0.020059111 0.037015025 0.009846590 0.006545422 0.008041339 -0.022418195 0.999694943
1341846327.697919 0.020311328 0.038319740 0.009976148 0.010482676 0.006493151 -0.020820620 0.999707162
1341846327.730075 0.019951986 0.039435104 0.009871561 0.006795419 0.006978240 -0.020900475 0.999734104
1341846327.766017 0.020265639 0.040085349 0.009831733 0.001745722 0.006065540 -0.019019164 0.999799192
1341846327.797917 0.020192424 0.040649723 0.009853049 -0.002810386 0.006027926 -0.015603267 0.999856114
1341846327.830054 0.020433482 0.041544862 0.009913649 -0.009502069 0.005445877 -0.017170720 0.999792576
1341846327.865944 0.020448230 0.042226005 0.010298901 -0.012841351 0.007630051 -0.018031534 0.999725819
1341846327.898010 0.020359743 0.042790510 0.010478778 -0.015543785 0.008973099 -0.016093643 0.999709368
1341846327.929991 0.020512238 0.043345608 0.010290922 -0.020277997 0.006886881 -0.018132959 0.999606192
1341846327.966065 0.020742366 0.043839294 0.010081048 -0.024279337 0.007179223 -0.019672556 0.999485850
1341846327.998073 0.020822035 0.044828553 0.010277011 -0.030430172 0.008515351 -0.025281969 0.999180794
1341846328.034045 0.020921145 0.044970032 0.010491949 -0.036670882 0.009716592 -0.027736131 0.998895168
1341846328.065993 0.020845463 0.045021836 0.010304216 -0.042401019 0.011070756 -0.027111704 0.998671412
1341846328.098045 0.020586535 0.044350296 0.010645689 -0.044235211 0.011979129 -0.025855172 0.998614669
1341846328.133967 0.020408612 0.044328041 0.010662933 -0.041397672 0.011205151 -0.022797816 0.998819768
1341846328.166023 0.020524191 0.043949835 0.010521292 -0.042687524 0.007915122 -0.021561239 0.998824418
1341846328.198018 0.020341882 0.042855058 0.010191431 -0.044054769 0.005102997 -0.024361897 0.998718977
1341846328.234044 0.020325659 0.042045429 0.010163666 -0.042175185 0.003283789 -0.025625726 0.998776138
1341846328.265899 0.020146415 0.041343961 0.010083091 -0.040767036 0.001821306 -0.024979567 0.998854697
1341846328.302051 0.020137131 0.040337063 0.009627366 -0.037256587 0.001171989 -0.022727391 0.999046564
1341846328.333917 0.019795602 0.039358694 0.009464180 -0.034186844 0.001359714 -0.020946359 0.999195039
1341846328.366008 0.019767392 0.038934249 0.009717106 -0.028638730 0.000314328 -0.022066996 0.999346197
1341846328.402010 0.019843327 0.037401844 0.009111555 -0.016755637 0.000994682 -0.019379180 0.999671280
1341846328.433920 0.019260464 0.036299985 0.009207803 -0.012078197 0.000480514 -0.020087698 0.999725163
1341846328.470003 0.019687781 0.034152590 0.008486636 -0.015314180 -0.001603686 -0.025786532 0.999548912
1341846328.502194 0.019984398 0.032218609 0.008655875 -0.014328264 -0.000976811 -0.032742999 0.999360621
1341846328.534033 0.020020591 0.030662123 0.009076979 -0.013553615 0.001302482 -0.037631202 0.999198914
1341846328.570125 0.019286364 0.029058322 0.008870841 -0.012677504 0.003788518 -0.039454188 0.999133766
1341846328.602804 0.018684756 0.026816245 0.008089754 -0.009674827 -0.000584157 -0.035530027 0.999321640
1341846328.636433 0.017966928 0.025792586 0.007985824 -0.004911250 -0.006981391 -0.036351655 0.999302566
1341846328.672663 0.018710880 0.024936588 0.008411301 0.000340644 -0.015478778 -0.036035471 0.999230564
1341846328.702975 0.019063253 0.023912022 0.008792271 0.002460438 -0.019486072 -0.035727460 0.999168575
1341846328.738215 0.019761669 0.022248834 0.008940815 0.007563144 -0.023121746 -0.037402149 0.999004126
1341846328.770129 0.019769011 0.021621989 0.008487833 0.011129586 -0.024844771 -0.037707463 0.998917937
1341846328.802331 0.019527188 0.020574059 0.008187845 0.011659441 -0.027326031 -0.037413456 0.998858154
1341846328.838051 0.019902883 0.019362221 0.008285545 0.014802332 -0.030661764 -0.038521238 0.998677552
1341846328.869939 0.020131886 0.019572336 0.008187612 0.015648318 -0.032385096 -0.039444592 0.998574197
1341846328.904486 0.018969927 0.017494565 0.007076622 0.009677542 -0.033014428 -0.041826196 0.998532355
1341846328.939814 0.019941565 0.016429817 0.008245871 0.012215734 -0.037691716 -0.040160589 0.998407364
1341846328.970217 0.020315927 0.016617464 0.008080244 0.017168419 -0.040405426 -0.035994355 0.998387218
1341846329.006232 0.020102434 0.015466458 0.007830149 0.016540652 -0.041810464 -0.032469198 0.998460829
1341846329.038243 0.020575410 0.014182375 0.008190460 0.019517388 -0.043789398 -0.030298891 0.998390496
1341846329.072238 0.020767292 0.014486205 0.007089001 0.024489393 -0.043276232 -0.031132622 0.998277605
1341846329.106125 0.020672686 0.014010402 0.007108686 0.023182759 -0.043930937 -0.032233715 0.998245299
1341846329.138340 0.020625040 0.012985748 0.007306574 0.024206152 -0.045159522 -0.033509735 0.998124123
1341846329.169991 0.020722045 0.012823043 0.006791382 0.026428714 -0.046257205 -0.034324449 0.997989774
1341846329.208656 0.020744000 0.012113070 0.006463253 0.026658827 -0.047326472 -0.036256332 0.997865200
1341846329.238169 0.020785023 0.012183458 0.006300909 0.026789080 -0.048488997 -0.036220353 0.997807205
1341846329.273827 0.020794302 0.011178710 0.006297221 0.024332292 -0.049630173 -0.034859445 0.997862518
1341846329.306052 0.020698451 0.011066459 0.006267467 0.024973379 -0.051946886 -0.035799704 0.997695506
1341846329.338104 0.021106752 0.010988871 0.005935132 0.021768244 -0.054030277 -0.037814815 0.997585535
1341846329.373907 0.020840995 0.009534089 0.005948400 0.017394727 -0.054336481 -0.039456733 0.997591197
1341846329.405985 0.020828245 0.008793548 0.005879686 0.018388294 -0.056138702 -0.041922629 0.997372925
1341846329.442057 0.020954505 0.008757223 0.005724695 0.018353462 -0.056740575 -0.045203928 0.997196198
1341846329.473950 0.020678412 0.007808194 0.005704822 0.017145082 -0.057863057 -0.051454548 0.996850193
1341846329.506147 0.020629833 0.007558524 0.005418040 0.017630639 -0.059959535 -0.054255422 0.996569276
1341846329.542121 0.020368038 0.006529173 0.005199885 0.015193751 -0.062311195 -0.055326454 0.996406257
1341846329.574086 0.020457761 0.005427573 0.005654516 0.016989032 -0.065195508 -0.055549290 0.996180296
1341846329.606387 0.020461151 0.005521692 0.005327167 0.020203659 -0.065759741 -0.057100132 0.995995522
1341846329.641955 0.020278655 0.005270650 0.005129205 0.019972101 -0.066800393 -0.056493312 0.995965540
1341846329.681570 0.020101208 0.004567211 0.005200205 0.018830173 -0.069621935 -0.056216996 0.995810151
1341846329.748113 0.020568542 0.004169239 0.005088197 0.021152427 -0.070542961 -0.058399308 0.995573103
1341846329.774077 0.020577088 0.003298949 0.005243379 0.018617714 -0.068629794 -0.055996772 0.995895445
1341846329.810175 0.020249143 0.002593093 0.005086691 0.018552193 -0.066634186 -0.054112058 0.996136367
1341846329.842255 0.019969752 0.002078607 0.005148673 0.019938881 -0.066166766 -0.051201228 0.996294558
1341846329.874044 0.019859012 0.001662038 0.005095467 0.021591602 -0.066118382 -0.047808040 0.996431947
1341846329.910073 0.019043474 0.001868602 0.004190878 0.021888737 -0.065631203 -0.045582920 0.996561944
1341846329.942009 0.019503817 0.001677391 0.004430376 0.017223367 -0.066056266 -0.040475737 0.996845841
1341846329.978087 0.019358033 0.000215110 0.004758060 0.014321397 -0.066270538 -0.038964715 0.996937752
1341846330.016305 0.019714087 0.000647244 0.004420505 0.016972208 -0.065732561 -0.041187588 0.996842384
1341846330.048192 0.019309415 0.001036576 0.004016242 0.013388505 -0.063421853 -0.040415488 0.997078240
1341846330.080418 0.019230980 -0.000288095 0.004356992 0.008402587 -0.063393660 -0.038438391 0.997212648
1341846330.115886 0.019187430 -0.001273077 0.004353201 0.010838357 -0.061922733 -0.037763596 0.997307360
1341846330.147839 0.018962851 -0.000211343 0.003957647 0.014083037 -0.061558899 -0.035951786 0.997356296
1341846330.181257 0.019176485 0.000472527 0.003661106 0.009472967 -0.061902408 -0.032676078 0.997502208
1341846330.215852 0.019140795 -0.000492060 0.004079670 0.002558846 -0.060619220 -0.033519279 0.997594714
1341846330.247833 0.018164724 -0.000836532 0.003745128 0.000806961 -0.059170220 -0.035004985 0.997633636
1341846330.283913 0.018827980 0.000049316 0.003438946 -0.002124012 -0.060119446 -0.034267172 0.997600555
1341846330.316011 0.018494019 -0.001009182 0.003741141 -0.009319043 -0.060277395 -0.035724837 0.997498631
1341846330.347868 0.018331284 -0.001448215 0.003801427 -0.011606022 -0.061894514 -0.036575850 0.997344732
1341846330.383835 0.018660992 -0.001632010 0.003868833 -0.013482941 -0.062582530 -0.035966780 0.997300386
1341846330.415934 0.017734056 -0.002407598 0.004119943 -0.014349506 -0.061010696 -0.037791900 0.997318149
1341846330.452561 0.017472493 -0.002503032 0.003750701 -0.011297353 -0.061498728 -0.039259426 0.997270763
1341846330.483903 0.017220287 -0.002159353 0.003409449 -0.011123383 -0.062968276 -0.036827896 0.997273803
1341846330.515970 0.017813839 -0.002727998 0.003709298 -0.013199580 -0.065439552 -0.033495933 0.997206807
1341846330.552099 0.017456640 -0.002951761 0.003310047 -0.012213281 -0.066599630 -0.030599922 0.997235656
1341846330.583876 0.017377844 -0.002387555 0.002968703 -0.012279717 -0.066702984 -0.029960057 0.997247398
1341846330.619992 0.017024025 -0.001818140 0.002146363 -0.016163494 -0.066960290 -0.030806804 0.997148931
1341846330.652136 0.017262291 -0.002394397 0.002519346 -0.023282187 -0.068874158 -0.033018842 0.996806920
1341846330.683796 0.017044611 -0.002641121 0.002374510 -0.027887505 -0.068267003 -0.034187261 0.996691108
1341846330.719991 0.016524628 -0.003486064 0.002006751 -0.031140869 -0.069683455 -0.033344466 0.996525288
1341846330.752103 0.016106408 -0.003610950 0.001994528 -0.029699270 -0.073206469 -0.029367359 0.996441841
1341846330.787952 0.016609760 -0.003521782 0.001736491 -0.028893249 -0.078093134 -0.025534600 0.996200144
1341846330.819823 0.016943000 -0.003562418 0.001811223 -0.029611928 -0.083093740 -0.023970496 0.995813251
1341846330.852208 0.017026838 -0.003130006 0.001503226 -0.029744370 -0.084828392 -0.023134802 0.995682776
1341846330.888445 0.016909616 -0.002502721 0.001142659 -0.032920994 -0.086386435 -0.022204842 0.995470047
1341846330.914111 0.017033240 -0.002522772 0.001072221 -0.038901124 -0.087679379 -0.023137901 0.995119929
1341846330.949903 0.015798321 -0.002796639 0.001003229 -0.042027187 -0.087335490 -0.023951169 0.995003760
1341846330.981986 0.016145933 -0.003056896 0.001027143 -0.041644167 -0.092078589 -0.022899155 0.994616985
1341846331.014111 0.015641853 -0.002556538 0.000388118 -0.042115871 -0.095532566 -0.022439208 0.994281769
1341846331.082139 0.016190223 -0.003027013 0.000348122 -0.040615648 -0.099420384 -0.025120908 0.993898809
1341846331.114334 0.016190549 -0.002793077 0.000163471 -0.040735763 -0.101651773 -0.025156220 0.993667305
1341846331.149989 0.016251303 -0.003286337 0.000580728 -0.040909979 -0.102855496 -0.025774388 0.993520379
1341846331.181954 0.016134730 -0.003354802 -0.000022947 -0.037702974 -0.103249244 -0.026646441 0.993583441
1341846331.218151 0.015619377 -0.002327516 -0.000512200 -0.037141450 -0.105450034 -0.026590586 0.993374884
1341846331.249914 0.016367981 -0.003024999 0.000107640 -0.040260840 -0.108320527 -0.026661877 0.992942512
1341846331.282227 0.017430373 -0.004756196 0.000262211 -0.037132453 -0.105430640 -0.027917983 0.993340909
1341846331.318141 0.016794143 -0.003000546 0.000139731 -0.028817000 -0.099512942 -0.031336732 0.994125128
1341846331.349926 0.017187387 -0.002962491 0.000055721 -0.029625170 -0.097438201 -0.032383271 0.994273305
1341846331.382003 0.018803744 -0.004397627 0.001184109 -0.027914653 -0.092657201 -0.032728136 0.994768441
1341846331.418008 0.017805940 -0.003305136 0.001078654 -0.018868988 -0.082151286 -0.033589769 0.995874941
1341846331.450327 0.016780520 -0.002486167 0.001112764 -0.016371671 -0.076418228 -0.033897676 0.996364951
1341846331.486219 0.016359605 -0.002122058 0.001100607 -0.016129361 -0.073784448 -0.033055577 0.996595740
1341846331.518344 0.017003726 -0.002364977 0.001470028 -0.017492615 -0.073755480 -0.033917334 0.996545911
1341846331.550202 0.017306171 -0.002818310 0.002182559 -0.015335434 -0.069768503 -0.035433751 0.996815741
1341846331.586139 0.017383186 -0.002090491 0.002447946 -0.012308977 -0.068294160 -0.035550792 0.996955633
1341846331.617931 0.017744498 -0.001888227 0.003240085 -0.013137366 -0.068782657 -0.035026014 0.996930063
1341846331.654027 0.018069858 -0.002329844 0.003914150 -0.012949554 -0.066557609 -0.034582447 0.997099042
1341846331.686123 0.017753121 -0.001697027 0.003810076 -0.010017351 -0.063398220 -0.033270475 0.997383296
1341846331.717954 0.017476391 -0.000992103 0.004082180 -0.012793768 -0.063920580 -0.033208292 0.997320294
1341846331.754076 0.017309153 -0.001639333 0.004843283 -0.015766215 -0.063508943 -0.033748310 0.997285843
1341846331.785920 0.017191503 -0.001646967 0.005453411 -0.012739017 -0.060615361 -0.035407361 0.997451663
1341846331.818053 0.017777810 -0.001007813 0.006354665 -0.011567229 -0.059577014 -0.035432257 0.997527599
1341846331.853849 0.017760426 -0.001397650 0.007100500 -0.013273478 -0.059234407 -0.035984688 0.997507036
1341846331.885987 0.017975181 -0.001415426 0.007880220 -0.010257468 -0.057329133 -0.037752870 0.997588515
1341846331.922014 0.017860135 -0.000870422 0.008402502 -0.007710211 -0.054138321 -0.038720019 0.997752607
1341846331.954037 0.018180626 -0.000832699 0.009066219 -0.007804598 -0.051908538 -0.038228694 0.997889340
1341846331.986135 0.018373169 -0.001530081 0.009979116 -0.005758972 -0.046435315 -0.037115488 0.998214900
1341846332.022364 0.016965978 -0.001324535 0.010863164 0.001402717 -0.040706016 -0.038159009 0.998441219
1341846332.054175 0.016814811 -0.000840891 0.011356291 0.007790025 -0.040966671 -0.035297111 0.998506427
1341846332.086502 0.017023243 -0.000651813 0.011855270 0.010419727 -0.041219484 -0.033173535 0.998544872
1341846332.122051 0.016927918 -0.000274717 0.012704952 0.012567204 -0.040267587 -0.034105305 0.998527586
1341846332.153983 0.017046040 0.000686283 0.013700442 0.011659265 -0.041006714 -0.036416635 0.998426914
1341846332.190165 0.016820703 0.000813956 0.014649315 0.005138196 -0.042282980 -0.039141580 0.998325467
1341846332.222699 0.016822569 -0.000171812 0.015567978 0.001412717 -0.042825282 -0.040030476 0.998279274
1341846332.254145 0.016537437 -0.000122157 0.016420394 0.004579443 -0.042077497 -0.041119363 0.998257339
1341846332.289948 0.016300054 0.000237261 0.016904533 0.006672140 -0.042091541 -0.039327204 0.998317122
1341846332.322172 0.016504787 0.000152292 0.017672140 0.007005373 -0.043001030 -0.036696184 0.998376310
1341846332.354003 0.016749231 -0.000050472 0.018426597 0.009529629 -0.041613810 -0.039016541 0.998326182
1341846332.390180 0.016898038 0.000627018 0.018430477 0.012126305 -0.037440274 -0.042508613 0.998320699
1341846332.422055 0.016465580 0.000993384 0.019474167 0.010823705 -0.034721527 -0.045963872 0.998280823
1341846332.458114 0.016582316 0.000691758 0.020192800 0.010123589 -0.032717556 -0.050540775 0.998134613
1341846332.489993 0.016025227 0.001295228 0.020685621 0.011823846 -0.030336488 -0.049076080 0.998264194
1341846332.522130 0.015655726 0.001582773 0.021474360 0.010553707 -0.033654753 -0.043505751 0.998430371
1341846332.558114 0.015707429 0.001480091 0.021823762 0.009959690 -0.038702734 -0.036226317 0.998544216
1341846332.589874 0.016348150 0.002011788 0.022165751 0.009788253 -0.041787196 -0.031606939 0.998578489
1341846332.621889 0.016555291 0.002337245 0.022328556 0.005685190 -0.041792076 -0.029847734 0.998664200
1341846332.658202 0.016592670 0.002091497 0.023407560 0.001498819 -0.040922213 -0.031247469 0.998672485
1341846332.690001 0.016646411 0.002425060 0.023950517 -0.000349982 -0.039888356 -0.030450562 0.998739958
1341846332.726000 0.016229417 0.002299360 0.024899768 -0.001849373 -0.040053606 -0.026928743 0.998832881
1341846332.758386 0.016627610 0.002385339 0.025065757 -0.001316294 -0.043112725 -0.024452616 0.998770058
1341846332.789937 0.017315852 0.002805588 0.025694456 -0.001590013 -0.042935818 -0.025792584 0.998743594
1341846332.825925 0.017145136 0.002832424 0.026448870 -0.003656352 -0.040021088 -0.027808234 0.998805106
1341846332.857898 0.017288031 0.002691874 0.026847305 -0.003045332 -0.039219689 -0.028143751 0.998829544
1341846332.894069 0.017447030 0.003625941 0.027229916 -0.002068873 -0.039487064 -0.027893495 0.998828530
1341846332.926029 0.017733429 0.003925894 0.027964404 -0.005468110 -0.039296791 -0.030010441 0.998761892
1341846332.958015 0.018071892 0.004056226 0.028701441 -0.008043085 -0.037532602 -0.031847432 0.998755395
1341846332.994073 0.017994534 0.004397721 0.029214235 -0.010524853 -0.035949610 -0.034314685 0.998708844
1341846333.026545 0.018219324 0.004398861 0.029832980 -0.013103373 -0.034748428 -0.036928806 0.998627663
1341846333.057998 0.018676519 0.004404943 0.030137865 -0.013898551 -0.033236571 -0.037439588 0.998649299
1341846333.094024 0.018517327 0.004463411 0.030756000 -0.013749287 -0.030808264 -0.034092493 0.998849154
1341846333.126095 0.019012578 0.004733284 0.031222727 -0.012984480 -0.029828168 -0.031116672 0.998986244
1341846333.161973 0.019387623 0.005093052 0.031445593 -0.013701959 -0.027293719 -0.030438196 0.999069989
1341846333.195660 0.019411029 0.005180181 0.032269858 -0.016130148 -0.024987334 -0.028735327 0.999144495
1341846333.226331 0.019431405 0.005303797 0.032296423 -0.017235385 -0.024277281 -0.029157037 0.999131322
1341846333.262056 0.019551920 0.005801967 0.032488737 -0.019661093 -0.023855530 -0.030826598 0.999046564
1341846333.294147 0.019757222 0.005629668 0.033322759 -0.023443660 -0.024108304 -0.031972151 0.998922884
1341846333.326100 0.019923970 0.005646978 0.033272143 -0.025124067 -0.025622910 -0.033587068 0.998791337
1341846333.362100 0.020124039 0.006065806 0.033378717 -0.027754845 -0.026474293 -0.035330813 0.998639345
1341846333.394119 0.020120177 0.005881247 0.034171663 -0.031345468 -0.027229728 -0.035299834 0.998513818
1341846333.429974 0.020124417 0.006128265 0.034167875 -0.031996220 -0.028847886 -0.035897493 0.998426437
1341846333.462115 0.020462357 0.005873163 0.034332164 -0.032633331 -0.029413346 -0.036835846 0.998355150
1341846333.494040 0.020234281 0.006060137 0.034455400 -0.031210762 -0.028010326 -0.038370069 0.998383224
1341846333.529953 0.020337982 0.006042855 0.034635592 -0.030256573 -0.026869660 -0.038708933 0.998430848
1341846333.562063 0.020237029 0.006238644 0.034570374 -0.029139914 -0.024308994 -0.036850873 0.998600006
1341846333.594090 0.020141492 0.006688630 0.034519747 -0.029744100 -0.024947215 -0.035686992 0.998608708
1341846333.629994 0.020038299 0.006654357 0.034379665 -0.034027774 -0.027179416 -0.037458148 0.998348773
1341846333.662127 0.020202065 0.006606147 0.034175694 -0.036806609 -0.028392289 -0.038209163 0.998187959
1341846333.697964 0.020245958 0.006112264 0.034370661 -0.038898814 -0.028373176 -0.037083026 0.998151660
1341846333.730092 0.020154830 0.006007547 0.034507435 -0.036921870 -0.027809424 -0.035987038 0.998282731
1341846333.762089 0.020110313 0.006213197 0.034046993 -0.034723960 -0.026854536 -0.034540374 0.998438835
1341846333.798006 0.020008573 0.005955492 0.033785336 -0.033488125 -0.026231049 -0.035024226 0.998480737
1341846333.830055 0.020101111 0.005985890 0.033554856 -0.030838683 -0.025185026 -0.036785964 0.998529673
1341846333.866045 0.019762030 0.005961557 0.033232130 -0.029507760 -0.023502834 -0.038198076 0.998557866
1341846333.897987 0.019741660 0.005356357 0.032318238 -0.028664850 -0.023881758 -0.039287582 0.998531163
1341846333.930099 0.019627141 0.005135493 0.032091442 -0.026009487 -0.022979882 -0.040463615 0.998578072
1341846333.965889 0.019544849 0.005192115 0.031662278 -0.023497943 -0.022128571 -0.040733259 0.998648584
1341846333.997985 0.019706886 0.004656325 0.031274099 -0.021488678 -0.021778701 -0.040470749 0.998712182
1341846334.030076 0.019296953 0.004929933 0.030762583 -0.017479718 -0.019923193 -0.040545862 0.998826087
1341846334.066000 0.019097343 0.004818810 0.030220602 -0.016172485 -0.019997250 -0.038912561 0.998911619
1341846334.097932 0.019451985 0.004568815 0.029984681 -0.014741777 -0.020932939 -0.038534287 0.998929203
1341846334.133884 0.019081248 0.004574049 0.029445980 -0.013281165 -0.019577455 -0.038428579 0.998981297
1341846334.166115 0.018759018 0.004684180 0.028983226 -0.012750784 -0.020632459 -0.037433665 0.999004722
1341846334.198072 0.018624701 0.004500627 0.028428618 -0.012492950 -0.021820746 -0.038455214 0.998943925
1341846334.234097 0.019108357 0.004475797 0.027995128 -0.012122680 -0.022375891 -0.039194494 0.998907447
1341846334.266045 0.018530786 0.004368772 0.027590878 -0.011858876 -0.019986497 -0.039247170 0.998959243
1341846334.297946 0.018141324 0.004537789 0.027333904 -0.010620428 -0.021403361 -0.037637703 0.999005735
1341846334.334036 0.018245345 0.004414796 0.026862254 -0.010716822 -0.023126733 -0.036465183 0.999009788
1341846334.365871 0.018290045 0.004519406 0.026030036 -0.010680454 -0.023006238 -0.038680565 0.998929679
1341846334.401845 0.018101858 0.004536205 0.025835339 -0.011735328 -0.022391185 -0.039731525 0.998890579
1341846334.433864 0.017551247 0.004163826 0.025321901 -0.012084175 -0.022632034 -0.039531175 0.998888910
1341846334.466105 0.017547529 0.004464635 0.024718191 -0.010853460 -0.024141589 -0.038998235 0.998888671
1341846334.502142 0.017314650 0.004581691 0.024235116 -0.012147550 -0.025185488 -0.037811011 0.998893619
1341846334.540153 0.017108316 0.004365514 0.023726236 -0.012880387 -0.026059300 -0.039116029 0.998811781
1341846334.566584 0.016871341 0.004796640 0.023456100 -0.013673780 -0.027215939 -0.042128976 0.998647869
1341846334.602351 0.016266635 0.004871034 0.023048447 -0.017175490 -0.029134423 -0.046110723 0.998363674
1341846334.634069 0.016745344 0.004685178 0.022542855 -0.020365210 -0.032157186 -0.050334081 0.998006821
1341846334.670161 0.016449224 0.004634235 0.022157038 -0.021919716 -0.032272547 -0.052780654 0.997843802
1341846334.702085 0.016017932 0.004269720 0.021637190 -0.023808176 -0.034006156 -0.052225254 0.997772157
1341846334.734751 0.015927177 0.004204086 0.021172673 -0.023821883 -0.036572341 -0.050850533 0.997752070
1341846334.770889 0.015765971 0.004123415 0.020565603 -0.024161244 -0.037894588 -0.048024774 0.997834563
1341846334.802194 0.015419191 0.004207228 0.019659843 -0.024361400 -0.039625928 -0.047970451 0.997765064
1341846334.833908 0.015593653 0.004225078 0.019087672 -0.024899466 -0.041790564 -0.048510417 0.997637391
1341846334.869874 0.015358538 0.004347930 0.018420087 -0.025857855 -0.042018726 -0.049437478 0.997557878
1341846334.902006 0.015346896 0.004044570 0.017792828 -0.028533233 -0.043805443 -0.047964904 0.997479975
1341846334.938010 0.015110769 0.003992602 0.017443521 -0.029059388 -0.046592880 -0.048501540 0.997312546
1341846334.970032 0.015421823 0.003946030 0.017187620 -0.029046506 -0.048343431 -0.049132038 0.997198701
1341846335.002203 0.015106412 0.003510739 0.016695518 -0.028327299 -0.047764745 -0.047224000 0.997339487
1341846335.037880 0.014807940 0.003754111 0.015427787 -0.025495317 -0.050214481 -0.045045126 0.997396350
1341846335.069990 0.015119298 0.003862339 0.014900175 -0.025194274 -0.053302005 -0.044828709 0.997253537
1341846335.106038 0.015264118 0.003559490 0.014618449 -0.025193386 -0.052904382 -0.046472821 0.997199416
1341846335.138045 0.014853272 0.003439487 0.013815733 -0.023474049 -0.051365420 -0.047163248 0.997289419
1341846335.169900 0.014711187 0.003673710 0.012624066 -0.023093158 -0.053752836 -0.046856187 0.997186959
1341846335.206091 0.014837098 0.003586976 0.012465945 -0.023824114 -0.055981863 -0.049311813 0.996928692
1341846335.239365 0.014999297 0.003201963 0.012094493 -0.024081206 -0.055336282 -0.052000318 0.996821940
1341846335.269948 0.014774871 0.002975622 0.011365004 -0.022610899 -0.054029688 -0.052814700 0.996885240
1341846335.305972 0.014396542 0.002987776 0.010659224 -0.020575184 -0.055255622 -0.052502703 0.996878624
1341846335.338012 0.014536109 0.002958585 0.010456560 -0.019165799 -0.057063639 -0.050702158 0.996898055
1341846335.374005 0.014824309 0.002197142 0.010192920 -0.016015943 -0.056103732 -0.049148366 0.997085929
1341846335.406025 0.014926848 0.001772658 0.009263672 -0.009878949 -0.054280989 -0.046825550 0.997378230
1341846335.438079 0.015019543 0.002466579 0.007761059 -0.003396997 -0.053333569 -0.043686308 0.997614920
1341846335.473998 0.015387859 0.002584502 0.007053928 -0.001193919 -0.052271079 -0.042367600 0.997733057
1341846335.507038 0.015429324 0.002849458 0.006347639 0.000468099 -0.049704876 -0.044281445 0.997781694
1341846335.538040 0.015238863 0.003149995 0.005664545 0.000282729 -0.047223963 -0.046486061 0.997802019
1341846335.574119 0.014778955 0.003456645 0.005076857 -0.001750174 -0.046592791 -0.046426266 0.997832954
1341846335.605970 0.014863872 0.002944005 0.004710936 -0.003905745 -0.047528796 -0.047003515 0.997755706
1341846335.641978 0.015105737 0.002761906 0.004114446 -0.002670258 -0.046870183 -0.049346514 0.997677803
1341846335.673993 0.014813134 0.003072951 0.003377975 -0.002638966 -0.045867741 -0.049966831 0.997693598
1341846335.706178 0.014659424 0.002933303 0.002758436 -0.003406440 -0.047031526 -0.049108412 0.997679710
1341846335.741982 0.014915526 0.002773465 0.002372155 -0.003047313 -0.047722109 -0.049680911 0.997619748
1341846335.773960 0.014882460 0.002982726 0.001406558 -0.002699792 -0.047130607 -0.049936540 0.997636080
1341846335.806271 0.014863375 0.003270337 0.000675489 -0.004377940 -0.047580626 -0.049801253 0.997615516
1341846335.842031 0.014902246 0.002870848 0.000359788 -0.006829029 -0.046793442 -0.049572904 0.997650385
1341846335.873966 0.014936442 0.002603701 -0.000497079 -0.005926325 -0.045407217 -0.050598729 0.997668684
1341846335.910005 0.014518451 0.003034004 -0.001479313 -0.005851022 -0.044693150 -0.049472924 0.997757852
1341846335.941936 0.014274378 0.003037018 -0.002040380 -0.007014473 -0.046363946 -0.048065435 0.997742891
1341846335.974198 0.014450746 0.002898557 -0.002509326 -0.007330019 -0.047625549 -0.049975693 0.997587383
1341846336.010032 0.014351747 0.002926226 -0.003438153 -0.007363658 -0.047569111 -0.051390868 0.997517884
1341846336.042129 0.013994229 0.002987845 -0.004153842 -0.008118353 -0.048498750 -0.051301096 0.997471869
1341846336.078076 0.013927870 0.002690767 -0.004510761 -0.008605527 -0.050452616 -0.051774438 0.997346401
1341846336.110739 0.014099421 0.002715850 -0.004821631 -0.008046670 -0.051113643 -0.052797012 0.997263789
1341846336.142002 0.013649425 0.002802022 -0.005839174 -0.007972931 -0.050478887 -0.052514315 0.997311652
1341846336.183953 0.013357365 0.003118546 -0.006374077 -0.008047129 -0.052767616 -0.051968288 0.997221172
1341846336.210112 0.013574977 0.003142859 -0.006433295 -0.009703426 -0.054914139 -0.050873935 0.997146964
1341846336.241891 0.013708344 0.002953852 -0.007112173 -0.010381564 -0.054018296 -0.051682517 0.997147501
1341846336.277946 0.013059171 0.002583982 -0.007760469 -0.010127701 -0.052970883 -0.050467856 0.997268498
1341846336.309977 0.012991067 0.002504462 -0.008370481 -0.007859213 -0.055420991 -0.047408022 0.997305989
1341846336.346143 0.013181612 0.002780993 -0.009163127 -0.005829467 -0.056877676 -0.046031024 0.997302413
1341846336.377975 0.013265645 0.002673278 -0.009408504 -0.005260751 -0.057036471 -0.046072196 0.997294605
1341846336.410032 0.012966641 0.002818161 -0.010119651 -0.003972762 -0.055993538 -0.046643060 0.997333109
1341846336.446041 0.013129502 0.002972654 -0.010934475 -0.004388922 -0.056620311 -0.046592973 0.997298300
1341846336.477990 0.013178789 0.002829777 -0.011372888 -0.005614094 -0.056711443 -0.046604790 0.997286499
1341846336.510056 0.012913884 0.002642539 -0.011476950 -0.005417606 -0.055803314 -0.046270981 0.997354329
1341846336.546024 0.012908068 0.002565672 -0.012447680 -0.004443117 -0.055589437 -0.045043506 0.997427225
1341846336.578003 0.012736126 0.003116430 -0.012876492 -0.004220333 -0.055702206 -0.043163534 0.997505069
1341846336.614020 0.013135059 0.003026372 -0.013119211 -0.005058422 -0.055634342 -0.043299850 0.997499049
1341846336.645982 0.012852954 0.003348025 -0.013778958 -0.005650519 -0.053922199 -0.044384900 0.997542202
1341846336.678036 0.012169844 0.003038482 -0.014329852 -0.007819299 -0.054872990 -0.044525333 0.997469425
1341846336.714024 0.012085235 0.002636222 -0.013725658 -0.006897885 -0.057530317 -0.044323862 0.997335494
1341846336.746016 0.011927186 0.002535448 -0.014501556 -0.003331599 -0.059700381 -0.042556055 0.997303247
1341846336.778014 0.011784743 0.002873046 -0.015494723 -0.000619741 -0.063247532 -0.039047271 0.997233510
1341846336.820006 0.011835313 0.003136221 -0.015634162 -0.000290092 -0.067021906 -0.036152989 0.997096241
1341846336.845952 0.012073943 0.002892353 -0.015104508 0.000059382 -0.068912089 -0.036789890 0.996944129
1341846336.882056 0.011483474 0.003121103 -0.015839463 0.002282285 -0.069262274 -0.037502885 0.996890664
1341846336.914273 0.010317099 0.002385786 -0.015804442 0.003657636 -0.072943486 -0.035286352 0.996704936
1341846336.945998 0.011705142 0.002074329 -0.017018288 0.008894276 -0.080726445 -0.031404100 0.996201754
1341846336.981980 0.011810141 0.003328446 -0.018121120 0.013336695 -0.084718816 -0.033736594 0.995744288
1341846337.014238 0.011724047 0.004029932 -0.017837971 0.010829783 -0.087615646 -0.034679025 0.995491624
1341846337.046017 0.011859654 0.003531022 -0.017677898 0.007963135 -0.088990018 -0.039319437 0.995224297
1341846337.082104 0.011331643 0.003618071 -0.017802587 0.007678377 -0.089034453 -0.043009058 0.995069921
1341846337.114317 0.010827256 0.003604622 -0.017702252 0.005772267 -0.090929247 -0.043103699 0.994907320
1341846337.150037 0.011113407 0.003690535 -0.017688574 0.004200096 -0.093060277 -0.044484150 0.994657397
1341846337.181873 0.011661074 0.003498666 -0.018007440 0.003700490 -0.093507528 -0.047244765 0.994490087
1341846337.214073 0.011454599 0.004103468 -0.018404586 0.002207892 -0.091774575 -0.049523454 0.994545102
1341846337.250087 0.010417500 0.003388880 -0.018726107 -0.001233328 -0.091902584 -0.049233876 0.994549334
1341846337.282028 0.010709315 0.003275243 -0.019108763 -0.000573367 -0.096320406 -0.045476433 0.994310796
1341846337.317920 0.011606711 0.003512618 -0.019316599 -0.000959102 -0.098508798 -0.044104673 0.994157851
1341846337.350018 0.011472910 0.003840249 -0.019915493 -0.002225264 -0.097552583 -0.044682112 0.994224370
1341846337.382159 0.011851076 0.003286023 -0.019696439 -0.005307432 -0.097612858 -0.046050474 0.994144320
1341846337.417941 0.011133054 0.002680170 -0.019917114 -0.004904635 -0.096301965 -0.046915155 0.994233787
1341846337.450137 0.010978957 0.003420281 -0.020546649 -0.003864346 -0.097845718 -0.045609202 0.994148374
1341846337.482096 0.011702050 0.003145566 -0.020296372 -0.005733955 -0.098822184 -0.044175852 0.994107544
1341846337.518008 0.011188718 0.002828136 -0.020326946 -0.005036803 -0.098789074 -0.044394635 0.994104862
1341846337.549978 0.011631083 0.003494776 -0.021036472 -0.004174369 -0.099993661 -0.045773562 0.993925869
1341846337.585971 0.011498592 0.003222149 -0.020639351 -0.007020649 -0.100129619 -0.047108598 0.993833780
1341846337.617903 0.011138109 0.002324059 -0.019649351 -0.006607432 -0.100745685 -0.046709802 0.993793130
1341846337.650141 0.011473984 0.003040459 -0.020844545 -0.003639968 -0.101271965 -0.046859231 0.993747950
1341846337.686352 0.011660237 0.003465391 -0.020818068 -0.005038333 -0.100990757 -0.046581287 0.993783534
1341846337.718002 0.011766588 0.003076748 -0.020395562 -0.007181806 -0.100635849 -0.046468183 0.993811607
1341846337.749920 0.011943288 0.003407999 -0.019896358 -0.007008214 -0.098937750 -0.047497176 0.993934691
1341846337.786157 0.012010117 0.004107218 -0.019639218 -0.009409261 -0.095987275 -0.047651265 0.994196773
1341846337.817945 0.011900773 0.003599390 -0.019049842 -0.012193204 -0.093712643 -0.046546146 0.994435847
1341846337.854071 0.012360699 0.004021013 -0.019135527 -0.012848556 -0.090855919 -0.046658151 0.994687438
1341846337.885951 0.012071612 0.004311226 -0.019014699 -0.015445941 -0.087980814 -0.048572320 0.994817317
1341846337.918223 0.012178614 0.004286943 -0.018540030 -0.019545924 -0.086564057 -0.051926050 0.994700074
1341846337.954120 0.012139184 0.004150422 -0.018138560 -0.022020476 -0.085058376 -0.052660290 0.994739711
1341846337.985994 0.012290270 0.004950888 -0.017269619 -0.023935901 -0.084325276 -0.052491173 0.994766831
1341846338.018107 0.012270134 0.004543719 -0.016767373 -0.027784521 -0.082542546 -0.051258627 0.994880557
1341846338.054055 0.012221497 0.004788114 -0.016464312 -0.029815422 -0.080822252 -0.052326825 0.994907379
1341846338.085986 0.012521096 0.004914269 -0.015775699 -0.033008631 -0.077821925 -0.053253967 0.994996548
1341846338.121875 0.012267700 0.004563827 -0.015287151 -0.035155319 -0.074944891 -0.052011952 0.995209575
1341846338.154089 0.012391103 0.004335758 -0.015806530 -0.036389265 -0.073850706 -0.049294405 0.995385349
1341846338.186029 0.012362397 0.004798225 -0.014899383 -0.037434183 -0.074278809 -0.046284318 0.995459199
1341846338.222071 0.012722669 0.005027363 -0.013680968 -0.038478203 -0.073701464 -0.046295304 0.995461822
1341846338.254107 0.012599102 0.004796264 -0.013485651 -0.040284872 -0.071472436 -0.046667032 0.995535553
1341846338.290130 0.012570697 0.004681906 -0.012960958 -0.040166091 -0.071433507 -0.044454575 0.995644391
1341846338.321952 0.012802687 0.005134975 -0.012209218 -0.039808907 -0.070655137 -0.042713970 0.995790422
1341846338.354022 0.012765034 0.005041184 -0.011737726 -0.040664267 -0.070058383 -0.042085800 0.995824754
1341846338.389969 0.012764870 0.005627259 -0.011255391 -0.040354129 -0.069195114 -0.041964572 0.995902836
1341846338.422377 0.012656998 0.005537972 -0.010135363 -0.042518448 -0.068510547 -0.041927278 0.995861709
1341846338.454010 0.012807528 0.005680593 -0.010283639 -0.043390989 -0.068892166 -0.043297976 0.995739102
1341846338.489894 0.012912499 0.005469542 -0.009191925 -0.045349058 -0.069375925 -0.043089245 0.995627344
1341846338.522066 0.013119224 0.005474340 -0.008106209 -0.044616263 -0.069529884 -0.042658973 0.995668232
1341846338.558058 0.012815074 0.005987053 -0.007981101 -0.044729933 -0.069008134 -0.044638809 0.995612621
1341846338.589842 0.012984593 0.005825094 -0.007044948 -0.047186222 -0.069503754 -0.044537492 0.995469272
1341846338.622019 0.013280073 0.005657474 -0.006090164 -0.046749309 -0.068968721 -0.042964965 0.995596230
1341846338.657984 0.012978358 0.006346107 -0.006146164 -0.045611523 -0.068230487 -0.042008702 0.995740652
1341846338.690198 0.013370951 0.006461602 -0.005656719 -0.047589418 -0.069396779 -0.041680954 0.995581269
1341846338.722454 0.013777737 0.006020842 -0.004330175 -0.048853572 -0.068786815 -0.041627482 0.995564580
1341846338.757945 0.013490764 0.006625434 -0.004549230 -0.048087437 -0.068088084 -0.040411934 0.995700002
1341846338.790039 0.013684356 0.006656012 -0.003760857 -0.050383199 -0.070343331 -0.039360490 0.995471776
1341846338.826048 0.014197843 0.006347619 -0.002736656 -0.050492674 -0.070271872 -0.040527020 0.995424509
1341846338.858027 0.013903811 0.006849020 -0.002558594 -0.049771119 -0.068142340 -0.042237110 0.995537817
1341846338.889902 0.013916357 0.006882930 -0.001821911 -0.052462868 -0.069051474 -0.042686649 0.995317757
1341846338.925948 0.014237415 0.006643510 -0.000743125 -0.053656731 -0.069063149 -0.043687940 0.995209813
1341846338.958108 0.014231027 0.006812280 -0.000209117 -0.052945163 -0.067087144 -0.045438059 0.995304763
1341846338.990057 0.014359000 0.006557428 0.000541344 -0.053044617 -0.067035131 -0.044392202 0.995350122
1341846339.025928 0.014723548 0.006498369 0.001498491 -0.051162772 -0.066915013 -0.043427732 0.995499253
1341846339.057939 0.014803350 0.007063234 0.001812528 -0.047418170 -0.064686991 -0.043968514 0.995808184
1341846339.093927 0.014563239 0.007649167 0.002310390 -0.048065312 -0.064627506 -0.042652950 0.995838225
1341846339.126562 0.014818984 0.007778308 0.002756617 -0.051157679 -0.065666445 -0.043754533 0.995568335
1341846339.157969 0.015263110 0.007852096 0.004209330 -0.053629465 -0.063873857 -0.045380518 0.995482087
1341846339.194113 0.014667586 0.008177820 0.004276839 -0.055194765 -0.061521370 -0.045153413 0.995555043
1341846339.228165 0.014763103 0.008525705 0.004736864 -0.058427703 -0.063122764 -0.042795163 0.995374441
1341846339.257998 0.015469243 0.008198402 0.006130828 -0.062024835 -0.063735709 -0.041653387 0.995166183
1341846339.294132 0.015411537 0.008417875 0.006622306 -0.061623294 -0.060955003 -0.041347831 0.995378017
1341846339.326577 0.014966647 0.008979633 0.006915149 -0.064910837 -0.061273288 -0.038204353 0.995275140
1341846339.362269 0.015590099 0.008970959 0.007658110 -0.069735147 -0.064489134 -0.039242536 0.994705081
1341846339.394725 0.015952757 0.009055632 0.008291001 -0.069915779 -0.062789097 -0.041310094 0.994717419
1341846339.426160 0.015603001 0.009183505 0.008457292 -0.071937256 -0.062096350 -0.040268350 0.994659483
1341846339.462186 0.016172763 0.008853785 0.009540855 -0.074454255 -0.063760750 -0.040514439 0.994358957
1341846339.496743 0.016657213 0.008968529 0.010198538 -0.070988931 -0.060868412 -0.043763123 0.994655907
1341846339.530143 0.016497031 0.009212139 0.010798047 -0.069590695 -0.057081286 -0.043671302 0.994983256
1341846339.562052 0.016546583 0.008837357 0.011418295 -0.070076935 -0.057509802 -0.041744459 0.995007157
1341846339.595122 0.016997023 0.008823566 0.011736132 -0.068324864 -0.057825502 -0.041021794 0.995140791
1341846339.632085 0.017051410 0.009238522 0.012102569 -0.065802813 -0.053961910 -0.044518068 0.995377421
1341846339.664568 0.017161429 0.009130113 0.013066109 -0.065676846 -0.051208101 -0.046522770 0.995439529
1341846339.698896 0.017017918 0.009017170 0.013604706 -0.065617539 -0.050011985 -0.047895886 0.995439172
1341846339.731977 0.017299023 0.008987891 0.014054670 -0.065345868 -0.050167054 -0.048985757 0.995396197
1341846339.762241 0.017528223 0.008880096 0.014823547 -0.065160014 -0.049258057 -0.049422916 0.995432198
1341846339.797873 0.017355487 0.008916209 0.015125626 -0.065010212 -0.048282474 -0.048361246 0.995541930
1341846339.830245 0.017656339 0.008872763 0.015756903 -0.065463394 -0.049109951 -0.047827113 0.995497525
1341846339.862015 0.017864253 0.009046443 0.016246678 -0.065796942 -0.049184233 -0.047956023 0.995465696
1341846339.897797 0.018148940 0.008939975 0.016565470 -0.066960178 -0.048409879 -0.048024286 0.995422781
1341846339.929916 0.018070141 0.008652694 0.017067522 -0.067672454 -0.047021195 -0.046943136 0.995492756
1341846339.961960 0.018177874 0.008644326 0.017735317 -0.066510402 -0.047724757 -0.046041209 0.995579660
1341846339.997845 0.018564578 0.008582243 0.017708056 -0.065289639 -0.047076289 -0.045435432 0.995719194
1341846340.029925 0.018683957 0.008546882 0.018610300 -0.064268164 -0.044819973 -0.044920232 0.995913148
1341846340.066044 0.018752366 0.008497418 0.018965602 -0.062427193 -0.043795180 -0.043260694 0.996149242
1341846340.098009 0.019007407 0.008600460 0.019195698 -0.061445542 -0.043486744 -0.042525262 0.996255457
1341846340.130102 0.019043347 0.008640205 0.019401468 -0.062028833 -0.043360110 -0.043411672 0.996186614
1341846340.166041 0.019472519 0.008538716 0.020019202 -0.061056521 -0.041925769 -0.045290761 0.996224403
1341846340.197867 0.019183537 0.008728343 0.020522106 -0.059496660 -0.038853079 -0.046523102 0.996386588
1341846340.229904 0.019187398 0.008973120 0.020667367 -0.060259957 -0.038650647 -0.046799548 0.996335626
1341846340.265859 0.019475373 0.008627525 0.021474389 -0.061417721 -0.038185202 -0.047143526 0.996266663
1341846340.298061 0.019631876 0.008827565 0.021768270 -0.058659781 -0.036185171 -0.047403269 0.996495128
1341846340.334063 0.019531293 0.009264038 0.022314657 -0.059301931 -0.036669437 -0.045351349 0.996534944
1341846340.366064 0.019647447 0.008860460 0.022767905 -0.061809573 -0.038628742 -0.045632109 0.996295691
1341846340.397995 0.019969439 0.008839513 0.023043282 -0.059803274 -0.038591389 -0.046005446 0.996402442
1341846340.433895 0.019810047 0.008759158 0.023268333 -0.059484411 -0.038574468 -0.045005430 0.996467829
1341846340.465959 0.019784268 0.008796963 0.023541816 -0.058937576 -0.040648479 -0.043872889 0.996468425
1341846340.501858 0.020221956 0.008547339 0.023412112 -0.059073765 -0.044860862 -0.042745270 0.996328592
1341846340.534329 0.020331871 0.008601268 0.023206677 -0.058414232 -0.045954660 -0.043243531 0.996296108
1341846340.566041 0.020425698 0.008349099 0.023472862 -0.057690121 -0.046994459 -0.042364486 0.996327579
1341846340.601909 0.020876348 0.008334855 0.023212567 -0.055241190 -0.048261080 -0.041071068 0.996459961
1341846340.634005 0.021154648 0.008535402 0.023026561 -0.053993221 -0.048842669 -0.042278260 0.996449530
1341846340.666028 0.021359766 0.008320316 0.023281947 -0.054464791 -0.049008787 -0.043832198 0.996348560
1341846340.701946 0.021611150 0.008099400 0.022814330 -0.052717872 -0.047951765 -0.045934420 0.996399283
1341846340.733954 0.021846926 0.008389170 0.022842543 -0.050932035 -0.046635523 -0.047769673 0.996468306
1341846340.770081 0.021887025 0.008416340 0.022898817 -0.051479936 -0.046292666 -0.049990967 0.996347189
1341846340.801980 0.022164555 0.008222303 0.022481631 -0.051387787 -0.045767147 -0.054995857 0.996112525
1341846340.833999 0.022093473 0.008538302 0.022621436 -0.050782867 -0.043680288 -0.059580401 0.995973587
1341846340.870013 0.022065021 0.008476753 0.022770276 -0.052021746 -0.043578066 -0.061801180 0.995778739
1341846340.901955 0.022012040 0.008354929 0.022608142 -0.051169321 -0.043858182 -0.062073536 0.995793641
1341846340.933918 0.022083066 0.008436711 0.022527296 -0.049394574 -0.044480048 -0.059455458 0.996015429
1341846340.970122 0.021964811 0.008503135 0.022045186 -0.048172098 -0.046774544 -0.054600280 0.996248186
1341846341.001922 0.021994103 0.008337113 0.022303250 -0.047918867 -0.050765768 -0.048854832 0.996363282
1341846341.037923 0.022040833 0.008405163 0.021997564 -0.046708584 -0.053140055 -0.046177179 0.996424675
1341846341.070300 0.022077439 0.008263334 0.021810910 -0.046541739 -0.054001335 -0.045950014 0.996396661
1341846341.102028 0.021892907 0.008342347 0.021514641 -0.046429224 -0.055046622 -0.045997944 0.996342480
1341846341.137982 0.022054611 0.008214832 0.021450596 -0.046751697 -0.057235122 -0.045283455 0.996236801
1341846341.170048 0.022246575 0.008108668 0.021429030 -0.046308666 -0.057769213 -0.044683289 0.996253788
1341846341.202110 0.022104679 0.008032124 0.021312449 -0.045100462 -0.057820685 -0.042575993 0.996398509
1341846341.237996 0.022194469 0.008022279 0.021202819 -0.043341022 -0.057771668 -0.041722480 0.996515572
1341846341.269883 0.022127723 0.008052860 0.021064075 -0.042198364 -0.057259466 -0.041264426 0.996613204
1341846341.306107 0.022081815 0.008096760 0.020891316 -0.041445270 -0.057895627 -0.042166688 0.996570289
1341846341.338109 0.022175977 0.008034216 0.020854186 -0.040657625 -0.057810508 -0.043909617 0.996532440
1341846341.370120 0.022173915 0.008074653 0.020684252 -0.039674461 -0.056554247 -0.046921577 0.996506870
1341846341.406074 0.021939039 0.007966416 0.020396898 -0.039731622 -0.055893239 -0.048071705 0.996487081
1341846341.438113 0.021939544 0.007731812 0.020514756 -0.038975745 -0.057692688 -0.047317233 0.996450424
1341846341.470024 0.022223396 0.007635790 0.019886399 -0.036388904 -0.058447871 -0.048356839 0.996454358
1341846341.506077 0.022131214 0.008062179 0.019708868 -0.035613198 -0.057394791 -0.050063781 0.996459305
1341846341.538156 0.021926712 0.007890323 0.019877575 -0.036974512 -0.058917217 -0.049384099 0.996354759
1341846341.574016 0.021932945 0.007824419 0.020117916 -0.036412299 -0.061304789 -0.048381329 0.996280670
1341846341.612466 0.021978568 0.007916580 0.019576387 -0.035638336 -0.061568677 -0.048053633 0.996308208
1341846341.643972 0.021903329 0.008084096 0.019430947 -0.036514014 -0.063066311 -0.048496276 0.996161401
1341846341.679982 0.021644335 0.007925045 0.019567925 -0.037090316 -0.064196654 -0.048312850 0.996076822
1341846341.712332 0.021479003 0.008181396 0.019516012 -0.036239740 -0.065887749 -0.045856595 0.996113777
1341846341.744185 0.021629965 0.008000644 0.019234493 -0.036484826 -0.068023890 -0.042835459 0.996095777
1341846341.780061 0.021600559 0.008028056 0.019154737 -0.035912033 -0.068532892 -0.041838720 0.996124029
1341846341.812163 0.021606730 0.007812450 0.019093404 -0.036020614 -0.069228873 -0.039929885 0.996150374
1341846341.842595 0.021780306 0.007537978 0.019098382 -0.034578864 -0.069666617 -0.036495969 0.996302664
1341846341.875779 0.021718711 0.007620553 0.018750219 -0.032881640 -0.069692835 -0.033099905 0.996476889
1341846341.906227 0.021891819 0.007259867 0.018572442 -0.031713583 -0.070454463 -0.031002475 0.996528625
1341846341.942069 0.021955904 0.006967699 0.018645437 -0.028765950 -0.070560165 -0.029089509 0.996668279
1341846341.974775 0.022025665 0.007025728 0.018236514 -0.025374588 -0.070784912 -0.027819283 0.996780694
1341846342.010161 0.021714168 0.007138913 0.018302191 -0.024742940 -0.071422078 -0.026225396 0.996794343
1341846342.042024 0.022209158 0.006643710 0.018451715 -0.023721512 -0.073069654 -0.025129713 0.996727943
1341846342.080032 0.022445315 0.006928330 0.018018950 -0.021095755 -0.071082525 -0.025286581 0.996926665
1341846342.112265 0.022024851 0.006784827 0.018096622 -0.020981576 -0.069744445 -0.023958186 0.997056425
1341846342.147954 0.022237938 0.006319126 0.018016608 -0.019503683 -0.071262896 -0.021232395 0.997040808
1341846342.179852 0.022552626 0.006395654 0.017699391 -0.016512206 -0.071283467 -0.019548707 0.997127831
1341846342.211848 0.022489155 0.006511325 0.017704736 -0.015666921 -0.070600741 -0.019450078 0.997191966
1341846342.247920 0.022325465 0.006320185 0.017522657 -0.014787331 -0.070256308 -0.020728186 0.997203946
1341846342.279870 0.022419134 0.006452489 0.017640881 -0.012883206 -0.069954708 -0.020759568 0.997250915
1341846342.316068 0.022484940 0.006394419 0.017304035 -0.011830685 -0.069945149 -0.019009296 0.997299552
1341846342.347894 0.022655556 0.006420579 0.017082676 -0.011444506 -0.070102096 -0.019019529 0.997292817
1341846342.379953 0.022621732 0.006311172 0.017117731 -0.011439405 -0.069391616 -0.019540338 0.997332513
1341846342.416195 0.022465238 0.006468695 0.017080421 -0.010593396 -0.068991676 -0.018478483 0.997389793
1341846342.447907 0.022534624 0.006380489 0.017425090 -0.010655349 -0.069868244 -0.017114421 0.997352481
