1341846314.862145 -0.020873947 0.003778404 -0.011724278 0.011586189 0.027668193 0.015323616 0.999432504
1341846314.894072 -0.021531696 0.000471811 -0.010868857 0.008857885 0.031748760 0.017736537 0.999299228
1341846314.925969 -0.027439468 0.000435041 -0.011026147 0.009121409 0.037173200 0.021262415 0.999040961
1341846314.961937 -0.028789202 0.000253676 -0.014780663 0.006170762 0.038838569 0.024313549 0.998930573
1341846314.994564 -0.031375181 0.001663961 -0.013869019 0.002738580 0.040257100 0.026892480 0.998823643
1341846315.029900 -0.029774426 0.001812869 -0.011924657 0.002666211 0.042464789 0.024185922 0.998801589
1341846315.061965 -0.032434773 -0.000725986 -0.012751688 0.001336220 0.047071557 0.025374919 0.998568237
1341846315.094388 -0.030134631 -0.000860576 -0.012176823 0.000933320 0.044859711 0.027313374 0.998619437
1341846315.129851 -0.028377611 -0.000967328 -0.010371179 0.003173196 0.044204090 0.025954667 0.998680294
1341846315.161941 -0.032403883 0.005562073 -0.013994080 0.004995147 0.047103073 0.025430935 0.998553753
1341846315.197984 -0.030909672 0.004901109 -0.010527425 -0.002361649 0.044906989 0.022584159 0.998733103
1341846315.230076 -0.036703411 0.002228544 -0.015407007 -0.007693226 0.044888556 0.022575969 0.998707235
1341846315.262069 -0.039561871 0.000580999 -0.018395986 -0.011729513 0.044702500 0.023160590 0.998662949
1341846315.298000 -0.040439468 0.002322374 -0.020793732 -0.013832941 0.041056033 0.025987240 0.998723030
1341846315.329931 -0.032945864 0.002034314 -0.016127989 -0.010854921 0.036132094 0.025851240 0.998953640
1341846315.630109 0.006284659 0.000868813 -0.001124239 0.002184509 0.012037438 0.008970062 0.999884963
1341846315.666042 0.007248539 0.001742175 -0.004365398 0.001756707 0.013299122 0.008383172 0.999874890
1341846315.698114 0.009314840 0.003028817 -0.005888841 -0.002394250 0.015790999 0.007394712 0.999845088
1341846315.733985 0.019376134 -0.001316700 -0.001496720 -0.007226523 0.014360924 0.004323704 0.999861419
1341846315.766041 0.015115211 0.000401158 -0.003129728 -0.006291169 0.014050616 0.005386576 0.999866962
1341846315.798188 0.005606019 0.000923357 -0.001150957 -0.006900995 0.017380474 0.007239874 0.999798894
1341846315.834140 0.002391934 -0.000968054 0.001590931 -0.006771640 0.021135230 0.006059466 0.999735355
1341846315.866751 0.015509510 -0.000596166 0.000529341 -0.003975484 0.016275890 0.003320634 0.999854088
1341846315.898492 0.012582626 0.001771471 0.001782676 -0.001415218 0.017988488 0.003909175 0.999829531
1341846315.936901 0.010536168 -0.003966957 0.001426854 -0.001496091 0.020367550 0.003027704 0.999786854
1341846315.966572 0.000821588 -0.001248087 -0.000249622 0.003201655 0.025970681 0.003737493 0.999650598
1341846316.002119 -0.000882947 0.000231662 -0.000872111 0.006012816 0.026223632 0.003072019 0.999633312
1341846316.034204 -0.001707921 -0.001158531 -0.000892975 0.007191106 0.026395289 0.001697088 0.999624252
1341846316.066113 -0.006813410 -0.000986979 0.001135596 0.009736148 0.028366895 0.002612479 0.999546766
1341846316.101867 -0.011041529 0.001925300 -0.000334939 0.012434530 0.028511899 0.004499041 0.999505997
1341846316.134066 -0.010407239 0.000048764 -0.002523625 0.010655284 0.023968900 0.000396536 0.999655843
1341846316.169952 -0.019988105 -0.000538565 0.003238324 0.010395663 0.026590178 -0.001369053 0.999591410
1341846316.202049 -0.038619969 0.000686566 0.002895010 0.011733488 0.031986926 -0.000590225 0.999419272
1341846316.233979 -0.040146422 0.002534732 0.002058864 0.012968552 0.031000845 -0.001093988 0.999434650
1341846316.270052 -0.010898714 -0.001314740 -0.003487146 0.009784603 0.018396476 -0.007961593 0.999751151
1341846316.301915 -0.018077053 -0.004163709 -0.001751037 0.009054240 0.022415761 -0.010039336 0.999657333
1341846316.334208 -0.025924399 -0.001982828 -0.000105889 0.011871959 0.025022149 -0.008986576 0.999576032
1341846316.370006 -0.016325660 -0.003295070 -0.003358618 0.012952507 0.018661886 -0.009543160 0.999696374
1341846316.401994 -0.019865245 -0.000968652 -0.004472348 0.015497560 0.019097939 -0.007079242 0.999672413
1341846316.438069 -0.024143282 -0.001042836 -0.000297565 0.017861092 0.020325825 -0.004360609 0.999624312
1341846316.470076 -0.020822076 -0.003226705 -0.003613766 0.020815922 0.017361196 -0.002256610 0.999630034
1341846316.502034 -0.025495924 0.005822296 -0.002867911 0.027243298 0.016508086 0.000065759 0.999492466
1341846316.537975 -0.028472722 0.002333105 -0.004728298 0.022893528 0.014375850 -0.000772013 0.999634266
1341846316.570121 -0.024886498 -0.002675523 -0.004040953 0.020187596 0.011827917 -0.004323489 0.999716878
1341846316.601885 -0.028869139 -0.003030851 -0.004167345 0.022176804 0.012662458 -0.005771613 0.999657214
1341846316.638009 -0.033136453 -0.004493424 -0.004696792 0.023816278 0.012884512 -0.003906485 0.999625683
1341846316.669925 -0.029485071 -0.003515469 -0.004985391 0.026500965 0.009689250 -0.004268821 0.999592721
1341846316.705941 -0.033129178 -0.004907503 -0.005421954 0.030166497 0.010849114 -0.003284720 0.999480605
1341846316.738062 -0.040974233 -0.003150854 -0.008088313 0.032810830 0.013180511 -0.001044246 0.999374092
1341846316.770433 -0.042087913 -0.004016821 -0.007154683 0.031567458 0.012442381 0.000956053 0.999423742
1341846316.805932 -0.035570022 -0.004069436 -0.007955550 0.032070164 0.008870807 -0.001504363 0.999445140
1341846316.838029 -0.042936508 0.003728513 -0.002709206 0.037530474 0.010151340 0.000190061 0.999243915
1341846316.870034 -0.051721755 0.001275934 0.000339593 0.037082877 0.010283890 0.002351294 0.999256492
1341846316.906344 -0.052622527 0.001835194 0.000092202 0.038190261 0.006703013 0.003101824 0.999243200
1341846316.937940 -0.044860009 -0.002511445 -0.007795971 0.035201527 0.000597483 -0.000977727 0.999379575
1341846316.973994 -0.052691866 -0.002684750 -0.007329626 0.034291476 0.001861515 -0.002307444 0.999407470
1341846317.005913 -0.056537718 0.000318048 -0.005596273 0.034623329 0.000362763 -0.000631607 0.999400198
1341846317.037936 -0.055407491 -0.004178436 -0.006558761 0.032940581 -0.003476411 -0.001415868 0.999450266
1341846317.073972 -0.059328385 -0.005296743 -0.006715831 0.033621937 -0.003854787 -0.001287256 0.999426365
1341846317.106113 -0.064825766 -0.005911641 -0.006682011 0.035297878 -0.003474525 0.002822875 0.999366820
1341846317.137887 -0.070701711 -0.004515379 -0.005451221 0.038628753 -0.007720590 0.005949321 0.999206066
1341846317.173970 -0.074033312 -0.002289725 -0.010484239 0.040024545 -0.014277625 0.009573516 0.999050856
1341846317.205887 -0.071578451 -0.001595874 -0.007609372 0.040317625 -0.019312423 0.011931060 0.998929024
1341846317.248131 -0.076816417 -0.001205420 -0.003930525 0.041944649 -0.020195702 0.014440908 0.998811424
1341846317.273950 -0.068757065 -0.002163428 -0.009019556 0.041988824 -0.028813301 0.013687968 0.998608708
1341846317.306289 -0.068708621 -0.003118122 -0.010541542 0.041453004 -0.031496510 0.015670121 0.998520970
1341846317.348137 -0.068403609 -0.004186959 -0.009717419 0.042138994 -0.031233376 0.017348193 0.998472750
1341846317.373974 -0.074004546 -0.000743640 -0.008566872 0.044998467 -0.028281432 0.020190973 0.998382509
1341846317.410120 -0.076262414 0.000339319 -0.006762358 0.045776401 -0.029153323 0.023479374 0.998250127
1341846317.442569 -0.077251546 -0.005234077 -0.007300507 0.045728497 -0.029215157 0.026136298 0.998184443
1341846317.474010 -0.082330175 -0.005092062 -0.006357025 0.051254824 -0.026968997 0.029257709 0.997892559
1341846317.509927 -0.086005338 0.001854598 -0.007461634 0.056917652 -0.028148405 0.033413798 0.997422457
1341846317.542282 -0.089531846 0.001481237 -0.006519133 0.056027453 -0.030067217 0.035636097 0.997339904
1341846317.573943 -0.089134812 -0.000688054 -0.003969387 0.054969855 -0.029824261 0.034194421 0.997456551
1341846317.610159 -0.071260273 -0.003917443 -0.009480349 0.055321433 -0.034668315 0.031703316 0.997362792
1341846317.643553 -0.077369347 0.000295011 -0.007725527 0.059709508 -0.033124115 0.034684032 0.997062981
1341846317.677993 -0.082678385 -0.002446193 -0.008063559 0.059161004 -0.034692973 0.037774753 0.996930003
1341846317.709996 -0.077716991 -0.002936488 -0.008940505 0.060883276 -0.040029582 0.036710020 0.996666074
1341846317.741834 -0.079878919 0.002351361 -0.008711129 0.063328892 -0.040830493 0.036893979 0.996474385
1341846317.777923 -0.084864996 0.001745112 -0.008309490 0.061287336 -0.040177830 0.036027949 0.996660233
1341846317.810021 -0.089278370 0.000719007 -0.006493300 0.060798056 -0.040290400 0.034218479 0.996749401
1341846317.841886 -0.090518557 0.004217354 -0.007909190 0.061581925 -0.041617021 0.033395696 0.996674716
1341846317.878017 -0.085359059 -0.000235548 -0.010682739 0.057347585 -0.044615656 0.028666979 0.996944785
1341846317.909910 -0.088003077 -0.002975521 -0.010787965 0.055590376 -0.042825773 0.024425669 0.997235715
1341846317.946031 -0.094474114 -0.001561601 -0.005034323 0.057911821 -0.039267357 0.024920471 0.997237802
1341846317.978041 -0.091389149 -0.002178129 -0.008831515 0.059166502 -0.042998198 0.026073603 0.996980786
1341846318.009897 -0.090105914 -0.000490674 -0.010608133 0.062271275 -0.044040091 0.024674544 0.996781766
1341846318.045949 -0.094946943 0.002741599 -0.010899057 0.063990042 -0.041523766 0.023908729 0.996799588
1341846318.078074 -0.100358479 0.003351451 -0.007338385 0.063987628 -0.041278187 0.023453809 0.996820748
1341846318.109894 -0.106299676 0.003616308 -0.006079250 0.063901462 -0.043153830 0.020838169 0.996804953
1341846318.145957 -0.099841796 -0.000236156 -0.010692411 0.060972780 -0.049002115 0.017160574 0.996788144
1341846318.178001 -0.102732174 -0.002182226 -0.011733915 0.059642874 -0.047841568 0.014207833 0.996971428
1341846318.214074 -0.108511731 -0.002716587 -0.011344364 0.060260378 -0.047450919 0.013145490 0.996967554
1341846318.245970 -0.117029026 -0.005438555 -0.011791733 0.061784584 -0.050116185 0.014578009 0.996723890
1341846318.278018 -0.117943719 -0.003306764 -0.010238005 0.066631623 -0.055142060 0.014979939 0.996140122
1341846318.313937 -0.113054477 -0.001468166 -0.011636684 0.068880834 -0.064118840 0.013653683 0.995468676
1341846318.345989 -0.116521142 -0.001111639 -0.013381396 0.070111588 -0.072166570 0.012516025 0.994846582
1341846318.382046 -0.117211349 -0.000378368 -0.011265756 0.072377920 -0.079379328 0.011538242 0.994146526
1341846318.414072 -0.124607518 -0.002258118 -0.015052774 0.072545372 -0.083498254 0.012606964 0.993783832
1341846318.446035 -0.121628739 -0.002146337 -0.011564367 0.074984729 -0.091807358 0.013702766 0.992854953
1341846318.482196 -0.126781181 -0.002313531 -0.014828899 0.076194443 -0.093494698 0.012896990 0.992616117
1341846318.514144 -0.129749447 -0.003431870 -0.017119471 0.075525418 -0.094282843 0.014116470 0.992576122
1341846318.546259 -0.131913602 -0.005178289 -0.016003044 0.076313958 -0.095135711 0.013971208 0.992436469
1341846318.582042 -0.134746999 -0.003954131 -0.017438140 0.078248300 -0.094408415 0.013937709 0.992355764
1341846318.614115 -0.138131574 -0.002610591 -0.017749850 0.078375041 -0.093900979 0.014060880 0.992392182
1341846318.650038 -0.134100869 -0.001651716 -0.016284609 0.078619726 -0.097405940 0.010318563 0.992080927
1341846318.682350 -0.138332069 -0.000889447 -0.016859112 0.078628346 -0.096538134 0.008390033 0.992183268
1341846318.714063 -0.142895237 -0.000830960 -0.018064369 0.078169279 -0.096339434 0.007878468 0.992243052
1341846318.749905 -0.145585269 -0.003609610 -0.020151889 0.077646516 -0.095890731 0.008968979 0.992318273
1341846318.782036 -0.149345174 -0.001006292 -0.017135495 0.080620177 -0.095604427 0.011354985 0.992084324
1341846318.814121 -0.154922560 -0.000173390 -0.018066639 0.080770090 -0.098999754 0.009650537 0.991757095
1341846318.850072 -0.152409777 -0.002849906 -0.018868197 0.079932868 -0.107226171 0.007066514 0.990991056
1341846318.883516 -0.156163305 -0.003937797 -0.021858424 0.082058519 -0.113172054 0.006376585 0.990160465
1341846318.918047 -0.158845067 -0.001342996 -0.023652893 0.085610881 -0.125516891 0.004818311 0.988379002
1341846318.950044 -0.164977640 -0.002467409 -0.015777471 0.087881811 -0.132754013 0.002387477 0.987242341
1341846318.982028 -0.165228859 -0.002432159 -0.022177668 0.089304306 -0.136969477 -0.000452225 0.986541390
1341846319.018123 -0.169422477 -0.000128170 -0.021644535 0.089758627 -0.141664833 -0.000615940 0.985836744
1341846319.050745 -0.149630442 -0.003553389 -0.021014521 0.089154243 -0.154508412 -0.003216177 0.983955443
1341846319.081905 -0.148698449 -0.000652179 -0.021389695 0.096002810 -0.155651122 -0.004390596 0.983126104
1341846319.117976 -0.154814392 0.001800601 -0.022427756 0.098869741 -0.152993083 0.001192559 0.983268261
1341846319.150093 -0.158476830 -0.000368685 -0.022924436 0.099225946 -0.156679615 0.008471084 0.982615888
1341846319.186069 -0.149701700 0.007076497 -0.015936676 0.103590399 -0.161983892 0.010663016 0.981283128
1341846319.218149 -0.148231879 0.013905931 -0.014709486 0.103363030 -0.158714816 0.008485984 0.981862307
1341846319.250034 -0.154344663 0.006889428 -0.020178648 0.093707308 -0.150237501 0.005782740 0.984182000
1341846319.286594 -0.162121177 0.000280960 -0.023652475 0.088934213 -0.144405514 0.009553079 0.985467613
1341846319.318034 -0.165940344 -0.000601374 -0.024843873 0.089294590 -0.142606363 0.012858985 0.985659420
1341846319.350268 -0.167089462 -0.000674125 -0.022967326 0.089463234 -0.142290413 0.020008253 0.985570610
1341846319.386163 -0.165386498 -0.005778862 -0.033647031 0.088430002 -0.145920232 0.024964686 0.985019863
1341846319.418386 -0.163711861 0.001216902 -0.026075054 0.092610419 -0.154544398 0.027363582 0.983255088
1341846319.453961 -0.158171624 -0.002440501 -0.032036416 0.091430217 -0.157470405 0.023282444 0.983006358
1341846319.486271 -0.163061112 -0.001447197 -0.031818908 0.090856880 -0.156911746 0.022748310 0.983161330
1341846319.518456 -0.165266290 0.010125128 -0.034632273 0.090834096 -0.159990042 0.026186781 0.982581615
1341846319.554083 -0.166659608 0.003241771 -0.026852924 0.087331451 -0.163279071 0.022350810 0.982452869
1341846319.586296 -0.177112237 0.000080253 -0.025125848 0.087806605 -0.160194114 0.017798601 0.983011246
1341846319.622031 -0.176259622 0.003299213 -0.030202335 0.086857475 -0.163932368 0.014854203 0.982527971
1341846319.653962 -0.179168984 -0.000834912 -0.024154695 0.085105591 -0.169110045 0.012880609 0.981831431
1341846319.686352 -0.180992454 -0.000648805 -0.022164987 0.087263115 -0.172952577 0.014071098 0.980955958
1341846319.721992 -0.181449145 0.001046948 -0.026342077 0.087838896 -0.176725328 0.015454872 0.980211020
1341846319.754063 -0.180757999 0.003101814 -0.025063932 0.085307568 -0.179631397 0.015657637 0.979903042
1341846319.786397 -0.183235109 0.002766274 -0.023309357 0.080357395 -0.179362953 0.018284764 0.980325103
1341846319.822008 -0.183771268 0.003471092 -0.026726164 0.076698385 -0.179777592 0.022430113 0.980456173
1341846319.853917 -0.184627905 0.004869397 -0.024909001 0.072064146 -0.180987373 0.026243528 0.980490506
1341846319.889942 -0.189753249 0.001943044 -0.023644568 0.067781046 -0.180196375 0.030456699 0.980819762
1341846319.922039 -0.193268016 0.000041065 -0.027779566 0.066345744 -0.183297709 0.032491349 0.980277777
1341846319.953946 -0.192710042 -0.000142162 -0.023364674 0.067147121 -0.189933971 0.029899217 0.979041576
1341846319.990054 -0.190514475 0.000508424 -0.024573237 0.070297055 -0.193483591 0.022809500 0.978316009
1341846320.028122 -0.192808062 0.000153010 -0.025739888 0.072303623 -0.196856216 0.021801883 0.977519572
1341846320.054177 -0.200019404 0.001808228 -0.025601806 0.076220475 -0.199168086 0.022826634 0.976729989
1341846320.090047 -0.186445832 0.001844929 -0.020736011 0.077717662 -0.206106573 0.022523353 0.975178301
1341846320.122011 -0.184041113 0.001823724 -0.020405460 0.078257211 -0.204811886 0.023615111 0.975382090
1341846320.157952 -0.181641117 0.001886568 -0.019922681 0.078859933 -0.202464044 0.023981530 0.975814700
1341846320.190003 -0.183707014 -0.003391369 -0.013963980 0.080818027 -0.199159101 0.022371966 0.976372659
1341846320.221941 -0.176758930 0.000614539 -0.022706421 0.085090645 -0.196754009 0.024208043 0.976453483
1341846320.258015 -0.174083576 -0.000571724 -0.018648358 0.088889822 -0.196768001 0.027677178 0.976019919
1341846320.289887 -0.171542168 -0.006537300 -0.023249069 0.091561586 -0.197355062 0.027994212 0.975645363
1341846320.321954 -0.170164838 -0.002230110 -0.020283878 0.102640048 -0.199218869 0.027417276 0.974179208
1341846320.357890 -0.166322649 0.001816887 -0.017190535 0.109133996 -0.199760884 0.029110376 0.973312855
1341846320.390064 -0.156994656 -0.000954931 -0.021169430 0.109267384 -0.198632196 0.029229013 0.973525286
1341846320.426544 -0.146395370 -0.002308392 -0.018090932 0.111756288 -0.194971487 0.026505046 0.974060655
1341846320.458122 -0.147230864 -0.003296413 -0.017811662 0.113280542 -0.186691210 0.023272881 0.975588143
1341846320.490186 -0.151201203 -0.003196070 -0.010372643 0.117532030 -0.177367404 0.025226355 0.976775646
1341846320.525911 -0.147125840 -0.003364503 -0.013182469 0.121277146 -0.170061529 0.022207806 0.977690041
1341846320.558091 -0.144714013 -0.002381183 -0.011967520 0.123458073 -0.166299880 0.018259011 0.978145719
1341846320.594093 -0.141793460 -0.002851123 -0.006287972 0.125421241 -0.162995085 0.015082646 0.978506327
1341846320.631955 -0.135038689 -0.003842457 -0.009261632 0.127787948 -0.156009853 0.013590590 0.979360223
1341846320.664916 -0.123783916 -0.004694751 -0.018793581 0.126730919 -0.157252446 0.011619692 0.979324222
1341846320.699927 -0.155398965 -0.000660627 -0.014633938 0.129376933 -0.142791703 0.012824113 0.981176674
1341846320.731822 -0.137350932 -0.001500459 -0.015450542 0.130782261 -0.140793830 0.011328240 0.981297493
1341846320.763877 -0.142637894 0.005363205 -0.022525983 0.130212009 -0.136292651 0.012694526 0.981991887
1341846320.799999 -0.135930449 -0.003036455 -0.022130098 0.120528758 -0.139309481 0.006825611 0.982862711
1341846320.831871 -0.107453890 -0.001111415 -0.000890585 0.125216201 -0.141047552 0.001336829 0.982051313
1341846320.863887 -0.131612003 0.000687705 -0.021579970 0.123349592 -0.120109245 0.002978161 0.985063374
1341846320.900014 -0.131021574 -0.002847221 -0.023321878 0.114807799 -0.124493808 0.006905350 0.985531747
1341846320.931889 -0.120265253 -0.007131946 -0.018894002 0.114691310 -0.127550215 0.006057531 0.985159993
1341846320.967866 -0.120141543 0.000860742 -0.020858126 0.117202014 -0.121133581 0.003321290 0.985687196
1341846321.000017 -0.125592992 0.000300043 -0.015509297 0.111630440 -0.119015254 0.000679753 0.986596942
1341846321.031860 -0.119511358 -0.003047453 -0.013925001 0.108842991 -0.119675294 -0.001737127 0.986827254
1341846321.068047 -0.117730528 -0.001713433 -0.014632441 0.109866895 -0.116052829 -0.004371374 0.987138271
1341846321.099840 -0.116471767 -0.002023318 -0.015567676 0.107354149 -0.114707686 -0.003791576 0.987574220
1341846321.131821 -0.109391868 -0.005369545 -0.011264789 0.106955938 -0.114859320 -0.002747888 0.987603247
1341846321.167887 -0.108452611 -0.004829852 -0.014107371 0.109587021 -0.110718243 -0.002055062 0.987789452
1341846321.200042 -0.106774479 -0.003215756 -0.013346054 0.110540904 -0.108236156 -0.002254640 0.987957776
1341846321.231950 -0.115810238 -0.004848603 -0.013400954 0.109871358 -0.104312807 -0.002213857 0.988454461
1341846321.267939 -0.109911837 -0.003515868 -0.013836747 0.111140691 -0.103386089 -0.006989889 0.988387644
1341846321.299948 -0.107161477 -0.004504930 -0.013043461 0.110150829 -0.099374868 -0.013009689 0.988848925
1341846321.331858 -0.105440043 -0.004104285 -0.011538556 0.111004733 -0.096509710 -0.016360482 0.988987446
1341846321.367913 -0.097185522 -0.007011587 -0.010526539 0.112025492 -0.096062578 -0.020026382 0.988848448
1341846321.399897 -0.097385928 -0.005185642 -0.009752353 0.114783354 -0.090150192 -0.022001190 0.989046872
1341846321.435994 -0.096488863 -0.006641413 -0.008763930 0.116127476 -0.086775228 -0.022310531 0.989184856
1341846321.467946 -0.093689702 -0.005780844 -0.007336327 0.118404537 -0.084801428 -0.021486539 0.989104331
1341846321.499882 -0.089922376 -0.006211102 -0.005760871 0.119767115 -0.082568198 -0.021088555 0.989137828
1341846321.536109 -0.082188435 -0.004706250 -0.009394974 0.120037697 -0.079089358 -0.023387374 0.989337564
1341846321.568960 -0.088422500 -0.002857991 -0.008836281 0.117670439 -0.069689594 -0.026985833 0.990236700
1341846321.603938 -0.087886907 -0.003792535 -0.006037892 0.114558220 -0.067056641 -0.027555620 0.990767658
1341846321.637163 -0.076888070 -0.000952788 -0.004310143 0.113434248 -0.065099925 -0.028269913 0.991007268
1341846321.668306 -0.080983900 -0.001339616 -0.003984776 0.108810611 -0.054424331 -0.025472973 0.992244601
1341846321.704411 -0.085444652 -0.002222219 -0.004482780 0.104757033 -0.051442686 -0.018885300 0.992986858
1341846321.736861 -0.082039051 -0.002162098 -0.004757381 0.102902919 -0.054641403 -0.010273870 0.993136287
1341846321.771881 -0.076632358 0.001035782 -0.004294846 0.100704707 -0.055914871 -0.005350559 0.993329465
1341846321.804114 -0.073845722 0.000151811 -0.002910163 0.096088782 -0.054195344 -0.002400527 0.993893385
1341846321.836152 -0.073087364 0.001524981 -0.003218118 0.093472540 -0.051692538 -0.002184537 0.994276583
1341846321.871882 -0.071720555 0.004506207 -0.003614383 0.089230821 -0.050461836 -0.004878647 0.994719923
1341846321.904074 -0.069646567 0.002536163 -0.002321793 0.082582176 -0.049357060 -0.008737060 0.995322883
1341846321.939847 -0.069019653 0.001663690 -0.000234414 0.078959361 -0.046226684 -0.011679375 0.995736957
1341846322.004094 -0.070875525 0.000740060 0.000290484 0.072005026 -0.047417577 -0.012810165 0.996194124
1341846322.034203 -0.065232486 -0.001467165 0.000528356 0.069665365 -0.048111942 -0.013780709 0.996314228
1341846322.066178 -0.065282710 -0.001857348 0.001098355 0.067243084 -0.043848980 -0.016416570 0.996637404
1341846322.107979 -0.066947877 -0.006946268 0.000289443 0.063736774 -0.041212048 -0.017559895 0.996960819
1341846322.133980 -0.071598463 -0.012429959 -0.000030874 0.064072996 -0.039635014 -0.018605050 0.996984243
1341846322.166164 -0.068365529 -0.012740535 -0.000192962 0.066374518 -0.041122444 -0.017927688 0.996785820
1341846322.202932 -0.067559034 -0.014492580 0.000358905 0.067336127 -0.043791719 -0.017181737 0.996620715
1341846322.234093 -0.066812180 -0.015547500 -0.001782256 0.066145264 -0.045445982 -0.019033622 0.996592760
1341846322.265941 -0.067522332 -0.018295396 -0.002008794 0.063263625 -0.047952898 -0.019154320 0.996660113
1341846322.301996 -0.065311186 -0.023269100 -0.000100414 0.060489245 -0.050416157 -0.018241774 0.996727884
1341846322.333949 -0.069009684 -0.027138967 -0.001322964 0.059098423 -0.050946940 -0.019043660 0.996769309
1341846322.369871 -0.066190228 -0.032015119 -0.001493433 0.059055116 -0.057279605 -0.021535471 0.996377349
1341846322.402292 -0.066622742 -0.031397838 -0.000624351 0.062552407 -0.055481095 -0.026785832 0.996138334
1341846322.433955 -0.071803890 -0.040155429 -0.003090252 0.065172181 -0.052148879 -0.031691808 0.996006370
1341846322.470030 -0.071957923 -0.039997824 -0.001182527 0.074694708 -0.056949645 -0.026895041 0.995215595
1341846322.502433 -0.069830589 -0.045136619 -0.002176640 0.078948617 -0.060602274 -0.023917317 0.994747400
1341846322.534002 -0.067589402 -0.051393073 -0.001222502 0.085864134 -0.061838850 -0.020686021 0.994170725
1341846322.570196 -0.068310067 -0.053074334 -0.001345515 0.096186221 -0.061979458 -0.018496988 0.993259609
1341846322.601920 -0.070945665 -0.054727461 -0.002765569 0.101200886 -0.064536937 -0.016343586 0.992636025
1341846322.638119 -0.066049002 -0.059730019 -0.001740027 0.105523996 -0.069424242 -0.015352600 0.991871595
1341846322.669947 -0.063067414 -0.057256002 -0.000538637 0.111926027 -0.067367271 -0.015683109 0.991306305
1341846322.702026 -0.068090238 -0.059837408 -0.001289560 0.114612848 -0.064049311 -0.014260349 0.991240740
1341846322.738006 -0.065867215 -0.059709232 -0.002002292 0.115937330 -0.067461044 -0.012392160 0.990885437
1341846322.770087 -0.063793451 -0.065667093 -0.000276226 0.115008682 -0.067514241 -0.012075427 0.990993977
1341846322.806047 -0.067709073 -0.069043621 0.001213319 0.118301392 -0.066707529 -0.010666851 0.990677059
1341846322.838063 -0.068721838 -0.069185279 -0.001996171 0.120226748 -0.070445351 -0.009047753 0.990202546
1341846322.870081 -0.066460542 -0.074397221 0.000930407 0.120938405 -0.076692492 -0.007703385 0.989663005
1341846322.906018 -0.072256342 -0.057967700 0.000772610 0.129982516 -0.077404074 -0.005878514 0.988472879
1341846322.938349 -0.072570033 -0.053760815 -0.000795333 0.131793290 -0.076090269 -0.005097284 0.988339424
1341846322.970069 -0.071777515 -0.055792600 0.000252394 0.126341656 -0.076755822 -0.002985141 0.989008307
1341846323.011820 -0.071050510 -0.059725847 0.000784450 0.123233318 -0.076612778 -0.002992751 0.989411473
1341846323.038050 -0.071329549 -0.060283281 0.000985308 0.122614302 -0.076381810 0.000047262 0.989510775
1341846323.073951 -0.072795726 -0.059919160 0.002425940 0.120465472 -0.076141126 0.000888110 0.989792824
1341846323.105962 -0.071561947 -0.065384842 0.003717378 0.116464779 -0.076712199 0.000872442 0.990227461
1341846323.138158 -0.071099378 -0.065904029 0.002169246 0.117339447 -0.076658480 -0.002975240 0.990124285
1341846323.174092 -0.072522365 -0.064118974 0.001060858 0.115808561 -0.076577961 -0.003696821 0.990308344
1341846323.206059 -0.070122629 -0.065722689 0.001866710 0.112994112 -0.077918641 -0.006328137 0.990515530
1341846323.238053 -0.069913253 -0.066121928 0.002362127 0.111001410 -0.074661359 -0.008777030 0.990972936
1341846323.273997 -0.074144602 -0.066104315 0.001061592 0.107274853 -0.073041670 -0.008232263 0.991508603
1341846323.305946 -0.072585478 -0.069041736 0.002000268 0.101151198 -0.077535756 -0.007262654 0.991818488
1341846323.342027 -0.066692084 -0.073877402 0.004145857 0.098698758 -0.077599503 -0.009670636 0.992039979
1341846323.374048 -0.064434685 -0.093968876 0.004418887 0.094772153 -0.073665991 -0.010448947 0.992714643
1341846323.405987 -0.075859472 -0.074985117 0.001037195 0.098963253 -0.075407766 -0.003321146 0.992224216
1341846323.441956 -0.071386747 -0.078185581 0.002627315 0.099582672 -0.081052206 -0.000846056 0.991722286
1341846323.473878 -0.070608296 -0.081497304 0.001649354 0.103110284 -0.079787076 -0.001729474 0.991463244
1341846323.506129 -0.072646432 -0.082730867 0.002369403 0.105508633 -0.079602152 -0.004848025 0.991215408
1341846323.541972 -0.069511317 -0.080424204 0.000796342 0.104978286 -0.080102071 -0.006750144 0.991220295
1341846323.573913 -0.065533094 -0.085404418 -0.000027848 0.103829265 -0.077096000 -0.011892227 0.991531253
1341846323.609927 -0.067541152 -0.085459314 0.001018979 0.105159074 -0.070510983 -0.015979318 0.991823792
1341846323.642014 -0.071925126 -0.086375698 0.001237647 0.104326062 -0.067678876 -0.015317294 0.992119491
1341846323.674081 -0.073308259 -0.086058021 0.001834640 0.104598321 -0.069074646 -0.013045347 0.992027044
1341846323.710069 -0.072734013 -0.090486869 0.001181856 0.105261296 -0.070589028 -0.008327229 0.991901159
1341846323.742111 -0.072852746 -0.093287162 0.000691184 0.109265640 -0.072695285 -0.007671752 0.991321146
1341846323.774928 -0.072568715 -0.092427529 0.000067807 0.113080546 -0.074876226 -0.010222580 0.990707755
1341846323.810012 -0.072141342 -0.093794011 -0.000360915 0.114622049 -0.076072216 -0.013813862 0.990395844
1341846323.842207 -0.071295209 -0.095565461 -0.001206347 0.116148032 -0.076150566 -0.018823167 0.990129471
1341846323.878019 -0.073378019 -0.097762913 -0.001950926 0.116851017 -0.076488651 -0.022775004 0.989937663
1341846323.909826 -0.073167115 -0.108254105 -0.000178209 0.117927901 -0.078607447 -0.026531808 0.989550412
1341846323.942459 -0.073966034 -0.097435705 -0.001644251 0.124911331 -0.078175232 -0.027043760 0.988713503
1341846323.978055 -0.074898720 -0.099094406 -0.004122923 0.126442567 -0.080700710 -0.025162226 0.988365591
1341846324.015934 -0.072306834 -0.098909371 -0.004278999 0.130384311 -0.083478995 -0.024579866 0.987637103
1341846324.047722 -0.071817592 -0.097062744 -0.002206813 0.134325847 -0.082294188 -0.025492128 0.987185061
1341846324.083904 -0.070351981 -0.094687365 -0.006661860 0.134570047 -0.080916978 -0.025988052 0.987252712
1341846324.115968 -0.070341945 -0.093432195 -0.004218707 0.132845208 -0.079351120 -0.027692841 0.987567008
1341846324.151967 -0.069032930 -0.092000529 -0.005651101 0.133086056 -0.076513834 -0.032280847 0.987619221
1341846324.183941 -0.070782229 -0.088067070 -0.002395227 0.131480977 -0.072094366 -0.035695240 0.988049090
1341846324.219984 -0.072488852 -0.088186376 -0.003287774 0.126900151 -0.069648691 -0.035744134 0.988821387
1341846324.251968 -0.073441796 -0.087856725 -0.001480173 0.126450554 -0.069436915 -0.035908159 0.988887966
1341846324.284052 -0.074120857 -0.083589084 -0.001755662 0.127636939 -0.069952019 -0.036614832 0.988673270
1341846324.319880 -0.074333161 -0.079982132 -0.003034954 0.126531914 -0.073149167 -0.036500469 0.988588154
1341846324.351917 -0.073457852 -0.075761877 -0.002406782 0.123809144 -0.076727763 -0.038092006 0.988601625
1341846324.388001 -0.070930637 -0.074239984 -0.001817291 0.119919255 -0.077018514 -0.042275958 0.988888383
1341846324.419908 -0.072713539 -0.070217006 0.000094600 0.116127260 -0.074321605 -0.045165431 0.989419460
1341846324.452027 -0.074207850 -0.070149332 0.001484177 0.111321546 -0.073533565 -0.045939084 0.989994943
1341846324.487928 -0.074167572 -0.068881474 0.001806212 0.109657176 -0.074073665 -0.043832567 0.990235865
1341846324.519985 -0.076671176 -0.064892076 0.001223263 0.108392321 -0.075647801 -0.039388441 0.990442872
1341846324.556001 -0.076922908 -0.061169442 0.000488477 0.106692344 -0.080418140 -0.035837032 0.990386486
1341846324.587888 -0.075873114 -0.067593120 0.002106518 0.100589290 -0.084101476 -0.033162042 0.990812302
1341846324.620086 -0.075396828 -0.066390768 0.002196594 0.098233543 -0.086706735 -0.035625096 0.990738630
1341846324.655955 -0.074131757 -0.063187189 0.003530426 0.097672842 -0.088075154 -0.037276223 0.990612566
1341846324.688082 -0.075317919 -0.062636524 0.004667806 0.096637398 -0.087600850 -0.036257207 0.990794003
1341846324.755922 -0.078148752 -0.052732345 0.002055384 0.098757520 -0.089976773 -0.032773126 0.990493357
1341846324.782029 -0.068231441 -0.067689925 0.003805168 0.092913985 -0.096782729 -0.034667816 0.990352571
1341846324.814016 -0.063658945 -0.061908059 0.004037391 0.090857737 -0.098835766 -0.036266375 0.990283310
1341846324.849979 -0.076336756 -0.041003700 0.006202607 0.089645892 -0.092592672 -0.038069855 0.990929306
1341846324.881924 -0.078166671 -0.040498145 0.007102279 0.086560540 -0.093496703 -0.038573463 0.991099238
1341846324.913902 -0.076671906 -0.031041391 0.007376984 0.087380208 -0.095035702 -0.035645086 0.990990579
1341846324.949999 -0.077625804 -0.038746774 0.007528150 0.085236393 -0.095243692 -0.032304872 0.991271794
1341846324.981922 -0.080852471 -0.034309234 0.006895900 0.090172596 -0.096725717 -0.029095210 0.990790844
1341846325.018013 -0.080029190 -0.030121081 0.007647476 0.094760358 -0.102294467 -0.026236566 0.989882767
1341846325.050079 -0.072063327 -0.047210321 0.007261501 0.092153475 -0.108928487 -0.028102431 0.989369810
1341846325.081901 -0.070748314 -0.042490575 0.005167291 0.091918066 -0.114141256 -0.030413575 0.988735497
1341846325.118531 -0.067541823 -0.038429614 0.006951615 0.088294931 -0.116664998 -0.032017030 0.988720477
1341846325.149933 -0.067918323 -0.038990188 0.007705844 0.082139604 -0.114128396 -0.034264140 0.989471436
1341846325.181925 -0.069224328 -0.037469599 0.008964949 0.079207912 -0.112694003 -0.032406919 0.989937365
1341846325.218055 -0.068971835 -0.035678197 0.009707684 0.076108426 -0.112714417 -0.028492739 0.990298510
1341846325.249811 -0.069983281 -0.033291861 0.010286632 0.074061766 -0.112484597 -0.024570050 0.990584850
1341846325.285925 -0.068861634 -0.030260807 0.009758278 0.071557119 -0.113261595 -0.021799136 0.990745246
1341846325.317988 -0.065884158 -0.031082058 0.012349635 0.068855688 -0.111966088 -0.019337703 0.991135001
1341846325.349844 -0.067947760 -0.032723390 0.013223415 0.071000807 -0.106653377 -0.017086193 0.991610825
1341846325.387302 -0.067733064 -0.028813653 0.013980336 0.076496057 -0.104139216 -0.014312997 0.991513252
1341846325.417931 -0.072386973 -0.022960547 0.011860605 0.079708643 -0.098913930 -0.010147572 0.991846561
1341846325.450747 -0.069520347 -0.025631279 0.012281006 0.083261259 -0.092518531 -0.007604205 0.992194533
1341846325.485954 -0.075157195 -0.018778373 0.014023029 0.093795754 -0.083711110 -0.003996746 0.992057860
1341846325.517875 -0.075667225 -0.015904848 0.013592269 0.097706586 -0.080906145 -0.001876722 0.991919398
1341846325.553859 -0.075031057 -0.014388037 0.014261757 0.100932159 -0.077647597 -0.001441428 0.991857588
1341846325.585855 -0.076588579 -0.009517166 0.012943788 0.104214191 -0.074036241 -0.003486828 0.991789222
1341846325.617990 -0.076053187 -0.004583957 0.012363199 0.101996407 -0.072438300 -0.004459639 0.992133856
1341846325.653982 -0.069697656 -0.013175127 0.017098604 0.097879969 -0.071439885 -0.009190705 0.992588222
1341846325.685819 -0.070778757 -0.013247339 0.016746022 0.102801338 -0.069876879 -0.007568798 0.992215574
1341846325.717857 -0.079687528 -0.003778229 0.014798589 0.108507790 -0.067392759 0.000577129 0.991808414
1341846325.754083 -0.080510475 -0.004455602 0.014916116 0.110415772 -0.067326576 0.004949091 0.991590142
1341846325.786087 -0.078898795 -0.002984113 0.015387402 0.116834484 -0.067600206 0.006974478 0.990823507
1341846325.821856 -0.079061262 0.002769276 0.015283424 0.121910229 -0.065665767 0.008695266 0.990328372
1341846325.853827 -0.081207991 0.004583093 0.015945112 0.122579761 -0.064613640 0.011736209 0.990283549
1341846325.885958 -0.075333148 0.003024234 0.018192617 0.122352682 -0.068193167 0.016441405 0.990004659
1341846325.921984 -0.074141391 0.004342984 0.020373750 0.120922685 -0.072728962 0.021427751 0.989762127
1341846325.953899 -0.079247333 0.009734978 0.018530190 0.124169096 -0.071910754 0.024578130 0.989346623
1341846325.985823 -0.072126947 0.008107170 0.022744140 0.126385540 -0.070484772 0.028231677 0.989071071
1341846326.021991 -0.074026726 0.009047936 0.022393143 0.128873602 -0.069684468 0.033312168 0.988648534
1341846326.054055 -0.079428867 0.007314609 0.017906075 0.131975561 -0.069795191 0.038133174 0.988057137
1341846326.089984 -0.077021293 0.011823472 0.017871108 0.135170072 -0.068766154 0.037973758 0.987703502
1341846326.121822 -0.077273197 0.014901333 0.018190967 0.135417148 -0.064526327 0.035689659 0.988040864
1341846326.154079 -0.079419680 0.015551122 0.019622877 0.136115447 -0.061504073 0.033985063 0.988197744
1341846326.190178 -0.080599360 0.019021172 0.019508682 0.138861433 -0.061604727 0.036072265 0.987735331
1341846326.222162 -0.081101067 0.023286464 0.018459154 0.138127550 -0.063211054 0.041873150 0.987507880
1341846326.259181 -0.080991425 0.026741156 0.020308517 0.134962350 -0.065984286 0.046061959 0.987577617
1341846326.291222 -0.079451516 0.028894143 0.021412095 0.131565407 -0.067341290 0.046521053 0.987922788
1341846326.322766 -0.079044141 0.027922058 0.022165233 0.126923814 -0.066969737 0.045299504 0.988611817
1341846326.359773 -0.079012483 0.029593846 0.023506651 0.123331681 -0.065389499 0.042829197 0.989282131
1341846326.392109 -0.079017408 0.027992789 0.025593497 0.121548355 -0.063409857 0.043078586 0.989620864
1341846326.423985 -0.080573931 0.030074695 0.026736284 0.125702798 -0.062324103 0.048227958 0.988933027
1341846326.459869 -0.081858933 0.034148920 0.026120704 0.127991751 -0.064394906 0.052267168 0.988301337
1341846326.491143 -0.079730593 0.036728490 0.027544210 0.129246309 -0.066242613 0.052213993 0.988018751
1341846326.526163 -0.078656115 0.042564590 0.028691301 0.129642054 -0.063875705 0.051467583 0.988161862
1341846326.560211 -0.079169244 0.045026176 0.029097954 0.124543235 -0.059520613 0.051574785 0.989083588
1341846326.591828 -0.079330109 0.041131411 0.027750956 0.119711868 -0.057482861 0.052869122 0.989732087
1341846326.627027 -0.078599133 0.044231530 0.028471353 0.119887576 -0.056053538 0.052227452 0.989826918
1341846326.658442 -0.078055650 0.048427835 0.029258341 0.118604690 -0.052409850 0.050628174 0.990264058
1341846326.694856 -0.079505660 0.051152728 0.029364143 0.115156360 -0.048495736 0.050090529 0.990897655
1341846326.726206 -0.079894543 0.059343483 0.032900166 0.111555658 -0.047068179 0.047430541 0.991509080
1341846326.762753 -0.078144737 0.058098298 0.030663772 0.104869135 -0.044787098 0.044670202 0.992472231
1341846326.794046 -0.079185843 0.061131958 0.033608001 0.098645575 -0.040788092 0.040959001 0.993442357
1341846326.826821 -0.079800740 0.058530059 0.032034900 0.089613117 -0.037863839 0.038127095 0.994526088
1341846326.858887 -0.079348914 0.059524354 0.030287597 0.080882832 -0.036291432 0.036791369 0.995382965
1341846326.895360 -0.081189983 0.066767707 0.033910189 0.080236375 -0.036715884 0.039206512 0.995327532
1341846326.926897 -0.082230143 0.069071218 0.035323195 0.082463220 -0.040127762 0.041330490 0.994927824
1341846326.958888 -0.080205038 0.071857400 0.034837138 0.084583975 -0.043258552 0.044782829 0.994469106
1341846326.994594 -0.079398826 0.075594038 0.034311127 0.085546665 -0.042732853 0.047212478 0.994297087
1341846327.026301 -0.078223906 0.079075806 0.034783002 0.084313631 -0.041871395 0.045503661 0.994518697
1341846327.063945 -0.078633748 0.079904579 0.035943285 0.081284709 -0.039329853 0.042065971 0.995025873
1341846327.094662 -0.078025565 0.074766122 0.036063384 0.079774313 -0.037223831 0.040390894 0.995298445
1341846327.128901 -0.079454139 0.077658035 0.036211740 0.079266943 -0.036421329 0.038398400 0.995447516
1341846327.161940 -0.078893311 0.081133984 0.036438115 0.078936540 -0.037789106 0.038425036 0.995421767
1341846327.193867 -0.076822758 0.082905792 0.036693107 0.077897377 -0.037286352 0.037294608 0.995565593
1341846327.229885 -0.076145440 0.086091004 0.036738396 0.079319604 -0.034107551 0.034980558 0.995651245
1341846327.262014 -0.074206039 0.089676224 0.035057507 0.079273365 -0.030213928 0.033094842 0.995845139
1341846327.294023 -0.073228575 0.083063424 0.020898007 0.077976316 -0.020612586 0.021418618 0.996511936
1341846327.330015 -0.076167166 0.091886848 0.031354662 0.084878691 -0.006868718 0.023334663 0.996094346
1341846327.361939 -0.074604526 0.107828960 0.040121134 0.086962864 -0.002053669 0.019045237 0.996027350
1341846327.393887 -0.075516611 0.110350288 0.042568341 0.086654171 0.000898339 0.010947526 0.996177852
1341846327.429966 -0.079824664 0.130101383 0.047507230 0.089609563 0.003090833 0.010047133 0.995921493
1341846327.461965 -0.080232598 0.121045284 0.036892932 0.077144168 -0.000700622 0.007103053 0.996994376
1341846327.497931 -0.075997770 0.114633784 0.043688051 0.072273634 -0.004778151 0.006728195 0.997350693
1341846327.530068 -0.076410770 0.118272655 0.046385169 0.071259543 -0.004671460 0.010893134 0.997387350
1341846327.561895 -0.078341164 0.105713964 0.044870961 0.065038688 -0.005837715 0.014430203 0.997761309
1341846327.598010 -0.079041436 0.106087871 0.046172503 0.065655634 -0.008580954 0.020020707 0.997604549
1341846327.629945 -0.080414250 0.110965014 0.045838680 0.067130394 -0.013201834 0.019834444 0.997459650
1341846327.662003 -0.080057889 0.113421686 0.047734763 0.067661703 -0.016706383 0.016284887 0.997435510
1341846327.697919 -0.078903861 0.117438339 0.048068319 0.070665263 -0.018344007 0.016884780 0.997188449
1341846327.730075 -0.078946434 0.122857802 0.047279302 0.067292713 -0.019115509 0.018188264 0.997384310
1341846327.766017 -0.079434730 0.124022454 0.047911618 0.062032968 -0.019383924 0.019143550 0.997702181
1341846327.797917 -0.079072595 0.141335770 0.052352317 0.061931714 -0.020174924 0.020622633 0.997663379
1341846327.830054 -0.079539485 0.125240386 0.048423495 0.050383590 -0.020113651 0.020241586 0.998322189
1341846327.865944 -0.077957444 0.125909001 0.047510490 0.045345351 -0.018859243 0.019200807 0.998608768
1341846327.898010 -0.079529352 0.128916234 0.049600564 0.043527409 -0.017231211 0.020607306 0.998691022
1341846327.929991 -0.078895278 0.132734790 0.048971649 0.039515261 -0.019227175 0.018389015 0.998864710
1341846327.966065 -0.078316137 0.136219934 0.049483743 0.036574196 -0.018799247 0.015617189 0.999032080
1341846327.998073 -0.076899484 0.139403746 0.050521486 0.031104986 -0.018606810 0.012353947 0.999266565
1341846328.034045 -0.078081928 0.139591157 0.050697621 0.024683397 -0.017107187 0.010757981 0.999491036
1341846328.065993 -0.078225598 0.137360126 0.049693979 0.018875198 -0.016139027 0.010973399 0.999631345
1341846328.098045 -0.079174951 0.134357423 0.051312387 0.017100872 -0.015061587 0.011455532 0.999674678
1341846328.133967 -0.079189613 0.135333151 0.051665928 0.020743303 -0.016463630 0.015424281 0.999530256
1341846328.166023 -0.078450434 0.133381113 0.052274778 0.019454923 -0.019883705 0.015774712 0.999488533
1341846328.198018 -0.078621909 0.130299211 0.050032753 0.018480752 -0.023073461 0.014404960 0.999459147
1341846328.234044 -0.078566581 0.128842399 0.049187660 0.022110736 -0.024115335 0.012867020 0.999381840
1341846328.265899 -0.079097152 0.123853207 0.048449412 0.022153577 -0.025859240 0.013797569 0.999324858
1341846328.302051 -0.080668762 0.117507525 0.044939324 0.021868236 -0.024794448 0.012946919 0.999369502
1341846328.333917 -0.078946963 0.115505442 0.046387613 0.026241921 -0.026378676 0.014479732 0.999202609
1341846328.366008 -0.080221541 0.114663281 0.045171339 0.029927080 -0.026024234 0.012462964 0.999135494
1341846328.402010 -0.078701548 0.110379197 0.041956604 0.042421900 -0.025697554 0.017105836 0.998622775
1341846328.433920 -0.081749126 0.104642242 0.042154811 0.044849060 -0.025152737 0.015953928 0.998549640
1341846328.470003 -0.077880137 0.121069752 0.045995951 0.049861450 -0.029065777 0.011565576 0.998266101
1341846328.502194 -0.078076065 0.095893987 0.037319794 0.046690498 -0.026602317 0.006476103 0.998534083
1341846328.534033 -0.077143677 0.108038686 0.044396993 0.051005922 -0.024299420 0.000822779 0.998402357
1341846328.570125 -0.078452654 0.100564927 0.043041244 0.051278513 -0.022254579 -0.000902511 0.998435974
1341846328.602804 -0.078488708 0.081279367 0.038796026 0.052443046 -0.027170917 0.002273638 0.998251617
1341846328.636433 -0.079889752 0.077354692 0.035239555 0.057085708 -0.035107654 0.004275368 0.997742653
1341846328.672663 -0.078793228 0.072466470 0.034925688 0.061763253 -0.041125666 0.000822338 0.997242868
1341846328.702975 -0.076590084 0.068287469 0.034363825 0.063904934 -0.045971110 0.002230000 0.996894121
1341846328.738215 -0.075547576 0.074881844 0.038577665 0.070943348 -0.047503676 -0.001548745 0.996347308
1341846328.770129 -0.076333307 0.076281533 0.039452411 0.075707354 -0.048176061 -0.002914436 0.995961308
1341846328.802331 -0.077726111 0.071569875 0.037098300 0.075929664 -0.049934808 -0.003644668 0.995855391
1341846328.838051 -0.074768022 0.066877030 0.037942488 0.079182938 -0.054130256 -0.004357173 0.995379806
1341846328.869939 -0.075431265 0.057693098 0.033115521 0.077668399 -0.055132329 -0.005261743 0.995439768
1341846328.904486 -0.075607650 0.051789459 0.031875670 0.071762986 -0.057905316 -0.005581675 0.995723784
1341846328.939814 -0.074249469 0.044181280 0.033059556 0.073365264 -0.061364982 -0.006297269 0.995395541
1341846328.970217 -0.074883588 0.043969534 0.032170333 0.077760756 -0.062934138 -0.002593574 0.994980335
1341846329.006232 -0.073529094 0.039987121 0.031291142 0.077131428 -0.065959901 0.002246573 0.994834185
1341846329.038243 -0.071090870 0.041892592 0.031252820 0.081695490 -0.067602046 0.002779212 0.994358122
1341846329.072238 -0.069784150 0.042890590 0.029760582 0.086594746 -0.067467436 0.003161134 0.993951440
1341846329.106125 -0.070538625 0.041229211 0.029684395 0.085375123 -0.068247423 0.002564813 0.994005442
1341846329.138340 -0.071279332 0.038273223 0.030396599 0.086757414 -0.068778656 0.000146642 0.993852437
1341846329.169991 -0.071248673 0.038276691 0.029776227 0.089101911 -0.069886409 -0.000487264 0.993567586
1341846329.208656 -0.070344791 0.036340721 0.029079042 0.089462124 -0.071149260 -0.001598533 0.993444383
1341846329.238169 -0.069386512 0.036388356 0.028211515 0.089253321 -0.072470710 -0.001250935 0.993368149
1341846329.273827 -0.069869265 0.032593600 0.028157689 0.086590223 -0.073298343 -0.000763759 0.993543625
1341846329.306052 -0.069805026 0.032460067 0.027035434 0.087563820 -0.075612798 -0.001566261 0.993283868
1341846329.338104 -0.067945950 0.031935889 0.025710637 0.084082402 -0.077755630 -0.003396846 0.993414640
1341846329.373907 -0.069102027 0.026814651 0.026502978 0.079818569 -0.077918299 -0.006026469 0.993741155
1341846329.405985 -0.068916038 0.024809791 0.025385082 0.081273682 -0.079456620 -0.008678169 0.993481755
1341846329.442057 -0.068702571 0.023927381 0.024411276 0.080877602 -0.079838425 -0.012276224 0.993445516
1341846329.473950 -0.069100216 0.020464879 0.024361091 0.079807863 -0.080848493 -0.018280981 0.993357956
1341846329.506147 -0.069382124 0.019801566 0.023197414 0.080463827 -0.082562119 -0.021585960 0.993097723
1341846329.542121 -0.070286453 0.017303109 0.021964667 0.078167103 -0.085126787 -0.022063091 0.993054152
1341846329.574086 -0.069093123 0.013143500 0.022579541 0.079830699 -0.088104516 -0.022647791 0.992648840
1341846329.606387 -0.069072999 0.013575191 0.020866025 0.082940593 -0.088350236 -0.023830473 0.992344260
1341846329.641955 -0.069904990 0.012863598 0.019407205 0.082937792 -0.089186154 -0.023707960 0.992272675
1341846329.681570 -0.070345342 0.009638631 0.019547395 0.081357010 -0.092002049 -0.023941098 0.992140830
1341846329.748113 -0.068509981 0.008439837 0.018639863 0.083674341 -0.092703678 -0.025570111 0.991842151
1341846329.774077 -0.068432242 0.005370076 0.019449607 0.080974013 -0.091190316 -0.023100963 0.992267013
1341846329.810175 -0.069641478 0.003087973 0.018939301 0.080921404 -0.089220874 -0.021330133 0.992489994
1341846329.842255 -0.070188157 0.001045674 0.018627152 0.082110345 -0.089126252 -0.018080208 0.992465377
1341846329.874044 -0.070667796 -0.000593193 0.018322745 0.083595112 -0.089063622 -0.014536866 0.992405236
1341846329.910073 -0.070419170 0.000754213 0.017114140 0.084068432 -0.089495920 -0.012661257 0.992352068
1341846329.942009 -0.070671678 -0.000041744 0.017101470 0.078787364 -0.089843869 -0.007279486 0.992807925
1341846329.978087 -0.070791937 -0.005279036 0.017625026 0.075963609 -0.090343751 -0.005994264 0.992991269
1341846330.016305 -0.069781914 -0.003570296 0.016376767 0.078575067 -0.089535788 -0.008025259 0.992846847
1341846330.048192 -0.071239047 -0.002131504 0.016499475 0.075057454 -0.087538846 -0.007377916 0.993301988
1341846330.080418 -0.071254633 -0.006943132 0.016433656 0.069862217 -0.087690972 -0.005512752 0.993679643
1341846330.115886 -0.070816442 -0.010724888 0.015612634 0.071762525 -0.086411506 -0.004573929 0.993661046
1341846330.147839 -0.071683012 -0.006311216 0.014578654 0.075525939 -0.085786000 -0.003024439 0.993442237
1341846330.181257 -0.070898645 -0.004376352 0.013630062 0.070553474 -0.086777799 0.000569149 0.993726075
1341846330.215852 -0.071447954 -0.007531243 0.014984193 0.063875407 -0.085381687 -0.000501420 0.994298577
1341846330.247833 -0.072541997 -0.008807600 0.014550442 0.062056974 -0.084592722 -0.001795254 0.994479656
1341846330.283913 -0.072417066 -0.005864752 0.013049183 0.059157524 -0.085101604 -0.001718290 0.994613051
1341846330.316011 -0.073200814 -0.008734444 0.013842586 0.052208576 -0.085447274 -0.003012842 0.994969308
1341846330.347868 -0.074169047 -0.011294534 0.013499294 0.049518775 -0.086766511 -0.004162058 0.994988501
1341846330.383835 -0.072951235 -0.011844068 0.013816499 0.047691766 -0.087674610 -0.003642614 0.995000184
1341846330.415934 -0.073391072 -0.015045797 0.014712383 0.046709869 -0.086737245 -0.005156496 0.995122254
1341846330.452561 -0.074546486 -0.015235863 0.013254787 0.049703311 -0.086864464 -0.006563839 0.994957805
1341846330.483903 -0.075263530 -0.013729264 0.012368467 0.050037734 -0.088572867 -0.004145273 0.994803429
1341846330.515970 -0.075201631 -0.016078848 0.012211171 0.047690671 -0.090822347 -0.001039073 0.994723976
1341846330.552099 -0.074953094 -0.016698470 0.012280831 0.048777368 -0.092218235 0.001610561 0.994542062
1341846330.583876 -0.074663334 -0.014191832 0.010086061 0.048819181 -0.092488617 0.001710879 0.994514763
1341846330.619992 -0.075581126 -0.012153353 0.008241920 0.044787727 -0.093251452 0.001203352 0.994633973
1341846330.652136 -0.075610295 -0.014115813 0.009767191 0.037868753 -0.094772466 -0.000967977 0.994777918
1341846330.683796 -0.076688558 -0.015087073 0.009404555 0.033239327 -0.094074793 -0.002558832 0.995006800
1341846330.719991 -0.077875651 -0.018002752 0.007882209 0.029835241 -0.095860675 -0.001673030 0.994946122
1341846330.752103 -0.078462049 -0.019119712 0.007032814 0.031057194 -0.099940769 0.002202654 0.994506121
1341846330.787952 -0.079951435 -0.017443998 0.005725034 0.032226864 -0.103693627 0.005397165 0.994072378
1341846330.819823 -0.078463197 -0.017582204 0.005416374 0.031559478 -0.109152727 0.006938274 0.993499637
1341846330.852208 -0.078435771 -0.015917474 0.004759374 0.031425435 -0.110750332 0.007836232 0.993320405
1341846330.888445 -0.078967065 -0.012860426 0.002621968 0.028603150 -0.112250477 0.008353913 0.993233025
1341846330.914111 -0.078319117 -0.011116870 0.003934065 0.023234103 -0.113777339 0.006722589 0.993211806
1341846330.949903 -0.079745814 -0.013387615 0.004880933 0.019701928 -0.114375509 0.006400795 0.993221581
1341846330.981986 -0.081520855 -0.013187925 0.003088287 0.020485662 -0.118047908 0.006850048 0.992772937
1341846331.014111 -0.080922313 -0.012007081 0.002572756 0.020123286 -0.122225873 0.007128530 0.992272675
1341846331.082139 -0.081144840 -0.012963204 0.002218872 0.021804050 -0.125303090 0.004079810 0.991870463
1341846331.114334 -0.080906838 -0.012015788 0.001509018 0.021807842 -0.127622187 0.003971001 0.991575122
1341846331.149989 -0.080750979 -0.014228680 0.002060319 0.021369513 -0.128730461 0.003440235 0.991443396
1341846331.181954 -0.081340469 -0.013963317 0.000889459 0.024873322 -0.128891364 0.002227649 0.991344213
1341846331.218151 -0.083031997 -0.010244862 -0.000302648 0.025545081 -0.131100982 0.002411425 0.991036892
1341846331.249914 -0.080232859 -0.012856566 -0.000094809 0.022529835 -0.133877173 0.001284655 0.990740955
1341846331.282227 -0.076087177 -0.017671335 -0.000158391 0.025954878 -0.131003439 0.000523127 0.991041958
1341846331.318141 -0.078698829 -0.014535223 0.000433509 0.033317849 -0.125172392 -0.001012572 0.991574883
1341846331.349926 -0.077825390 -0.012250161 0.000477314 0.032842390 -0.122622631 -0.002511761 0.991906643
1341846331.382003 -0.069868281 -0.019320302 0.006015850 0.033608764 -0.119955234 -0.000640072 0.992210031
1341846331.418008 -0.073935121 -0.017370831 0.001363049 0.041429896 -0.107836932 -0.001725547 0.993303478
1341846331.450327 -0.076442435 -0.014375159 0.004515384 0.044953976 -0.102103487 -0.002244210 0.993754983
1341846331.486219 -0.078272447 -0.011128047 0.005249893 0.045714051 -0.099365078 -0.001630959 0.993999064
1341846331.518344 -0.075911179 -0.011734210 0.006500892 0.044356056 -0.099611893 -0.002289258 0.994034588
1341846331.550202 -0.074664727 -0.013744574 0.008757202 0.046162676 -0.095673196 -0.003230804 0.994336545
1341846331.586139 -0.077801488 -0.010603962 0.008660247 0.049484741 -0.092908874 -0.003402022 0.994438350
1341846331.617931 -0.076255813 -0.010121636 0.009971678 0.048590604 -0.093542375 -0.002875511 0.994424701
1341846331.654027 -0.074855290 -0.011319431 0.012850585 0.048973538 -0.091593400 -0.002331882 0.994588733
1341846331.686123 -0.076379962 -0.008864366 0.013194984 0.051979069 -0.088345587 -0.000344187 0.994732738
1341846331.717954 -0.077527702 -0.006799254 0.014456330 0.049214825 -0.088849731 -0.000897367 0.994828045
1341846331.754076 -0.075562216 -0.010100416 0.018092258 0.046152700 -0.089087188 -0.001943847 0.994952083
1341846331.785920 -0.076127909 -0.010227636 0.020015141 0.049178403 -0.086078823 -0.003087290 0.995069027
1341846331.818053 -0.077365994 -0.007533943 0.022392955 0.050526828 -0.084122866 -0.002961442 0.995169163
1341846331.853849 -0.077244848 -0.009472838 0.024804033 0.048701610 -0.083913475 -0.003375464 0.995276511
1341846331.885987 -0.075546145 -0.009718659 0.027676016 0.051715504 -0.082308628 -0.004937758 0.995251954
1341846331.922014 -0.076477587 -0.008263818 0.028080732 0.054090396 -0.078700863 -0.006050582 0.995411396
1341846331.954037 -0.075527310 -0.008275728 0.030943302 0.054033794 -0.076560318 -0.005272871 0.995585799
1341846331.986135 -0.074843720 -0.011017533 0.034125153 0.055403017 -0.071507134 -0.003204017 0.995895088
1341846332.022364 -0.077589139 -0.012030188 0.035615910 0.062176019 -0.065869980 -0.003913692 0.995881498
1341846332.054175 -0.079097740 -0.011864917 0.038263198 0.068541996 -0.065575778 -0.001305335 0.995489895
1341846332.086502 -0.078658164 -0.009425020 0.040577848 0.071778625 -0.065856598 0.000941656 0.995243609
1341846332.122051 -0.079468548 -0.008101238 0.043156352 0.074071757 -0.064574420 0.000063091 0.995160043
1341846332.153983 -0.080868557 -0.006202169 0.046042696 0.073323928 -0.064810947 -0.002772259 0.995196223
1341846332.190165 -0.081843264 -0.005944177 0.049437210 0.067181602 -0.065986313 -0.005443251 0.995541453
1341846332.222699 -0.082073338 -0.010127798 0.052873619 0.063192680 -0.066516832 -0.006562628 0.995760560
1341846332.254145 -0.082820460 -0.010421456 0.055046987 0.066152371 -0.065747559 -0.007204963 0.995615005
1341846332.289948 -0.083605260 -0.009299227 0.057214126 0.068172820 -0.065964811 -0.005150175 0.995477021
1341846332.322172 -0.083541051 -0.009684395 0.059194535 0.068548590 -0.066695400 -0.003073522 0.995411158
1341846332.354003 -0.082574837 -0.011009580 0.060789812 0.070901111 -0.065217786 -0.005641865 0.995333016
1341846332.390180 -0.082036801 -0.007942957 0.062917344 0.073961422 -0.061147038 -0.008152395 0.995351315
1341846332.422055 -0.083424859 -0.007746463 0.064620197 0.072135307 -0.058125507 -0.011342010 0.995635092
1341846332.458114 -0.082662567 -0.008729027 0.067570634 0.071728155 -0.056286767 -0.015396678 0.995715737
1341846332.489993 -0.084892526 -0.007308964 0.069718435 0.073149107 -0.053881191 -0.013880210 0.995767713
1341846332.522130 -0.086990371 -0.006592945 0.071248762 0.072145276 -0.056770600 -0.009417183 0.995732605
1341846332.558114 -0.086352378 -0.007185214 0.074433096 0.071300566 -0.063091040 -0.001378619 0.995456576
1341846332.589874 -0.083949015 -0.004968661 0.075737000 0.071242645 -0.066765003 0.003603454 0.995215535
1341846332.621889 -0.084101193 -0.004112421 0.077018529 0.067197934 -0.066428058 0.004016074 0.995517731
1341846332.658202 -0.083020344 -0.005523188 0.079428948 0.062693313 -0.066442266 0.003342896 0.995813131
1341846332.690001 -0.083712637 -0.004256709 0.081828363 0.061371300 -0.065020986 0.003508034 0.995988727
1341846332.726000 -0.085013703 -0.005750329 0.084297657 0.059363618 -0.065642446 0.007365545 0.996048570
1341846332.758386 -0.083542235 -0.005388711 0.085832298 0.059938677 -0.068846889 0.009741003 0.995777369
1341846332.789937 -0.081694707 -0.003485307 0.088282108 0.060249530 -0.068865560 0.008233367 0.995770931
1341846332.825925 -0.081677243 -0.004120255 0.089944169 0.057693191 -0.066315070 0.007128660 0.996103883
1341846332.857898 -0.082004011 -0.004162964 0.091797709 0.058784578 -0.064853825 0.006428881 0.996141076
1341846332.894069 -0.082019031 -0.001327619 0.092834994 0.059482161 -0.064876713 0.006683330 0.996096492
1341846332.926029 -0.080713518 -0.000722677 0.094328091 0.056232240 -0.064908780 0.004870368 0.996293664
1341846332.958015 -0.080102183 -0.000514626 0.097554334 0.053770561 -0.062854208 0.002218374 0.996570706
1341846332.994073 -0.080161862 0.000109636 0.098613292 0.051286340 -0.061292082 0.000276874 0.996801376
1341846333.026545 -0.079388358 -0.000065550 0.100747272 0.048568912 -0.060317915 -0.002721394 0.996993184
1341846333.057998 -0.078094982 0.000027729 0.099831164 0.047419354 -0.058915805 -0.002096389 0.997133851
1341846333.094024 -0.078416400 -0.000200342 0.100785494 0.047469538 -0.056763891 0.001138823 0.997257829
1341846333.126095 -0.077021457 0.000591262 0.102551721 0.048019607 -0.055985309 0.004176786 0.997267425
1341846333.161973 -0.076227359 0.002471826 0.104427584 0.047672100 -0.053621415 0.005529837 0.997407377
1341846333.195660 -0.076987512 0.002039383 0.105430454 0.044695687 -0.050706502 0.006714824 0.997690380
1341846333.226331 -0.077256329 0.002641528 0.106320515 0.043584239 -0.049949300 0.006474956 0.997779310
1341846333.262056 -0.076111332 0.004349412 0.107135475 0.041466873 -0.049999736 0.005258127 0.997874200
1341846333.294147 -0.076147884 0.003233662 0.109122016 0.037524197 -0.050129466 0.003257927 0.998032212
1341846333.326100 -0.075926937 0.003250326 0.109605394 0.035733413 -0.051235057 0.000815500 0.998046815
1341846333.362100 -0.076169379 0.003389444 0.108894013 0.032043409 -0.051352669 -0.001757524 0.998164833
1341846333.394119 -0.075384341 0.003092832 0.111283459 0.029302545 -0.053019941 -0.001100726 0.998162806
1341846333.429974 -0.075436205 0.003149109 0.111143522 0.028402895 -0.054709435 -0.001925037 0.998096406
1341846333.462115 -0.074829377 0.002959834 0.112592906 0.028070098 -0.054731283 -0.003117190 0.998101592
1341846333.494040 -0.074910201 0.002965519 0.112549148 0.029210126 -0.053827729 -0.004412666 0.998113155
1341846333.529953 -0.075054094 0.002975649 0.112183385 0.030043418 -0.052242342 -0.004229095 0.998173475
1341846333.562063 -0.074782379 0.004332859 0.114224151 0.031850249 -0.050112359 -0.002715012 0.998231888
1341846333.594090 -0.076083086 0.005677228 0.112911075 0.031020200 -0.050225306 -0.001840261 0.998254359
1341846333.629994 -0.075571537 0.006269147 0.112978034 0.027893392 -0.053307846 -0.002288619 0.998185873
1341846333.662127 -0.074924335 0.006077019 0.112603284 0.024653396 -0.054773863 -0.003798728 0.998187184
1341846333.697964 -0.075916812 0.004452679 0.111735165 0.022183053 -0.053660363 -0.003700239 0.998305917
1341846333.730092 -0.075938381 0.004236515 0.111863069 0.024349902 -0.053313702 -0.002518115 0.998277724
1341846333.762089 -0.075630724 0.004593445 0.110964753 0.025932131 -0.052925497 -0.000777564 0.998261392
1341846333.798006 -0.075782172 0.003969781 0.110746831 0.027084310 -0.052509632 -0.000330195 0.998252988
1341846333.830055 -0.075381890 0.003588316 0.108802475 0.029435897 -0.051325418 -0.002228874 0.998245597
1341846333.866045 -0.076602466 0.003272363 0.107104070 0.030652083 -0.049320184 -0.003777688 0.998305380
1341846333.897987 -0.076806486 0.002221360 0.105648175 0.031820018 -0.049262147 -0.004522464 0.998268664
1341846333.930099 -0.076875664 0.001575293 0.104787223 0.034422267 -0.048503868 -0.005338285 0.998215437
1341846333.965889 -0.077179097 0.002048271 0.103453204 0.037274122 -0.047492646 -0.005744386 0.998159349
1341846333.997985 -0.076383293 0.002498261 0.107126355 0.040213685 -0.047139533 -0.006192871 0.998059332
1341846334.030076 -0.076981112 0.002150455 0.101869211 0.042949568 -0.045761459 -0.004413382 0.998018920
1341846334.066000 -0.077670313 0.001809556 0.099974394 0.044498891 -0.045796603 -0.003183243 0.997954130
1341846334.097932 -0.077413149 0.001114724 0.098917052 0.046015151 -0.046155032 -0.003520783 0.997867703
1341846334.133884 -0.078020312 0.001322191 0.097400799 0.047422796 -0.044924568 -0.002876800 0.997860014
1341846334.166115 -0.079230234 0.001894252 0.095302179 0.048169315 -0.045388293 -0.002508814 0.997804284
1341846334.198072 -0.079146244 0.001379828 0.093952931 0.048369773 -0.047169384 -0.003145524 0.997710168
1341846334.234097 -0.078378357 0.001780199 0.091851830 0.048795242 -0.046768550 -0.004111962 0.997704804
1341846334.266045 -0.079794243 0.001236198 0.090774119 0.048841830 -0.044862933 -0.003922172 0.997790754
1341846334.297946 -0.081193835 0.001528492 0.090077460 0.050265059 -0.045988962 -0.002536099 0.997673333
1341846334.334036 -0.080991663 0.002162562 0.088535771 0.050941557 -0.047828872 -0.002064520 0.997553587
1341846334.365871 -0.080118865 0.002206650 0.086182095 0.050103035 -0.048036952 -0.003108446 0.997583330
1341846334.401845 -0.080815099 0.002296816 0.084853306 0.048979107 -0.047077622 -0.004419274 0.997679889
1341846334.433864 -0.083022796 0.001314233 0.083959490 0.048765507 -0.047038037 -0.004048691 0.997693837
1341846334.466105 -0.082199357 0.002521791 0.082430676 0.049890134 -0.049466241 -0.003336420 0.997523427
1341846334.502142 -0.083443835 0.003035469 0.080296874 0.048732847 -0.049956229 -0.002783169 0.997557878
1341846334.540153 -0.083009161 0.003687788 0.081860431 0.048665036 -0.051358301 -0.004092934 0.997485459
1341846334.566584 -0.084135577 0.005711318 0.079752371 0.048236027 -0.051849615 -0.007262514 0.997462869
1341846334.602351 -0.085656539 0.005449982 0.079384185 0.044870671 -0.054139405 -0.011325621 0.997460425
1341846334.634069 -0.084627941 0.004800672 0.077158399 0.041668288 -0.056721311 -0.016092945 0.997390330
1341846334.670161 -0.085410766 0.004359941 0.075082816 0.039959092 -0.056652393 -0.019095926 0.997411191
1341846334.702085 -0.086359940 0.003625185 0.073487185 0.038493194 -0.058584780 -0.019054307 0.997358024
1341846334.734751 -0.086301036 0.002798415 0.069963738 0.037861388 -0.061569717 -0.016406599 0.997249484
1341846334.770889 -0.086962618 0.002489825 0.067555510 0.037454501 -0.062819496 -0.013965003 0.997224092
1341846334.802194 -0.086853273 0.002942770 0.064304709 0.036897358 -0.065395802 -0.012662098 0.997096598
1341846334.833908 -0.086287312 0.003305094 0.062474817 0.036627200 -0.067277461 -0.013883694 0.996965110
1341846334.869874 -0.086551055 0.003346623 0.060316257 0.035083123 -0.067519024 -0.014595419 0.996994138
1341846334.902006 -0.088069908 0.002890561 0.058589123 0.033222962 -0.068632908 -0.014487434 0.996983409
1341846334.938010 -0.088785052 0.002981646 0.056523379 0.032939151 -0.071269654 -0.015530631 0.996792078
1341846334.970032 -0.087138988 0.002965816 0.055703513 0.032941792 -0.073148124 -0.015949501 0.996649265
1341846335.002203 -0.087605916 0.001617039 0.053645507 0.033628650 -0.072425246 -0.014359090 0.996703327
1341846335.037880 -0.089738823 0.002291717 0.050949521 0.036237538 -0.074647352 -0.012458161 0.996473491
1341846335.069990 -0.088257656 0.003527527 0.049108330 0.036874484 -0.078060284 -0.012278860 0.996190786
1341846335.106038 -0.087699689 0.002321703 0.047117405 0.036703110 -0.077035375 -0.014017040 0.996253967
1341846335.138045 -0.088976085 0.002636850 0.045517869 0.038750347 -0.075743139 -0.014309603 0.996271372
1341846335.169900 -0.089088298 0.003686853 0.041225363 0.039148424 -0.077911973 -0.014314036 0.996088445
1341846335.206091 -0.088043295 0.003042071 0.039966404 0.037861671 -0.080516465 -0.015689822 0.995910347
1341846335.239365 -0.088078707 0.002121849 0.040680792 0.038135678 -0.079508014 -0.019075096 0.995921791
1341846335.269948 -0.087800384 0.001506993 0.035533503 0.039422736 -0.077961862 -0.020090053 0.995974004
1341846335.305972 -0.089278512 0.001746664 0.033265296 0.041345574 -0.079005539 -0.019544210 0.995824635
1341846335.338012 -0.088404968 0.001573172 0.033361759 0.042640977 -0.081165969 -0.017639628 0.995631814
1341846335.374005 -0.087154761 -0.000442094 0.032531217 0.045790300 -0.080416292 -0.016018847 0.995580196
1341846335.406025 -0.088599116 -0.000290161 0.030640187 0.052845888 -0.077250414 -0.014645775 0.995502472
1341846335.438079 -0.087718010 0.001704943 0.026764836 0.058486026 -0.076885939 -0.010313493 0.995269597
1341846335.473998 -0.086535878 0.002387417 0.024034249 0.060520548 -0.075624332 -0.008765860 0.995259464
1341846335.507038 -0.085681625 0.003701759 0.021304592 0.062117308 -0.073232725 -0.010310681 0.995325148
1341846335.538040 -0.086794563 0.005132967 0.019926805 0.062219139 -0.070502765 -0.012433796 0.995491624
1341846335.574119 -0.087724566 0.006085641 0.017717749 0.059771430 -0.070258938 -0.012364234 0.995659649
1341846335.605970 -0.087540261 0.004495470 0.016852252 0.057864334 -0.070958972 -0.013256600 0.995711207
1341846335.641978 -0.086535431 0.004413759 0.014730026 0.059152763 -0.070113800 -0.015770013 0.995658755
1341846335.673993 -0.087696269 0.005497091 0.012318854 0.059271690 -0.068920456 -0.016110271 0.995729566
1341846335.706178 -0.087662466 0.005036409 0.009865057 0.058405321 -0.070327275 -0.015259675 0.995695770
1341846335.741982 -0.086676724 0.004818406 0.007972498 0.058835652 -0.070868313 -0.015878236 0.995622396
1341846335.773960 -0.086974509 0.005781925 0.005202611 0.059275914 -0.070070043 -0.016468670 0.995643198
1341846335.806271 -0.087029375 0.007030124 0.003032751 0.057635307 -0.070593156 -0.016649459 0.995699525
1341846335.842031 -0.086495556 0.006016057 0.001815036 0.055218611 -0.070068777 -0.016227793 0.995880485
1341846335.873966 -0.086650133 0.005637500 -0.001002174 0.056148838 -0.068425395 -0.017176684 0.995926857
1341846335.910005 -0.087706044 0.007140648 -0.003525484 0.055962451 -0.067986250 -0.015442541 0.995995760
1341846335.941936 -0.088301480 0.007347507 -0.005339866 0.054860301 -0.069908045 -0.014249098 0.995941818
1341846335.974198 -0.087580159 0.007193237 -0.007702572 0.054701190 -0.070860252 -0.016400844 0.995850205
1341846336.010032 -0.088324584 0.007721080 -0.009798992 0.054693628 -0.070496477 -0.018029748 0.995848298
1341846336.042129 -0.089207850 0.007533616 -0.011179070 0.053677984 -0.071443088 -0.017918738 0.995838106
1341846336.078076 -0.089266196 0.006858331 -0.012950856 0.053400557 -0.073253974 -0.018591790 0.995709062
1341846336.110739 -0.088404559 0.007592198 -0.013902898 0.054155551 -0.073928624 -0.019592410 0.995599270
1341846336.142002 -0.090088122 0.007609439 -0.016673421 0.054020993 -0.073262811 -0.019085588 0.995665610
1341846336.183953 -0.090610825 0.008283277 -0.018245764 0.053759325 -0.075763226 -0.018175405 0.995509684
1341846336.210112 -0.089905180 0.008823377 -0.019312561 0.052203026 -0.077777125 -0.017637499 0.995446861
1341846336.241891 -0.089732222 0.008296737 -0.020778952 0.051491540 -0.076898798 -0.018416192 0.995538056
1341846336.277946 -0.091615707 0.007169285 -0.022022922 0.051584005 -0.076059848 -0.017065849 0.995621800
1341846336.309977 -0.091866232 0.007145307 -0.024672650 0.053861417 -0.078417122 -0.014360743 0.995360970
1341846336.346143 -0.091134273 0.008429584 -0.026719950 0.055799901 -0.080141902 -0.012406089 0.995143056
1341846336.377975 -0.090851627 0.008103687 -0.027387178 0.056558274 -0.080166429 -0.013394895 0.995085478
1341846336.410032 -0.091097392 0.008536566 -0.030236742 0.057555608 -0.079272807 -0.013165324 0.995102942
1341846336.446041 -0.091083221 0.009646158 -0.032831002 0.057565127 -0.079663455 -0.013774531 0.995062947
1341846336.477990 -0.091088429 0.009467469 -0.032412242 0.056335956 -0.079771429 -0.013650483 0.995126307
1341846336.510056 -0.091434941 0.008926959 -0.034466520 0.056385070 -0.079010434 -0.013300350 0.995189011
1341846336.546024 -0.091172904 0.008816317 -0.035500478 0.057258762 -0.079167590 -0.011322693 0.995151103
1341846336.578003 -0.091514871 0.010532492 -0.038099512 0.057251181 -0.079343863 -0.009756251 0.995154083
1341846336.614020 -0.090425730 0.010517739 -0.038786236 0.056495100 -0.079131708 -0.010032775 0.995211482
1341846336.645982 -0.091681063 0.011868579 -0.039762974 0.056022123 -0.077314883 -0.010946733 0.995371342
1341846336.678036 -0.093550071 0.010908009 -0.040569890 0.053733546 -0.078648254 -0.010594222 0.995396852
1341846336.714024 -0.094418027 0.009460243 -0.039641056 0.054824114 -0.080888115 -0.011010542 0.995153368
1341846336.746016 -0.094856523 0.009010149 -0.041428793 0.058310267 -0.082907304 -0.009200361 0.994807303
1341846336.778014 -0.094893083 0.010363665 -0.044964146 0.061040163 -0.086666152 -0.006185572 0.994346440
1341846336.820006 -0.094474718 0.011546627 -0.045455247 0.061419591 -0.090858079 -0.002847417 0.993963957
1341846336.845952 -0.093667299 0.010649339 -0.044288062 0.061930105 -0.092749767 -0.003734587 0.993754566
1341846336.882056 -0.095980085 0.011211939 -0.046629976 0.064248286 -0.092536606 -0.004981822 0.993621826
1341846336.914273 -0.101682372 0.010349812 -0.041364193 0.066474758 -0.096053965 -0.002977803 0.993149519
1341846336.945998 -0.096320219 0.008994252 -0.047566384 0.071392454 -0.103554420 -0.000673581 0.992058039
1341846336.981980 -0.096461222 0.013975701 -0.050734274 0.076093271 -0.107529394 -0.001519905 0.991284490
1341846337.014238 -0.094782613 0.015487385 -0.053212278 0.073220037 -0.110610925 -0.002950237 0.991158605
1341846337.046017 -0.094266020 0.014233218 -0.052320018 0.070645615 -0.112017952 -0.007154961 0.991165996
1341846337.082104 -0.095524393 0.014310105 -0.054298017 0.070404060 -0.111782126 -0.011224018 0.991172075
1341846337.114317 -0.096555665 0.013889482 -0.054133825 0.068420723 -0.113897979 -0.011256886 0.991069674
1341846337.150037 -0.094878279 0.014461476 -0.054872908 0.066967376 -0.116246410 -0.012400668 0.990882635
1341846337.181873 -0.093733110 0.014064261 -0.054325845 0.066619538 -0.116524123 -0.015484474 0.990830064
1341846337.214073 -0.094291382 0.015986055 -0.056026440 0.065097556 -0.114629872 -0.017506136 0.991118491
1341846337.250087 -0.097308792 0.013307993 -0.058196466 0.061499093 -0.114895873 -0.017630100 0.991315305
1341846337.282028 -0.097113781 0.012801517 -0.058915641 0.062077347 -0.118990883 -0.014503096 0.990846753
1341846337.317920 -0.094920494 0.013563162 -0.057456307 0.061805584 -0.121382385 -0.013251680 0.990591109
1341846337.350018 -0.094908319 0.014941043 -0.059811406 0.060626138 -0.120555490 -0.013487314 0.990761817
1341846337.382159 -0.093768261 0.012997609 -0.059672203 0.057564571 -0.120536767 -0.015640080 0.990915060
1341846337.417941 -0.095871121 0.011623506 -0.059490453 0.058031656 -0.119284652 -0.015917666 0.991034865
1341846337.450137 -0.096274078 0.014107082 -0.061745536 0.059160918 -0.120974489 -0.014642284 0.990782917
1341846337.482096 -0.095136039 0.013039578 -0.061624523 0.057201091 -0.121559963 -0.013906319 0.990836918
1341846337.518008 -0.095699400 0.011711076 -0.061792001 0.057874016 -0.121858172 -0.013866079 0.990761817
1341846337.549978 -0.095016859 0.014649265 -0.062863715 0.058977049 -0.122628234 -0.015280163 0.990580916
1341846337.585971 -0.094790593 0.013155382 -0.062193636 0.055886183 -0.123050533 -0.016465623 0.990688741
1341846337.617903 -0.095474929 0.010409886 -0.059681654 0.056532547 -0.123759456 -0.016001772 0.990571320
1341846337.650141 -0.094869487 0.012670783 -0.061652612 0.059536949 -0.124033533 -0.016506596 0.990352750
1341846337.686352 -0.094822161 0.013859635 -0.062095128 0.057998255 -0.123588316 -0.016584747 0.990498364
1341846337.718002 -0.094225414 0.013130462 -0.059609529 0.056086171 -0.123677731 -0.016291687 0.990602195
1341846337.749920 -0.093647145 0.013444075 -0.059113555 0.055969629 -0.121826343 -0.016904408 0.990827918
1341846337.786157 -0.093452625 0.015149384 -0.059664134 0.053294409 -0.118818372 -0.017278822 0.991334140
1341846337.817945 -0.093716882 0.013155319 -0.057379998 0.050396066 -0.116939940 -0.015742525 0.991734564
1341846337.854071 -0.092442185 0.015069142 -0.056520421 0.049896251 -0.114163816 -0.015850497 0.992081523
1341846337.885951 -0.092766248 0.016672552 -0.056620166 0.047393065 -0.111350603 -0.017805191 0.992490768
1341846337.918223 -0.092473619 0.016171454 -0.054915830 0.043327559 -0.110055357 -0.020562349 0.992767692
1341846337.954120 -0.092489049 0.015104928 -0.054262761 0.040744126 -0.108529590 -0.021665938 0.993021548
1341846337.985994 -0.092569232 0.017111283 -0.052030433 0.038750511 -0.107706934 -0.021337774 0.993198037
1341846338.018107 -0.092681013 0.015797945 -0.050401170 0.034860399 -0.105864123 -0.020714873 0.993553400
1341846338.054055 -0.092258729 0.017112413 -0.048955061 0.033072308 -0.104610994 -0.021185100 0.993737340
1341846338.085986 -0.091376260 0.016740607 -0.046845522 0.029579157 -0.101731621 -0.021696441 0.994135320
1341846338.121875 -0.092227131 0.015878679 -0.045110613 0.027580664 -0.099019490 -0.020609349 0.994489670
1341846338.154089 -0.093367159 0.015711607 -0.044616539 0.026392167 -0.098039493 -0.017537875 0.994677901
1341846338.186029 -0.093324617 0.016767284 -0.042836811 0.025267424 -0.098440021 -0.015201471 0.994705975
1341846338.222071 -0.091008671 0.017353160 -0.040787045 0.024308573 -0.098219506 -0.015434538 0.994748116
1341846338.254107 -0.091335796 0.016176840 -0.038811784 0.022109818 -0.096256025 -0.015354881 0.994992554
1341846338.290130 -0.091629632 0.015854232 -0.037655376 0.022377929 -0.096229091 -0.013680551 0.995013595
1341846338.321952 -0.091663375 0.016876601 -0.034723777 0.022835016 -0.095446736 -0.011541981 0.995105684
1341846338.354022 -0.091546334 0.016145727 -0.034523193 0.021746106 -0.094852634 -0.010867953 0.995194435
1341846338.389969 -0.091639712 0.017737335 -0.032169029 0.022021124 -0.093940385 -0.011123344 0.995272100
1341846338.422377 -0.092193879 0.017199365 -0.029684506 0.019913105 -0.093337186 -0.011097008 0.995373547
1341846338.454010 -0.092491396 0.017502286 -0.028216435 0.019059617 -0.093656123 -0.011912008 0.995350838
1341846338.489894 -0.092449538 0.016772119 -0.025518991 0.017014844 -0.094301835 -0.011442207 0.995332479
1341846338.522066 -0.091505125 0.016411558 -0.022548314 0.017693335 -0.094556645 -0.011378575 0.995297194
1341846338.558058 -0.092032649 0.018006250 -0.021731837 0.017733162 -0.094148166 -0.012817944 0.995317698
1341846338.589842 -0.091242708 0.017838120 -0.019755067 0.015522155 -0.094766803 -0.012855532 0.995295465
1341846338.622019 -0.090878300 0.016790977 -0.016792683 0.015800536 -0.094054811 -0.011561987 0.995374441
1341846338.657984 -0.092019267 0.018249216 -0.015857477 0.016603919 -0.093565159 -0.009936468 0.995425105
1341846338.690198 -0.090836592 0.018840343 -0.013366275 0.014677295 -0.094993465 -0.010209966 0.995317340
1341846338.722454 -0.089960054 0.017167764 -0.009642784 0.013548053 -0.094354138 -0.010115496 0.995395124
1341846338.757945 -0.091584362 0.018677544 -0.010120903 0.014257473 -0.093391970 -0.008983173 0.995486796
1341846338.790039 -0.091307342 0.019233208 -0.005920052 0.012116177 -0.095962256 -0.007712449 0.995281339
1341846338.826048 -0.090044789 0.017759327 -0.003248691 0.011908714 -0.095735706 -0.008629285 0.995298147
1341846338.858027 -0.090699412 0.019663144 -0.002537725 0.012601528 -0.093647182 -0.010071070 0.995474756
1341846338.889902 -0.090742998 0.019792903 -0.000573556 0.010253723 -0.094394684 -0.011149538 0.995419621
1341846338.925948 -0.089409918 0.018681517 0.003183156 0.009177557 -0.094684459 -0.012160372 0.995390773
1341846338.958108 -0.090033114 0.019294564 0.005716681 0.010075432 -0.092400528 -0.013578789 0.995578349
1341846338.990057 -0.089957252 0.018188985 0.006994192 0.010096337 -0.092168204 -0.013394511 0.995602190
1341846339.025928 -0.088519759 0.017334117 0.009335861 0.011579282 -0.092198730 -0.012487785 0.995594978
1341846339.057939 -0.088656768 0.018734565 0.010611582 0.015050824 -0.089763932 -0.012867403 0.995766163
1341846339.093927 -0.089731351 0.019290101 0.010620099 0.013938380 -0.089540079 -0.011850206 0.995815158
1341846339.126562 -0.087734737 0.019813994 0.012087231 0.010858108 -0.091437377 -0.012197575 0.995676875
1341846339.157969 -0.086963676 0.019241121 0.015640078 0.008201545 -0.089169808 -0.014305024 0.995879889
1341846339.194113 -0.089134194 0.020798987 0.016018448 0.007208794 -0.086877480 -0.014377262 0.996089160
1341846339.228165 -0.087939501 0.021271084 0.018055625 0.003828197 -0.089362495 -0.012106321 0.995918214
1341846339.257998 -0.086857319 0.020493431 0.023153860 0.000537958 -0.089321844 -0.010955059 0.995942414
1341846339.294132 -0.087104075 0.021591330 0.024401147 0.000858485 -0.086584583 -0.010474030 0.996189058
1341846339.326577 -0.088156827 0.022101717 0.024444714 -0.002718481 -0.087529451 -0.007176288 0.996132374
1341846339.362269 -0.085963368 0.022206392 0.028608171 -0.007476594 -0.091157123 -0.008534695 0.995771885
1341846339.394725 -0.085665450 0.022311384 0.030212631 -0.008040330 -0.089251496 -0.009956746 0.995926917
1341846339.426160 -0.086576171 0.022272820 0.029554376 -0.010213529 -0.088388160 -0.008941856 0.995993614
1341846339.462186 -0.085179977 0.022354715 0.035320640 -0.011659291 -0.090269268 -0.009302544 0.995805681
1341846339.496743 -0.083649941 0.021846525 0.036831185 -0.008526643 -0.087316148 -0.012171001 0.996069849
1341846339.530143 -0.084888533 0.022638423 0.038219199 -0.007413798 -0.082849033 -0.012076267 0.996461332
1341846339.562052 -0.084505051 0.021683287 0.040495552 -0.007135685 -0.083581336 -0.010539961 0.996419668
1341846339.595122 -0.082579993 0.020793797 0.041631434 -0.005808784 -0.083906479 -0.010344612 0.996402979
1341846339.632085 -0.082480781 0.021174921 0.043461882 -0.003978227 -0.080056272 -0.012487665 0.996704161
1341846339.664568 -0.082834676 0.021088501 0.044411652 -0.003732681 -0.077042758 -0.014016601 0.996922255
1341846339.698896 -0.083258957 0.020999704 0.046858810 -0.003514059 -0.075735621 -0.015173128 0.997006297
1341846339.731977 -0.082537487 0.020482980 0.048379235 -0.003323942 -0.075738847 -0.016750867 0.996981442
1341846339.762241 -0.081348523 0.019916182 0.050553504 -0.003291874 -0.075010933 -0.017481208 0.997024000
1341846339.797873 -0.081937701 0.019747702 0.052258004 -0.003303955 -0.074459776 -0.015916396 0.997091532
1341846339.830245 -0.081069827 0.019610066 0.054074973 -0.003456319 -0.075217426 -0.015940586 0.997033775
1341846339.862015 -0.080742255 0.019874774 0.054572310 -0.004041670 -0.075214103 -0.015598443 0.997037172
1341846339.897797 -0.079727687 0.019326819 0.056924678 -0.005085419 -0.074596010 -0.016051035 0.997071683
1341846339.929916 -0.079903990 0.018368276 0.058825310 -0.005706612 -0.073187135 -0.014830915 0.997191608
1341846339.961960 -0.079739094 0.017897772 0.060196552 -0.004762677 -0.073801056 -0.014046295 0.997162700
1341846339.997845 -0.078309864 0.017679248 0.060671989 -0.003633765 -0.073504888 -0.013536246 0.997196376
1341846340.029925 -0.077973135 0.017802009 0.063531011 -0.002380639 -0.071359769 -0.012322428 0.997371674
1341846340.066044 -0.077807590 0.017219352 0.063813120 -0.000922603 -0.070158578 -0.010624837 0.997478843
1341846340.098009 -0.077498063 0.017700998 0.064038381 0.000288020 -0.069406882 -0.010117892 0.997537076
1341846340.130102 -0.077036433 0.017531538 0.065524697 -0.000455646 -0.069892518 -0.010317659 0.997501075
1341846340.166041 -0.076151155 0.016851621 0.068404667 0.000525637 -0.068220980 -0.012178659 0.997595787
1341846340.197867 -0.076994337 0.017562242 0.068004653 0.001986430 -0.064787015 -0.013186699 0.997810006
1341846340.229904 -0.077237956 0.018138094 0.070156910 0.001053456 -0.064916238 -0.013449864 0.997799516
1341846340.265859 -0.076468654 0.016989939 0.072406568 0.000249394 -0.064285904 -0.014509981 0.997825980
1341846340.298061 -0.076219290 0.017365055 0.073542438 0.002453506 -0.062152136 -0.013556849 0.997971594
1341846340.334063 -0.076991543 0.018938525 0.074806005 0.002355626 -0.062277332 -0.012258769 0.997980833
1341846340.366064 -0.075961083 0.017408269 0.076547988 -0.000312002 -0.064988002 -0.012144536 0.997812092
1341846340.397995 -0.074973948 0.016697507 0.077113293 0.001329497 -0.064911783 -0.012414432 0.997812867
1341846340.433895 -0.075299218 0.017328283 0.078382656 0.002272227 -0.064872697 -0.012150523 0.997816980
1341846340.465959 -0.075659797 0.017352302 0.079078592 0.002572098 -0.066986419 -0.010118287 0.997699261
1341846340.501858 -0.073897213 0.016669421 0.078895561 0.002873594 -0.071171634 -0.009972245 0.997410059
1341846340.534329 -0.073389105 0.017320720 0.078613311 0.003712325 -0.072351605 -0.010178315 0.997320354
1341846340.566041 -0.072965786 0.016166601 0.079041019 0.004295724 -0.073276944 -0.009373243 0.997258365
1341846340.601909 -0.071517110 0.016610352 0.078505613 0.007190316 -0.074399136 -0.008689400 0.997164726
1341846340.634005 -0.070666209 0.017249836 0.078088716 0.008366542 -0.075117357 -0.009895409 0.997090518
1341846340.666028 -0.069599152 0.016372429 0.077478573 0.007714136 -0.075161025 -0.011552084 0.997074664
1341846340.701946 -0.068764701 0.016070602 0.076696485 0.009573311 -0.074113794 -0.013509334 0.997112334
1341846340.733954 -0.069031619 0.017139334 0.076881684 0.011510964 -0.072111912 -0.015146811 0.997215092
1341846340.770081 -0.068395391 0.016956281 0.076897621 0.010874311 -0.071931824 -0.017443992 0.997197688
1341846340.801980 -0.067461975 0.016462952 0.076231331 0.011017256 -0.071289897 -0.022647008 0.997137666
1341846340.833999 -0.067649826 0.017312711 0.075763270 0.011726778 -0.068628713 -0.026804067 0.997213185
1341846340.870013 -0.068356790 0.017224934 0.075783275 0.010472561 -0.068241462 -0.028870765 0.997196019
1341846340.901955 -0.067991816 0.016755307 0.075554743 0.011183099 -0.068665668 -0.029103724 0.997152388
1341846340.933918 -0.067923032 0.016791906 0.075480267 0.013006296 -0.069152899 -0.027081817 0.997153580
1341846340.970122 -0.068733759 0.017291890 0.075672686 0.014310673 -0.071704514 -0.022845101 0.997061551
1341846341.001922 -0.068000518 0.016408730 0.074321374 0.014521501 -0.075987659 -0.017284401 0.996853173
1341846341.037923 -0.067651182 0.016996514 0.073672667 0.015701668 -0.078921661 -0.014114906 0.996657193
1341846341.070300 -0.067784570 0.016432922 0.073139727 0.015731327 -0.079554722 -0.013955231 0.996608675
1341846341.102028 -0.068145074 0.016883815 0.073001459 0.015871748 -0.080763318 -0.013608933 0.996514022
1341846341.137982 -0.067638360 0.016153386 0.071640201 0.015519037 -0.082804978 -0.013524680 0.996353149
1341846341.170048 -0.067204215 0.016000921 0.072078027 0.015999364 -0.083405666 -0.012492714 0.996308923
1341846341.202110 -0.066998079 0.015897341 0.071062028 0.017241782 -0.083875395 -0.010088809 0.996275961
1341846341.237996 -0.066917047 0.015870346 0.071021602 0.019012660 -0.083630249 -0.009113383 0.996273816
1341846341.269883 -0.067428723 0.015951199 0.070587881 0.019922435 -0.082951419 -0.008546270 0.996317804
1341846341.306107 -0.067208581 0.016060155 0.070378654 0.020786930 -0.083621472 -0.009771137 0.996232867
1341846341.338109 -0.067223698 0.015885599 0.069686748 0.021662226 -0.083115563 -0.011649976 0.996236324
1341846341.370120 -0.066636361 0.015872382 0.069738396 0.022409584 -0.082315773 -0.013658592 0.996260703
1341846341.406074 -0.067736447 0.015831826 0.069335490 0.022543814 -0.081290990 -0.014768562 0.996325970
1341846341.438113 -0.067953311 0.014650268 0.068782970 0.023003682 -0.083073877 -0.014727381 0.996168971
1341846341.470024 -0.067409895 0.014777686 0.067840211 0.025951179 -0.083384305 -0.016308265 0.996046007
1341846341.506077 -0.067943931 0.016598051 0.067746960 0.026882263 -0.082287923 -0.017525798 0.996091783
1341846341.538156 -0.068562157 0.015824880 0.067673892 0.025476737 -0.083637677 -0.017573569 0.996015489
1341846341.574016 -0.068202808 0.015852381 0.067959532 0.026302977 -0.086260535 -0.016213180 0.995793343
1341846341.612466 -0.068344429 0.016486816 0.067272216 0.027129887 -0.086769111 -0.015613240 0.995736539
1341846341.643972 -0.068397790 0.016692629 0.066244178 0.026265010 -0.087874167 -0.017405104 0.995633125
1341846341.679982 -0.069146492 0.016262999 0.066253006 0.025793055 -0.088987499 -0.017267089 0.995549023
1341846341.712332 -0.069623351 0.016899273 0.066118591 0.026527759 -0.090872534 -0.014231694 0.995407462
1341846341.744185 -0.069284618 0.016525492 0.066024564 0.026540892 -0.093090132 -0.012005555 0.995231450
1341846341.780061 -0.069214366 0.016509073 0.066138461 0.026785426 -0.093960293 -0.010304185 0.995162189
1341846341.812163 -0.068808645 0.015597608 0.065564573 0.026447723 -0.094774581 -0.008388504 0.995112002
1341846341.842595 -0.068453565 0.014961401 0.065868057 0.027934756 -0.095319517 -0.004888980 0.995042682
1341846341.875779 -0.068178594 0.015451295 0.064015225 0.029578295 -0.095509432 -0.001597638 0.994987726
1341846341.906227 -0.068206884 0.014748998 0.064060181 0.030895477 -0.096042864 0.000264998 0.994897604
1341846341.942069 -0.067386359 0.013575107 0.062877201 0.033458803 -0.096489824 0.002766065 0.994767606
1341846341.974775 -0.067315690 0.013711959 0.062938251 0.036747877 -0.096715830 0.004114378 0.994624913
1341846342.010161 -0.068043739 0.014138901 0.062041450 0.037589274 -0.097520933 0.005735598 0.994506836
1341846342.042024 -0.066599973 0.012670534 0.061945621 0.038344160 -0.099095769 0.006849665 0.994315267
1341846342.080032 -0.066106662 0.013895106 0.062260777 0.041342732 -0.097071946 0.006896991 0.994394422
1341846342.112265 -0.067100793 0.013058424 0.061008018 0.040986273 -0.095762253 0.008468401 0.994524002
1341846342.147954 -0.066802487 0.011879661 0.060829870 0.042650778 -0.097068347 0.010389593 0.994309187
1341846342.179852 -0.065683804 0.012116878 0.060136896 0.045557234 -0.097279929 0.012570716 0.994134367
1341846342.211848 -0.065660112 0.012417560 0.060169831 0.046247099 -0.096716799 0.012720202 0.994155526
1341846342.247920 -0.065855518 0.012024195 0.060473736 0.047469642 -0.096395612 0.011476738 0.994144261
1341846342.279870 -0.065671295 0.012237512 0.060758412 0.049222689 -0.095979989 0.011672342 0.994096935
1341846342.316068 -0.065388910 0.012190353 0.060006332 0.050178021 -0.095950864 0.012794657 0.994038165
1341846342.347894 -0.065116204 0.012528293 0.059916604 0.050787490 -0.096023895 0.012825506 0.993999779
1341846342.379953 -0.065299839 0.012218780 0.058925692 0.050906971 -0.095096834 0.012348584 0.994088829
1341846342.416195 -0.065504737 0.012587420 0.059219215 0.051657781 -0.094879046 0.013388450 0.994057477
1341846342.447907 -0.065649092 0.012960450 0.059258640 0.051888485 -0.095623188 0.014284349 0.993961692
