1341846314.961937 0.015777677 -0.001723948 -0.019204929 0.006918931 0.017157672 0.014649593 0.999721527
1341846314.994564 0.015171100 -0.006749470 -0.018591760 0.001802342 0.018978907 0.011507531 0.999752045
1341846315.029900 0.039738305 -0.017766913 -0.021871343 -0.004272555 0.012555732 0.005483188 0.999897003
1341846315.061965 0.019027127 -0.003646498 -0.017611977 0.001935944 0.023518477 0.013676968 0.999627948
1341846315.094388 0.038128532 -0.019213291 -0.021114020 -0.004862742 0.015926192 0.004955815 0.999849081
1341846315.129851 0.041530546 -0.024053797 -0.023861131 -0.005078653 0.015216283 0.001288862 0.999870479
1341846315.161941 0.052112095 -0.020970302 -0.033274826 -0.006935050 0.011120383 0.004335636 0.999904692
1341846315.197984 0.022248235 -0.001617217 -0.018913822 -0.004147145 0.020633383 0.012020357 0.999706268
1341846315.230076 0.027851282 -0.004293980 -0.022033311 -0.008650532 0.017744301 0.005866867 0.999787927
1341846315.262069 0.023242896 -0.001429039 -0.017500423 -0.010192841 0.017012248 0.009855062 0.999754727
1341846315.298000 0.018412221 -0.001226970 -0.010502557 -0.011500353 0.015904414 0.010791653 0.999749124
1341846315.329931 0.026308835 -0.006827693 -0.014015662 -0.011734815 0.010868168 0.013683131 0.999778450
1341846315.361981 0.045721404 -0.011354964 -0.014647694 -0.007939352 0.002617374 0.014895783 0.999854088
1341846315.397962 0.044818610 -0.012132267 -0.013279792 -0.005479619 0.003744083 0.017620075 0.999822736
1341846315.429923 0.037465587 -0.030218858 -0.019204514 -0.010516959 0.011045618 0.008346269 0.999848843
1341846315.466047 0.037669517 -0.031482339 -0.021764209 -0.010302605 0.015433633 0.008014421 0.999795675
1341846315.497883 0.044020779 -0.028525127 -0.023545166 -0.010249738 0.015727136 0.012733219 0.999742687
1341846315.530008 0.043663643 -0.029221822 -0.021846065 -0.010478710 0.017508456 0.013455906 0.999701262
1341846315.566108 0.052053288 -0.027301647 -0.025185848 -0.010905161 0.015143188 0.017669035 0.999669731
1341846315.597986 0.053879835 -0.028177748 -0.022718780 -0.011413421 0.015946180 0.016984217 0.999663472
1341846315.630109 0.036763418 -0.003373600 -0.015670201 -0.001189274 0.020713681 0.031097533 0.999301016
1341846315.666042 0.041004639 -0.003865354 -0.021335065 -0.002696674 0.020714020 0.029559340 0.999344707
1341846315.698114 0.055012535 -0.030540617 -0.036007661 -0.017765379 0.022871966 0.007443123 0.999552846
1341846315.733985 0.033436414 -0.002956531 -0.013843974 -0.009259065 0.030176355 0.028227884 0.999103069
1341846315.766041 0.031801645 -0.002188572 -0.015822429 -0.008546550 0.028138744 0.030282577 0.999108672
1341846315.798188 0.030862717 -0.004013832 -0.012967610 -0.010408623 0.028169157 0.028769521 0.999134839
1341846315.834140 0.027192092 -0.004524700 -0.009163684 -0.009022788 0.031816248 0.027174743 0.999083519
1341846315.866751 0.031010188 -0.007865309 -0.014561599 -0.008722348 0.031490799 0.027901018 0.999076486
1341846315.898492 0.028823715 -0.007291022 -0.013413415 -0.007204186 0.032736801 0.028693603 0.999026060
1341846315.936901 0.030344788 -0.009156950 -0.015767086 -0.005333117 0.033816073 0.026758090 0.999055564
1341846315.966572 0.022393890 -0.006869361 -0.012231814 -0.000890077 0.038300041 0.027755335 0.998880386
1341846316.002119 0.024224486 -0.002489744 -0.015107682 0.002971714 0.036650755 0.028108720 0.998928368
1341846316.034204 0.019349221 -0.003804761 -0.011531701 0.004237535 0.038333237 0.028569259 0.998847544
1341846316.066113 0.014815502 -0.001618242 -0.009342738 0.007728549 0.039884292 0.029863309 0.998728037
1341846316.101867 0.024161747 -0.005078578 -0.016845815 0.007517328 0.035374653 0.024014991 0.999057233
1341846316.134066 0.021016130 -0.004858941 -0.014819233 0.006742855 0.033040203 0.022959657 0.999167502
1341846316.169952 0.019501498 -0.002220369 -0.011439611 0.008327071 0.030634748 0.022161860 0.999250233
1341846316.202049 0.019332461 -0.006556801 -0.015604888 0.006785393 0.028531073 0.017291525 0.999420285
1341846316.233979 0.019478733 -0.003417643 -0.016932815 0.008885304 0.026877334 0.016010093 0.999471009
1341846316.270052 0.018288290 -0.004381833 -0.017877605 0.007080333 0.027825067 0.013977296 0.999490023
1341846316.301915 0.017409282 -0.007744443 -0.017079353 0.005982488 0.028929217 0.011148358 0.999501407
1341846316.334208 0.013475698 -0.001864137 -0.014846598 0.010364228 0.029046329 0.015339827 0.999406636
1341846316.370006 0.014553161 -0.004053018 -0.014600337 0.011420514 0.026312578 0.017096743 0.999442339
1341846316.401994 0.008917016 -0.001732593 -0.015557205 0.013873417 0.027848447 0.019394901 0.999327719
1341846316.438069 0.010720600 -0.008732828 -0.017593192 0.012899800 0.026847195 0.017174985 0.999408722
1341846316.470076 0.005648714 -0.006015466 -0.014694426 0.018468918 0.027757321 0.022090595 0.999199927
1341846316.502034 0.006621727 0.004129325 -0.019185552 0.024028614 0.023781175 0.027265279 0.999056399
1341846316.537975 0.003788974 -0.001077564 -0.018853163 0.019571785 0.021725759 0.025942817 0.999235690
1341846316.570121 -0.002260585 -0.001201520 -0.010845909 0.019998834 0.023783715 0.023878386 0.999231815
1341846316.601885 0.001658612 -0.009011729 -0.019900668 0.018438110 0.021476394 0.016243475 0.999467313
1341846316.638009 -0.003624066 -0.010498305 -0.018710330 0.020341555 0.021856854 0.018207245 0.999388337
1341846316.669925 -0.007041284 -0.009965286 -0.016001826 0.023095991 0.022048950 0.019534606 0.999299169
1341846316.705941 -0.007199580 -0.012678517 -0.020282973 0.025817366 0.021467129 0.018774835 0.999259830
1341846316.738062 -0.011535339 -0.006528511 -0.019520743 0.030831622 0.022152595 0.022197666 0.999032497
1341846316.770433 -0.014767094 -0.007563421 -0.019853294 0.029482249 0.022241548 0.024186477 0.999025106
1341846316.805932 -0.021742733 -0.008670663 -0.015493046 0.029695285 0.024709124 0.023337211 0.998980999
1341846316.838029 -0.007660708 -0.008611584 -0.020893861 0.030880075 0.017480390 0.020928821 0.999151051
1341846316.870034 -0.013984081 -0.010820618 -0.015810041 0.030864870 0.016127855 0.022857966 0.999132037
1341846316.906344 -0.013254014 -0.009485373 -0.017678412 0.032309510 0.012118705 0.023494693 0.999128222
1341846316.937940 -0.010395626 -0.009029262 -0.022350656 0.031885184 0.009195349 0.020270640 0.999243677
1341846316.973994 -0.018396627 -0.005343299 -0.020046730 0.032799471 0.010427331 0.019633699 0.999214709
1341846317.005913 -0.025023548 -0.006446075 -0.017756939 0.031544078 0.010084444 0.020908192 0.999232769
1341846317.037936 -0.016047530 -0.010404559 -0.021503305 0.029882876 0.003239928 0.019037627 0.999366820
1341846317.073972 -0.019279912 -0.012184143 -0.021572648 0.030259484 0.002367427 0.019307403 0.999352753
1341846317.106113 -0.028012455 -0.014152219 -0.019522348 0.031693410 0.004149213 0.022911031 0.999226391
1341846317.137887 -0.034794867 -0.015403341 -0.019276079 0.034440663 0.001277217 0.027739337 0.999020875
1341846317.173970 -0.026535878 -0.010279698 -0.023407590 0.036994185 -0.010737315 0.028897906 0.998839855
1341846317.205887 -0.025571551 -0.010988642 -0.024242636 0.036446057 -0.014923764 0.030488944 0.998758912
1341846317.248131 -0.030624865 -0.009026802 -0.019893866 0.038896885 -0.016003134 0.033103433 0.998566508
1341846317.273950 -0.035346013 -0.007803581 -0.018770479 0.040722571 -0.018748159 0.035116792 0.998377144
1341846317.306289 -0.034148466 -0.007843534 -0.020208225 0.040632810 -0.021932095 0.037369929 0.998234153
1341846317.348137 -0.033472978 -0.010140624 -0.020651223 0.040689055 -0.021921080 0.040259019 0.998119771
1341846317.373974 -0.036227979 -0.008481684 -0.020139502 0.042623397 -0.020118337 0.041089561 0.998043180
1341846317.410120 -0.038341992 -0.007992440 -0.019697469 0.042982556 -0.020985968 0.043798808 0.997894645
1341846317.442569 -0.041320343 -0.013508380 -0.017995231 0.043346953 -0.020015277 0.046881236 0.997758806
1341846317.474010 -0.046082530 -0.011324108 -0.015425366 0.049851321 -0.017944546 0.050030671 0.997341394
1341846317.509927 -0.036669452 -0.009207677 -0.021515293 0.052659821 -0.024384301 0.052325863 0.996942520
1341846317.542282 -0.036497783 -0.008209654 -0.022538798 0.052271146 -0.027822411 0.054075431 0.996779561
1341846317.573943 -0.037152734 -0.010422649 -0.020601990 0.051071383 -0.027030114 0.052522350 0.996946573
1341846317.610159 -0.044016354 -0.013742667 -0.019114250 0.052630194 -0.022540106 0.053295579 0.996936083
1341846317.643553 -0.043697331 -0.010128131 -0.022146259 0.056094959 -0.024114512 0.055373702 0.996596992
1341846317.677993 -0.048832413 -0.011066997 -0.020811819 0.056508951 -0.025726007 0.058173589 0.996373832
1341846317.709996 -0.048955824 -0.010682466 -0.019799434 0.059341189 -0.028833969 0.058541585 0.996102452
1341846317.741834 -0.046905451 -0.008757759 -0.022607883 0.060012557 -0.031101733 0.057833441 0.996035397
1341846317.777923 -0.050609909 -0.008639268 -0.019515317 0.058700785 -0.031340010 0.057748914 0.996110976
1341846317.810021 -0.055617109 -0.009555087 -0.017723236 0.058203354 -0.031156326 0.055719640 0.996261477
1341846317.841886 -0.058830876 -0.005573011 -0.017537363 0.059484251 -0.031592291 0.054502811 0.996239424
1341846317.878017 -0.055757653 -0.008344376 -0.021894820 0.055606391 -0.033998139 0.050702445 0.996584833
1341846317.909910 -0.058169991 -0.010169432 -0.020350656 0.054242056 -0.032251406 0.046202995 0.996936798
1341846317.946031 -0.064629458 -0.010100791 -0.016762445 0.055842306 -0.028896812 0.046814147 0.996922791
1341846317.978041 -0.067707412 -0.011311840 -0.017745206 0.057465557 -0.029664598 0.048647802 0.996720195
1341846318.009897 -0.058890764 -0.009778909 -0.021975633 0.059953917 -0.033675428 0.045560639 0.996592045
1341846318.045949 -0.061861351 -0.006582488 -0.022705594 0.061531134 -0.032204229 0.045274079 0.996557593
1341846318.078074 -0.067389920 -0.007707900 -0.021806270 0.060593963 -0.031896275 0.044164911 0.996674716
1341846318.109894 -0.071524315 -0.006519543 -0.020673906 0.060916558 -0.034889657 0.042367116 0.996632814
1341846318.145957 -0.072266109 -0.006891637 -0.021071829 0.060187072 -0.037230488 0.039709140 0.996701837
1341846318.178001 -0.075121559 -0.008771780 -0.019257186 0.059314352 -0.036266755 0.036772553 0.996902347
1341846318.214074 -0.070389420 -0.010832944 -0.023111489 0.058612823 -0.040004350 0.033768274 0.996907175
1341846318.245970 -0.077889405 -0.014005111 -0.023253467 0.060198072 -0.042751808 0.034619097 0.996669471
1341846318.278018 -0.079405114 -0.012687866 -0.022101585 0.064652756 -0.047738507 0.035068315 0.996148229
1341846318.313937 -0.085752703 -0.011467784 -0.021992689 0.067059539 -0.051646776 0.035613306 0.995774746
1341846318.345989 -0.083937228 -0.010414816 -0.023490854 0.068876915 -0.062157165 0.034785476 0.995079100
1341846318.382046 -0.088799886 -0.011009282 -0.019042984 0.071176060 -0.067877233 0.034193724 0.994563937
1341846318.414072 -0.092094630 -0.013905647 -0.023655284 0.071088634 -0.073296167 0.034713700 0.994167507
1341846318.446035 -0.083199270 -0.012287734 -0.024996791 0.073675245 -0.084085323 0.033679564 0.993160248
1341846318.482196 -0.085128419 -0.010287234 -0.026391061 0.075730994 -0.085895807 0.033781394 0.992847204
1341846318.514144 -0.088581711 -0.008650317 -0.025492720 0.076352820 -0.086256124 0.034508117 0.992743313
1341846318.546259 -0.091228262 -0.011204338 -0.027155710 0.076687664 -0.087021813 0.034571566 0.992648482
1341846318.582042 -0.094281256 -0.009647470 -0.028357834 0.078686506 -0.086167209 0.034201130 0.992579401
1341846318.614115 -0.092700385 -0.011237419 -0.028932506 0.077953801 -0.088037744 0.034041926 0.992478549
1341846318.650038 -0.095324025 -0.011577187 -0.029658981 0.077579416 -0.088370189 0.031319704 0.992568016
1341846318.682350 -0.099560015 -0.010678171 -0.029857054 0.077767529 -0.087520584 0.029663403 0.992679417
1341846318.714063 -0.103621982 -0.011464081 -0.030189706 0.077066526 -0.087379567 0.028800908 0.992771924
1341846318.749905 -0.105043419 -0.012446965 -0.027068732 0.077654116 -0.087491892 0.029944004 0.992682397
1341846318.782036 -0.109685183 -0.011297051 -0.029687218 0.079652779 -0.086971931 0.032148790 0.992500722
1341846318.814121 -0.114538617 -0.009319929 -0.025732404 0.081010610 -0.090948269 0.030597281 0.992083430
1341846318.850072 -0.114895262 -0.012845367 -0.030758487 0.079510711 -0.097410478 0.028528811 0.991652787
1341846318.883516 -0.117011301 -0.014419713 -0.034894284 0.081379123 -0.104484566 0.028174281 0.990790904
1341846318.918047 -0.123016790 -0.010442397 -0.032375947 0.086523406 -0.112510562 0.026251955 0.989528120
1341846318.950044 -0.133899599 -0.010948176 -0.023843938 0.089195319 -0.120345727 0.025327276 0.988392472
1341846318.982028 -0.132813752 -0.007659911 -0.023152538 0.092539050 -0.125430435 0.022591850 0.987518787
1341846319.018123 -0.138080031 -0.008646113 -0.029574204 0.091229044 -0.129332408 0.021624811 0.987158954
1341846319.050745 -0.125148654 -0.016046561 -0.037760720 0.088615052 -0.141192630 0.019034518 0.985824347
1341846319.081905 -0.122029945 -0.012687163 -0.036494102 0.095739149 -0.143208876 0.017631257 0.984893084
1341846319.117976 -0.128807545 -0.011651897 -0.040125679 0.097887792 -0.140126094 0.022622850 0.985023260
1341846319.150093 -0.133067623 -0.013705047 -0.039744716 0.098513760 -0.143549249 0.030016797 0.984270096
1341846319.186069 -0.128839150 -0.007545508 -0.038771853 0.102128878 -0.146832362 0.031877432 0.983358383
1341846319.218149 -0.124161854 -0.001609270 -0.032623015 0.101733416 -0.145198449 0.030171594 0.983695745
1341846319.250034 -0.130321771 -0.006433170 -0.036509674 0.093287207 -0.136638343 0.027763680 0.985827863
1341846319.286594 -0.135966718 -0.012572703 -0.038534500 0.089085653 -0.131873101 0.030983511 0.986769080
1341846319.318034 -0.139311507 -0.015269057 -0.040611062 0.088399686 -0.130359948 0.034737755 0.986906826
1341846319.350268 -0.151612476 -0.005140984 -0.022241639 0.094352581 -0.125515074 0.043298081 0.986645222
1341846319.386163 -0.144441113 -0.007951127 -0.029718336 0.094119631 -0.130895302 0.049478680 0.985677302
1341846319.418386 -0.135204300 -0.009943412 -0.039650466 0.093578115 -0.138840318 0.049978264 0.984616041
1341846319.453961 -0.130021781 -0.008974745 -0.033743739 0.094006911 -0.147458926 0.046301324 0.983501256
1341846319.486271 -0.135111526 -0.010240113 -0.034995090 0.093003638 -0.146616995 0.045304310 0.983768940
1341846319.518456 -0.140403301 -0.009114689 -0.043136101 0.090214126 -0.147786528 0.045998137 0.983821511
1341846319.554083 -0.139259979 -0.009563482 -0.030658692 0.088427447 -0.152713671 0.043966793 0.983323991
1341846319.586296 -0.145959795 -0.014856720 -0.034269337 0.087589100 -0.150120407 0.039387260 0.983992219
1341846319.622031 -0.140960574 -0.009344198 -0.039114609 0.087354578 -0.154750496 0.036313392 0.983413815
1341846319.653962 -0.147293761 -0.011953275 -0.032290749 0.086697511 -0.158691719 0.033984132 0.982927024
1341846319.686352 -0.147714034 -0.009817144 -0.029311365 0.089132018 -0.163151130 0.035822876 0.981913388
1341846319.721992 -0.146902680 -0.008538510 -0.034562387 0.089637272 -0.167321667 0.037267450 0.981111467
1341846319.754063 -0.147070915 -0.005770402 -0.037071057 0.087512195 -0.169200137 0.036855321 0.980996728
1341846319.786397 -0.149936125 -0.006138072 -0.031122541 0.082542412 -0.169781223 0.040564857 0.981180727
1341846319.822008 -0.153353363 -0.006190011 -0.034827065 0.078869723 -0.169233888 0.044173453 0.981421471
1341846319.853917 -0.155668929 -0.004242214 -0.030672617 0.074735060 -0.170245185 0.047516309 0.981414020
1341846319.889942 -0.156920195 -0.009111424 -0.030250831 0.069641247 -0.170674518 0.052482739 0.981461108
1341846319.922039 -0.159132078 -0.011244062 -0.035570718 0.068192720 -0.174093187 0.054717995 0.980840087
1341846319.953946 -0.157771975 -0.011465636 -0.030908767 0.069249511 -0.181043655 0.051394846 0.979686856
1341846319.990054 -0.157644600 -0.010900083 -0.031039795 0.072412722 -0.184060633 0.044590175 0.979229212
1341846320.028122 -0.159545213 -0.010733675 -0.032412685 0.074586391 -0.187316984 0.043443993 0.978499770
1341846320.054177 -0.158810481 -0.010378969 -0.030058499 0.077915102 -0.193187475 0.044500254 0.977050424
1341846320.090047 -0.153748259 -0.008159103 -0.027838107 0.080551557 -0.196626455 0.044232663 0.976162374
1341846320.122011 -0.151446193 -0.007795336 -0.027274566 0.081200093 -0.194813341 0.045162927 0.976429522
1341846320.157952 -0.147830293 -0.009053069 -0.028033484 0.080983333 -0.192965567 0.046019491 0.976774395
1341846320.190003 -0.143829346 -0.012343623 -0.026330486 0.082909681 -0.190781057 0.044556379 0.977109671
1341846320.221941 -0.143476620 -0.010286524 -0.023472404 0.087889694 -0.187370181 0.045175835 0.977305949
1341846320.258015 -0.140086114 -0.012329310 -0.032958928 0.090155341 -0.186508939 0.048753154 0.977092385
1341846320.289887 -0.138666779 -0.014240142 -0.027058616 0.094987497 -0.188085422 0.050108451 0.976263523
1341846320.321954 -0.135216385 -0.013687796 -0.028643351 0.104106657 -0.189439118 0.047300197 0.975211442
1341846320.357890 -0.129244015 -0.012645649 -0.032015126 0.109137572 -0.190211147 0.049567785 0.974398136
1341846320.390064 -0.125381216 -0.011276130 -0.028610727 0.111317895 -0.187938228 0.050458845 0.974546790
1341846320.426544 -0.122185230 -0.016545989 -0.030604802 0.112833500 -0.180183142 0.046890490 0.976014256
1341846320.458122 -0.125318989 -0.012541678 -0.026565028 0.115626797 -0.171551809 0.045233645 0.977319956
1341846320.490186 -0.119292751 -0.015182624 -0.021092545 0.118152283 -0.167055875 0.047030862 0.977711856
1341846320.525911 -0.113917619 -0.013636679 -0.027652754 0.122063078 -0.159377947 0.044062603 0.978650987
1341846320.558091 -0.111592688 -0.012011526 -0.027397130 0.124152415 -0.155698627 0.040031847 0.979153454
1341846320.594093 -0.104795106 -0.014041379 -0.020709667 0.125562459 -0.153006673 0.035919361 0.979557455
1341846320.631955 -0.104819715 -0.012247217 -0.021723511 0.128752798 -0.144467980 0.034721062 0.980482638
1341846320.664916 -0.109250255 -0.011985618 -0.029725738 0.128365159 -0.138748482 0.034595452 0.981363535
1341846320.699927 -0.105967700 -0.014191088 -0.025466371 0.128340289 -0.136784151 0.032966100 0.981698573
1341846320.731822 -0.106237613 -0.012724305 -0.022638502 0.131116182 -0.130185291 0.032421622 0.982246995
1341846320.763877 -0.114083633 -0.004913169 -0.032174066 0.130651250 -0.124565512 0.033313747 0.983007550
1341846320.799999 -0.108431697 -0.013639060 -0.033152901 0.120812751 -0.127586871 0.027481096 0.984058261
1341846320.831871 -0.081364430 -0.012649284 -0.009293163 0.124671668 -0.128516153 0.023205331 0.983565986
1341846320.863887 -0.098756954 -0.007591582 -0.030182373 0.123650037 -0.109278999 0.023571255 0.986008704
1341846320.900014 -0.096268021 -0.014471971 -0.032279789 0.114329159 -0.114176109 0.027000502 0.986490548
1341846320.931889 -0.084919870 -0.018182443 -0.029398471 0.114452183 -0.117189817 0.025724590 0.986156940
1341846320.967866 -0.087295577 -0.010454710 -0.032987062 0.116413534 -0.110596426 0.022946896 0.986757219
1341846321.000017 -0.087408774 -0.012659449 -0.031733721 0.109927848 -0.109736912 0.020589424 0.987648606
1341846321.031860 -0.080444857 -0.015320632 -0.029349122 0.107192561 -0.110881537 0.018722866 0.987858534
1341846321.068047 -0.078847155 -0.011915784 -0.027292488 0.108989149 -0.108142801 0.016370354 0.988007367
1341846321.099840 -0.084558256 -0.010262101 -0.028229654 0.107237391 -0.103874974 0.017595248 0.988635659
1341846321.131821 -0.077092312 -0.013107899 -0.025684658 0.106624894 -0.104416944 0.019254198 0.988613904
1341846321.167887 -0.075142823 -0.011294572 -0.024564466 0.109967306 -0.100529157 0.019571589 0.988644540
1341846321.200042 -0.074161969 -0.010666099 -0.025603473 0.110359505 -0.098003700 0.019377006 0.988858223
1341846321.231950 -0.069925673 -0.012764001 -0.023700397 0.109274179 -0.098055959 0.018482286 0.988990664
1341846321.267939 -0.066488981 -0.011380508 -0.025975931 0.110365652 -0.096157067 0.013404031 0.989137769
1341846321.299948 -0.070698023 -0.012654502 -0.025057089 0.109198742 -0.089596838 0.007826110 0.989942849
1341846321.331858 -0.071237303 -0.013890573 -0.025759114 0.109255001 -0.086179912 0.004184812 0.990262032
1341846321.367913 -0.063891798 -0.015204525 -0.023540635 0.110935725 -0.085409336 -0.000535731 0.990150630
1341846321.399897 -0.062556893 -0.013856099 -0.023478106 0.113244064 -0.080243535 -0.001475030 0.990320444
1341846321.435994 -0.063399054 -0.015952496 -0.023367569 0.114163667 -0.076061338 -0.002156063 0.990543604
1341846321.467946 -0.060047604 -0.015486015 -0.024294222 0.115942024 -0.074246600 -0.001614229 0.990475774
1341846321.499882 -0.055721827 -0.014850713 -0.021016689 0.117822543 -0.072333544 -0.001131614 0.990396142
1341846321.536109 -0.048057511 -0.012483301 -0.023355654 0.118206501 -0.068812691 -0.003401601 0.990596056
1341846321.568960 -0.050490890 -0.009962893 -0.020449325 0.116415657 -0.061167531 -0.006514489 0.991293848
1341846321.603938 -0.049872506 -0.012361146 -0.021310195 0.112269714 -0.058303408 -0.007113427 0.991940379
1341846321.637163 -0.046494726 -0.009866060 -0.018760400 0.110836007 -0.054105990 -0.007195503 0.992338717
1341846321.668306 -0.046877850 -0.007976385 -0.017070781 0.107109860 -0.044591025 -0.005164020 0.993233323
1341846321.704411 -0.052004326 -0.009221676 -0.017954776 0.102832161 -0.041220635 0.002073447 0.993842125
1341846321.736861 -0.049068511 -0.008860873 -0.017158080 0.101220280 -0.044200383 0.010312970 0.993828177
1341846321.771881 -0.043934949 -0.005357971 -0.017624818 0.099246107 -0.045621425 0.015224146 0.993899941
1341846321.804114 -0.041610505 -0.006708148 -0.016123213 0.094372205 -0.043841526 0.018409826 0.994400740
1341846321.836152 -0.043647569 -0.006258182 -0.018218063 0.091406748 -0.040829923 0.019265633 0.994789720
1341846321.871882 -0.044112973 -0.005011661 -0.018581757 0.086598516 -0.039633878 0.016962681 0.995310068
1341846321.904074 -0.041584540 -0.005771703 -0.015523008 0.080279738 -0.038654037 0.013206216 0.995935082
1341846321.939847 -0.041306447 -0.006863005 -0.013855919 0.076289728 -0.035450302 0.010171601 0.996403396
1341846322.004094 -0.035101421 -0.006942324 -0.013846474 0.069877438 -0.039394386 0.007563376 0.996748745
1341846322.034203 -0.037324231 -0.010132013 -0.013565238 0.066911653 -0.037717152 0.007956577 0.997013986
1341846322.066178 -0.037326742 -0.010071469 -0.012579096 0.064477175 -0.033683695 0.005559503 0.997335076
1341846322.107979 -0.038920246 -0.015058552 -0.013398902 0.060875773 -0.031123698 0.004519867 0.997649789
1341846322.133980 -0.039183937 -0.019853350 -0.012459353 0.061475512 -0.030122634 0.001942086 0.997652054
1341846322.166164 -0.040006425 -0.020832280 -0.015170153 0.063386567 -0.030644245 0.003761721 0.997511387
1341846322.202932 -0.038350549 -0.022570850 -0.014272837 0.064338826 -0.033685308 0.004640049 0.997348666
1341846322.234093 -0.030066511 -0.022361515 -0.015117529 0.063779540 -0.037812263 0.001418007 0.997246444
1341846322.265941 -0.038579624 -0.025534390 -0.014624553 0.060631692 -0.037900072 0.002598070 0.997437000
1341846322.301996 -0.036587115 -0.030797699 -0.015808111 0.057455871 -0.040088985 0.003536119 0.997536540
1341846322.333949 -0.031520456 -0.034250163 -0.015144709 0.056270640 -0.043617245 0.002368998 0.997459531
1341846322.369871 -0.028053617 -0.038324788 -0.015303400 0.056687616 -0.050101589 -0.000936785 0.997133613
1341846322.402292 -0.037032362 -0.033569042 -0.014051052 0.061490800 -0.045294460 -0.005035640 0.997066677
1341846322.433955 -0.041566733 -0.043359369 -0.014927585 0.063987501 -0.042179246 -0.008755661 0.997020483
1341846322.470030 -0.042438786 -0.043186087 -0.016017020 0.072819971 -0.046154730 -0.004330005 0.996267140
1341846322.502433 -0.040494930 -0.049031045 -0.015629362 0.077326559 -0.049666375 -0.002631553 0.995764494
1341846322.534002 -0.037608717 -0.056357060 -0.014809845 0.083628304 -0.051077906 0.001458998 0.995186031
1341846322.570196 -0.038611948 -0.057272591 -0.012147650 0.093641244 -0.050932091 0.002301577 0.994299710
1341846322.601920 -0.039964195 -0.057115208 -0.014547400 0.099721678 -0.053606283 0.005747790 0.993553698
1341846322.638119 -0.034684919 -0.062403414 -0.012020184 0.103851721 -0.058738928 0.006146783 0.992837727
1341846322.669947 -0.030337330 -0.062686779 -0.011741599 0.109409615 -0.057440866 0.005302842 0.992321491
1341846322.702026 -0.035553444 -0.065424398 -0.014360587 0.111717023 -0.053526297 0.006873079 0.992273629
1341846322.738006 -0.035259627 -0.059863750 -0.013410698 0.115600079 -0.056249354 0.009042317 0.991660655
1341846322.770087 -0.031421557 -0.065748788 -0.009808109 0.114443451 -0.057285894 0.009808169 0.991728187
1341846322.806047 -0.035387401 -0.069215328 -0.011290152 0.117289342 -0.055808518 0.011075034 0.991466582
1341846322.838063 -0.036320575 -0.070006035 -0.012651985 0.119306661 -0.059877992 0.012821179 0.990967333
1341846322.870081 -0.034444205 -0.074475259 -0.010917182 0.120244630 -0.065403581 0.013936181 0.990489483
1341846322.906018 -0.030507952 -0.075135209 -0.008369721 0.125624448 -0.068558626 0.014276172 0.989603162
1341846322.938349 -0.031504426 -0.072686374 -0.012076274 0.126431465 -0.066846140 0.015257899 0.989602864
1341846322.970069 -0.037783772 -0.062024865 -0.011529391 0.125122398 -0.065580890 0.017790819 0.989811599
1341846323.011820 -0.031259973 -0.078358047 -0.009731735 0.118200183 -0.066906601 0.016189072 0.990600884
1341846323.038050 -0.037905056 -0.066987649 -0.011107647 0.121239662 -0.064955585 0.020309918 0.990287423
1341846323.073951 -0.037516970 -0.066333555 -0.011471605 0.118881062 -0.065490693 0.022455502 0.990491807
1341846323.105962 -0.037110981 -0.071530998 -0.009102329 0.115029402 -0.065764278 0.022161480 0.990934968
1341846323.138158 -0.037225761 -0.072039306 -0.009966276 0.115788497 -0.065537363 0.018607613 0.990934730
1341846323.174092 -0.037618890 -0.072023705 -0.010574243 0.114069231 -0.065762661 0.016979320 0.991148412
1341846323.206059 -0.036016908 -0.072875105 -0.010146960 0.111484110 -0.066737212 0.014727236 0.991413414
1341846323.238053 -0.034860630 -0.073980786 -0.010217338 0.108874358 -0.064053141 0.012860957 0.991906345
1341846323.273997 -0.037793446 -0.074585132 -0.013328386 0.104408942 -0.062777340 0.013422569 0.992460370
1341846323.305946 -0.037465129 -0.077851765 -0.010302207 0.098741792 -0.067031056 0.013442269 0.992761910
1341846323.342027 -0.032170400 -0.082042314 -0.007088430 0.096251428 -0.067089744 0.011087487 0.993031561
1341846323.374048 -0.031920698 -0.095127575 -0.005982070 0.093251504 -0.063356690 0.011397623 0.993559361
1341846323.405987 -0.040917899 -0.085826993 -0.011259252 0.096006364 -0.064840168 0.017648054 0.993109763
1341846323.441956 -0.036367044 -0.088474877 -0.007411512 0.096856892 -0.070873216 0.020470478 0.992560685
1341846323.473878 -0.036952227 -0.089153804 -0.007531554 0.101430312 -0.068868294 0.018843573 0.992277145
1341846323.506129 -0.038032908 -0.087438248 -0.009650266 0.104554966 -0.068460755 0.016403001 0.992024362
1341846323.541972 -0.034414098 -0.090323232 -0.010971582 0.102104127 -0.069690019 0.014537828 0.992223084
1341846323.573913 -0.029654803 -0.092450634 -0.010616471 0.101907313 -0.066579953 0.008720811 0.992525041
1341846323.609927 -0.034572911 -0.092825457 -0.009531934 0.102976456 -0.059159439 0.004644599 0.992912114
1341846323.642014 -0.038112063 -0.094899200 -0.010362402 0.101715170 -0.056423910 0.005161906 0.993198693
1341846323.674081 -0.037771408 -0.100308925 -0.010320307 0.100245751 -0.058550205 0.007602416 0.993209362
1341846323.710069 -0.037093624 -0.104548372 -0.011973860 0.100719325 -0.059835430 0.011644758 0.993045688
1341846323.742111 -0.037821773 -0.104511797 -0.010752984 0.105955876 -0.061651003 0.012861179 0.992374480
1341846323.774928 -0.037113398 -0.095300086 -0.012301332 0.112533107 -0.063954152 0.011137738 0.991525114
1341846323.810012 -0.036433585 -0.096274614 -0.012572928 0.114023060 -0.065339625 0.007814752 0.991296351
1341846323.842207 -0.034638390 -0.098137327 -0.015262438 0.115222007 -0.065424368 0.002624354 0.991179407
1341846323.878019 -0.037631445 -0.100841232 -0.014284798 0.115956999 -0.065416560 -0.001303662 0.991096854
1341846323.909826 -0.036641192 -0.103872292 -0.014832958 0.119136952 -0.067249916 -0.005689193 0.990581334
1341846323.942459 -0.037427027 -0.103276141 -0.015372913 0.123154618 -0.067164123 -0.005902781 0.990094483
1341846323.978055 -0.038453382 -0.104757689 -0.015869146 0.125233278 -0.069734119 -0.004167914 0.989664793
1341846324.015934 -0.036331680 -0.104334511 -0.014244319 0.129175037 -0.072769009 -0.003610446 0.988941550
1341846324.047722 -0.036197115 -0.101551101 -0.014414365 0.133325204 -0.071020059 -0.004586074 0.988513768
1341846324.083904 -0.035793867 -0.098182231 -0.015653586 0.134140447 -0.069601841 -0.004553732 0.988504529
1341846324.115968 -0.035255149 -0.097142838 -0.014916088 0.132269353 -0.068073288 -0.006486382 0.988852262
1341846324.151967 -0.034047119 -0.096285738 -0.015404946 0.132153854 -0.065530553 -0.010847998 0.989001215
1341846324.183941 -0.034703813 -0.094281107 -0.015427847 0.129555076 -0.061197225 -0.014097667 0.989581525
1341846324.219984 -0.036348108 -0.103759497 -0.015071677 0.121715598 -0.059118859 -0.014272827 0.990700066
1341846324.251968 -0.038091082 -0.094196662 -0.013344977 0.124531120 -0.058477268 -0.014593444 0.990383506
1341846324.284052 -0.038941365 -0.090673059 -0.013433243 0.125779212 -0.058896463 -0.015445797 0.990188003
1341846324.319880 -0.039404452 -0.088485070 -0.012741788 0.124430038 -0.062293392 -0.015801724 0.990144908
1341846324.351917 -0.039006297 -0.083462700 -0.011114618 0.122240134 -0.065886311 -0.016975075 0.990165770
1341846324.388001 -0.035628196 -0.089960672 -0.014474115 0.115129933 -0.066469267 -0.021316780 0.990894794
1341846324.419908 -0.036591120 -0.086624242 -0.013485361 0.111183897 -0.064325042 -0.023779504 0.991430759
1341846324.452027 -0.038184516 -0.087102957 -0.012142784 0.106031626 -0.063454732 -0.024445023 0.992034912
1341846324.487928 -0.039019696 -0.085633613 -0.011542973 0.104599066 -0.063687332 -0.022729529 0.992212832
1341846324.519985 -0.041634321 -0.082553938 -0.011223587 0.103365026 -0.065109044 -0.018448463 0.992338717
1341846324.556001 -0.042032082 -0.070749931 -0.008633901 0.104692087 -0.070258193 -0.013950245 0.991921723
1341846324.587888 -0.041184019 -0.074698970 -0.010218647 0.098893501 -0.073411807 -0.012071027 0.992312968
1341846324.620086 -0.041064870 -0.073117636 -0.009139406 0.096945509 -0.076025300 -0.014194617 0.992280304
1341846324.655955 -0.034208994 -0.080709934 -0.008026640 0.093019709 -0.079073414 -0.016581023 0.992380857
1341846324.688082 -0.035199132 -0.079900868 -0.006907844 0.092332914 -0.078573622 -0.015952159 0.992495000
1341846324.755922 -0.042290762 -0.061273165 -0.007759253 0.097129166 -0.080099449 -0.011347333 0.991978467
1341846324.782029 -0.041528534 -0.057773948 -0.008303858 0.095544532 -0.085088342 -0.012533180 0.991702616
1341846324.814016 -0.037376363 -0.053708978 -0.008079716 0.092919432 -0.087241217 -0.014014375 0.991745174
1341846324.849979 -0.040315039 -0.050528008 -0.004550742 0.087843470 -0.083266139 -0.016664971 0.992508233
1341846324.881924 -0.042872220 -0.049601484 -0.004270698 0.085049383 -0.083741337 -0.017603770 0.992695391
1341846324.913902 -0.041308790 -0.047262363 -0.003776361 0.083927840 -0.085736930 -0.014469719 0.992671132
1341846324.949999 -0.041814446 -0.048257191 -0.002483392 0.083552524 -0.085924901 -0.011046510 0.992730498
1341846324.981922 -0.045366861 -0.046783693 -0.002211381 0.087892085 -0.087380044 -0.008228824 0.992255986
1341846325.018013 -0.044841912 -0.043466553 -0.003076826 0.092308275 -0.092799835 -0.005114116 0.991383493
1341846325.050079 -0.045775410 -0.039790139 -0.005815926 0.094639689 -0.097241715 -0.005904186 0.990733325
1341846325.081901 -0.045309149 -0.034985412 -0.005620617 0.094617657 -0.102317400 -0.008206771 0.990207672
1341846325.118531 -0.041506462 -0.031312354 -0.005989667 0.090789527 -0.105329268 -0.009569350 0.990238070
1341846325.149933 -0.041919608 -0.031171706 -0.003870623 0.085145541 -0.102977097 -0.011975019 0.990960419
1341846325.181925 -0.043173090 -0.030027708 -0.002851005 0.081873894 -0.101465426 -0.010364428 0.991410136
1341846325.218055 -0.043304600 -0.028244935 -0.003507819 0.078889012 -0.101308271 -0.006210782 0.991702855
1341846325.249811 -0.043969307 -0.026246568 -0.003175612 0.076879807 -0.101251930 -0.002416182 0.991882920
1341846325.285925 -0.043344732 -0.023415601 -0.003543279 0.074425742 -0.101966009 0.000315218 0.991999805
1341846325.317988 -0.040350728 -0.024502493 -0.001151321 0.071497656 -0.100730687 0.002681638 0.992337763
1341846325.349844 -0.042082075 -0.033104002 -0.002633485 0.071359113 -0.095222957 0.004576040 0.992884457
1341846325.387302 -0.041764315 -0.022634204 -0.000118615 0.078785777 -0.092977837 0.008196169 0.992512345
1341846325.417931 -0.038975883 -0.028390463 -0.002263802 0.079186238 -0.088745736 0.010792464 0.992843032
1341846325.450747 -0.037119191 -0.029757697 0.000353302 0.083513550 -0.081231430 0.012798608 0.993107796
1341846325.485954 -0.042225759 -0.025058594 0.000283690 0.092643984 -0.072920948 0.016036596 0.992896020
1341846325.517875 -0.042718794 -0.022452673 -0.000043087 0.096536316 -0.070124164 0.018389085 0.992685854
1341846325.553859 -0.042436518 -0.021265825 -0.000061517 0.099551044 -0.066613518 0.018613042 0.992625713
1341846325.585855 -0.043510128 -0.016202744 -0.000772868 0.103052206 -0.063324198 0.016963862 0.992513239
1341846325.617990 -0.044239376 -0.011489896 -0.000455543 0.100761808 -0.061265569 0.015509084 0.992901325
1341846325.653982 -0.045188721 -0.015244068 0.001175426 0.097281486 -0.059203863 0.012100690 0.993420720
1341846325.685819 -0.045711145 -0.015271367 0.001583413 0.102328427 -0.057683419 0.013890691 0.992979646
1341846325.717857 -0.046801083 -0.011175287 0.002347627 0.107157923 -0.056640856 0.020926312 0.992406726
1341846325.754083 -0.047613114 -0.011430829 0.001750801 0.109437674 -0.056450937 0.025447417 0.992063046
1341846325.786087 -0.046733946 -0.010431316 0.001545471 0.115568340 -0.056201126 0.026890624 0.991343677
1341846325.821856 -0.046658356 -0.005172079 0.002000297 0.120499134 -0.054483473 0.028961593 0.990793943
1341846325.853827 -0.048944652 -0.003430183 0.002743264 0.121232383 -0.053243440 0.032050073 0.990676820
1341846325.885958 -0.046613552 -0.002475066 0.003458161 0.121352106 -0.056630157 0.037583750 0.990279853
1341846325.921984 -0.049681794 0.000762835 0.003488949 0.120430104 -0.059882160 0.042350918 0.990008652
1341846325.953899 -0.047120836 0.001617452 0.004438387 0.123228513 -0.060471144 0.044461917 0.989535809
1341846325.985823 -0.048263278 0.004702846 0.005373545 0.126127630 -0.057359882 0.048651017 0.989158571
1341846326.021991 -0.048780661 0.001533199 0.004255360 0.126639307 -0.057053369 0.054372124 0.988812983
1341846326.054055 -0.047904618 0.004572348 0.005144800 0.131779179 -0.058306731 0.058860045 0.987810731
1341846326.089984 -0.045673165 0.009329808 0.005211106 0.135132760 -0.057139248 0.058386613 0.987453938
1341846326.121822 -0.045652196 0.011898762 0.006103281 0.135111153 -0.053290099 0.056213167 0.987798154
1341846326.154079 -0.047681767 0.012067844 0.007408802 0.135588586 -0.050145857 0.054629475 0.987986207
1341846326.190178 -0.048955459 0.015436820 0.007995019 0.138367757 -0.050212201 0.056962270 0.987465620
1341846326.222162 -0.049461104 0.019712454 0.006972406 0.137819067 -0.051976174 0.062585734 0.987110615
1341846326.259181 -0.048653703 0.013563289 0.006863427 0.132208124 -0.054691795 0.066718951 0.987460613
1341846326.291222 -0.047255360 0.016450774 0.007935638 0.128994986 -0.056168232 0.067281365 0.987764478
1341846326.322766 -0.046912875 0.018676292 0.008547966 0.125102490 -0.055815727 0.065752730 0.988387883
1341846326.359773 -0.046908785 0.019861830 0.009961572 0.121520914 -0.054309610 0.062973626 0.989099324
1341846326.392109 -0.046724163 0.018470457 0.011828667 0.119658493 -0.052640285 0.063701779 0.989369988
1341846326.423985 -0.048373349 0.020162327 0.012163153 0.123715661 -0.051256116 0.069059297 0.988583863
1341846326.459869 -0.049810287 0.023961077 0.012525661 0.126379758 -0.053304676 0.072252609 0.987910092
1341846326.491143 -0.047174558 0.026347287 0.012662546 0.127322733 -0.055315550 0.072616190 0.987651765
1341846326.526163 -0.046955340 0.028299078 0.012145020 0.126100659 -0.052531362 0.072126605 0.987996340
1341846326.560211 -0.048128232 0.042811561 0.015730629 0.124635085 -0.048671775 0.072906412 0.988322735
1341846326.591828 -0.048415497 0.031257126 0.014288679 0.117753781 -0.046283297 0.073513493 0.989235938
1341846326.627027 -0.046969656 0.037528317 0.014595035 0.118973017 -0.045069743 0.072892293 0.989192009
1341846326.658442 -0.047281072 0.038053397 0.015096432 0.116325647 -0.041137259 0.071377508 0.989788532
1341846326.694856 -0.048658594 0.040531974 0.015937451 0.113016397 -0.037452582 0.071158193 0.990333855
1341846326.726206 -0.048825383 0.043570857 0.016024197 0.107657492 -0.036322873 0.068748906 0.991142809
1341846326.762753 -0.047654588 0.047178015 0.016948974 0.102483809 -0.034213796 0.065819167 0.991964877
1341846326.794046 -0.049011137 0.049674496 0.016925443 0.095297314 -0.029834939 0.061614145 0.993092120
1341846326.826821 -0.048719797 0.054776013 0.017176617 0.089071535 -0.028018156 0.060953975 0.993763506
1341846326.858887 -0.048761237 0.049983326 0.017792575 0.078922175 -0.026583403 0.058431678 0.994811714
1341846326.895360 -0.050419431 0.049354389 0.018250830 0.076035738 -0.026369199 0.060250122 0.994933724
1341846326.926897 -0.051461075 0.051135909 0.018752303 0.078109868 -0.029782662 0.062196005 0.994556904
1341846326.958888 -0.049744446 0.054156471 0.019389153 0.080493324 -0.032665037 0.065557182 0.994060397
1341846326.994594 -0.048873253 0.058256190 0.018144039 0.081835888 -0.032676414 0.068326607 0.993763804
1341846327.026301 -0.048314944 0.060822994 0.019636324 0.079936735 -0.031354524 0.066755429 0.994067729
1341846327.063945 -0.047974501 0.061676882 0.021343032 0.077073559 -0.029362567 0.063857853 0.994544923
1341846327.094662 -0.048282374 0.064546645 0.021395383 0.077458188 -0.027063068 0.061961241 0.994700253
1341846327.128901 -0.048701797 0.067136839 0.021358674 0.076626562 -0.026943726 0.059808180 0.994899690
1341846327.161940 -0.048584744 0.066138968 0.021494996 0.075040385 -0.027745575 0.058860309 0.995055079
1341846327.193867 -0.046745148 0.067027487 0.022792615 0.073867179 -0.026888436 0.057448566 0.995248854
1341846327.229885 -0.046157330 0.070298545 0.022936644 0.075189263 -0.023778163 0.055770759 0.995324433
1341846327.262014 -0.045872025 0.073410839 0.022512738 0.075303741 -0.020255083 0.054578505 0.995459795
1341846327.294023 -0.041107748 0.074974053 0.011791756 0.076524064 -0.011053473 0.043300208 0.996065736
1341846327.330015 -0.044994827 0.084321924 0.019510562 0.082790755 0.003277763 0.041631628 0.995691597
1341846327.361939 -0.046814382 0.088023715 0.026121128 0.082366168 0.009589610 0.037536427 0.995848775
1341846327.393887 -0.046719331 0.087469101 0.026979567 0.079818614 0.011500545 0.031035123 0.996259749
1341846327.429966 -0.048698753 0.085985675 0.023941755 0.077026322 0.011772584 0.031181552 0.996471822
1341846327.461965 -0.050184470 0.089568317 0.026344439 0.068695322 0.007880615 0.030324344 0.997145534
1341846327.497931 -0.047998786 0.092065401 0.028006962 0.064999461 0.004762258 0.029242285 0.997445405
1341846327.530068 -0.048555315 0.095635876 0.028542869 0.064068921 0.005332618 0.031330947 0.997439265
1341846327.561895 -0.049894776 0.098243378 0.031488284 0.062885784 0.003417024 0.036498830 0.997347236
1341846327.598010 -0.050823115 0.098555766 0.031106666 0.063426003 0.000875344 0.040928934 0.997146487
1341846327.629945 -0.051486928 0.101330884 0.032872044 0.064223208 -0.003681131 0.042003810 0.997044384
1341846327.662003 -0.051081922 0.110604011 0.034445915 0.066854022 -0.007867512 0.038243867 0.996998489
1341846327.697919 -0.050044011 0.103049733 0.030145528 0.065735035 -0.008942575 0.038050655 0.997071266
1341846327.730075 -0.051385358 0.108387358 0.030248920 0.062693842 -0.008938250 0.037952963 0.997270882
1341846327.766017 -0.051215265 0.108445354 0.030529408 0.056472700 -0.009834585 0.038952313 0.997595549
1341846327.797917 -0.051717110 0.112931840 0.031407077 0.053949181 -0.009760177 0.041140322 0.997648060
1341846327.830054 -0.052059188 0.114479847 0.032541201 0.045943439 -0.010408186 0.041856907 0.998012424
1341846327.865944 -0.051155299 0.118110754 0.032473702 0.043792281 -0.009379804 0.042127136 0.998107970
1341846327.898010 -0.051625982 0.129939556 0.035353355 0.043607634 -0.008472420 0.042682335 0.998100579
1341846327.929991 -0.051195353 0.131541654 0.035524253 0.038840089 -0.010552244 0.041569345 0.998324633
1341846327.966065 -0.051457386 0.122124642 0.032580335 0.032472074 -0.009533342 0.038191091 0.998697221
1341846327.998073 -0.051366117 0.122828662 0.033449426 0.025424590 -0.008558802 0.034714554 0.999037147
1341846328.034045 -0.050826475 0.124613672 0.033627961 0.020013599 -0.007976790 0.032204367 0.999249041
1341846328.065993 -0.050663639 0.125627786 0.033320013 0.015154171 -0.007453552 0.032908835 0.999315679
1341846328.098045 -0.051871806 0.123767570 0.033604044 0.012402807 -0.005930619 0.032839309 0.999366045
1341846328.133967 -0.052067757 0.123137608 0.032738920 0.015181611 -0.006792033 0.036285002 0.999203086
1341846328.166023 -0.050533950 0.121191010 0.033228233 0.014153891 -0.010934654 0.037230566 0.999146640
1341846328.198018 -0.050675720 0.116666198 0.030283941 0.012013037 -0.013637910 0.034712303 0.999232113
1341846328.234044 -0.051639032 0.116099626 0.031184193 0.016165871 -0.014425953 0.033344839 0.999209046
1341846328.265899 -0.051376212 0.115804128 0.031567480 0.018928349 -0.016230557 0.034339715 0.999099135
1341846328.302051 -0.051102232 0.111037977 0.029325267 0.019978689 -0.016567279 0.034150448 0.999079645
1341846328.333917 -0.052173443 0.107502185 0.029404437 0.023273051 -0.015973905 0.037145548 0.998911142
1341846328.366008 -0.050722774 0.105159931 0.027323255 0.028854806 -0.017635088 0.035851993 0.998784781
1341846328.402010 -0.047839005 0.104409464 0.023320867 0.042367868 -0.017861223 0.041337926 0.998086751
1341846328.433920 -0.049885526 0.105673693 0.026892858 0.048751432 -0.019373512 0.046581339 0.997536063
1341846328.470003 -0.047088202 0.096640542 0.023626484 0.045720756 -0.021755628 0.037768677 0.998002946
1341846328.502194 -0.049200442 0.091839351 0.026786942 0.044548988 -0.017142767 0.025128901 0.998543978
1341846328.534033 -0.047880165 0.085931621 0.023600459 0.044743493 -0.014197839 0.020948080 0.998677909
1341846328.570125 -0.049124256 0.074379064 0.026003687 0.044286925 -0.013020981 0.019805703 0.998737633
1341846328.602804 -0.050670434 0.068223365 0.027203953 0.048738141 -0.016623206 0.022511778 0.998419523
1341846328.636433 -0.052303623 0.063977696 0.025679916 0.052990228 -0.022921631 0.022092361 0.998087466
1341846328.672663 -0.050467454 0.061124034 0.025897397 0.058874696 -0.030234611 0.021627186 0.997573018
1341846328.702975 -0.047290336 0.057830628 0.023832018 0.061088659 -0.035332233 0.023234660 0.997236133
1341846328.738215 -0.046380699 0.056685612 0.022284454 0.066962056 -0.036511954 0.017710224 0.996929944
1341846328.770129 -0.046689279 0.055946648 0.022598708 0.071325101 -0.037890363 0.017606277 0.996577621
1341846328.802331 -0.047660302 0.054773256 0.021756679 0.072093919 -0.039881051 0.017452026 0.996447384
1341846328.838051 -0.044554483 0.046702836 0.019351739 0.074192129 -0.044044126 0.016972324 0.996126294
1341846328.869939 -0.043109395 0.047664769 0.019259078 0.074792847 -0.046169717 0.017409679 0.995977521
1341846328.904486 -0.044016857 0.042807758 0.019230008 0.069737636 -0.048299413 0.015343745 0.996277273
1341846328.939814 -0.041767914 0.035857987 0.018569918 0.070812896 -0.052369297 0.016307468 0.995980442
1341846328.970217 -0.042029645 0.035899207 0.019566560 0.075792313 -0.053909276 0.019444177 0.995475352
1341846329.006232 -0.041398164 0.038821071 0.019105241 0.077459827 -0.056116231 0.022745326 0.995155036
1341846329.038243 -0.039481867 0.034793474 0.018081846 0.080315895 -0.057811417 0.024315707 0.994794428
1341846329.072238 -0.038992215 0.035599239 0.016911702 0.084968984 -0.057317853 0.024585789 0.994429708
1341846329.106125 -0.039142430 0.033140123 0.015854806 0.083536431 -0.058093444 0.023902377 0.994522750
1341846329.138340 -0.039365243 0.029025894 0.014672732 0.084612638 -0.058397394 0.021106008 0.994477212
1341846329.169991 -0.038749736 0.028746132 0.013083120 0.086669959 -0.059711933 0.020595485 0.994232655
1341846329.208656 -0.038506713 0.026802899 0.012648609 0.087051518 -0.060647435 0.019282889 0.994169056
1341846329.238169 -0.037429862 0.026981840 0.011294826 0.086864837 -0.061970916 0.019133082 0.994106650
1341846329.273827 -0.037540130 0.023475245 0.011166172 0.084510557 -0.062862001 0.019664289 0.994243205
1341846329.306052 -0.037607875 0.023117589 0.010318744 0.085272141 -0.065123983 0.018871756 0.994047999
1341846329.338104 -0.036431961 0.022985870 0.009982640 0.082133383 -0.067281127 0.017105529 0.994200587
1341846329.373907 -0.036776334 0.017580599 0.009451644 0.077742279 -0.067711122 0.014793918 0.994561434
1341846329.405985 -0.036210310 0.015804721 0.009400330 0.078870922 -0.069497027 0.012862340 0.994376242
1341846329.442057 -0.035595883 0.015470047 0.008760351 0.078850411 -0.070157900 0.009326046 0.994370878
1341846329.473950 -0.037689917 0.011685365 0.009151882 0.077706970 -0.070639871 0.003025611 0.994465947
1341846329.506147 -0.038046982 0.011315139 0.007804669 0.078473605 -0.072331287 -0.000058186 0.994288743
1341846329.542121 -0.038447749 0.008038230 0.007669944 0.076091841 -0.075273387 -0.000540586 0.994255364
1341846329.574086 -0.037210755 0.004101161 0.008715635 0.077843584 -0.078207783 -0.000898573 0.993892908
1341846329.606387 -0.037254456 0.004513148 0.007003143 0.081031136 -0.078338251 -0.002422349 0.993625283
1341846329.641955 -0.038128361 0.003681275 0.005470205 0.080886394 -0.079259843 -0.002159052 0.993564606
1341846329.681570 -0.038364578 0.000685525 0.005578528 0.079575777 -0.082105525 -0.002108644 0.993439436
1341846329.748113 -0.036644340 -0.000063641 0.005228091 0.082087293 -0.082624145 -0.004641915 0.993183494
1341846329.774077 -0.036974352 -0.003075297 0.006240757 0.079512082 -0.080797426 -0.002069787 0.993551910
1341846329.810175 -0.037906278 -0.005742396 0.005437823 0.079220630 -0.078960985 -0.000158084 0.993724942
1341846329.842255 -0.038085803 -0.007810944 0.004458978 0.080226324 -0.078803942 0.003191674 0.993651569
1341846329.874044 -0.038511667 -0.009129503 0.005144849 0.081847779 -0.078850374 0.006792895 0.993497610
1341846329.910073 -0.033959270 -0.004473242 0.005863992 0.083528459 -0.080365665 0.008125643 0.993226230
1341846329.942009 -0.038782887 -0.008238306 0.003880552 0.077494815 -0.079605117 0.013827508 0.993713439
1341846329.978087 -0.038297739 -0.008287111 0.004711275 0.075844914 -0.080234349 0.015189019 0.993770242
1341846330.016305 -0.032914456 -0.008836329 0.004744461 0.078005224 -0.080583520 0.012695592 0.993609726
1341846330.048192 -0.038763866 -0.010077842 0.002481212 0.073525347 -0.077588074 0.014423660 0.994166017
1341846330.080418 -0.038279176 -0.014748595 0.002738322 0.068294741 -0.078115582 0.016346138 0.994468033
1341846330.115886 -0.038300682 -0.018197702 0.002522937 0.070369005 -0.076543018 0.017331533 0.994428992
1341846330.147839 -0.039341770 -0.014674178 0.001639937 0.073759891 -0.075917497 0.019114919 0.994198501
1341846330.181257 -0.038804915 -0.011427280 0.000638202 0.069467917 -0.076867417 0.022352913 0.994367123
1341846330.215852 -0.038951483 -0.015312365 0.002051291 0.062435314 -0.075696908 0.021165716 0.994949162
1341846330.247833 -0.039981566 -0.016645245 0.001603951 0.060482774 -0.074957646 0.019892028 0.995151997
1341846330.283913 -0.039935865 -0.013657689 -0.000292111 0.057635855 -0.075653777 0.020520320 0.995255530
1341846330.316011 -0.040833488 -0.017326359 0.000666276 0.050397787 -0.076006949 0.019057674 0.995650470
1341846330.347868 -0.041034672 -0.019315312 0.000654192 0.047991950 -0.077608392 0.017974045 0.995665967
1341846330.383835 -0.039725654 -0.019767812 0.000521967 0.046218999 -0.078501530 0.018346701 0.995673001
1341846330.415934 -0.040461600 -0.022774704 0.001005577 0.045228928 -0.077328734 0.016790548 0.995837688
1341846330.452561 -0.041357353 -0.023428295 0.000046724 0.048012756 -0.077575050 0.015325097 0.995711803
1341846330.483903 -0.042020798 -0.022018645 -0.001034480 0.048410352 -0.079189628 0.017945290 0.995521724
1341846330.515970 -0.042028729 -0.024090841 -0.000645084 0.046298012 -0.081451125 0.020846467 0.995383143
1341846330.552099 -0.037296660 -0.022080619 0.000476650 0.048228744 -0.084014617 0.022843858 0.995034516
1341846330.583876 -0.038019057 -0.020003807 -0.000691585 0.048141707 -0.084045865 0.023343565 0.995024502
1341846330.619992 -0.043374073 -0.020671638 -0.003582859 0.043387275 -0.083754487 0.023245741 0.995270014
1341846330.652136 -0.042518575 -0.017563293 -0.003540894 0.037733443 -0.085526161 0.020601757 0.995407939
1341846330.683796 -0.043088038 -0.018429337 -0.004550929 0.033170257 -0.085036501 0.019093130 0.995642483
1341846330.719991 -0.044664256 -0.021403836 -0.005228875 0.029958874 -0.086740717 0.019734027 0.995584786
1341846330.752103 -0.044726819 -0.022269392 -0.005830361 0.031332836 -0.091091603 0.023974441 0.995060682
1341846330.787952 -0.046943296 -0.020725708 -0.007831420 0.032513820 -0.094646566 0.027258804 0.994606376
1341846330.819823 -0.045771729 -0.020706873 -0.007044702 0.032168578 -0.099820487 0.028434293 0.994078755
1341846330.852208 -0.045538496 -0.019251423 -0.007843336 0.032048702 -0.101541668 0.029194167 0.993886292
1341846330.888445 -0.046404827 -0.016612204 -0.009087533 0.029058617 -0.103247628 0.029965570 0.993779480
1341846330.914111 -0.045659665 -0.017026922 -0.009030552 0.023089709 -0.104928732 0.028619867 0.993799627
1341846330.949903 -0.047078069 -0.019404808 -0.008904004 0.019635739 -0.105348580 0.028328346 0.993837833
1341846330.981986 -0.048566185 -0.019084053 -0.010387953 0.020608112 -0.109128103 0.028739095 0.993398428
1341846331.014111 -0.047808658 -0.018073799 -0.011291643 0.020287585 -0.113583542 0.028919179 0.992900252
1341846331.082139 -0.047527753 -0.020066580 -0.011228784 0.021918334 -0.116597272 0.026303897 0.992588937
1341846331.114334 -0.047862403 -0.019648306 -0.011888419 0.021582885 -0.118714511 0.026122469 0.992350101
1341846331.149989 -0.047200147 -0.021299690 -0.010923557 0.021551007 -0.119972952 0.025222128 0.992222667
1341846331.181954 -0.048110124 -0.020974105 -0.012291202 0.025154188 -0.119926512 0.023881877 0.992176652
1341846331.218151 -0.050382230 -0.017928991 -0.013793092 0.025622809 -0.121837564 0.023914116 0.991931021
1341846331.249914 -0.046913438 -0.020255031 -0.012273921 0.022570476 -0.125338614 0.023889959 0.991569519
1341846331.282227 -0.042888496 -0.024810512 -0.012388241 0.026080051 -0.122217096 0.022248844 0.991911173
1341846331.318141 -0.046127461 -0.019750815 -0.011610418 0.033778675 -0.115793951 0.020039422 0.992496431
1341846331.349926 -0.044109602 -0.019708754 -0.012540316 0.032584637 -0.113967724 0.019817499 0.992752194
1341846331.382003 -0.035858624 -0.025383554 -0.008567046 0.033186786 -0.110865764 0.021314455 0.993052423
1341846331.418008 -0.041528855 -0.021082431 -0.009324359 0.042156838 -0.098405868 0.019027082 0.994070947
1341846331.450327 -0.043324947 -0.018768480 -0.007237776 0.044847365 -0.092925437 0.019395940 0.994473457
1341846331.486219 -0.045481801 -0.017776527 -0.006631449 0.045039110 -0.090098068 0.020059410 0.994711757
1341846331.518344 -0.043280803 -0.017424680 -0.006744884 0.043918431 -0.090097614 0.018986236 0.994782925
1341846331.550202 -0.042391181 -0.019006951 -0.004552448 0.045904394 -0.085873730 0.017486114 0.995094299
1341846331.586139 -0.044819321 -0.016184023 -0.004326622 0.048874330 -0.083638132 0.018128183 0.995131850
1341846331.617931 -0.043316092 -0.015679190 -0.002449511 0.048050612 -0.084275939 0.018522406 0.995110869
1341846331.654027 -0.042262703 -0.017150661 -0.000319876 0.048175935 -0.082085431 0.018957878 0.995279729
1341846331.686123 -0.043652061 -0.014822697 -0.000130530 0.051005781 -0.078688532 0.020878045 0.995374620
1341846331.717954 -0.044683930 -0.013814714 0.001050045 0.048133299 -0.079400368 0.020792542 0.995462954
1341846331.754076 -0.042311750 -0.016929358 0.004989510 0.045046996 -0.079951517 0.019812752 0.995583236
1341846331.785920 -0.043070395 -0.016882695 0.007027598 0.048202876 -0.076667845 0.018277152 0.995723069
1341846331.818053 -0.043967657 -0.014192214 0.009148920 0.049533606 -0.074844576 0.018723082 0.995788217
1341846331.853849 -0.043884523 -0.016264379 0.011975446 0.047590461 -0.074640878 0.018189006 0.995908141
1341846331.885987 -0.042972583 -0.016426068 0.015510559 0.050735507 -0.072554372 0.016311223 0.995939612
1341846331.922014 -0.043415200 -0.014661362 0.017246494 0.053128820 -0.069311790 0.015722301 0.996055245
1341846331.954037 -0.041999083 -0.014869586 0.019233707 0.052694265 -0.067210987 0.016841030 0.996204019
1341846331.986135 -0.041212127 -0.017189486 0.023157362 0.054352824 -0.062166195 0.018392066 0.996415019
1341846332.022364 -0.044800062 -0.021523261 0.023528365 0.060159665 -0.056072757 0.018313896 0.996444345
1341846332.054175 -0.046055496 -0.019819286 0.025816597 0.066831551 -0.055674434 0.020394614 0.996001005
1341846332.086502 -0.045492526 -0.019312335 0.028019708 0.069494940 -0.055868093 0.022384897 0.995765090
1341846332.122051 -0.046048306 -0.017948749 0.030915495 0.071793430 -0.054747354 0.021497810 0.995683849
1341846332.153983 -0.047349151 -0.015300420 0.032695826 0.071040399 -0.054845139 0.019412810 0.995775282
1341846332.190165 -0.048681017 -0.014632930 0.035987385 0.064953983 -0.056122269 0.016293349 0.996175587
1341846332.222699 -0.048016813 -0.018686950 0.039574791 0.061011691 -0.057015143 0.015496614 0.996386826
1341846332.254145 -0.049165394 -0.018886594 0.041871164 0.063978247 -0.056124922 0.014752399 0.996262610
1341846332.289948 -0.049756505 -0.018126104 0.043443877 0.066043235 -0.056283001 0.016715106 0.996087909
1341846332.322172 -0.049727987 -0.018515646 0.046565168 0.066509314 -0.057052638 0.019099163 0.995970249
1341846332.354003 -0.047999717 -0.018702094 0.048163030 0.069130793 -0.055825952 0.017038884 0.995898664
1341846332.390180 -0.048301734 -0.015931526 0.049000021 0.071844853 -0.051161766 0.014005429 0.996004343
1341846332.422055 -0.049664620 -0.015853912 0.051289335 0.069938622 -0.048222013 0.010569696 0.996329010
1341846332.458114 -0.048778728 -0.016639983 0.054591939 0.069412902 -0.046603840 0.006904940 0.996474922
1341846332.489993 -0.051276855 -0.015425414 0.055650994 0.070801295 -0.043658011 0.008050062 0.996502042
1341846332.522130 -0.053040411 -0.014620940 0.058657579 0.070059620 -0.047141436 0.013114793 0.996342003
1341846332.558114 -0.052288413 -0.015266737 0.060134877 0.069480598 -0.053045984 0.020417510 0.995962679
1341846332.589874 -0.050503157 -0.013189982 0.061957646 0.069622681 -0.056495801 0.024949223 0.995659828
1341846332.621889 -0.049685642 -0.012374788 0.063962586 0.065344185 -0.057105850 0.027134523 0.995857835
1341846332.658202 -0.049931388 -0.013823556 0.066041864 0.060949352 -0.056374229 0.025543550 0.996220171
1341846332.690001 -0.049987499 -0.012532915 0.067108907 0.059303377 -0.055288129 0.025489088 0.996381819
1341846332.726000 -0.051320232 -0.013774533 0.069275700 0.057479799 -0.055648189 0.028961869 0.996373773
1341846332.758386 -0.049846627 -0.012989419 0.071207389 0.058397520 -0.058965452 0.031486940 0.996052921
1341846332.789937 -0.047190070 -0.011782814 0.073456310 0.058095772 -0.059460916 0.030777229 0.996063292
1341846332.825925 -0.047610644 -0.012036134 0.076051198 0.055863220 -0.056639556 0.028561009 0.996421397
1341846332.857898 -0.047938019 -0.012410704 0.077451468 0.056672473 -0.055227757 0.028020436 0.996470273
1341846332.894069 -0.047932096 -0.009518513 0.079996757 0.057499696 -0.055324718 0.028360089 0.996407926
1341846332.926029 -0.046704810 -0.008431611 0.080427282 0.054461163 -0.055326104 0.026330477 0.996634185
1341846332.958015 -0.045990389 -0.008729100 0.082366794 0.051333424 -0.053253792 0.023716966 0.996978641
1341846332.994073 -0.046289608 -0.007905121 0.083845086 0.048999615 -0.051493157 0.021041531 0.997248590
1341846333.026545 -0.045595165 -0.007839574 0.086123139 0.046507336 -0.050594881 0.018649556 0.997461498
1341846333.057998 -0.043979347 -0.008214353 0.087634817 0.045202449 -0.049353976 0.018476503 0.997586846
1341846333.094024 -0.044547990 -0.007943965 0.089685597 0.045455687 -0.047179814 0.021566451 0.997618556
1341846333.126095 -0.043236665 -0.007385017 0.090366557 0.045985665 -0.046286412 0.024661386 0.997564375
1341846333.161973 -0.042189654 -0.005553281 0.092174478 0.045502707 -0.043843288 0.026187556 0.997658014
1341846333.195660 -0.043256659 -0.005912252 0.093569882 0.042490304 -0.040753458 0.026682187 0.997908711
1341846333.226331 -0.042677607 -0.005597448 0.093888111 0.041231342 -0.040527113 0.026792396 0.997967780
1341846333.262056 -0.042527087 -0.003605335 0.094950512 0.039453536 -0.040259123 0.026102383 0.998068810
1341846333.294147 -0.042076655 -0.004097412 0.092475913 0.035251696 -0.040632617 0.024499876 0.998251498
1341846333.326100 -0.041625284 -0.004076061 0.093139693 0.033542253 -0.041904192 0.022625497 0.998302102
1341846333.362100 -0.040930789 -0.002564625 0.093476579 0.031072503 -0.042952802 0.021340610 0.998365700
1341846333.394119 -0.041776843 -0.003394353 0.095786229 0.027525706 -0.043321792 0.020153062 0.998478532
1341846333.429974 -0.041478824 -0.002975371 0.095770910 0.026968062 -0.045125406 0.019549413 0.998425901
1341846333.462115 -0.040613584 -0.003948239 0.096558981 0.026031468 -0.045403950 0.018604467 0.998456180
1341846333.494040 -0.040159550 -0.003462465 0.096873634 0.027687525 -0.044906061 0.017461618 0.998454750
1341846333.529953 -0.039239664 -0.001438175 0.101199381 0.029444421 -0.044133455 0.017698076 0.998434782
1341846333.562063 -0.040872339 -0.001865877 0.101237200 0.030009709 -0.040582996 0.018417072 0.998555601
1341846333.594090 -0.041330200 -0.001124245 0.097760923 0.028903469 -0.041821335 0.019723747 0.998512149
1341846333.629994 -0.041510399 -0.001422553 0.096409798 0.025102202 -0.044100456 0.018486036 0.998540580
1341846333.662127 -0.041342176 -0.001397810 0.095186256 0.022275230 -0.045335226 0.017639540 0.998567641
1341846333.697964 -0.040793046 -0.003005989 0.095585875 0.019933568 -0.045391351 0.018661417 0.998596013
1341846333.730092 -0.041647270 -0.003141856 0.094977155 0.022379059 -0.044492994 0.019795543 0.998562813
1341846333.762089 -0.041639030 -0.003082069 0.093604557 0.023588032 -0.043587971 0.021519160 0.998539209
1341846333.798006 -0.041711479 -0.003926280 0.092750311 0.024760755 -0.043168802 0.021410378 0.998531401
1341846333.830055 -0.041165967 -0.002202084 0.097715072 0.028369259 -0.042129226 0.019309247 0.998522639
1341846333.866045 -0.041903481 -0.002249809 0.096882157 0.029549439 -0.040447719 0.018021652 0.998582065
1341846333.897987 -0.042465407 -0.002751578 0.095903665 0.031095849 -0.040176459 0.016660830 0.998569667
1341846333.930099 -0.041874327 -0.004849517 0.090012461 0.032811478 -0.040001340 0.016319657 0.998527408
1341846333.965889 -0.042137116 -0.004119384 0.088976383 0.035780031 -0.039188221 0.016267432 0.998458564
1341846333.997985 -0.042693887 -0.005138474 0.087437868 0.037958607 -0.037768502 0.015761463 0.998440921
1341846334.030076 -0.042700119 -0.004820545 0.085888103 0.041232053 -0.036622640 0.017224567 0.998329639
1341846334.066000 -0.043129902 -0.005025486 0.083691023 0.042612731 -0.036855690 0.018829489 0.998234093
1341846334.097932 -0.042841882 -0.005200656 0.082472995 0.044460282 -0.036899406 0.018431270 0.998159349
1341846334.133884 -0.044173338 -0.005517173 0.081105962 0.045836192 -0.035229355 0.018547367 0.998155296
1341846334.166115 -0.045340348 -0.005570136 0.079660460 0.046151534 -0.035953142 0.019140899 0.998103738
1341846334.198072 -0.045257036 -0.005613920 0.078233913 0.046726998 -0.037649445 0.018857071 0.998019814
1341846334.234097 -0.044556804 -0.005898226 0.080181047 0.047063265 -0.037379086 0.017286366 0.998042583
1341846334.266045 -0.045333099 -0.006467024 0.078417815 0.046976119 -0.035736229 0.017461648 0.998103797
1341846334.297946 -0.046998989 -0.006304689 0.077199288 0.048401266 -0.036693633 0.018976288 0.997973323
1341846334.334036 -0.046483330 -0.005786846 0.075836718 0.048765492 -0.038781945 0.019933572 0.997857988
1341846334.365871 -0.046284299 -0.005841475 0.073561437 0.048103724 -0.038536970 0.018063456 0.997935176
1341846334.401845 -0.047031231 -0.005811645 0.072741926 0.046974584 -0.037482359 0.016928734 0.998049021
1341846334.433864 -0.048542578 -0.006809255 0.070935167 0.046914190 -0.037875470 0.017365495 0.998029530
1341846334.466105 -0.048452750 -0.005823585 0.069982521 0.047931999 -0.039824836 0.017762195 0.997898281
1341846334.502142 -0.049514998 -0.005211088 0.068916164 0.046846062 -0.040900320 0.018761383 0.997888088
1341846334.540153 -0.049044646 -0.004838057 0.064154632 0.046250436 -0.041812789 0.017495345 0.997901022
1341846334.566584 -0.049765002 -0.003828677 0.061667066 0.045238469 -0.042390067 0.014545092 0.997970462
1341846334.602351 -0.051689364 -0.003083673 0.061329912 0.042624015 -0.044720411 0.010191839 0.998037755
1341846334.634069 -0.050401255 -0.003646286 0.059816089 0.039382186 -0.047737639 0.005877780 0.998065948
1341846334.670161 -0.050936744 -0.004276255 0.058306184 0.037426200 -0.048051674 0.003502536 0.998137295
1341846334.702085 -0.052424897 -0.005141641 0.056448624 0.035878610 -0.049645253 0.003441514 0.998116314
1341846334.734751 -0.052826628 -0.004055338 0.057510212 0.036662854 -0.052159484 0.004842968 0.997953773
1341846334.770889 -0.052944347 -0.004588304 0.055584151 0.035992485 -0.053856015 0.007915725 0.997868419
1341846334.802194 -0.053914174 -0.003747700 0.052799989 0.036051504 -0.055898644 0.008234861 0.997751415
1341846334.833908 -0.052636266 -0.004260363 0.048575502 0.035309851 -0.057972122 0.007006031 0.997668922
1341846334.869874 -0.053022619 -0.004068310 0.046877544 0.033571217 -0.058245227 0.006892266 0.997713864
1341846334.902006 -0.053776182 -0.004695424 0.044231322 0.031727962 -0.059647270 0.006972456 0.997690797
1341846334.938010 -0.054369025 -0.005137281 0.042105764 0.031166887 -0.062537506 0.006345110 0.997535646
1341846334.970032 -0.053637173 -0.005158260 0.041956972 0.031304251 -0.063970238 0.005498260 0.997445524
1341846335.002203 -0.054231089 -0.006108254 0.039023053 0.032140065 -0.063268714 0.007359360 0.997451723
1341846335.037880 -0.055595163 -0.005297988 0.035784163 0.034862287 -0.065720834 0.009527881 0.997183323
1341846335.069990 -0.054339658 -0.004568152 0.034349367 0.035311371 -0.069233894 0.009608669 0.996928990
1341846335.106038 -0.054400161 -0.004931206 0.035131663 0.035417344 -0.068113960 0.008082745 0.997015953
1341846335.138045 -0.055181798 -0.005964261 0.030378260 0.036878187 -0.066563502 0.006976408 0.997076035
1341846335.169900 -0.055700738 -0.004382980 0.027802974 0.037689745 -0.068919465 0.007329423 0.996883094
1341846335.206091 -0.054561093 -0.005104042 0.026125273 0.036562301 -0.071311772 0.005296428 0.996769667
1341846335.239365 -0.054084755 -0.005910892 0.025658013 0.036525745 -0.070552357 0.002594943 0.996835709
1341846335.269948 -0.054954264 -0.006026126 0.023102790 0.038302019 -0.068754062 0.001307876 0.996897221
1341846335.305972 -0.055706576 -0.006320395 0.020241033 0.040038485 -0.069963165 0.001799495 0.996744156
1341846335.338012 -0.055117335 -0.006668488 0.020266213 0.041110668 -0.071958907 0.003882496 0.996552408
1341846335.374005 -0.053887829 -0.008487923 0.019548392 0.044737797 -0.071122445 0.005189822 0.996450305
1341846335.406025 -0.055147544 -0.006133919 0.017315302 0.052172381 -0.067884564 0.007269885 0.996301591
1341846335.438079 -0.054624241 -0.005254142 0.013998102 0.057139553 -0.067332804 0.011025559 0.996032000
1341846335.473998 -0.053423923 -0.004982050 0.011252235 0.059313372 -0.066043474 0.012384368 0.995975316
1341846335.507038 -0.052649330 -0.004202336 0.008387516 0.060507730 -0.063659817 0.010634975 0.996078908
1341846335.538040 -0.053745054 -0.002818730 0.006713334 0.060467504 -0.060811017 0.008373107 0.996280909
1341846335.574119 -0.054652553 -0.001781116 0.004685895 0.058398239 -0.060643334 0.008464504 0.996413767
1341846335.605970 -0.054412384 -0.003508439 0.003397792 0.056243710 -0.061467972 0.007841620 0.996492267
1341846335.641978 -0.053291302 -0.003484435 0.001081323 0.057498071 -0.060724333 0.005561157 0.996481597
1341846335.673993 -0.054396346 -0.002696492 -0.001495616 0.057441380 -0.059397846 0.005158755 0.996567011
1341846335.706178 -0.054147590 -0.002936493 -0.004212858 0.056593768 -0.060979027 0.006174421 0.996514201
1341846335.741982 -0.053887784 -0.002969428 -0.004862704 0.057166528 -0.061331645 0.005461166 0.996464074
1341846335.773960 -0.054248963 -0.002000179 -0.007968269 0.057687253 -0.060465612 0.004768906 0.996490538
1341846335.806271 -0.054423291 -0.000605661 -0.009738550 0.056129776 -0.060983457 0.004911430 0.996547222
1341846335.842031 -0.053988814 -0.001934160 -0.010355329 0.053552803 -0.060552746 0.005266520 0.996713459
1341846335.873966 -0.054318395 -0.002100236 -0.012700922 0.054578155 -0.058787402 0.004406620 0.996767700
1341846335.910005 -0.055334698 -0.000809531 -0.015490364 0.054372508 -0.058342826 0.005732151 0.996798337
1341846335.941936 -0.055489354 -0.001016874 -0.017617917 0.053168591 -0.060309693 0.006800638 0.996739507
1341846335.974198 -0.054794345 -0.001076260 -0.020021908 0.052866422 -0.061336119 0.005069533 0.996703207
1341846336.010032 -0.055011604 -0.001387433 -0.021617236 0.052639566 -0.061372716 0.004075991 0.996717572
1341846336.042129 -0.056079127 -0.001072968 -0.024297204 0.051870812 -0.062249806 0.004191952 0.996702969
1341846336.078076 -0.056359127 -0.001948392 -0.025589498 0.051487133 -0.064158663 0.003547790 0.996604323
1341846336.110739 -0.055594862 -0.001144886 -0.026439296 0.052369304 -0.064867325 0.002496649 0.996515632
1341846336.142002 -0.056891859 -0.001011206 -0.028996911 0.052121688 -0.064443387 0.003214234 0.996554077
1341846336.183953 -0.057726245 -0.000257916 -0.031135602 0.052012499 -0.066731080 0.003641837 0.996407747
1341846336.210112 -0.057327051 0.000189216 -0.032748736 0.050469756 -0.068703361 0.004383613 0.996350050
1341846336.241891 -0.057239678 -0.000204679 -0.032610528 0.050075162 -0.067706659 0.003202442 0.996442676
1341846336.277946 -0.059041243 -0.001111606 -0.032769106 0.050186202 -0.067111537 0.005105988 0.996469438
1341846336.309977 -0.059129063 -0.001192886 -0.035152167 0.052538354 -0.069566838 0.007843078 0.996161997
1341846336.346143 -0.058563240 0.000102271 -0.036668468 0.054786973 -0.071066283 0.009064463 0.995924592
1341846336.377975 -0.058493067 -0.000313443 -0.037708435 0.055259820 -0.071026370 0.008870599 0.995903075
1341846336.410032 -0.058422200 0.000212397 -0.040960029 0.056234069 -0.070313960 0.008849348 0.995899260
1341846336.446041 -0.059066620 0.001438006 -0.042547461 0.056256894 -0.070494197 0.008524306 0.995888054
1341846336.477990 -0.059052292 0.001051720 -0.043282747 0.055174224 -0.070448272 0.007988307 0.995956361
1341846336.510056 -0.059462667 0.000820512 -0.046390414 0.054919880 -0.069697484 0.008323279 0.996020496
1341846336.546024 -0.059249129 0.000167735 -0.045749489 0.055808805 -0.070033722 0.010660804 0.995925188
1341846336.578003 -0.060027827 0.002101828 -0.047348760 0.056139849 -0.070018664 0.012225342 0.995889664
1341846336.614020 -0.058642168 0.002317933 -0.047926940 0.055491425 -0.070011280 0.011905216 0.995930374
1341846336.645982 -0.059454389 0.003093431 -0.051150966 0.054613870 -0.068227246 0.010920440 0.996114016
1341846336.678036 -0.061047088 0.001886887 -0.052464489 0.052236035 -0.069436729 0.010965516 0.996157467
1341846336.714024 -0.062041435 0.000408428 -0.050855380 0.053533785 -0.071698934 0.010687807 0.995931327
1341846336.746016 -0.062381569 -0.000342500 -0.052969899 0.056794200 -0.073754266 0.012588148 0.995578349
1341846336.778014 -0.062021658 0.001561590 -0.056340698 0.059788458 -0.077575631 0.015826708 0.995066226
1341846336.820006 -0.062419478 0.002551274 -0.056947950 0.060339160 -0.081418976 0.018707993 0.994675875
1341846336.845952 -0.061139163 0.001630144 -0.056502681 0.060775843 -0.083370872 0.017786527 0.994504511
1341846336.882056 -0.063199803 0.002908843 -0.059752543 0.063085966 -0.083275959 0.016984975 0.994382620
1341846336.914273 -0.064320549 0.001367971 -0.059414241 0.064885169 -0.087180942 0.018772364 0.993899882
1341846336.945998 -0.063653946 -0.000324652 -0.061526738 0.070629127 -0.093949497 0.021409921 0.992837667
1341846336.981980 -0.064705200 0.004717320 -0.062575541 0.075263448 -0.097505175 0.019714262 0.992189229
1341846337.014238 -0.064130917 0.006404164 -0.064189740 0.072791070 -0.100375712 0.017866079 0.992122412
1341846337.046017 -0.062086336 0.005367201 -0.064466998 0.069923311 -0.102479540 0.014011125 0.992175579
1341846337.082104 -0.063551106 0.005106372 -0.065822184 0.069658540 -0.102259897 0.010232846 0.992263019
1341846337.114317 -0.064865127 0.004986487 -0.065879434 0.067801215 -0.104185864 0.009903062 0.992194653
1341846337.150037 -0.062985793 0.005289236 -0.066854693 0.066205963 -0.106601395 0.008739281 0.992056727
1341846337.181873 -0.062205140 0.005206463 -0.066543385 0.066045761 -0.106813513 0.005471614 0.992067993
1341846337.214073 -0.062502943 0.006020561 -0.067419976 0.064179622 -0.105103359 0.003299823 0.992382646
1341846337.250087 -0.066495895 0.003091471 -0.068983465 0.060641900 -0.105288334 0.003658673 0.992584288
1341846337.282028 -0.065451771 0.003084388 -0.069255963 0.061472867 -0.109858826 0.007215091 0.992018163
1341846337.317920 -0.063224852 0.004394286 -0.068632051 0.061440822 -0.112031288 0.008141066 0.991769969
1341846337.350018 -0.063148178 0.005546940 -0.070508137 0.060134038 -0.111265264 0.007701094 0.991939843
1341846337.382159 -0.062402070 0.004138891 -0.068986379 0.057184216 -0.111351460 0.005878754 0.992117047
1341846337.417941 -0.064240120 0.002110117 -0.070310608 0.057480577 -0.109894782 0.005543085 0.992264271
1341846337.450137 -0.065006785 0.004577755 -0.071569815 0.058693115 -0.111567423 0.006551543 0.992000461
1341846337.482096 -0.063349061 0.003621154 -0.071520634 0.056732509 -0.112355582 0.007298037 0.992020369
1341846337.518008 -0.064187944 0.002338895 -0.072429754 0.057299230 -0.112324923 0.007420480 0.991990328
1341846337.549978 -0.063687623 0.005601316 -0.073076323 0.058606088 -0.113317482 0.006074065 0.991810262
1341846337.585971 -0.063889340 0.004072326 -0.071959026 0.055499587 -0.113754258 0.005034383 0.991944730
1341846337.617903 -0.063463889 0.000595147 -0.070092425 0.055999286 -0.114617430 0.005266256 0.991816103
1341846337.650141 -0.063374162 0.003660744 -0.071651377 0.059185233 -0.114807621 0.004956977 0.991610706
1341846337.686352 -0.062440988 0.005331128 -0.072561987 0.057782028 -0.114689045 0.005320419 0.991705239
1341846337.718002 -0.062032517 0.003934303 -0.070686370 0.055534761 -0.114571191 0.005318077 0.991847277
1341846337.749920 -0.061530378 0.004597235 -0.069534339 0.055576622 -0.112908602 0.004645143 0.992038965
1341846337.786157 -0.061841547 0.006310110 -0.069380581 0.053019524 -0.109798670 0.004330550 0.992529273
1341846337.817945 -0.061733142 0.004042308 -0.068190604 0.049829867 -0.107930154 0.005848019 0.992891669
1341846337.854071 -0.061286829 0.005691948 -0.068493083 0.049164981 -0.104750670 0.005706566 0.993266106
1341846337.885951 -0.061785202 0.007164922 -0.067263067 0.046564501 -0.102127984 0.003709495 0.993673921
1341846337.918223 -0.061642479 0.007258746 -0.065648817 0.042623769 -0.100921035 0.001154024 0.993980289
1341846337.954120 -0.061910197 0.006252627 -0.064472221 0.040048838 -0.099551938 0.000156515 0.994226038
1341846337.985994 -0.061694846 0.008118602 -0.062608592 0.038040947 -0.098593660 -0.000083833 0.994400382
1341846338.018107 -0.061202716 0.007288772 -0.061066933 0.034197748 -0.097250268 0.001160272 0.994671583
1341846338.054055 -0.061266832 0.007959951 -0.059431180 0.032129414 -0.095818169 0.000378743 0.994880140
1341846338.085986 -0.059928633 0.007808917 -0.057823118 0.028670030 -0.093126662 -0.000407172 0.995241344
1341846338.121875 -0.061747998 0.007112057 -0.055267658 0.026573580 -0.090279318 0.001012976 0.995561361
1341846338.154089 -0.062010311 0.007109500 -0.054858170 0.025591686 -0.089467935 0.003965146 0.995652974
1341846338.186029 -0.061666552 0.007524787 -0.053857103 0.024344472 -0.090124108 0.006776391 0.995609879
1341846338.222071 -0.059995562 0.007627907 -0.050940342 0.022903631 -0.089595698 0.006440260 0.995693982
1341846338.254107 -0.060733829 0.007118175 -0.049118731 0.021166628 -0.087545417 0.006519229 0.995914280
1341846338.290130 -0.060850412 0.006511203 -0.047601156 0.021273462 -0.087417357 0.008168649 0.995911062
1341846338.321952 -0.060942885 0.007778227 -0.045047265 0.021856826 -0.086602934 0.010022961 0.995952666
1341846338.354022 -0.060269527 0.007165179 -0.043947358 0.020864215 -0.086250998 0.010636749 0.995998144
1341846338.389969 -0.060949337 0.009007263 -0.043992639 0.021055371 -0.085131779 0.010585422 0.996090949
1341846338.422377 -0.060742144 0.007962141 -0.039681625 0.018652685 -0.084988073 0.010952729 0.996147156
1341846338.454010 -0.060728218 0.008668432 -0.039043009 0.018080113 -0.085268490 0.009986131 0.996143878
1341846338.489894 -0.060526147 0.008359531 -0.036341067 0.016337816 -0.085744612 0.009943149 0.996133566
1341846338.522066 -0.059370529 0.007700303 -0.034545414 0.016964611 -0.085995913 0.010187136 0.996098936
1341846338.558058 -0.060294971 0.008695156 -0.034003101 0.016471608 -0.085587762 0.009336344 0.996150732
1341846338.589842 -0.059520774 0.008077044 -0.030936802 0.014176182 -0.086304687 0.009243992 0.996125042
1341846338.622019 -0.058997750 0.007036175 -0.028218921 0.014517912 -0.085487053 0.010513963 0.996178031
1341846338.657984 -0.060175866 0.009033546 -0.028577898 0.015526525 -0.084797643 0.011384840 0.996212125
1341846338.690198 -0.059279036 0.009594035 -0.025960723 0.013714557 -0.086196989 0.011323750 0.996119320
1341846338.722454 -0.058341760 0.007378565 -0.021186689 0.012184201 -0.085809343 0.012043743 0.996164262
1341846338.757945 -0.059127860 0.009633002 -0.023106741 0.013028231 -0.085015535 0.012907284 0.996210814
1341846338.790039 -0.058505319 0.009102363 -0.020445313 0.010536951 -0.087521426 0.013948197 0.996009231
1341846338.826048 -0.057593677 0.007612379 -0.016848331 0.010383432 -0.087325230 0.012956388 0.996041477
1341846338.858027 -0.058271576 0.009109354 -0.016801935 0.011079120 -0.084911570 0.011171278 0.996264279
1341846338.889902 -0.057798099 0.009373681 -0.014507801 0.008675928 -0.086169690 0.010828176 0.996183872
1341846338.925948 -0.057149790 0.008299815 -0.011090182 0.007439693 -0.085929394 0.009390737 0.996229231
1341846338.958108 -0.056886520 0.008944259 -0.008761628 0.008151129 -0.084416799 0.008490941 0.996361017
1341846338.990057 -0.056804284 0.009137306 -0.007310455 0.008604796 -0.084084198 0.009108838 0.996379852
1341846339.025928 -0.055782441 0.007741671 -0.003373815 0.010070350 -0.083895527 0.010273845 0.996370733
1341846339.057939 -0.056274407 0.009338224 -0.002077379 0.013558677 -0.081143834 0.009929883 0.996560693
1341846339.093927 -0.057589885 0.010957365 -0.001325476 0.013096818 -0.080932006 0.010736182 0.996575773
1341846339.126562 -0.055877730 0.011577647 0.001133067 0.010040068 -0.082676597 0.009947369 0.996476233
1341846339.157969 -0.054104347 0.011058616 0.005220710 0.007413932 -0.081180409 0.007688162 0.996642232
1341846339.194113 -0.056702424 0.012194154 0.004136841 0.006111597 -0.078388214 0.007868703 0.996873140
1341846339.228165 -0.055513743 0.012165459 0.006112720 0.002141781 -0.081275582 0.011001925 0.996628642
1341846339.257998 -0.054831129 0.012121181 0.010574453 -0.000729467 -0.081318036 0.011837179 0.996617675
1341846339.294132 -0.055030201 0.013120681 0.011193850 -0.000297006 -0.078305013 0.011107850 0.996867478
1341846339.326577 -0.056504108 0.014342475 0.010747719 -0.003729350 -0.079008937 0.014891573 0.996755660
1341846339.362269 -0.054285720 0.013497662 0.014860569 -0.008644629 -0.082733892 0.013287172 0.996445596
1341846339.394725 -0.053426765 0.013853710 0.017037487 -0.009223238 -0.081197090 0.012032677 0.996582747
1341846339.426160 -0.054225706 0.014052570 0.017032839 -0.011185107 -0.080650307 0.012775191 0.996597826
1341846339.462186 -0.053393967 0.013475695 0.020559654 -0.013043975 -0.082054600 0.012463397 0.996464491
1341846339.496743 -0.051020935 0.013113609 0.023614887 -0.010217916 -0.079581752 0.010671492 0.996718884
1341846339.530143 -0.052232537 0.014075431 0.023106864 -0.008975483 -0.074874841 0.010237776 0.997099996
1341846339.562052 -0.052632529 0.012895135 0.024864789 -0.009066558 -0.075028047 0.011295792 0.997076213
1341846339.595122 -0.050835401 0.012226744 0.026639078 -0.007451780 -0.075496085 0.011401999 0.997053027
1341846339.632085 -0.049722549 0.012217901 0.027725797 -0.005932358 -0.072038420 0.009409353 0.997339845
1341846339.664568 -0.050171204 0.012547760 0.030324206 -0.005151328 -0.068735652 0.007407011 0.997594118
1341846339.698896 -0.050322723 0.012397115 0.033074554 -0.005136054 -0.067623518 0.006194692 0.997678459
1341846339.731977 -0.049554963 0.012376092 0.034550395 -0.004909422 -0.067688011 0.005466696 0.997679472
1341846339.762241 -0.048928585 0.012099137 0.037865948 -0.004502420 -0.066782095 0.004180205 0.997748673
1341846339.797873 -0.049757261 0.012343661 0.038538605 -0.003999972 -0.065567665 0.005074445 0.997827172
1341846339.830245 -0.048409060 0.011640893 0.040250808 -0.005092147 -0.067057408 0.006263016 0.997716486
1341846339.862015 -0.048080370 0.011963094 0.041296016 -0.005374932 -0.066916123 0.006279499 0.997724354
1341846339.897797 -0.047063429 0.011751254 0.042162586 -0.006523529 -0.066237122 0.005753689 0.997766018
1341846339.929916 -0.047298227 0.010585109 0.044318948 -0.007264621 -0.064885698 0.006565519 0.997844696
1341846339.961960 -0.046922110 0.010055127 0.045956869 -0.006084090 -0.065644287 0.007887369 0.997793376
1341846339.997845 -0.045834269 0.010106786 0.045501869 -0.004810724 -0.064857505 0.008158586 0.997849584
1341846340.029925 -0.045760714 0.010264845 0.047972865 -0.003556636 -0.062370274 0.008976651 0.998006403
1341846340.066044 -0.045028821 0.009935374 0.049114436 -0.001953878 -0.061723728 0.010922192 0.998031616
1341846340.098009 -0.045188539 0.010080577 0.049378045 -0.000936612 -0.060730923 0.011391195 0.998088717
1341846340.130102 -0.044404179 0.010039916 0.050755054 -0.001646096 -0.061218955 0.010895390 0.998063564
1341846340.166041 -0.043411333 0.009255281 0.053067435 -0.001078439 -0.059718389 0.009433310 0.998170137
1341846340.197867 -0.044119220 0.009749101 0.053988528 0.000431680 -0.056584589 0.008674961 0.998360038
1341846340.229904 -0.044190042 0.010470454 0.055722505 -0.000502499 -0.056673326 0.008638615 0.998355269
1341846340.265859 -0.043599721 0.009537419 0.057669103 -0.001369448 -0.055996116 0.008064545 0.998397470
1341846340.298061 -0.043705471 0.009473951 0.058229223 0.000732352 -0.053231448 0.007707194 0.998552203
1341846340.334063 -0.044511903 0.011062863 0.060262248 0.000724484 -0.053772178 0.009512660 0.998507679
1341846340.366064 -0.043655232 0.009588837 0.061933238 -0.001736997 -0.056131687 0.008967524 0.998381615
1341846340.397995 -0.042949602 0.009186650 0.062155414 -0.000056153 -0.055949744 0.009023786 0.998392820
1341846340.433895 -0.042941526 0.009927662 0.063671269 0.000854126 -0.056107718 0.009670993 0.998377502
1341846340.465959 -0.043171454 0.009753956 0.064406648 0.001405708 -0.058280353 0.011197201 0.998236477
1341846340.501858 -0.041776892 0.009424864 0.063707642 0.001742136 -0.062409010 0.011816382 0.997979164
1341846340.534329 -0.041341648 0.009799084 0.064594008 0.002603845 -0.063648872 0.011412497 0.997903705
1341846340.566041 -0.040548049 0.008705131 0.065069921 0.003198628 -0.064794756 0.012198871 0.997818887
1341846340.601909 -0.039299503 0.008810235 0.063947536 0.005600505 -0.065673977 0.012961800 0.997741222
1341846340.634005 -0.038516972 0.009598852 0.062804520 0.006990818 -0.066180982 0.011945381 0.997711658
1341846340.666028 -0.037718318 0.008682272 0.062588029 0.006247288 -0.066086844 0.010111748 0.997743070
1341846340.701946 -0.036734849 0.008062705 0.062066838 0.007885349 -0.065182768 0.008119139 0.997809112
1341846340.733954 -0.036800642 0.009480539 0.061965082 0.010114157 -0.063017294 0.005833483 0.997944117
1341846340.770081 -0.036637854 0.009279815 0.061548449 0.009177952 -0.062754303 0.004236738 0.997977793
1341846340.801980 -0.035169486 0.008744902 0.060713384 0.009203098 -0.062375929 -0.000625501 0.998010099
1341846340.833999 -0.035271682 0.009774236 0.060322940 0.009901679 -0.059870273 -0.005318488 0.998142898
1341846340.870013 -0.035811767 0.009302793 0.060595959 0.008699945 -0.059268050 -0.008145307 0.998170972
1341846340.901955 -0.035560958 0.008699478 0.060292747 0.009186884 -0.059862699 -0.008247555 0.998130262
1341846340.933918 -0.035524100 0.008931152 0.060186297 0.011040286 -0.060384482 -0.005575604 0.998098552
1341846340.970122 -0.035860572 0.009389640 0.059923753 0.012304099 -0.063154295 -0.000705431 0.997927666
1341846341.001922 -0.035611771 0.008865013 0.059537616 0.012837357 -0.067242056 0.004423915 0.997644305
1341846341.037923 -0.035389174 0.009095333 0.059093878 0.014006169 -0.069895841 0.007660143 0.997426569
1341846341.070300 -0.035346113 0.008762601 0.058831923 0.014186537 -0.070689283 0.007791523 0.997367024
1341846341.102028 -0.035772037 0.008941758 0.058155313 0.014345656 -0.071835823 0.008046008 0.997280836
1341846341.137982 -0.035548985 0.008669769 0.058110297 0.014209560 -0.073893271 0.008396318 0.997129560
1341846341.170048 -0.035305858 0.008401911 0.058018155 0.014508668 -0.074411534 0.009473959 0.997077048
1341846341.202110 -0.034992602 0.008255238 0.057997152 0.015771260 -0.075128324 0.011678089 0.996980727
1341846341.237996 -0.035145812 0.008510672 0.057595238 0.017628314 -0.074666798 0.011989793 0.996980608
1341846341.269883 -0.035281900 0.008153782 0.056567807 0.018506715 -0.074034154 0.012349457 0.997007489
1341846341.306107 -0.035281368 0.008198761 0.056613401 0.019239387 -0.074633747 0.011586095 0.996958077
1341846341.338109 -0.035092827 0.008118225 0.056190226 0.020088749 -0.074461989 0.010204639 0.996969283
1341846341.370120 -0.035002436 0.008023552 0.055717863 0.020701803 -0.073096350 0.007572157 0.997081220
1341846341.406074 -0.036091570 0.008171781 0.055335518 0.021068497 -0.072059318 0.006320950 0.997157753
1341846341.438113 -0.036056917 0.007014402 0.054682847 0.021540275 -0.073956490 0.007082119 0.997003675
1341846341.470024 -0.034970276 0.007514422 0.054302253 0.024502564 -0.074749984 0.005793762 0.996884406
1341846341.506077 -0.035206072 0.008710803 0.052825622 0.025193619 -0.073609404 0.004078457 0.996960521
1341846341.538156 -0.036332812 0.007946551 0.053483982 0.023955392 -0.074548006 0.004001387 0.996921599
1341846341.574016 -0.035717756 0.008142181 0.053120494 0.024840225 -0.077238992 0.005717455 0.996686697
1341846341.612466 -0.035791218 0.008435341 0.052911349 0.025465954 -0.077755250 0.006041948 0.996628881
1341846341.643972 -0.035993695 0.009149927 0.051788587 0.024947049 -0.078808092 0.004726542 0.996566415
1341846341.679982 -0.035554409 0.008672431 0.051021218 0.024304355 -0.080476426 0.004941110 0.996447921
1341846341.712332 -0.036758441 0.008854507 0.051841103 0.025181351 -0.082038186 0.007534103 0.996282518
1341846341.744185 -0.036132015 0.008595847 0.051213361 0.025072204 -0.084548801 0.010209093 0.996051550
1341846341.780061 -0.036287684 0.008814797 0.050675016 0.025702039 -0.084882222 0.010850420 0.996000350
1341846341.812163 -0.035874054 0.007949526 0.050340544 0.025305947 -0.085874252 0.012818011 0.995902061
1341846341.842595 -0.035984822 0.007441876 0.050672032 0.026994472 -0.086071864 0.016173990 0.995791793
1341846341.875779 -0.035848673 0.007717382 0.049904607 0.028545106 -0.086304747 0.019900214 0.995660901
1341846341.906227 -0.035406329 0.006740263 0.050342172 0.029689535 -0.087307185 0.022375748 0.995487511
1341846341.942069 -0.034918714 0.005674793 0.048714194 0.032125559 -0.087304324 0.024449207 0.995363295
1341846341.974775 -0.034988258 0.006099031 0.047758806 0.035687372 -0.087283336 0.025463469 0.995218396
1341846342.010161 -0.035610620 0.006484054 0.047423206 0.036589056 -0.088089079 0.026930021 0.995076060
1341846342.042024 -0.034356855 0.005272698 0.047489416 0.037532732 -0.089517564 0.027875623 0.994887352
1341846342.080032 -0.033736918 0.006220841 0.047550470 0.040131338 -0.087589353 0.027940268 0.994955719
1341846342.112265 -0.034386206 0.005419062 0.047356319 0.039916649 -0.086605638 0.029902982 0.994993448
1341846342.147954 -0.034373194 0.004279161 0.046859246 0.041650496 -0.087734848 0.031994976 0.994758368
1341846342.179852 -0.033383716 0.004721509 0.046279538 0.044653673 -0.087683342 0.033881996 0.994570136
1341846342.211848 -0.033591054 0.005072454 0.046646576 0.045539308 -0.086985581 0.033573281 0.994601667
1341846342.247920 -0.033649303 0.004505763 0.045567349 0.046333317 -0.086697049 0.032735609 0.994618118
1341846342.279870 -0.033364430 0.004818987 0.046164449 0.048064038 -0.086307213 0.033063583 0.994559050
1341846342.316068 -0.033005636 0.004677177 0.045272030 0.049080078 -0.086437568 0.034505714 0.994449139
1341846342.347894 -0.032911025 0.005423998 0.044686105 0.049861632 -0.086316466 0.034424461 0.994423568
1341846342.379953 -0.032869883 0.004903231 0.044858918 0.049899079 -0.085538156 0.033655528 0.994515240
1341846342.416195 -0.032897383 0.005129709 0.044580176 0.050374694 -0.085359521 0.035400212 0.994446039
1341846342.447907 -0.033154596 0.005698468 0.044670895 0.050887354 -0.086046413 0.035822038 0.994345665
