1341846314.493987 0.020250646 0.001989955 0.003409108 -0.003803579 0.032700524 -0.005323588 0.999443769
1341846314.526085 0.027621631 0.004623588 0.002941075 -0.002440244 0.032551415 -0.008316319 0.999432504
1341846314.558292 0.023475204 0.002796376 0.001410880 -0.004484059 0.037578363 -0.006207693 0.999264359
1341846314.594085 0.033984870 0.001594330 0.004478959 -0.003426190 0.038661916 -0.007747604 0.999216437
1341846314.626096 0.035333823 0.004095243 0.000190633 -0.002185083 0.042412627 -0.005955378 0.999080062
1341846314.658455 0.038861874 0.004617108 0.002268169 -0.003915660 0.043513853 -0.006336941 0.999025047
1341846314.694004 0.031123269 0.000277869 0.005159616 -0.005257639 0.051245488 -0.008052964 0.998639762
1341846314.725910 0.039148632 -0.002509649 0.003240868 -0.002049702 0.051627308 -0.004905506 0.998652279
1341846314.761942 0.034398761 -0.002080139 0.001020333 0.001573647 0.053925324 0.000322641 0.998543680
1341846314.794030 0.039634027 -0.001443873 0.002263728 0.004944452 0.054475155 0.001348977 0.998501956
1341846314.826092 0.037633386 0.000274940 0.000902155 0.007360320 0.059923388 0.003145050 0.998170853
1341846314.862145 0.041218076 0.001081099 0.000106628 0.007677574 0.062675305 0.004033875 0.997996271
1341846314.894072 0.042977680 0.000406565 0.001206240 0.007154886 0.066327564 0.006302492 0.997752309
1341846314.925969 0.043803319 0.001235876 -0.000074373 0.007342986 0.069155768 0.010153159 0.997527182
1341846314.961937 0.044420943 0.003755300 -0.003329621 0.005558867 0.069692999 0.014126574 0.997452974
1341846314.994564 0.047633637 0.001956035 -0.002471621 0.001264097 0.069799922 0.014267165 0.997458220
1341846315.029900 0.059176434 0.000668406 -0.002954387 0.000577278 0.069598451 0.010984830 0.997514427
1341846315.061965 0.060683355 0.001075014 -0.001640873 0.000142351 0.071355902 0.014813796 0.997340858
1341846315.094388 0.061944164 -0.000353897 -0.000816202 -0.000205602 0.070215680 0.015069942 0.997417986
1341846315.129851 0.054374803 0.001417210 -0.000944480 0.002505040 0.074019611 0.014750754 0.997144520
1341846315.161941 0.056659415 0.008436699 -0.004967335 0.002290528 0.073413953 0.018030684 0.997135937
1341846315.197984 0.064004511 0.005860244 -0.004091501 -0.005002446 0.069234297 0.011928279 0.997516572
1341846315.230076 0.067426689 0.004959595 -0.002865330 -0.008706870 0.067304388 0.008182033 0.997660935
1341846315.262069 0.057454947 0.003859185 -0.002396308 -0.012171934 0.068801768 0.011502039 0.997489810
1341846315.298000 0.061280057 0.002376596 0.003504209 -0.014645369 0.063600466 0.014185928 0.997767150
1341846315.329931 0.074682146 -0.001971030 0.004449584 -0.012727571 0.057702877 0.014280102 0.998150527
1341846315.361981 0.077218562 0.000292683 0.001658204 -0.006627679 0.056279149 0.018698681 0.998217940
1341846315.397962 0.080181926 -0.000456540 0.000038646 -0.004267226 0.055622425 0.021658346 0.998207808
1341846315.429923 0.082781948 -0.000292536 0.000222211 -0.001669422 0.056799173 0.023576859 0.998105824
1341846315.466047 0.074796878 0.003796792 0.002657077 0.000791735 0.064010970 0.026826147 0.997588277
1341846315.497883 0.074285954 0.003644183 0.002733462 -0.000228059 0.067407541 0.030828767 0.997249126
1341846315.530008 0.074843697 0.003629805 0.003800628 -0.000225600 0.068754636 0.031915359 0.997122943
1341846315.566108 0.074339397 0.004258399 0.002456951 -0.000803370 0.070818290 0.032404538 0.996962428
1341846315.597986 0.073851213 0.003281143 0.002507558 -0.001446324 0.072138049 0.033195090 0.996841073
1341846315.630109 0.074654207 0.003358826 0.003170772 -0.001214500 0.072959512 0.031485766 0.996837020
1341846315.666042 0.073997363 0.004379794 0.001236574 -0.001428292 0.075221971 0.029889511 0.996717751
1341846315.698114 0.092818394 0.007730262 -0.003661950 -0.005450071 0.071409188 0.028193621 0.997033715
1341846315.733985 0.088359877 0.004207256 0.003402519 -0.009311576 0.076037928 0.028487626 0.996654391
1341846315.766041 0.084563769 0.003204909 0.000638272 -0.009381721 0.075375952 0.027878463 0.996721268
1341846315.798188 0.086937085 0.003437178 0.000795925 -0.010240352 0.073620804 0.028202865 0.996834815
1341846315.834140 0.072457276 0.001275875 0.005040337 -0.010241576 0.080893904 0.029324245 0.996238589
1341846315.866751 0.070017211 0.001355289 0.003848065 -0.007759233 0.083292477 0.028441980 0.996088982
1341846315.898492 0.082761928 0.000823659 0.001959905 -0.006498903 0.079054758 0.025520602 0.996522367
1341846315.936901 0.082287461 -0.000858575 0.002218946 -0.004528474 0.080408938 0.025764367 0.996418655
1341846315.966572 0.078865856 -0.000964077 0.001449965 -0.001160551 0.082869031 0.024528857 0.996257901
1341846316.002119 0.075466946 -0.000127648 0.002777885 0.001504264 0.083657160 0.022355644 0.996242642
1341846316.034204 0.073738031 -0.001586189 0.001539623 0.002851493 0.084039286 0.021929093 0.996217072
1341846316.066113 0.069927163 -0.001147734 0.003689071 0.005262312 0.084898293 0.022516634 0.996121287
1341846316.101867 0.066199929 -0.000624634 0.000379796 0.006603298 0.084504783 0.023899434 0.996114492
1341846316.134066 0.063729793 -0.000919215 0.000320187 0.005686928 0.082006618 0.020262441 0.996409535
1341846316.169952 0.063294068 -0.003083379 0.000684603 0.004771181 0.079382628 0.018064272 0.996669114
1341846316.202049 0.058536407 -0.003331705 0.001415238 0.005263547 0.077935405 0.016323742 0.996810853
1341846316.233979 0.057612643 -0.002477231 -0.001714603 0.006188307 0.076584645 0.014974696 0.996931434
1341846316.270052 0.058540169 -0.002928170 -0.001485854 0.004462614 0.076818019 0.012220148 0.996960223
1341846316.301915 0.055263594 -0.005801062 -0.001109651 0.003950802 0.078564651 0.009903096 0.996851981
1341846316.334208 0.044411328 -0.002986510 0.002946315 0.006740050 0.081299216 0.012161995 0.996592760
1341846316.370006 0.038611352 -0.003704740 0.000893643 0.008697052 0.082067959 0.011168595 0.996526182
1341846316.401994 0.046268679 -0.005726065 -0.001386279 0.009212760 0.077575713 0.014188712 0.996842921
1341846316.438069 0.043775283 -0.007579854 -0.000392876 0.010962107 0.077388473 0.016521338 0.996803820
1341846316.470076 0.038942594 -0.007302932 0.000625441 0.015814668 0.078067347 0.018450495 0.996651828
1341846316.502034 0.034672856 -0.002939538 -0.004012054 0.018983446 0.076346822 0.019935440 0.996701241
1341846316.537975 0.034125950 -0.002033011 -0.003516454 0.016747518 0.072932377 0.019059144 0.997014105
1341846316.570121 0.035846341 -0.003790574 -0.001265488 0.016253926 0.071395271 0.017261634 0.997166276
1341846316.601885 0.029127566 -0.006391263 -0.000001668 0.017344331 0.073153809 0.014607607 0.997062862
1341846316.638009 0.025877973 -0.006461274 -0.000329291 0.019677488 0.072056882 0.016084947 0.997076690
1341846316.669925 0.023356343 -0.006038212 -0.001219719 0.022044936 0.071648166 0.016103465 0.997056305
1341846316.705941 0.021342313 -0.006173961 0.000014686 0.026502889 0.071671024 0.017100316 0.996929467
1341846316.738062 0.017483283 -0.007387226 -0.005242491 0.028097954 0.071822301 0.019475913 0.996831357
1341846316.770433 0.014595171 -0.005563905 -0.003601423 0.027797200 0.071587443 0.020230079 0.996841669
1341846316.805932 0.013340491 -0.008077146 -0.003585303 0.027515557 0.071536109 0.018761810 0.996881902
1341846316.838029 0.010304382 -0.006148857 -0.003756119 0.029583136 0.070174590 0.020584203 0.996883512
1341846316.870034 0.006556619 -0.008949919 -0.004716579 0.028805284 0.067465417 0.022341752 0.997055411
1341846316.906344 0.004838892 -0.007512142 -0.002371932 0.030595917 0.064203165 0.021654921 0.997232616
1341846316.937940 0.003967687 -0.006263860 -0.003925485 0.030892635 0.062822752 0.018535042 0.997374237
1341846316.973994 0.000862104 -0.007185948 -0.003426503 0.029571082 0.061368644 0.018815478 0.997499585
1341846317.005913 -0.002549627 -0.007183670 -0.001848111 0.028530322 0.059404369 0.018887268 0.997647464
1341846317.037936 -0.004625629 -0.008203431 -0.000606790 0.028815588 0.056955583 0.018565221 0.997788072
1341846317.073972 -0.005359974 -0.008735777 -0.000199517 0.029805943 0.054872118 0.019075448 0.997866094
1341846317.106113 -0.009040083 -0.010101534 -0.000681709 0.031649269 0.053993598 0.023318375 0.997767150
1341846317.137887 -0.021353932 -0.012188847 -0.003636555 0.033736616 0.051879164 0.025439667 0.997759104
1341846317.173970 -0.022820400 -0.007568350 0.003469572 0.036739387 0.045063511 0.027422685 0.997931600
1341846317.205887 -0.021802941 -0.009699888 -0.000211561 0.036097575 0.040755626 0.029848151 0.998070657
1341846317.248131 -0.026240390 -0.009725606 0.001250912 0.037111163 0.038940795 0.031647149 0.998050511
1341846317.273950 -0.017592432 -0.007127388 0.000371764 0.039105561 0.030991271 0.032199182 0.998235226
1341846317.306289 -0.019061202 -0.007268759 0.001162687 0.039340727 0.029184189 0.033804592 0.998227358
1341846317.348137 -0.019240528 -0.008858217 0.001687811 0.040017836 0.029750727 0.035028931 0.998141527
1341846317.373974 -0.023023052 -0.007053551 0.000335528 0.041902985 0.031044638 0.037805900 0.997923374
1341846317.410120 -0.025395580 -0.007307196 0.001765457 0.042042013 0.030141687 0.040672999 0.997832477
1341846317.442569 -0.026641529 -0.008575976 0.001069718 0.044465922 0.030161826 0.043567590 0.997604609
1341846317.474010 -0.027849454 -0.009108366 0.000236339 0.049721379 0.029925393 0.046104882 0.997249484
1341846317.509927 -0.030979175 -0.006309227 0.000645400 0.053458273 0.028243734 0.050787408 0.996877670
1341846317.542282 -0.031500336 -0.006087432 -0.000593934 0.052844789 0.025004096 0.052422930 0.996912301
1341846317.573943 -0.031424087 -0.007849750 0.001894798 0.052109491 0.025412519 0.051154800 0.997006536
1341846317.610159 -0.033999994 -0.008552184 0.002732534 0.054294642 0.027724046 0.050767962 0.996848047
1341846317.643553 -0.041858945 -0.006440649 0.001212525 0.057130437 0.029042581 0.052170008 0.996579587
1341846317.677993 -0.046307873 -0.008677986 0.000907601 0.056987781 0.026830221 0.054155499 0.996543884
1341846317.709996 -0.047407378 -0.007597854 0.001707005 0.060124498 0.023970285 0.054031670 0.996439219
1341846317.741834 -0.051341891 -0.005002793 0.000779774 0.060840592 0.023583459 0.053368784 0.996440709
1341846317.777923 -0.048210479 -0.005660583 0.003393011 0.059102044 0.020665359 0.054038554 0.996573985
1341846317.810021 -0.050560225 -0.006622515 0.003910844 0.058578346 0.019206397 0.052429184 0.996720076
1341846317.841886 -0.053370774 -0.005202063 0.004043876 0.058399513 0.018565364 0.050521731 0.996841192
1341846317.878017 -0.054855190 -0.003972284 0.004848977 0.056547277 0.018179839 0.047316480 0.997112334
1341846317.909910 -0.057429802 -0.006275902 0.004289707 0.054951277 0.019680627 0.043480951 0.997347713
1341846317.946031 -0.061999653 -0.006981092 0.006627928 0.056164291 0.021753822 0.044169176 0.997206807
1341846317.978041 -0.064932153 -0.008819789 0.004152867 0.057577569 0.020458689 0.044638377 0.997132719
1341846318.009897 -0.064643122 -0.007083659 0.005838581 0.060552161 0.020113461 0.042910200 0.997039378
1341846318.045949 -0.068666458 -0.005592295 0.004756457 0.061073836 0.021681184 0.041729577 0.997024834
1341846318.078074 -0.074148357 -0.006720044 0.005722315 0.059989106 0.021445323 0.040005904 0.997166455
1341846318.109894 -0.079023339 -0.006517210 0.004197660 0.059740119 0.018347083 0.037573904 0.997337818
1341846318.145957 -0.076827988 -0.006384312 0.002968817 0.058957100 0.014742296 0.035542954 0.997518659
1341846318.178001 -0.079390131 -0.007741272 0.003558620 0.057896648 0.015480486 0.032388669 0.997676969
1341846318.214074 -0.085832134 -0.009465291 0.002784568 0.058291942 0.015084165 0.031467386 0.997689486
1341846318.245970 -0.089814790 -0.012969065 -0.003217675 0.059865676 0.009941756 0.032457732 0.997629046
1341846318.278018 -0.092876390 -0.011388310 -0.001704335 0.064296216 0.005403590 0.032391742 0.997390389
1341846318.313937 -0.097295083 -0.010169342 -0.002128541 0.066412561 0.000351703 0.031242760 0.997302949
1341846318.345989 -0.099193141 -0.009213907 -0.000593549 0.068320654 -0.008662494 0.030121546 0.997170985
1341846318.382046 -0.100883394 -0.010251523 0.001309351 0.069973215 -0.016050724 0.029444888 0.996985018
1341846318.414072 -0.105034396 -0.011921423 -0.000913703 0.070671581 -0.021895204 0.030950258 0.996778965
1341846318.446035 -0.104763009 -0.011653850 0.004690634 0.073327422 -0.028998246 0.031540044 0.996387184
1341846318.482196 -0.106671035 -0.010396018 0.004183332 0.074902184 -0.030955384 0.031068491 0.996226013
1341846318.514144 -0.111544058 -0.009827117 0.004962734 0.075282164 -0.031124413 0.031077767 0.996191740
1341846318.546259 -0.111725047 -0.012663891 0.002138068 0.075699419 -0.032902677 0.031060798 0.996103525
1341846318.582042 -0.113615759 -0.011758003 0.000496267 0.077351801 -0.032925479 0.031663455 0.995956838
1341846318.614115 -0.118552998 -0.010529443 0.000335121 0.077346377 -0.032296885 0.030289957 0.996020555
1341846318.650038 -0.120099314 -0.010206689 0.001689436 0.077191584 -0.033123348 0.027858293 0.996076405
1341846318.682350 -0.124766715 -0.010195809 0.000846361 0.076677598 -0.032522958 0.025445804 0.996200442
1341846318.714063 -0.128418192 -0.010428082 0.000490969 0.076203741 -0.033180833 0.024781704 0.996231854
1341846318.749905 -0.130978405 -0.012694743 -0.000667279 0.076317452 -0.033028059 0.026164783 0.996192873
1341846318.782036 -0.133692458 -0.011966327 -0.001005705 0.078190461 -0.033679307 0.028081711 0.995973587
1341846318.814121 -0.138951510 -0.011493839 -0.000328199 0.078260958 -0.037884355 0.026149549 0.995869577
1341846318.850072 -0.142166615 -0.011740763 -0.000785479 0.078607462 -0.043250501 0.023652244 0.995686114
1341846318.883516 -0.142709360 -0.012220320 -0.000756572 0.081637420 -0.050933123 0.021191142 0.995134175
1341846318.918047 -0.155319452 -0.009518027 0.007564327 0.085515097 -0.057611678 0.020289585 0.994462848
1341846318.950044 -0.152001411 -0.013364888 0.000562876 0.086217672 -0.071183309 0.017924184 0.993568420
1341846318.982028 -0.152206063 -0.011610620 -0.002291873 0.088120669 -0.075560465 0.015894033 0.993112624
1341846319.018123 -0.156821251 -0.012009174 -0.003244987 0.087550461 -0.080241092 0.015818872 0.992797077
1341846319.050745 -0.155648977 -0.014927204 0.001183516 0.088259771 -0.087673523 0.015963309 0.992103159
1341846319.081905 -0.156501412 -0.012913411 0.001088948 0.094494537 -0.087692589 0.013910922 0.991558015
1341846319.117976 -0.161339313 -0.010710157 -0.002137575 0.097268954 -0.086515456 0.018873775 0.991311014
1341846319.150093 -0.165717095 -0.012407630 -0.002443422 0.098374538 -0.090404533 0.026841694 0.990670979
1341846319.186069 -0.147860065 -0.007378245 -0.005066135 0.100583181 -0.099110536 0.025154397 0.989660263
1341846319.218149 -0.142565951 -0.001675583 -0.001799538 0.098970935 -0.095930874 0.023203274 0.990183651
1341846319.250034 -0.165560722 -0.001694836 0.000047642 0.093548119 -0.081503876 0.023431290 0.991996408
1341846319.286594 -0.169809952 -0.006551366 0.002218844 0.090235479 -0.078117907 0.027889615 0.992460191
1341846319.318034 -0.172058538 -0.006343478 0.002101994 0.090851590 -0.077307090 0.031992476 0.992343724
1341846319.350268 -0.177693903 -0.007788041 0.000230176 0.091275238 -0.075688563 0.037923057 0.992220700
1341846319.386163 -0.167829469 -0.009011192 -0.002961663 0.092330910 -0.086488657 0.043440938 0.991013408
1341846319.418386 -0.165786386 -0.008125518 -0.008309077 0.093421914 -0.092663072 0.043690167 0.990341902
1341846319.453961 -0.164536759 -0.007024202 -0.010236281 0.093713343 -0.095188811 0.041299235 0.990177393
1341846319.486271 -0.169779554 -0.006985859 -0.010989055 0.092755251 -0.094614826 0.040628597 0.990350366
1341846319.518456 -0.176429525 -0.005795988 -0.015138352 0.089966863 -0.096808128 0.041916009 0.990341961
1341846319.554083 -0.174702033 -0.006917277 -0.003206901 0.087864876 -0.100902803 0.039230939 0.990231931
1341846319.586296 -0.180390194 -0.007692492 -0.005089252 0.088172704 -0.099162139 0.035229824 0.990530849
1341846319.622031 -0.186413929 -0.007089162 -0.009274624 0.086770684 -0.101562247 0.031980366 0.990521669
1341846319.653962 -0.188217238 -0.009380483 -0.006358428 0.085600398 -0.106602378 0.031156521 0.990120053
1341846319.686352 -0.190550223 -0.009373146 -0.007000131 0.087308183 -0.110292114 0.033093020 0.989503801
1341846319.721992 -0.192911327 -0.007613372 -0.005411481 0.088585787 -0.114274509 0.034323759 0.988896251
1341846319.754063 -0.192913949 -0.004124874 -0.005761882 0.086147629 -0.117075741 0.033740927 0.988803983
1341846319.786397 -0.193588093 -0.003722562 -0.003204225 0.081849329 -0.117419407 0.037014354 0.989011288
1341846319.822008 -0.197609410 -0.004957736 -0.006222827 0.078022867 -0.117066033 0.041065667 0.989202499
1341846319.853917 -0.197823867 -0.002850671 -0.005285569 0.073739931 -0.118532389 0.044922639 0.989188790
1341846319.889942 -0.199867919 -0.007614458 -0.005678108 0.069134846 -0.118882425 0.050539155 0.989208341
1341846319.922039 -0.204052955 -0.009513483 -0.006523130 0.068581611 -0.121991664 0.051438387 0.988821864
1341846319.953946 -0.205218166 -0.011320167 -0.001933973 0.068741962 -0.127984732 0.048059840 0.988223016
1341846319.990054 -0.204092175 -0.010444647 -0.001809331 0.071898989 -0.131525889 0.041441198 0.987833023
1341846320.028122 -0.204678327 -0.009966534 -0.005370924 0.073964342 -0.135046080 0.040423971 0.987247527
1341846320.054177 -0.202306107 -0.010039414 -0.002770383 0.077239335 -0.141448259 0.040248573 0.986106753
1341846320.090047 -0.198297262 -0.006960019 0.001312338 0.079829298 -0.144164205 0.041014824 0.985475421
1341846320.122011 -0.190667823 -0.007169493 -0.002227631 0.080036014 -0.144048616 0.041357845 0.985461175
1341846320.157952 -0.187805921 -0.008295919 -0.003973586 0.079820082 -0.141755983 0.042186148 0.985776007
1341846320.190003 -0.183629543 -0.010671997 -0.002774050 0.082151361 -0.139001295 0.040518910 0.986046672
1341846320.221941 -0.181893423 -0.010826427 -0.002783177 0.086250573 -0.135663033 0.041588325 0.986117005
1341846320.258015 -0.179891840 -0.012423904 -0.002455468 0.090026602 -0.134762347 0.044516426 0.985775113
1341846320.289887 -0.177690282 -0.017401930 -0.007292694 0.093672194 -0.135394618 0.044820305 0.985334933
1341846320.321954 -0.171442181 -0.014916370 -0.003875377 0.103704728 -0.138036042 0.044797581 0.983963668
1341846320.357890 -0.170929000 -0.010135206 0.002933895 0.110359401 -0.136921480 0.045215860 0.983376265
1341846320.390064 -0.163837075 -0.010571459 -0.004227589 0.111137494 -0.134313822 0.045907848 0.983616173
1341846320.426544 -0.152435020 -0.012602209 -0.003521587 0.113461711 -0.129555225 0.041414369 0.984188378
1341846320.458122 -0.152487934 -0.011562061 -0.001525888 0.115313947 -0.121329539 0.038075302 0.985155880
1341846320.490186 -0.148247570 -0.014582664 -0.010507405 0.117689230 -0.113696769 0.036803160 0.985833526
1341846320.525911 -0.142469212 -0.012569356 -0.001889846 0.121934041 -0.108044386 0.036549073 0.985962808
1341846320.558091 -0.144183904 -0.011561845 0.000603686 0.123545699 -0.102692463 0.033385627 0.986446202
1341846320.594093 -0.144068107 -0.012736265 0.003713984 0.124945603 -0.096666314 0.029969081 0.986988366
1341846320.631955 -0.138838351 -0.009755430 0.008247311 0.128755778 -0.089378171 0.029480064 0.987200320
1341846320.664916 -0.128501445 -0.010448552 -0.001060221 0.127999738 -0.089755379 0.026395254 0.987351656
1341846320.699927 -0.119709551 -0.011856562 0.002444304 0.127901211 -0.088348143 0.024985459 0.987528026
1341846320.731822 -0.125334874 -0.009853673 0.006398132 0.130615398 -0.078353442 0.025484221 0.988003492
1341846320.763877 -0.129779741 -0.001126686 -0.001434456 0.129974902 -0.074876122 0.025462000 0.988358140
1341846320.799999 -0.123746850 -0.009436995 0.001187696 0.120867975 -0.077577718 0.021081457 0.989408016
1341846320.831871 -0.102229439 -0.009881316 0.014972105 0.123427823 -0.076331310 0.017508278 0.989258587
1341846320.863887 -0.122276418 -0.006493067 0.001106721 0.122705847 -0.056858346 0.016063163 0.990682781
1341846320.900014 -0.117153198 -0.008536872 0.004746288 0.115098469 -0.062882856 0.022306321 0.991110742
1341846320.931889 -0.098173805 -0.014281586 -0.000879478 0.114589095 -0.068370245 0.019971067 0.990856171
1341846320.967866 -0.107634604 -0.002940065 -0.000085980 0.116848439 -0.058141515 0.017385516 0.991293967
1341846321.000017 -0.102530159 -0.007160073 0.001043467 0.110018633 -0.059583843 0.015746554 0.992016971
1341846321.031860 -0.096958868 -0.010628635 0.001845013 0.107244715 -0.059618942 0.013127507 0.992356658
1341846321.068047 -0.094060995 -0.008115226 0.002692378 0.108307526 -0.056299888 0.010497165 0.992466390
1341846321.099840 -0.093237013 -0.008419807 0.000914038 0.105899751 -0.054791592 0.011182764 0.992803097
1341846321.131821 -0.087183520 -0.013047332 0.001049559 0.105082937 -0.053952996 0.012564982 0.992919326
1341846321.167887 -0.084135391 -0.010416339 0.002336471 0.108493663 -0.050443653 0.012914323 0.992732465
1341846321.200042 -0.083241664 -0.009334110 0.002337897 0.109067500 -0.047515392 0.012708720 0.992816687
1341846321.231950 -0.089066535 -0.011384432 0.001607993 0.108086839 -0.043120768 0.013058259 0.993120015
1341846321.267939 -0.083362743 -0.009336282 0.000500990 0.109164171 -0.041778665 0.008261318 0.993111014
1341846321.299948 -0.081184663 -0.010159423 0.003038030 0.107940055 -0.037329897 0.002037121 0.993454218
1341846321.331858 -0.080504179 -0.011751574 0.002142814 0.107844003 -0.034204043 -0.001331315 0.993578374
1341846321.367913 -0.074771218 -0.014468242 -0.001037271 0.108585060 -0.032499649 -0.005888144 0.993538320
1341846321.399897 -0.072765939 -0.013089019 0.000737222 0.110936612 -0.027493400 -0.007058857 0.993422031
1341846321.435994 -0.071516789 -0.014021182 0.003120140 0.112470970 -0.023795195 -0.007370794 0.993342698
1341846321.467946 -0.069518626 -0.013170866 0.005070041 0.114559248 -0.021360131 -0.006326679 0.993166566
1341846321.499882 -0.064393155 -0.013665170 0.003756691 0.115561992 -0.019445175 -0.005543862 0.993094444
1341846321.536109 -0.058356244 -0.010868766 0.000874152 0.115892798 -0.014954431 -0.008285835 0.993114591
1341846321.568960 -0.060051642 -0.008548621 0.006186266 0.113611996 -0.007257550 -0.011183723 0.993435740
1341846321.603938 -0.058515988 -0.010821220 0.006113886 0.109726869 -0.004885843 -0.011401040 0.993884325
1341846321.637163 -0.050802078 -0.009707677 0.003651364 0.107629836 -0.001635082 -0.011988655 0.994117379
1341846321.668306 -0.051936384 -0.007814845 0.007818986 0.103345610 0.008553554 -0.009466063 0.994563639
1341846321.704411 -0.056418989 -0.008034192 0.010947637 0.100587085 0.010952841 -0.002501628 0.994864821
1341846321.736861 -0.052824035 -0.008339725 0.010040030 0.099059135 0.007929393 0.006316618 0.995029867
1341846321.771881 -0.048734669 -0.004494916 0.008123345 0.097046852 0.007665614 0.011545775 0.995183289
1341846321.804114 -0.045473821 -0.005662495 0.009287009 0.092497468 0.009461280 0.014715606 0.995559216
1341846321.836152 -0.045145791 -0.004077388 0.009816015 0.090018764 0.011951705 0.015289616 0.995750964
1341846321.871882 -0.043810826 -0.001420016 0.008755262 0.085179552 0.013206667 0.012700388 0.996197104
1341846321.904074 -0.041905150 -0.002955761 0.010619402 0.078392558 0.014474681 0.009134544 0.996775627
1341846321.939847 -0.040954515 -0.004399727 0.011855574 0.074323632 0.017624104 0.006134747 0.997059524
1341846322.004094 -0.042308882 -0.005613064 0.012634390 0.067385882 0.015876088 0.005695064 0.997584403
1341846322.034203 -0.036440890 -0.007322928 0.011918451 0.065254718 0.015400452 0.004806368 0.997738183
1341846322.066178 -0.037293963 -0.008265288 0.012177735 0.062250316 0.020116204 0.002402541 0.997854948
1341846322.107979 -0.037454035 -0.013155287 0.013781897 0.059231199 0.022077149 0.001666437 0.997998714
1341846322.133980 -0.037628528 -0.017956698 0.013206965 0.059949975 0.022711525 -0.000477008 0.997942865
1341846322.166164 -0.039113279 -0.019696210 0.012225393 0.061846703 0.022327092 0.000965270 0.997835398
1341846322.202932 -0.037586957 -0.020669742 0.011815926 0.063339718 0.019479925 0.001636264 0.997800529
1341846322.234093 -0.038080450 -0.020940203 0.012196453 0.062596217 0.018297775 -0.000812222 0.997870862
1341846322.265941 -0.038668845 -0.024069106 0.011139605 0.059748095 0.015595510 -0.000307222 0.998091578
1341846322.301996 -0.035527032 -0.028779764 0.011862156 0.057457674 0.012974980 0.000893967 0.998263240
1341846322.333949 -0.038777765 -0.032846518 0.011582226 0.056321710 0.012006829 0.000226203 0.998340428
1341846322.369871 -0.035993461 -0.038307488 0.010701070 0.056240577 0.005886878 -0.002391597 0.998396993
1341846322.402292 -0.035624050 -0.039399546 0.014118630 0.059490565 0.008350071 -0.008032381 0.998161614
1341846322.433955 -0.040774371 -0.049350645 0.011386051 0.062250346 0.011603253 -0.012900024 0.997909725
1341846322.470030 -0.040177081 -0.049337428 0.013987511 0.072002381 0.006740376 -0.008652130 0.997344136
1341846322.502433 -0.037914760 -0.054225076 0.011919237 0.077091612 0.003365232 -0.006663327 0.996996045
1341846322.534002 -0.035179354 -0.061108273 0.011234043 0.084184304 0.002276742 -0.004080897 0.996439219
1341846322.570196 -0.035327129 -0.064818144 0.014014335 0.093793221 0.001824414 -0.002134042 0.995587707
1341846322.601920 -0.037128471 -0.065753676 0.012126724 0.099447340 -0.000889674 0.001208760 0.995041728
1341846322.638119 -0.033920575 -0.066353813 0.013875582 0.105923861 -0.004691880 0.000745582 0.994362891
1341846322.669947 -0.029143248 -0.067504779 0.014199841 0.110939994 -0.003023034 0.000820878 0.993822157
1341846322.702026 -0.035861865 -0.071206540 0.013701384 0.113628678 0.000682752 0.000693925 0.993522823
1341846322.738006 -0.033836097 -0.070663586 0.013938555 0.115450315 -0.002630708 0.002632715 0.993306279
1341846322.770087 -0.030435996 -0.078558363 0.015253387 0.114161089 -0.002691632 0.003077492 0.993453860
1341846322.806047 -0.033716749 -0.080377989 0.015562636 0.117927082 -0.002145974 0.004877198 0.993007958
1341846322.838063 -0.034732904 -0.082039587 0.014774760 0.119576760 -0.006370130 0.006917834 0.992780447
1341846322.870081 -0.031804305 -0.087764643 0.012965252 0.120672017 -0.012078734 0.008076959 0.992586076
1341846322.906018 -0.028154220 -0.088891625 0.014393436 0.125708759 -0.014416507 0.007579609 0.991933465
1341846322.938349 -0.028265467 -0.084523663 0.013446968 0.127262220 -0.013310186 0.008525082 0.991743147
1341846322.970069 -0.028935220 -0.086381257 0.016090259 0.122257575 -0.013555239 0.010809722 0.992346942
1341846323.011820 -0.028186833 -0.090549782 0.017382275 0.119388662 -0.013235021 0.010848291 0.992700100
1341846323.038050 -0.028680587 -0.091264330 0.017992910 0.119067244 -0.013106555 0.013265599 0.992711067
1341846323.073951 -0.030141806 -0.087009750 0.016197346 0.117929243 -0.013044033 0.016027045 0.992806971
1341846323.105962 -0.029797804 -0.092687458 0.017471675 0.114277326 -0.013045852 0.016238334 0.993230462
1341846323.138158 -0.029688146 -0.093843102 0.016965434 0.114780538 -0.013025864 0.012457590 0.993227363
1341846323.174092 -0.030313576 -0.094652392 0.015717728 0.112541087 -0.013310906 0.011716232 0.993488789
1341846323.206059 -0.027560866 -0.096036583 0.016934659 0.109844647 -0.014443890 0.009237430 0.993800879
1341846323.238053 -0.027506851 -0.096256278 0.016602587 0.107597962 -0.011123510 0.006621349 0.994110227
1341846323.273997 -0.031117061 -0.096205950 0.016131699 0.103715993 -0.010335191 0.008149566 0.994519830
1341846323.305946 -0.030064130 -0.099527225 0.018257072 0.098145448 -0.014457291 0.008744454 0.995028615
1341846323.342027 -0.022250256 -0.104678646 0.020281415 0.095615320 -0.014711895 0.006872886 0.995285928
1341846323.374048 -0.029200317 -0.106736831 0.020798070 0.095963620 -0.009414182 0.007853250 0.995309353
1341846323.405987 -0.032346707 -0.110660978 0.015697723 0.095113099 -0.013141075 0.013195046 0.995292246
1341846323.441956 -0.028879568 -0.114032328 0.019541534 0.096263342 -0.017898180 0.015330967 0.995076895
1341846323.473878 -0.027796518 -0.117312364 0.019079516 0.100112148 -0.016623192 0.013382024 0.994747281
1341846323.506129 -0.029342573 -0.114842862 0.016785750 0.103020661 -0.016415467 0.011168501 0.994481027
1341846323.541972 -0.025400171 -0.115395509 0.015562254 0.101664126 -0.017343501 0.009384915 0.994623303
1341846323.573913 -0.021924330 -0.120411865 0.016072113 0.100914016 -0.013666177 0.003717811 0.994794309
1341846323.609927 -0.024851508 -0.120731615 0.017673688 0.101354428 -0.007116775 -0.000034025 0.994824886
1341846323.642014 -0.027807144 -0.123843893 0.016488122 0.099863410 -0.004942004 0.001381095 0.994987905
1341846323.674081 -0.029446527 -0.126690581 0.019624913 0.100143097 -0.006385373 0.004265751 0.994943440
1341846323.710069 -0.029426023 -0.132034421 0.018636070 0.101178266 -0.007513255 0.007549071 0.994811296
1341846323.742111 -0.031113684 -0.135810897 0.018566964 0.105188474 -0.008910214 0.008471194 0.994376302
1341846323.774928 -0.028031873 -0.135437950 0.013726717 0.108255394 -0.012131851 0.005582311 0.994033396
1341846323.810012 -0.028614132 -0.132212296 0.015527392 0.111939304 -0.013027868 0.001837023 0.993627906
1341846323.842207 -0.027021933 -0.133802474 0.013243664 0.113263011 -0.013264358 -0.003211537 0.993471324
1341846323.878019 -0.030685315 -0.137935922 0.012803911 0.113651209 -0.013105669 -0.008044733 0.993401706
1341846323.909826 -0.029772265 -0.140395239 0.014406644 0.117063791 -0.014934430 -0.012244218 0.992936611
1341846323.942459 -0.030554753 -0.140553802 0.013606412 0.120578200 -0.015151585 -0.012223671 0.992512941
1341846323.978055 -0.032076083 -0.141593561 0.012624570 0.122958377 -0.017659171 -0.010206806 0.992202163
1341846324.015934 -0.028835304 -0.142257750 0.013599426 0.126584828 -0.020554218 -0.010204117 0.991690338
1341846324.047722 -0.026541831 -0.140860960 0.011370216 0.129935980 -0.019578274 -0.010742151 0.991270900
1341846324.083904 -0.028041517 -0.135849521 0.012594521 0.131059930 -0.017725017 -0.011763659 0.991146147
1341846324.115968 -0.026320888 -0.135822549 0.011485999 0.128589541 -0.016456475 -0.012618029 0.991481066
1341846324.151967 -0.025152205 -0.134068280 0.009561758 0.128419980 -0.013610628 -0.017478399 0.991472423
1341846324.183941 -0.028447494 -0.128502414 0.011821214 0.126902983 -0.008514555 -0.021323625 0.991649330
1341846324.219984 -0.028517084 -0.128703967 0.013622120 0.122029185 -0.006960826 -0.020289939 0.992294669
1341846324.251968 -0.029681360 -0.129457235 0.013611104 0.121144921 -0.006623478 -0.020920282 0.992392242
1341846324.284052 -0.031125799 -0.124675050 0.014273643 0.122272566 -0.007110822 -0.021650443 0.992234886
1341846324.319880 -0.032424469 -0.120257497 0.012124698 0.121312253 -0.010046104 -0.022295263 0.992313147
1341846324.351917 -0.030418593 -0.114105359 0.013443557 0.118725806 -0.013853751 -0.023354644 0.992555678
1341846324.388001 -0.027650408 -0.112270959 0.013426417 0.114435337 -0.014211847 -0.027329527 0.992953002
1341846324.419908 -0.029285006 -0.107703544 0.016322669 0.110327028 -0.011785091 -0.029498337 0.993387580
1341846324.452027 -0.031009879 -0.113051265 0.016215038 0.103104703 -0.011093696 -0.030175230 0.994150817
1341846324.487928 -0.032360204 -0.111574084 0.016833844 0.101476051 -0.011370773 -0.028038165 0.994377792
1341846324.519985 -0.034916967 -0.106101669 0.018002350 0.101448961 -0.013069735 -0.023892222 0.994467914
1341846324.556001 -0.033832513 -0.101478890 0.016777782 0.099904619 -0.018410204 -0.019706685 0.994631469
1341846324.587888 -0.032837994 -0.096897431 0.017039057 0.096847877 -0.021559708 -0.017437005 0.994912863
1341846324.620086 -0.033260103 -0.095291302 0.017560923 0.094486348 -0.023974942 -0.019639477 0.995043635
1341846324.655955 -0.031357545 -0.091811337 0.017574843 0.093588524 -0.025467325 -0.020991685 0.995063782
1341846324.688082 -0.032607596 -0.090180725 0.020177560 0.093065105 -0.025187179 -0.019885886 0.995142698
1341846324.755922 -0.036947493 -0.080280893 0.018118622 0.094772212 -0.027434845 -0.016750546 0.994979918
1341846324.782029 -0.035513248 -0.075356148 0.020852994 0.093195483 -0.032751724 -0.017218389 0.994960010
1341846324.814016 -0.030961389 -0.069794342 0.016822351 0.089852676 -0.034195729 -0.019094026 0.995184660
1341846324.849979 -0.034049962 -0.066719554 0.022700995 0.084623992 -0.030511413 -0.021010855 0.995724022
1341846324.881924 -0.037548844 -0.066663340 0.023902947 0.081198938 -0.030939389 -0.021518197 0.995985150
1341846324.913902 -0.035679013 -0.063283980 0.023119314 0.080454662 -0.032743800 -0.018612297 0.996046424
1341846324.949999 -0.036361996 -0.064665943 0.025666211 0.080343552 -0.032966580 -0.015188213 0.996106148
1341846324.981922 -0.041350849 -0.063388117 0.024535997 0.084597193 -0.034378625 -0.012131283 0.995748103
1341846325.018013 -0.039588001 -0.062445700 0.026285850 0.088171221 -0.039941952 -0.010193042 0.995252013
1341846325.050079 -0.042388424 -0.054089528 0.023082020 0.091507018 -0.044259064 -0.011099620 0.994758427
1341846325.081901 -0.035143271 -0.054554008 0.022517402 0.089015767 -0.052425761 -0.012991454 0.994564712
1341846325.118531 -0.034191113 -0.046977893 0.021591973 0.086174309 -0.053104166 -0.014413785 0.994759381
1341846325.149933 -0.035339750 -0.048365127 0.023324037 0.079955891 -0.050146054 -0.017164191 0.995388269
1341846325.181925 -0.036515594 -0.046631780 0.024438638 0.077008583 -0.048765462 -0.015112610 0.995722473
1341846325.218055 -0.036304172 -0.044667814 0.025594076 0.074139729 -0.048878059 -0.010246790 0.995996594
1341846325.249811 -0.033538535 -0.043751612 0.024431165 0.071170397 -0.050653752 -0.006623412 0.996155143
1341846325.285925 -0.035975005 -0.038432073 0.026530391 0.069843471 -0.049733456 -0.003347171 0.996311843
1341846325.317988 -0.029486632 -0.041816048 0.026885070 0.065964907 -0.049822498 -0.001219872 0.996576548
1341846325.349844 -0.030178556 -0.043531604 0.028312797 0.068276189 -0.045157216 0.001614861 0.996642649
1341846325.387302 -0.029976198 -0.038869269 0.028422982 0.073821627 -0.042501837 0.004030854 0.996357203
1341846325.417931 -0.030300045 -0.036466170 0.030820448 0.077110074 -0.036558360 0.007251838 0.996325672
1341846325.450747 -0.027452964 -0.039580863 0.032214366 0.081059635 -0.029071987 0.009977482 0.996235192
1341846325.485954 -0.033749774 -0.031210557 0.033703391 0.091432124 -0.020830497 0.011426811 0.995527804
1341846325.517875 -0.034426115 -0.028738726 0.034539435 0.094917014 -0.018097322 0.013780133 0.995225251
1341846325.553859 -0.031418964 -0.027709251 0.032249413 0.097501621 -0.016019618 0.012802261 0.995024085
1341846325.585855 -0.032522064 -0.021953143 0.031322796 0.100441620 -0.012872268 0.011315381 0.994795322
1341846325.617990 -0.031511419 -0.016006667 0.031182952 0.098189406 -0.011583875 0.010622542 0.995043635
1341846325.653982 -0.033697702 -0.020499587 0.032489836 0.094460793 -0.009067939 0.007281390 0.995460629
1341846325.685819 -0.035242088 -0.020297345 0.034307558 0.099647418 -0.007107363 0.008835510 0.994958162
1341846325.717857 -0.036613952 -0.015876602 0.034871049 0.104351796 -0.005923115 0.015465191 0.994402528
1341846325.754083 -0.037674215 -0.016052192 0.035008438 0.107033409 -0.005791637 0.020031553 0.994036734
1341846325.786087 -0.036193471 -0.014373300 0.035253868 0.113396175 -0.005763403 0.021541823 0.993299544
1341846325.821856 -0.036997050 -0.008387931 0.035726465 0.118182145 -0.003646391 0.022853721 0.992722213
1341846325.853827 -0.038263377 -0.006089429 0.035743941 0.118974678 -0.003279957 0.026193103 0.992546320
1341846325.885958 -0.041542068 -0.002303531 0.033870831 0.119654745 -0.005068692 0.031699575 0.992296398
1341846325.921984 -0.039974608 -0.001231701 0.037292417 0.118436813 -0.009367877 0.036538623 0.992244840
1341846325.953899 -0.036219519 0.000240979 0.037998561 0.121535368 -0.010075870 0.038433369 0.991791546
1341846325.985823 -0.037687656 0.003999810 0.037954107 0.124469787 -0.006818997 0.042754572 0.991278350
1341846326.021991 -0.039540164 0.004483945 0.038210344 0.127046078 -0.006255955 0.048164580 0.990706980
1341846326.054055 -0.040468343 0.007018546 0.039292477 0.131763205 -0.007079623 0.052027572 0.989889622
1341846326.089984 -0.038860392 0.012302225 0.037939545 0.134821445 -0.005440250 0.051220730 0.989530206
1341846326.121822 -0.038904250 0.015669087 0.039388612 0.134803668 -0.001418471 0.049405862 0.989638805
1341846326.154079 -0.040172894 0.015941910 0.041063808 0.135187998 0.001347197 0.048034824 0.989654005
1341846326.190178 -0.041873958 0.019771043 0.041580487 0.137856856 0.001177888 0.050040532 0.989186585
1341846326.222162 -0.042255525 0.025166150 0.038239364 0.137468860 -0.000637989 0.056082129 0.988916934
1341846326.259181 -0.042713232 0.029609088 0.041200142 0.134851128 -0.003185067 0.059956666 0.989045143
1341846326.291222 -0.041241977 0.030876484 0.045316126 0.130462795 -0.003953521 0.060607646 0.989591122
1341846326.322766 -0.040920898 0.035311017 0.044989645 0.127475008 -0.004205919 0.059624102 0.990039051
1341846326.359773 -0.040441036 0.035572190 0.049593069 0.122914732 -0.002122214 0.056791037 0.990788698
1341846326.392109 -0.039516930 0.033722080 0.050386354 0.120840915 -0.000492634 0.057724349 0.990992010
1341846326.423985 -0.041561492 0.035407081 0.052279536 0.125215024 0.000656567 0.062646821 0.990149558
1341846326.459869 -0.042249106 0.040824160 0.051315241 0.127833515 -0.001816993 0.066799261 0.989541888
1341846326.491143 -0.040371463 0.043633357 0.053233970 0.129024744 -0.003383234 0.066501759 0.989403188
1341846326.526163 -0.037917193 0.051178701 0.050198380 0.128866136 -0.000980539 0.066120252 0.989454746
1341846326.560211 -0.038999252 0.053522564 0.052054558 0.123579822 0.003334269 0.066152513 0.990121543
1341846326.591828 -0.040203154 0.054535128 0.052993558 0.120286062 0.005595891 0.067438535 0.990430176
1341846326.627027 -0.039365321 0.057547498 0.054010920 0.120093629 0.006918233 0.066977702 0.990476429
1341846326.658442 -0.038546227 0.063050456 0.054300692 0.118816689 0.010722890 0.064949244 0.990731657
1341846326.694856 -0.041153777 0.066376477 0.056414124 0.115393020 0.014819745 0.065000705 0.991080046
1341846326.726206 -0.040691379 0.071695082 0.058333036 0.110394500 0.015724124 0.063176438 0.991753221
1341846326.762753 -0.039373104 0.074608549 0.055805795 0.104575217 0.018179927 0.060018949 0.992537796
1341846326.794046 -0.040647082 0.079353288 0.058434263 0.098191611 0.022184527 0.057256475 0.993271291
1341846326.826821 -0.040767767 0.084363751 0.055166669 0.089873739 0.024439730 0.055713110 0.994093239
1341846326.858887 -0.041134819 0.082014859 0.059072018 0.080712400 0.025932726 0.054879606 0.994887531
1341846326.895360 -0.041974384 0.080802031 0.059533328 0.077904105 0.025645489 0.056403127 0.995033681
1341846326.926897 -0.043252047 0.083590835 0.060189426 0.080023304 0.022195363 0.058175672 0.994846344
1341846326.958888 -0.041036610 0.087560728 0.060664296 0.082852803 0.019365884 0.061755411 0.994457960
1341846326.994594 -0.039851923 0.091870517 0.058637917 0.083746083 0.019384613 0.064457074 0.994211316
1341846327.026301 -0.039203942 0.095654964 0.058435164 0.082111143 0.020654753 0.063287519 0.994397283
1341846327.063945 -0.039004300 0.097661383 0.060089283 0.078899257 0.022890097 0.060231455 0.994798064
1341846327.094662 -0.041053429 0.097559467 0.062737331 0.077846229 0.025548022 0.058450922 0.994922459
1341846327.128901 -0.041675631 0.100138783 0.064881802 0.077202417 0.025874898 0.056375638 0.995083928
1341846327.161940 -0.041098844 0.103417426 0.064510204 0.076123156 0.024388921 0.056076944 0.995221496
1341846327.193867 -0.039331026 0.105434440 0.067284219 0.075520478 0.025464537 0.054481223 0.995329082
1341846327.229885 -0.038272310 0.109880254 0.066237211 0.076671846 0.028324528 0.053196840 0.995233238
1341846327.262014 -0.037587833 0.112709165 0.068047956 0.076213770 0.032383665 0.051311597 0.995243609
1341846327.294023 -0.039731272 0.119318590 0.048228908 0.079025485 0.044974659 0.041164912 0.995006382
1341846327.330015 -0.033932760 0.125943691 0.061749857 0.083796099 0.055032160 0.039288882 0.994186103
1341846327.361939 -0.035721861 0.129010081 0.067748852 0.081400298 0.060685631 0.035799067 0.994187951
1341846327.393887 -0.038892448 0.126273766 0.069218613 0.078528240 0.063841343 0.029158697 0.994438231
1341846327.429966 -0.042088971 0.132894218 0.065986507 0.076862589 0.064320937 0.027559645 0.994583011
1341846327.461965 -0.042612292 0.138279647 0.072124727 0.069702812 0.060414299 0.028187614 0.995337665
1341846327.497931 -0.039087757 0.137788698 0.073539443 0.063813768 0.057338938 0.025591170 0.995984495
1341846327.530068 -0.040844731 0.141883478 0.075254239 0.062971666 0.058682375 0.028414020 0.995883346
1341846327.561895 -0.042113565 0.144298375 0.079139881 0.060865153 0.056890555 0.031346340 0.996030271
1341846327.598010 -0.044365454 0.145600319 0.078836232 0.061922833 0.054762177 0.036904905 0.995893896
1341846327.629945 -0.042627636 0.153426558 0.080405004 0.064574942 0.048281867 0.038605314 0.995996237
1341846327.662003 -0.044215046 0.152296364 0.078752950 0.062958524 0.045819249 0.033441555 0.996402740
1341846327.697919 -0.043684594 0.156177357 0.077606045 0.065661088 0.044723596 0.034977328 0.996225357
1341846327.730075 -0.043673262 0.163958877 0.077763483 0.062996864 0.043552160 0.035735536 0.996422410
1341846327.766017 -0.043803703 0.165070787 0.078895077 0.058055352 0.043070287 0.037663177 0.996672451
1341846327.797917 -0.043162029 0.173157245 0.079275839 0.054890350 0.041844044 0.039143525 0.996846974
1341846327.830054 -0.043400604 0.173364952 0.080689982 0.047456633 0.041817993 0.039895795 0.997199774
1341846327.865944 -0.041963100 0.174235791 0.079809643 0.042858679 0.042925365 0.039551869 0.997374654
1341846327.898010 -0.043769401 0.179614201 0.081960186 0.041257117 0.044266503 0.040905371 0.997328937
1341846327.929991 -0.043312609 0.180979058 0.082331598 0.036564294 0.042563710 0.038210742 0.997693002
1341846327.966065 -0.042915784 0.184248090 0.081892699 0.032510132 0.042824842 0.036131550 0.997899592
1341846327.998073 -0.043223135 0.186504960 0.082827657 0.025820436 0.043937314 0.033260405 0.998146534
1341846328.034045 -0.042556416 0.188149408 0.082639538 0.020223575 0.044669822 0.031112723 0.998312354
1341846328.065993 -0.043779559 0.188022107 0.082390107 0.014461806 0.046170518 0.030872848 0.998351634
1341846328.098045 -0.043558937 0.184503317 0.085097618 0.012107627 0.046810050 0.031372249 0.998337626
1341846328.133967 -0.044526931 0.184898973 0.082920052 0.015736632 0.045488242 0.036160246 0.998186171
1341846328.166023 -0.044391278 0.183869019 0.082205117 0.014929600 0.042273097 0.036313742 0.998334289
1341846328.198018 -0.042933393 0.178884983 0.081409521 0.013162319 0.039358441 0.032831788 0.998598874
1341846328.234044 -0.043570556 0.175241455 0.080829874 0.015751651 0.038079772 0.031971510 0.998638868
1341846328.265899 -0.043530714 0.172266439 0.079313621 0.017295413 0.036290158 0.032987751 0.998646915
1341846328.302051 -0.043680742 0.166566119 0.078349084 0.018970782 0.035833508 0.033431824 0.998618245
1341846328.333917 -0.043941736 0.161993161 0.078901909 0.022305166 0.035838138 0.035675365 0.998471558
1341846328.366008 -0.042165663 0.157331705 0.077117972 0.027398150 0.034509100 0.033534843 0.998465776
1341846328.402010 -0.043303758 0.152328506 0.073179677 0.039328862 0.036738627 0.036232464 0.997893155
1341846328.433920 -0.043759454 0.145150706 0.072898149 0.042451531 0.035663374 0.036429811 0.997797012
1341846328.470003 -0.041930899 0.136685535 0.072427176 0.040945962 0.033481296 0.029531904 0.998163462
1341846328.502194 -0.041999981 0.130310506 0.073118784 0.042744704 0.035783082 0.022126218 0.998199821
1341846328.534033 -0.038529821 0.129693463 0.070229419 0.044934571 0.037751190 0.018447414 0.998105943
1341846328.570125 -0.040236186 0.120207921 0.070670456 0.045321565 0.039968368 0.016537970 0.998035610
1341846328.602804 -0.042559937 0.111383952 0.068586931 0.049738046 0.034398273 0.021985458 0.997927606
1341846328.636433 -0.043699071 0.104777999 0.065047003 0.053952072 0.027434099 0.021491293 0.997935176
1341846328.672663 -0.042881168 0.099310733 0.065988936 0.058596943 0.022163223 0.018624412 0.997861862
1341846328.702975 -0.038385745 0.097715862 0.066406958 0.061877247 0.017140569 0.019681515 0.997742474
1341846328.738215 -0.038586903 0.090769202 0.067945518 0.067188092 0.016548397 0.012836170 0.997520506
1341846328.770129 -0.036506824 0.088300809 0.065822609 0.070384204 0.013899311 0.014680108 0.997315109
1341846328.802331 -0.036821049 0.083214372 0.064309373 0.070788719 0.010867980 0.015533858 0.997311175
1341846328.838051 -0.036208995 0.076031685 0.064687081 0.073610052 0.008322956 0.013334351 0.997163236
1341846328.869939 -0.033816058 0.078740373 0.062552847 0.075056732 0.006593123 0.012669432 0.997076988
1341846328.904486 -0.035928156 0.071461990 0.061006110 0.069100142 0.004122810 0.012893315 0.997517884
1341846328.939814 -0.033884868 0.062102325 0.061358105 0.070803255 0.000809555 0.012453209 0.997412205
1341846328.970217 -0.032919481 0.061652273 0.060241289 0.074936531 -0.001430217 0.016018167 0.997058630
1341846329.006232 -0.031661414 0.057701264 0.059505057 0.075344607 -0.004469797 0.021051828 0.996925294
1341846329.038243 -0.030805781 0.052465729 0.056771144 0.078711800 -0.005428573 0.020950595 0.996662438
1341846329.072238 -0.030004431 0.056317858 0.055957761 0.084329285 -0.004567046 0.020294487 0.996220767
1341846329.106125 -0.029564703 0.054492451 0.055375397 0.083272777 -0.005512223 0.018798536 0.996334195
1341846329.138340 -0.029719615 0.048474524 0.054476585 0.083747528 -0.006041689 0.016621726 0.996330082
1341846329.169991 -0.029135980 0.048776388 0.052774366 0.086112283 -0.007239355 0.015900394 0.996132255
1341846329.208656 -0.028472329 0.045838341 0.052422658 0.086140685 -0.008415722 0.015290334 0.996130109
1341846329.238169 -0.027314115 0.045574769 0.051225226 0.085797057 -0.009780951 0.015300796 0.996147156
1341846329.273827 -0.027178697 0.041182831 0.051230889 0.083639875 -0.010811145 0.015984865 0.996309161
1341846329.306052 -0.027906561 0.040662028 0.050038282 0.084323786 -0.012993713 0.014916969 0.996242046
1341846329.338104 -0.025833052 0.040677603 0.048945744 0.081057936 -0.015098449 0.013103361 0.996508896
1341846329.373907 -0.026469612 0.033405107 0.048674583 0.076493092 -0.015613548 0.011100122 0.996886075
1341846329.405985 -0.026443534 0.030720776 0.047998108 0.077713162 -0.016914617 0.008298128 0.996797740
1341846329.442057 -0.025337990 0.030425930 0.046228081 0.077399515 -0.017745648 0.004914462 0.996830106
1341846329.473950 -0.027100703 0.025809484 0.045790974 0.076119401 -0.018263210 -0.001581682 0.996930182
1341846329.506147 -0.026736084 0.024496920 0.044152629 0.076465137 -0.020302184 -0.004183160 0.996856749
1341846329.542121 -0.027714796 0.020647990 0.043396797 0.074234352 -0.022977196 -0.004361238 0.996966541
1341846329.574086 -0.026265699 0.015143342 0.044139966 0.075981662 -0.025608646 -0.005571870 0.996764719
1341846329.606387 -0.026078256 0.014978569 0.042530112 0.078687683 -0.026204810 -0.006785463 0.996531725
1341846329.641955 -0.027394723 0.014025026 0.041142225 0.078741252 -0.027014803 -0.006320301 0.996508956
1341846329.681570 -0.027603859 0.010773499 0.040943179 0.077744149 -0.029888842 -0.006265572 0.996505558
1341846329.748113 -0.025577933 0.008859819 0.039455898 0.079756804 -0.030384215 -0.008676512 0.996313393
1341846329.774077 -0.025584934 0.004766086 0.040488500 0.077075124 -0.028695066 -0.006000104 0.996594191
1341846329.810175 -0.026518263 0.001506923 0.038998816 0.077044874 -0.026945213 -0.004087593 0.996655047
1341846329.842255 -0.027838878 -0.000278797 0.040390082 0.078866512 -0.026461227 -0.000905916 0.996533513
1341846329.874044 -0.028428808 -0.002564439 0.039801773 0.080474958 -0.026437791 0.002352780 0.996403158
1341846329.910073 -0.028088979 -0.000948034 0.038575411 0.081120923 -0.026969133 0.004443998 0.996329427
1341846329.942009 -0.028947720 -0.001280128 0.038620915 0.076599978 -0.027090382 0.009506133 0.996648490
1341846329.978087 -0.028821226 -0.008286199 0.039558481 0.073787525 -0.027723353 0.010884527 0.996829152
1341846330.016305 -0.027270021 -0.006578052 0.036847185 0.075926207 -0.026960308 0.008778562 0.996710241
1341846330.048192 -0.028292513 -0.004421838 0.036679558 0.072615355 -0.025397109 0.010531375 0.996980965
1341846330.080418 -0.028662907 -0.010768829 0.037040416 0.067430086 -0.025425386 0.012265826 0.997324526
1341846330.115886 -0.028376868 -0.015471505 0.036908917 0.069813132 -0.023991020 0.013040518 0.997186303
1341846330.147839 -0.029692883 -0.011080884 0.034228910 0.072905593 -0.023366375 0.014634999 0.996957660
1341846330.181257 -0.029159203 -0.006107271 0.034978483 0.069466278 -0.024410976 0.018415723 0.997115552
1341846330.215852 -0.029290993 -0.011825203 0.035237156 0.061760958 -0.023118885 0.017634366 0.997667372
1341846330.247833 -0.030824637 -0.013248472 0.035346489 0.059875939 -0.022381071 0.016517585 0.997818172
1341846330.283913 -0.031001572 -0.009055057 0.032777607 0.057234485 -0.022930967 0.016754134 0.997956753
1341846330.316011 -0.032074068 -0.014608352 0.033951331 0.049654663 -0.023371466 0.016027503 0.998364329
1341846330.347868 -0.032535847 -0.016947871 0.033936419 0.047112238 -0.025089240 0.015194130 0.998458862
1341846330.383835 -0.030695183 -0.017130980 0.034624506 0.045477297 -0.026071822 0.016179083 0.998494029
1341846330.415934 -0.031497549 -0.021415800 0.035346929 0.044541158 -0.024795877 0.013891541 0.998603165
1341846330.452561 -0.032769345 -0.022167619 0.033437405 0.047224145 -0.025074361 0.012732308 0.998488367
1341846330.483903 -0.034229029 -0.020482320 0.032328188 0.047608916 -0.026677784 0.015424154 0.998390615
1341846330.515970 -0.034611903 -0.023006629 0.033030439 0.045746986 -0.028852060 0.018339347 0.998367906
1341846330.552099 -0.033920698 -0.024111995 0.031761501 0.046964232 -0.030194022 0.020480715 0.998230040
1341846330.583876 -0.034656882 -0.021286735 0.029690320 0.046944030 -0.030197004 0.020563355 0.998229206
1341846330.619992 -0.035596844 -0.018126871 0.029954776 0.043651976 -0.031635255 0.020672834 0.998331785
1341846330.652136 -0.034579203 -0.020855563 0.029116832 0.036702931 -0.033403561 0.019072030 0.998585701
1341846330.683796 -0.036696739 -0.022074740 0.029755130 0.031955674 -0.032462087 0.017520167 0.998808324
1341846330.719991 -0.037967447 -0.025778534 0.028085234 0.028857434 -0.034591429 0.018723808 0.998809338
1341846330.752103 -0.038480271 -0.027175568 0.026307050 0.030243943 -0.038736701 0.023099195 0.998524487
1341846330.787952 -0.040740449 -0.025221648 0.024560213 0.031810168 -0.042693309 0.025989277 0.998243392
1341846330.819823 -0.039088007 -0.025159843 0.025119171 0.031328909 -0.047778044 0.027381405 0.997990966
1341846330.852208 -0.039023761 -0.022685951 0.022733485 0.031310219 -0.049411926 0.028297087 0.997886479
1341846330.888445 -0.040145800 -0.019122422 0.021667587 0.028626218 -0.051096857 0.028963506 0.997863114
1341846330.914111 -0.040480465 -0.019420659 0.021359660 0.022165274 -0.052189033 0.027635531 0.998008668
1341846330.949903 -0.043854773 -0.022767974 0.022911221 0.018741682 -0.052712191 0.027978938 0.998041749
1341846330.981986 -0.045791198 -0.022234678 0.020980431 0.019767769 -0.056818418 0.028368089 0.997785628
1341846331.014111 -0.045740724 -0.020885009 0.020037662 0.019494416 -0.060653698 0.028689291 0.997556031
1341846331.082139 -0.045798622 -0.021894326 0.019201463 0.021086566 -0.063748859 0.025746468 0.997410953
1341846331.114334 -0.045916304 -0.021146439 0.017502062 0.020890636 -0.065957591 0.025403982 0.997280180
1341846331.149989 -0.045484718 -0.023326149 0.019409388 0.020810911 -0.067039534 0.024887865 0.997222722
1341846331.181954 -0.046483934 -0.023599321 0.017194167 0.023955982 -0.067083597 0.023449253 0.997184038
1341846331.218151 -0.048797399 -0.018775389 0.014563424 0.024790397 -0.069514997 0.023700425 0.996991158
1341846331.249914 -0.045386024 -0.022322699 0.017428784 0.021651300 -0.072341718 0.023228893 0.996874273
1341846331.282227 -0.039546326 -0.027450433 0.017423695 0.025345325 -0.069561630 0.022879034 0.996993184
1341846331.318141 -0.043215137 -0.021687593 0.016914915 0.032738380 -0.063395783 0.018783273 0.997274458
1341846331.349926 -0.042057175 -0.021167401 0.016539892 0.031697776 -0.061002646 0.017911365 0.997473359
1341846331.382003 -0.031922955 -0.028804660 0.020983377 0.032272149 -0.057583701 0.018897668 0.997639954
1341846331.418008 -0.037267748 -0.023461415 0.020553501 0.041385893 -0.045777474 0.016812053 0.997952402
1341846331.450327 -0.039497722 -0.020661835 0.023227440 0.043609694 -0.039803632 0.017301934 0.998105466
1341846331.486219 -0.042456113 -0.019116001 0.023625882 0.043952260 -0.036824748 0.018110678 0.998190403
1341846331.518344 -0.039032411 -0.020330496 0.023913119 0.042496912 -0.037390772 0.017166406 0.998249114
1341846331.550202 -0.037686609 -0.022368064 0.027579045 0.044571906 -0.033033799 0.015452906 0.998340309
1341846331.586139 -0.040593825 -0.018799484 0.027146339 0.047369551 -0.030929765 0.015812481 0.998273253
1341846331.617931 -0.038929734 -0.017719360 0.030899949 0.046647061 -0.030954009 0.016572889 0.998294175
1341846331.654027 -0.033853672 -0.020245003 0.034013744 0.046809822 -0.029866012 0.017466111 0.998304486
1341846331.686123 -0.038690846 -0.017409360 0.033952035 0.049589898 -0.025934476 0.018351071 0.998264253
1341846331.717954 -0.040055487 -0.014001885 0.035943616 0.047139578 -0.026720330 0.018588953 0.998357832
1341846331.754076 -0.034646530 -0.018119194 0.039852124 0.043562550 -0.027242906 0.018140789 0.998514414
1341846331.785920 -0.036327962 -0.018425647 0.042137828 0.046827894 -0.024182303 0.016477074 0.998474240
1341846331.818053 -0.037303440 -0.014977019 0.044972163 0.048104141 -0.022244282 0.016220281 0.998462856
1341846331.853849 -0.037064902 -0.016457776 0.049111735 0.046499345 -0.021637307 0.016048320 0.998555005
1341846331.885987 -0.034964889 -0.016758014 0.053858157 0.049584165 -0.019606780 0.014313572 0.998474896
1341846331.922014 -0.035650160 -0.015834665 0.054951649 0.051499300 -0.016645715 0.012914237 0.998450756
1341846331.954037 -0.034037229 -0.014814899 0.059115052 0.051591370 -0.013965659 0.013854804 0.998474479
1341846331.986135 -0.030673213 -0.019061981 0.063254409 0.052972510 -0.009469749 0.015777573 0.998426378
1341846332.022364 -0.033538271 -0.019544786 0.067988142 0.060026504 -0.003897615 0.015279497 0.998072207
1341846332.054175 -0.034720805 -0.017782267 0.071615845 0.066561520 -0.003662662 0.017459653 0.997622788
1341846332.086502 -0.033310328 -0.016927635 0.074198544 0.069364630 -0.004044165 0.019086430 0.997400522
1341846332.122051 -0.034072272 -0.015765522 0.077241592 0.071380772 -0.002825563 0.017902598 0.997284412
1341846332.153983 -0.035510775 -0.011288517 0.080923401 0.070486784 -0.002970878 0.015388022 0.997389555
1341846332.190165 -0.035787817 -0.012063161 0.084654137 0.063606896 -0.004656532 0.013260636 0.997876048
1341846332.222699 -0.035973497 -0.016223142 0.089131065 0.060505319 -0.005166755 0.012318128 0.998078465
1341846332.254145 -0.037217729 -0.016765555 0.091716439 0.063369587 -0.003997277 0.011134725 0.997919977
1341846332.289948 -0.037777856 -0.014877207 0.094838597 0.065868400 -0.004249815 0.013257969 0.997731149
1341846332.322172 -0.037332177 -0.016261877 0.099051453 0.065900035 -0.004850936 0.015584671 0.997692704
1341846332.354003 -0.035895634 -0.017572749 0.100299478 0.068277463 -0.003119748 0.012278645 0.997585893
1341846332.390180 -0.035681490 -0.013549648 0.103027903 0.070957355 0.001208000 0.009633037 0.997432113
1341846332.422055 -0.036801029 -0.013143474 0.106431797 0.068994284 0.003901017 0.006275432 0.997589707
1341846332.458114 -0.035934456 -0.014440964 0.109797694 0.068378635 0.006122501 0.002173152 0.997638285
1341846332.489993 -0.038011540 -0.012479799 0.112378575 0.069633439 0.008233684 0.003484267 0.997532606
1341846332.522130 -0.040632818 -0.011737824 0.115235537 0.068948083 0.005161765 0.009424159 0.997562349
1341846332.558114 -0.039240140 -0.012970740 0.117385529 0.068479016 -0.000721327 0.016244611 0.997520030
1341846332.589874 -0.036446109 -0.009440826 0.118611127 0.069240138 -0.004264568 0.021255359 0.997364461
1341846332.621889 -0.035910551 -0.008125046 0.121567562 0.065276042 -0.004357472 0.022662919 0.997600377
1341846332.658202 -0.034238294 -0.009267248 0.125324801 0.060691468 -0.004294326 0.021771669 0.997909844
1341846332.690001 -0.034375649 -0.008158934 0.127781853 0.058950670 -0.003274363 0.022619715 0.997999191
1341846332.726000 -0.035701726 -0.009324471 0.131628349 0.057649706 -0.003650276 0.026516903 0.997977972
1341846332.758386 -0.033491310 -0.009023789 0.134037167 0.058411408 -0.007071822 0.028585447 0.997858167
1341846332.789937 -0.031350449 -0.006765896 0.135297045 0.058311220 -0.006602698 0.026788129 0.997917116
1341846332.825925 -0.030876454 -0.007509843 0.139190570 0.055589326 -0.004316925 0.025523016 0.998118103
1341846332.857898 -0.030766154 -0.007666936 0.142095864 0.056610901 -0.002840041 0.024981005 0.998079717
1341846332.894069 -0.030489203 -0.004637928 0.143515557 0.057180595 -0.003033712 0.025225405 0.998040497
1341846332.926029 -0.028350968 -0.003101333 0.146885917 0.053981721 -0.003059295 0.022721201 0.998278677
1341846332.958015 -0.027562158 -0.003195857 0.149568185 0.050855801 -0.000805292 0.020451644 0.998496234
1341846332.994073 -0.027283715 -0.002212715 0.151068255 0.048197560 0.000476757 0.018743064 0.998661816
1341846333.026545 -0.026017305 -0.001479685 0.155382618 0.046006728 0.001563165 0.016101398 0.998810112
1341846333.057998 -0.023680387 -0.001473127 0.157242551 0.044940095 0.003053233 0.016167792 0.998854160
1341846333.094024 -0.023820277 -0.001581564 0.159295142 0.045233455 0.004911773 0.020256737 0.998758972
1341846333.126095 -0.022272272 -0.000869530 0.159697294 0.045921724 0.005987089 0.022700390 0.998669147
1341846333.161973 -0.020368971 0.000946034 0.162067011 0.045045868 0.008186358 0.024273332 0.998656452
1341846333.195660 -0.021034753 0.000635586 0.162568197 0.042320229 0.010691660 0.026089406 0.998706222
1341846333.226331 -0.020377502 0.001621412 0.164043099 0.041381542 0.011029402 0.025622306 0.998753965
1341846333.262056 -0.019692495 0.003674510 0.167104006 0.038945194 0.011530431 0.023646247 0.998894989
1341846333.294147 -0.019728148 0.002512361 0.168378770 0.034963544 0.011574454 0.022506131 0.999068141
1341846333.326100 -0.018549152 0.002608848 0.168954715 0.033258893 0.009865786 0.021490127 0.999167025
1341846333.362100 -0.017580001 0.005096165 0.168850973 0.030935409 0.008923795 0.019793231 0.999285579
1341846333.394119 -0.018295197 0.003269851 0.171344891 0.027033273 0.008390201 0.019147826 0.999415934
1341846333.429974 -0.019036498 0.003272481 0.169360399 0.025820494 0.006597488 0.018957114 0.999465048
1341846333.462115 -0.018271267 0.002489053 0.170355663 0.025393467 0.006789121 0.017995212 0.999492526
1341846333.494040 -0.017459037 0.002310755 0.170766905 0.026212884 0.007274811 0.016986357 0.999485612
1341846333.529953 -0.016465172 0.001877869 0.170824051 0.026636902 0.007929808 0.016589452 0.999476075
1341846333.562063 -0.017676909 0.002725909 0.171691969 0.027759191 0.010920072 0.017846081 0.999395669
1341846333.594090 -0.019888511 0.004474026 0.170922428 0.027018733 0.011303602 0.018695427 0.999396145
1341846333.629994 -0.019453764 0.005342755 0.171202064 0.023920825 0.008480281 0.017863777 0.999518275
1341846333.662127 -0.018344427 0.005182508 0.170742556 0.020886581 0.006733352 0.016408239 0.999624550
1341846333.697964 -0.018261755 0.003015199 0.170871884 0.018292176 0.006789741 0.017987082 0.999647796
1341846333.730092 -0.019262096 0.002501936 0.169642463 0.020580282 0.007625407 0.018685104 0.999584496
1341846333.762089 -0.019165801 0.003632986 0.168992639 0.022697506 0.008048118 0.020139111 0.999507129
1341846333.798006 -0.019165659 0.003005896 0.168340132 0.024015997 0.008608947 0.020028034 0.999473870
1341846333.830055 -0.019369079 0.002932248 0.167141467 0.026486153 0.010047155 0.018198522 0.999433041
1341846333.866045 -0.020647699 0.003240536 0.165476486 0.027843751 0.011761795 0.016767306 0.999402463
1341846333.897987 -0.021215396 0.001591038 0.164577007 0.028745750 0.011952486 0.015904695 0.999388754
1341846333.930099 -0.020990288 0.001152200 0.162585825 0.031768367 0.012540727 0.014668210 0.999308944
1341846333.965889 -0.021995820 0.001303113 0.160504848 0.033982895 0.013824964 0.014148687 0.999226630
1341846333.997985 -0.021854788 0.000373836 0.159670889 0.036664933 0.014698414 0.013838479 0.999123693
1341846334.030076 -0.022614032 0.000401344 0.156469420 0.039586239 0.015938267 0.014633750 0.998981893
1341846334.066000 -0.024211613 -0.000045738 0.154776797 0.041099124 0.016085783 0.016162125 0.998894870
1341846334.097932 -0.023514174 -0.000029611 0.153231055 0.043022338 0.015589722 0.016236492 0.998820543
1341846334.133884 -0.024828620 0.000183364 0.151096046 0.044637091 0.016886445 0.016388942 0.998726130
1341846334.166115 -0.026685765 0.000273181 0.149612471 0.045062706 0.016109347 0.017207915 0.998706043
1341846334.198072 -0.026476383 -0.000537440 0.146573901 0.045204706 0.014426928 0.016153719 0.998742938
1341846334.234097 -0.025934771 0.000399700 0.145625129 0.046152577 0.014645533 0.014981729 0.998714685
1341846334.266045 -0.027870819 -0.000450749 0.143554181 0.045841604 0.016619107 0.015508690 0.998690069
1341846334.297946 -0.029806873 -0.000589386 0.141611278 0.047058120 0.015532139 0.016801799 0.998630047
1341846334.334036 -0.029689433 0.000152001 0.139594287 0.047735386 0.013712637 0.017099092 0.998619497
1341846334.365871 -0.029452153 0.000530341 0.136517763 0.047097567 0.013734986 0.016146770 0.998665333
1341846334.401845 -0.030728621 -0.000054428 0.135366067 0.045520369 0.014686797 0.014727324 0.998746872
1341846334.433864 -0.033194743 -0.001581286 0.133240461 0.045068529 0.014395006 0.015372491 0.998761892
1341846334.466105 -0.033127256 -0.000445464 0.130936489 0.046175163 0.012546080 0.015991680 0.998726547
1341846334.502142 -0.034807906 0.000162914 0.128602162 0.045105763 0.011747657 0.016477214 0.998777211
1341846334.540153 -0.034789506 -0.000440069 0.125468805 0.044449337 0.010448390 0.015271576 0.998840272
1341846334.566584 -0.036395885 0.001514890 0.124927036 0.043688420 0.009707154 0.012647775 0.998917997
1341846334.602351 -0.037947439 0.002370549 0.122552820 0.040714003 0.007221863 0.008719536 0.999106705
1341846334.634069 -0.038004555 0.001189339 0.119774722 0.037002124 0.004915591 0.003710966 0.999296248
1341846334.670161 -0.038847283 0.000085166 0.117369443 0.034870248 0.004665683 0.001256191 0.999380171
1341846334.702085 -0.041609138 -0.000968872 0.115352713 0.033354126 0.003114271 0.001513719 0.999437630
1341846334.734751 -0.041994192 -0.000672485 0.112683274 0.033622511 0.000428666 0.003542692 0.999428272
1341846334.770889 -0.042914648 -0.000681158 0.110510401 0.033672135 -0.001012209 0.005840959 0.999415338
1341846334.802194 -0.044008367 -0.000309908 0.106495120 0.033255946 -0.003278974 0.006777324 0.999418497
1341846334.833908 -0.043316226 0.000246089 0.104405627 0.032958914 -0.005295042 0.005285739 0.999428689
1341846334.869874 -0.044734478 0.001534698 0.102529138 0.031968966 -0.005244876 0.004959848 0.999462783
1341846334.902006 -0.046587471 0.001156635 0.099829331 0.030308636 -0.006351482 0.005230331 0.999506712
1341846334.938010 -0.047171358 0.000414193 0.096927434 0.029330164 -0.009640523 0.005090824 0.999510348
1341846334.970032 -0.046000145 0.000462213 0.095538311 0.029464506 -0.011090310 0.004410444 0.999494553
1341846335.002203 -0.047934815 -0.001302995 0.091699049 0.030521935 -0.010109030 0.005252961 0.999469161
1341846335.037880 -0.050143078 -0.000238982 0.087904632 0.033364691 -0.012734846 0.007416271 0.999334633
1341846335.069990 -0.048428927 0.000214552 0.085528634 0.033452298 -0.016264103 0.007896811 0.999276757
1341846335.106038 -0.047836982 -0.000661549 0.082465112 0.033431176 -0.015235244 0.006210291 0.999305606
1341846335.138045 -0.049305145 -0.000812882 0.079696923 0.035268713 -0.014071915 0.005673131 0.999262691
1341846335.169900 -0.050469752 0.000166234 0.073650397 0.035507295 -0.016345529 0.005498873 0.999220610
1341846335.206091 -0.050011028 0.000109719 0.072841771 0.034736194 -0.018370558 0.003396705 0.999221921
1341846335.239365 -0.049264763 -0.001103906 0.071645685 0.034496143 -0.017806379 0.001095884 0.999245584
1341846335.269948 -0.050079275 -0.001733430 0.067303509 0.035961870 -0.016338618 -0.000095406 0.999219596
1341846335.305972 -0.052207109 -0.001459697 0.064264797 0.038028628 -0.017421678 0.000360154 0.999124706
1341846335.338012 -0.051125973 -0.001867736 0.063821137 0.039256390 -0.019421065 0.002443460 0.999037445
1341846335.374005 -0.049414482 -0.004957309 0.062116105 0.042699561 -0.018426077 0.003530295 0.998911798
1341846335.406025 -0.049543690 -0.005349236 0.057290267 0.048931256 -0.015978556 0.005869572 0.998657048
1341846335.438079 -0.051516593 -0.001491932 0.052975100 0.055710427 -0.014428964 0.008368600 0.998307645
1341846335.473998 -0.050807141 -0.000469442 0.049755495 0.057865936 -0.012973968 0.009355459 0.998196185
1341846335.507038 -0.050543062 0.001366679 0.045854975 0.059373703 -0.010548318 0.007601552 0.998151124
1341846335.538040 -0.052367829 0.002924987 0.044138413 0.058953855 -0.007840353 0.005468394 0.998214960
1341846335.574119 -0.054092176 0.003870877 0.040975586 0.056605309 -0.007426409 0.005613134 0.998353243
1341846335.605970 -0.053609401 0.001696842 0.039498180 0.054690905 -0.008505942 0.004680890 0.998456120
1341846335.641978 -0.052276067 0.001766019 0.035540946 0.055823293 -0.007595712 0.002327970 0.998409092
1341846335.673993 -0.052931126 0.003254541 0.033687986 0.055665687 -0.006882520 0.002553084 0.998422444
1341846335.706178 -0.053602319 0.003249503 0.030387839 0.055147126 -0.008125134 0.003291196 0.998439729
1341846335.741982 -0.052629165 0.002735045 0.029087823 0.055489864 -0.008755986 0.002672107 0.998417258
1341846335.773960 -0.054091945 0.003281938 0.024621788 0.055593118 -0.007966965 0.002068841 0.998419583
1341846335.806271 -0.054423966 0.004543755 0.021769615 0.053816222 -0.008545520 0.002313174 0.998511612
1341846335.842031 -0.054052539 0.003106926 0.019992899 0.051478025 -0.007759108 0.002574260 0.998640656
1341846335.873966 -0.054210071 0.002940391 0.017303931 0.052356880 -0.006429507 0.001891278 0.998605967
1341846335.910005 -0.056487460 0.004978034 0.013378259 0.052350346 -0.006012146 0.003466949 0.998604655
1341846335.941936 -0.056584526 0.004726587 0.010189096 0.051178351 -0.008093734 0.004342661 0.998647273
1341846335.974198 -0.057008501 0.004371260 0.008102814 0.050880417 -0.008841857 0.002261274 0.998663068
1341846336.010032 -0.057894886 0.005161162 0.004817617 0.050829057 -0.008571504 0.001058744 0.998670042
1341846336.042129 -0.060144614 0.005840174 0.001857741 0.050187387 -0.009549924 0.001165899 0.998693466
1341846336.078076 -0.060389265 0.004490407 -0.000228538 0.049728531 -0.011478834 0.000385451 0.998696744
1341846336.110739 -0.059192229 0.005371643 -0.002948079 0.050488785 -0.012114085 -0.000657358 0.998650908
1341846336.142002 -0.061261524 0.004809111 -0.006799587 0.050037716 -0.011724272 0.000015830 0.998678505
1341846336.183953 -0.062435094 0.005955829 -0.011133691 0.049794443 -0.014031060 0.000985638 0.998660445
1341846336.210112 -0.062315453 0.007130654 -0.011077160 0.048618704 -0.015897049 0.001323051 0.998690009
1341846336.241891 -0.062145855 0.006640302 -0.012755663 0.048051588 -0.015059183 0.000507425 0.998731196
1341846336.277946 -0.064552017 0.005044061 -0.014979783 0.048034627 -0.014343034 0.002418757 0.998739719
1341846336.309977 -0.065459006 0.004476989 -0.017209833 0.050450180 -0.016811656 0.005202563 0.998571515
1341846336.346143 -0.065510474 0.006086907 -0.020240303 0.052623108 -0.018182948 0.006083169 0.998430371
1341846336.377975 -0.065157413 0.006001219 -0.022573583 0.053383794 -0.017955096 0.005185230 0.998399198
1341846336.410032 -0.066098787 0.007391355 -0.025076373 0.054662231 -0.017131414 0.005443742 0.998343110
1341846336.446041 -0.067294940 0.008892245 -0.027979517 0.054483131 -0.017363450 0.005358953 0.998349369
1341846336.477990 -0.066621676 0.008112900 -0.029243881 0.053151775 -0.017678313 0.005236127 0.998416245
1341846336.510056 -0.067030057 0.006973823 -0.030986007 0.053166769 -0.017031210 0.005647417 0.998424470
1341846336.546024 -0.067781217 0.007685451 -0.032346897 0.054367527 -0.016963258 0.007604775 0.998347938
1341846336.578003 -0.068600051 0.009758095 -0.035403676 0.054343507 -0.017191241 0.009273505 0.998331249
1341846336.614020 -0.066805683 0.010071934 -0.036149859 0.053813655 -0.017153669 0.008736691 0.998365462
1341846336.645982 -0.068781428 0.011920495 -0.038003135 0.053195193 -0.015335176 0.007725961 0.998436511
1341846336.678036 -0.070767224 0.009891120 -0.038758460 0.050929725 -0.016873248 0.008196852 0.998526037
1341846336.714024 -0.071045198 0.007506178 -0.039160848 0.051863793 -0.019175217 0.008073996 0.998437405
1341846336.746016 -0.072070710 0.006749544 -0.042763691 0.055382397 -0.021178972 0.010090943 0.998189569
1341846336.778014 -0.073468737 0.009122495 -0.045814190 0.058497854 -0.024855480 0.013020820 0.997893095
1341846336.820006 -0.073100798 0.010574907 -0.045846414 0.059220918 -0.028924046 0.015623657 0.997703433
1341846336.845952 -0.071963049 0.008834971 -0.046232074 0.059584513 -0.030537464 0.014505479 0.997650623
1341846336.882056 -0.075159855 0.009886879 -0.049284115 0.061775826 -0.030608138 0.014049640 0.997521698
1341846336.914273 -0.077390581 0.007215049 -0.053113502 0.063056886 -0.034266967 0.015414857 0.997302353
1341846336.945998 -0.075323604 0.006159395 -0.054176383 0.069113731 -0.041662734 0.018789623 0.996561289
1341846336.981980 -0.075905092 0.013700258 -0.054869711 0.073930152 -0.045604169 0.016639721 0.996081173
1341846337.014238 -0.075189233 0.015916826 -0.056624997 0.071389683 -0.048514538 0.015024940 0.996154666
1341846337.046017 -0.075397000 0.013461958 -0.053343289 0.068771854 -0.049829848 0.010060296 0.996336401
1341846337.082104 -0.076968327 0.013509625 -0.056392685 0.068104967 -0.049747843 0.006533917 0.996415675
1341846337.114317 -0.077525854 0.013779575 -0.056780692 0.066182554 -0.052082192 0.006693765 0.996424854
1341846337.150037 -0.076639235 0.013731289 -0.056197364 0.064760365 -0.054120794 0.005023958 0.996419489
1341846337.181873 -0.075404622 0.013434967 -0.057240427 0.064158745 -0.054091752 0.002070392 0.996470511
1341846337.214073 -0.075256526 0.016364910 -0.060813203 0.062367074 -0.052519988 0.000102023 0.996670425
1341846337.250087 -0.079531170 0.012025439 -0.061376490 0.058755912 -0.053117190 0.001043635 0.996857703
1341846337.282028 -0.079558298 0.011484072 -0.062205639 0.059702225 -0.057313222 0.004305650 0.996560216
1341846337.317920 -0.076730318 0.013496399 -0.061725799 0.059697840 -0.059544325 0.005197226 0.996425450
1341846337.350018 -0.077125661 0.015690215 -0.063738525 0.058609046 -0.058753867 0.004932669 0.996538341
1341846337.382159 -0.076308355 0.013521999 -0.063239209 0.055471681 -0.058646481 0.003002370 0.996731877
1341846337.417941 -0.077796556 0.011161039 -0.064778708 0.055795837 -0.057593688 0.003087857 0.996774912
1341846337.450137 -0.078540847 0.013910566 -0.066874020 0.056842051 -0.059311721 0.004086117 0.996611476
1341846337.482096 -0.076773614 0.013266541 -0.066250034 0.055177242 -0.060030770 0.005102033 0.996657312
1341846337.518008 -0.077982560 0.011348785 -0.066357777 0.055779271 -0.060103115 0.004901871 0.996620417
1341846337.549978 -0.076661117 0.014694614 -0.069477700 0.056742165 -0.061208028 0.003751916 0.996503830
1341846337.585971 -0.076478414 0.013320981 -0.068956278 0.053755481 -0.061481528 0.002459890 0.996656537
1341846337.617903 -0.076922305 0.009264302 -0.065125339 0.054339860 -0.062208936 0.002751707 0.996578991
1341846337.650141 -0.076356344 0.012944637 -0.067793556 0.057489697 -0.062563598 0.002384275 0.996380985
1341846337.686352 -0.076213852 0.014937975 -0.067454323 0.056020234 -0.062292270 0.002776926 0.996480644
1341846337.718002 -0.074548975 0.012882655 -0.066644758 0.053801097 -0.062232655 0.002925607 0.996606231
1341846337.749920 -0.073492661 0.015180325 -0.065443873 0.053888302 -0.060472582 0.002477084 0.996711075
1341846337.786157 -0.073610254 0.016390886 -0.064224705 0.050967723 -0.057612665 0.002365129 0.997034371
1341846337.817945 -0.073175736 0.014283617 -0.062273018 0.048248485 -0.055597868 0.003770763 0.997279644
1341846337.854071 -0.072298162 0.016433656 -0.061479364 0.047484536 -0.052577268 0.003296554 0.997481823
1341846337.885951 -0.074528262 0.018493259 -0.059925064 0.044979248 -0.049488220 0.001453849 0.997760355
1341846337.918223 -0.073254995 0.018065451 -0.058599226 0.040667921 -0.048266672 -0.001369368 0.998005331
1341846337.954120 -0.072945066 0.016542831 -0.056366853 0.037917558 -0.047056366 -0.001535909 0.998171151
1341846337.985994 -0.072245717 0.018584073 -0.055020750 0.035748985 -0.046170585 -0.001731176 0.998292208
1341846338.018107 -0.071480982 0.017663879 -0.052642245 0.032035518 -0.044766035 -0.000032296 0.998483717
1341846338.054055 -0.071236320 0.019162323 -0.049999319 0.030057248 -0.043332912 -0.000934089 0.998607993
1341846338.085986 -0.069928013 0.018211888 -0.049027488 0.026401710 -0.040308386 -0.001757348 0.998836875
1341846338.121875 -0.070041180 0.016941642 -0.046707243 0.024187408 -0.038059868 0.000584051 0.998982549
1341846338.154089 -0.070267446 0.017103646 -0.044868760 0.023362070 -0.037460823 0.003745259 0.999017954
1341846338.186029 -0.069703691 0.017256189 -0.042945828 0.022175325 -0.037958343 0.006361661 0.999013007
1341846338.222071 -0.068116419 0.018693421 -0.039511047 0.021348499 -0.037051607 0.005872796 0.999068022
1341846338.254107 -0.068482026 0.017735206 -0.037996281 0.019283485 -0.035044454 0.006057858 0.999181330
1341846338.290130 -0.067757301 0.016818594 -0.035124734 0.019548761 -0.035316020 0.007922597 0.999153554
1341846338.321952 -0.067697138 0.018417193 -0.033167526 0.019941859 -0.034321111 0.009813653 0.999163687
1341846338.354022 -0.066504396 0.017341720 -0.029726883 0.019065220 -0.034222793 0.010558740 0.999176562
1341846338.389969 -0.067345403 0.019157410 -0.028405918 0.019239962 -0.032793630 0.009915600 0.999227703
1341846338.422377 -0.067635193 0.018652894 -0.026280399 0.017180262 -0.032194085 0.010009024 0.999283850
1341846338.454010 -0.068135254 0.019432262 -0.022259846 0.016507341 -0.032350272 0.008756230 0.999301910
1341846338.489894 -0.067842036 0.018953264 -0.019554744 0.014697270 -0.032830428 0.009266099 0.999309897
1341846338.522066 -0.065941848 0.017811116 -0.015377608 0.015278267 -0.033171453 0.009187128 0.999290645
1341846338.558058 -0.066971377 0.020538954 -0.014800518 0.015207169 -0.032725725 0.008229907 0.999314785
1341846338.589842 -0.064737603 0.019182814 -0.009404628 0.012662092 -0.033800561 0.008216943 0.999314606
1341846338.622019 -0.063371710 0.018040696 -0.006822393 0.013176972 -0.033062104 0.009793917 0.999318421
1341846338.657984 -0.065146171 0.020223895 -0.006138809 0.014016991 -0.032351747 0.010868318 0.999319136
1341846338.690198 -0.063118137 0.020945368 -0.002364309 0.012033509 -0.033870012 0.010955865 0.999293745
1341846338.722454 -0.061012648 0.018434709 0.001668051 0.010638878 -0.033308685 0.011282359 0.999324799
1341846338.757945 -0.063900203 0.020544522 0.000684832 0.011188101 -0.032286394 0.013137569 0.999329686
1341846338.790039 -0.061652757 0.020884743 0.005632607 0.009108043 -0.035093542 0.013835145 0.999246716
1341846338.826048 -0.059898309 0.019949738 0.010046848 0.009408666 -0.034703922 0.012478400 0.999275446
1341846338.858027 -0.060879309 0.021504339 0.011722441 0.009892912 -0.032465529 0.010583496 0.999367833
1341846338.889902 -0.060119875 0.021606740 0.014135101 0.007162353 -0.033716563 0.010700918 0.999348462
1341846338.925948 -0.058327902 0.020375451 0.020182660 0.006324271 -0.033453882 0.008634523 0.999382973
1341846338.958108 -0.058880076 0.020745166 0.021063557 0.006732700 -0.031300362 0.007905183 0.999456108
1341846338.990057 -0.057052322 0.019608060 0.025172416 0.006742234 -0.031822238 0.008945242 0.999430776
1341846339.025928 -0.055995222 0.018998057 0.028707923 0.008573892 -0.031016840 0.009594566 0.999436021
1341846339.057939 -0.055881981 0.021398118 0.031385187 0.012031789 -0.028434006 0.009179920 0.999481082
1341846339.093927 -0.057902992 0.023515381 0.032199942 0.011446407 -0.028104350 0.010076462 0.999488652
1341846339.126562 -0.054778818 0.024423623 0.034638375 0.008299698 -0.030082360 0.009323636 0.999469459
1341846339.157969 -0.052863065 0.024251966 0.039847318 0.005966019 -0.027842624 0.007253839 0.999568224
1341846339.194113 -0.055304967 0.025186468 0.041584410 0.004365983 -0.025898751 0.007994560 0.999623060
1341846339.228165 -0.054468784 0.026858853 0.044069920 0.001303016 -0.028153038 0.010045755 0.999552310
1341846339.257998 -0.050907858 0.025184128 0.049380694 -0.001992918 -0.028581284 0.011321721 0.999525368
1341846339.294132 -0.052125815 0.026305333 0.051104296 -0.001623395 -0.025502138 0.011292813 0.999609649
1341846339.326577 -0.053720005 0.027748056 0.050147146 -0.005580488 -0.026698299 0.015874382 0.999501884
1341846339.362269 -0.050462801 0.026865590 0.055140089 -0.010032360 -0.030146852 0.013410734 0.999405146
1341846339.394725 -0.048814289 0.027310565 0.059253700 -0.010687054 -0.028669097 0.012650826 0.999451756
1341846339.426160 -0.049116869 0.027145807 0.059507798 -0.012793307 -0.028370220 0.013926210 0.999418616
1341846339.462186 -0.046575826 0.026085204 0.063904911 -0.014740127 -0.030002138 0.013331584 0.999352217
1341846339.496743 -0.044140220 0.025356956 0.066037774 -0.012246772 -0.027095381 0.010888649 0.999498546
1341846339.530143 -0.045488898 0.027732443 0.070793875 -0.010259464 -0.022686306 0.010283698 0.999637067
1341846339.562052 -0.045299362 0.025901021 0.072973199 -0.010556865 -0.023151094 0.012358919 0.999599814
1341846339.595122 -0.042928856 0.025966447 0.075475857 -0.008528461 -0.023115057 0.012080296 0.999623418
1341846339.632085 -0.041860368 0.026542081 0.078399904 -0.006903023 -0.019576149 0.010076105 0.999733746
1341846339.664568 -0.041869394 0.026194666 0.078863174 -0.006610984 -0.016588021 0.007731303 0.999810636
1341846339.698896 -0.041580811 0.026052861 0.082347184 -0.006544938 -0.015333067 0.006623319 0.999839127
1341846339.731977 -0.040858023 0.025736438 0.084654853 -0.006402300 -0.015278933 0.005371661 0.999848366
1341846339.762241 -0.038653735 0.024924621 0.087684289 -0.006294000 -0.014487767 0.004810462 0.999863684
1341846339.797873 -0.039081074 0.024607999 0.089189030 -0.006360946 -0.013779212 0.006016010 0.999866724
1341846339.830245 -0.037841324 0.024147524 0.090400383 -0.006862096 -0.014474533 0.006581498 0.999850035
1341846339.862015 -0.036807783 0.024402305 0.092562966 -0.007085061 -0.014617557 0.006206618 0.999848843
1341846339.897797 -0.035568260 0.024029121 0.095330611 -0.008105096 -0.013722573 0.005930873 0.999855399
1341846339.929916 -0.035772372 0.022731759 0.098243415 -0.009005031 -0.012334638 0.007512839 0.999855161
1341846339.961960 -0.034965076 0.022398239 0.100245968 -0.007663395 -0.013087525 0.008224071 0.999851167
1341846339.997845 -0.033505432 0.022755936 0.100261107 -0.006213006 -0.012304505 0.008640966 0.999867678
1341846340.029925 -0.032785349 0.022346839 0.103442341 -0.005349709 -0.009847700 0.009419196 0.999892831
1341846340.066044 -0.032393530 0.021733712 0.104451828 -0.003552048 -0.008685978 0.010931612 0.999896228
1341846340.098009 -0.032350432 0.022492083 0.106131978 -0.002213991 -0.008041698 0.011276576 0.999901593
1341846340.130102 -0.031211166 0.022165168 0.107169546 -0.003192559 -0.008593328 0.010786505 0.999899805
1341846340.166041 -0.029395936 0.021331320 0.109167896 -0.002374469 -0.006761285 0.009060495 0.999933302
1341846340.197867 -0.030304542 0.022351438 0.111079611 -0.000827673 -0.003824323 0.008722555 0.999954283
1341846340.229904 -0.029998828 0.023192033 0.113103874 -0.001867495 -0.004102918 0.008881685 0.999950409
1341846340.265859 -0.028594019 0.021407343 0.115708143 -0.002889549 -0.003259892 0.007760967 0.999960363
1341846340.298061 -0.028143721 0.021297073 0.117463008 -0.001037569 -0.001030770 0.008522705 0.999962628
1341846340.334063 -0.027981685 0.021252755 0.118191905 -0.002393974 -0.002040016 0.010859659 0.999936104
1341846340.366064 -0.027125899 0.020925170 0.120646581 -0.003784276 -0.003958175 0.009506204 0.999939799
1341846340.397995 -0.026621830 0.020874469 0.121912956 -0.001773382 -0.003385631 0.009326386 0.999949217
1341846340.433895 -0.026164239 0.020949136 0.123727992 -0.001325053 -0.003696630 0.010223334 0.999940038
1341846340.465959 -0.025902726 0.020655923 0.124472044 -0.000864970 -0.006099705 0.011790230 0.999911487
1341846340.501858 -0.025893839 0.020610364 0.124503359 -0.000235197 -0.009071880 0.012538682 0.999880195
1341846340.534329 -0.025822863 0.020856878 0.124254584 0.000379058 -0.009948888 0.011414811 0.999885261
1341846340.566041 -0.024985690 0.020457938 0.126336530 0.001703119 -0.010817941 0.012064528 0.999867260
1341846340.601909 -0.025435081 0.020753291 0.124981523 0.004392600 -0.010404234 0.011039285 0.999875247
1341846340.634005 -0.020817649 0.021760765 0.123328775 0.005388123 -0.013312418 0.011762471 0.999827683
1341846340.666028 -0.019123608 0.021120446 0.123426273 0.004958613 -0.013572215 0.009978154 0.999845803
1341846340.701946 -0.017424548 0.020085270 0.122393638 0.006472320 -0.012733120 0.007880226 0.999866903
1341846340.733954 -0.016767045 0.020857586 0.121262319 0.007701976 -0.011117577 0.006497937 0.999887407
1341846340.770081 -0.016959934 0.021427661 0.121100888 0.007285136 -0.010437815 0.003796139 0.999911785
1341846340.801980 -0.015714813 0.020467065 0.119394779 0.006968191 -0.009787876 -0.001595126 0.999926567
1341846340.833999 -0.015811173 0.021816041 0.119333647 0.007383508 -0.007375028 -0.005477013 0.999930501
1341846340.870013 -0.016339079 0.021463439 0.120240062 0.006065439 -0.007199324 -0.007668582 0.999926269
1341846340.901955 -0.015546551 0.020968178 0.120366029 0.006914177 -0.007848334 -0.007642586 0.999916077
1341846340.933918 -0.015943043 0.021142451 0.119805664 0.008939630 -0.008283245 -0.005291495 0.999911726
1341846340.970122 -0.016656544 0.021975935 0.118306868 0.010573652 -0.010907257 -0.000345721 0.999884546
1341846341.001922 -0.016593987 0.020722143 0.117632702 0.011109383 -0.014938672 0.004761068 0.999815345
1341846341.037923 -0.015839692 0.020967571 0.116724193 0.012363498 -0.017780326 0.007834993 0.999734759
1341846341.070300 -0.015830267 0.020584205 0.115823157 0.012522426 -0.018569052 0.007828714 0.999718487
1341846341.102028 -0.016442852 0.020756109 0.114815421 0.012529938 -0.019723047 0.007684974 0.999697447
1341846341.137982 -0.016066249 0.020616895 0.114342488 0.012465434 -0.021777287 0.008293691 0.999650717
1341846341.170048 -0.014254571 0.019617150 0.114031732 0.012689049 -0.023055546 0.009664754 0.999606907
1341846341.202110 -0.014821791 0.019039402 0.112557665 0.013973834 -0.023139685 0.011136463 0.999572515
1341846341.237996 -0.016026143 0.019229323 0.111756295 0.015677556 -0.021951176 0.011241709 0.999572933
1341846341.269883 -0.014888930 0.019036582 0.111217625 0.016753975 -0.022311233 0.012187436 0.999536395
1341846341.306107 -0.015157051 0.019130871 0.110516749 0.017522456 -0.022763623 0.010990319 0.999526858
1341846341.338109 -0.014544195 0.019526744 0.110249594 0.018577641 -0.022551436 0.009202723 0.999530733
1341846341.370120 -0.016184714 0.019259876 0.109713040 0.018900013 -0.020348454 0.006418327 0.999593675
1341846341.406074 -0.015710110 0.019462336 0.110069416 0.019253470 -0.020643929 0.006023117 0.999583364
1341846341.438113 -0.017700220 0.017901622 0.110809311 0.019779040 -0.021473231 0.006051358 0.999555409
1341846341.470024 -0.016872251 0.018201791 0.108613096 0.022601089 -0.021813395 0.004244008 0.999497533
1341846341.506077 -0.016941508 0.020524109 0.108229212 0.023423577 -0.021051649 0.003239669 0.999498725
1341846341.538156 -0.018923733 0.019483740 0.109068796 0.022181135 -0.021982562 0.003102043 0.999507427
1341846341.574016 -0.017137364 0.019450171 0.108550422 0.023077669 -0.025112223 0.004800359 0.999406695
1341846341.612466 -0.017199969 0.020032937 0.107596003 0.023642305 -0.025792761 0.005411309 0.999373019
1341846341.643972 -0.018350856 0.020388413 0.107563987 0.022898737 -0.026650006 0.003931569 0.999374807
1341846341.679982 -0.019259667 0.019882141 0.107200883 0.022493999 -0.027595961 0.004124802 0.999357522
1341846341.712332 -0.020333126 0.020213375 0.106739014 0.023373859 -0.029427974 0.006614388 0.999271691
1341846341.744185 -0.019314980 0.019974230 0.106728688 0.023636041 -0.031870507 0.008933365 0.999172568
1341846341.780061 -0.019176938 0.020730121 0.106490143 0.024354147 -0.032506716 0.010582224 0.999118745
1341846341.812163 -0.019133477 0.019644137 0.105454199 0.024159392 -0.033274427 0.011842404 0.999084055
1341846341.842595 -0.018138880 0.018590201 0.104637109 0.025799647 -0.033715919 0.015374110 0.998980105
1341846341.875779 -0.018198270 0.019009942 0.103362948 0.027544545 -0.034059111 0.019244993 0.998854816
1341846341.906227 -0.017453719 0.017493390 0.103625715 0.028661851 -0.034851871 0.021107089 0.998758376
1341846341.942069 -0.017617702 0.016411293 0.101687886 0.031649064 -0.034530047 0.022542261 0.998648047
1341846341.974775 -0.017340228 0.016738275 0.100707151 0.035042223 -0.034810781 0.024315679 0.998483360
1341846342.010161 -0.018445004 0.017141400 0.100205377 0.035905477 -0.035588708 0.025747141 0.998389363
1341846342.042024 -0.016236542 0.014933721 0.098543733 0.036805302 -0.037023365 0.026088888 0.998295546
1341846342.080032 -0.015402001 0.016706660 0.098141298 0.039626896 -0.035119217 0.026516175 0.998245060
1341846342.112265 -0.016936421 0.015542506 0.099285565 0.039461721 -0.034142751 0.028620355 0.998227417
1341846342.147954 -0.016424326 0.013895692 0.098529004 0.041062091 -0.035488453 0.030954739 0.998046219
1341846342.179852 -0.014656094 0.014701025 0.096588753 0.044171393 -0.035656065 0.032631878 0.997854054
1341846342.211848 -0.015086377 0.015420085 0.097260229 0.045180209 -0.034901299 0.032280743 0.997846961
1341846342.247920 -0.015587642 0.014025188 0.096300803 0.045821752 -0.034371614 0.030789759 0.997883201
1341846342.279870 -0.015297211 0.014604798 0.097139955 0.047648165 -0.034022588 0.031312749 0.997793376
1341846342.316068 -0.014776189 0.014522328 0.095669821 0.048673015 -0.034174062 0.032920543 0.997686982
1341846342.347894 -0.014564771 0.015192417 0.094148047 0.049205564 -0.034059566 0.032557163 0.997676671
1341846342.379953 -0.013874260 0.014823758 0.094610818 0.049272392 -0.033749901 0.032544006 0.997684360
1341846342.416195 -0.014927547 0.015155887 0.095057003 0.050037529 -0.032979380 0.033390269 0.997644067
1341846342.447907 -0.015285257 0.015691882 0.095247932 0.050667617 -0.033709042 0.033849042 0.997572422
