1341846313.789969 0.013188529 -0.001946401 0.002762459 -0.000787971 -0.008841664 0.004684167 0.999949634
1341846313.822075 0.016639886 -0.000231347 0.002442390 -0.000025568 -0.008743432 0.003558783 0.999955416
1341846313.853928 0.017456179 0.000040496 0.005228715 -0.000620379 -0.006261028 0.002748771 0.999976456
1341846313.890011 0.019161159 0.000400688 0.002333527 -0.000684384 -0.004547966 0.003085407 0.999984682
1341846313.922055 0.021835214 0.002069307 0.003385233 -0.002148030 -0.004776726 0.004527629 0.999976039
1341846313.957927 0.031163448 0.001247140 0.004910329 -0.004525964 -0.003620262 0.006272235 0.999963522
1341846313.990058 0.028894467 0.001111389 0.003011314 -0.005817147 0.004694022 0.007724133 0.999942243
1341846314.022042 0.029347962 0.003887065 0.003808082 -0.006934226 0.006437201 0.007398727 0.999927878
1341846314.057816 0.033567920 0.002710348 0.005458091 -0.010851400 0.008477208 0.009500107 0.999860048
1341846314.089801 0.037710715 0.002006211 0.005731108 -0.010527989 0.012545891 0.010514675 0.999810576
1341846314.122037 0.033823226 0.004608159 0.006410439 -0.010229108 0.018254884 0.011023195 0.999720275
1341846314.157989 0.040605951 0.003928432 0.008400765 -0.013024033 0.019152803 0.014131924 0.999631822
1341846314.190094 0.041222446 0.004934526 0.011159600 -0.012492816 0.023294225 0.014508607 0.999545336
1341846314.225969 0.040203236 0.007286366 0.007547197 -0.013780539 0.026387639 0.016609143 0.999418795
1341846314.257923 0.041688092 0.004823452 0.009720989 -0.016620154 0.028175311 0.016880816 0.999322236
1341846314.290052 0.041707229 0.003663745 0.006740720 -0.016056368 0.029404007 0.016600810 0.999300778
1341846314.325981 0.044200908 0.005694355 0.005854449 -0.016210930 0.030143304 0.015436050 0.999294877
1341846314.357905 0.047659639 0.003895453 0.008679561 -0.017802559 0.032212771 0.014890017 0.999211490
1341846314.389899 0.047771625 0.003204512 0.008294075 -0.016594470 0.035458084 0.013628798 0.999140382
1341846314.427905 0.049326058 0.005483113 0.006298014 -0.015705695 0.037196860 0.012325342 0.999108493
1341846314.458114 0.054290645 0.003834691 0.009055714 -0.016954539 0.040672675 0.009848516 0.998980105
1341846314.493987 0.052492637 0.002608177 0.008197939 -0.015457105 0.046766773 0.004228757 0.998777270
1341846314.526085 0.055528399 0.005397509 0.008760029 -0.014054110 0.048507955 0.001017482 0.998723388
1341846314.558292 0.057806499 0.005305968 0.009275684 -0.015181537 0.051053893 0.002161433 0.998578191
1341846314.594085 0.058346730 0.001633108 0.007459373 -0.015509069 0.055319536 0.002667952 0.998344660
1341846314.626096 0.060247142 0.004283360 0.004364033 -0.014192850 0.058994267 0.003684970 0.998150587
1341846314.658455 0.060296196 0.004226968 0.004164741 -0.016344938 0.061833464 0.003420872 0.997946799
1341846314.694004 0.064657517 0.001539149 0.005042555 -0.017080192 0.064333312 0.000722777 0.997781992
1341846314.725910 0.061072249 -0.000772716 0.002631022 -0.013910873 0.069968492 0.004434809 0.997442305
1341846314.761942 0.066046491 0.000637851 0.006824854 -0.009585248 0.068406835 0.010427419 0.997556984
1341846314.794030 0.073236614 0.000469419 0.009752222 -0.006718021 0.067945935 0.012366605 0.997589767
1341846314.826092 0.071607813 0.002266275 0.006049498 -0.003921089 0.073194146 0.011563900 0.997242928
1341846314.862145 0.074372374 0.002832313 0.004134863 -0.003833462 0.076592714 0.014021485 0.996956468
1341846314.894072 0.076101780 0.002028993 0.004475669 -0.004435361 0.080292009 0.015818147 0.996635973
1341846314.925969 0.077500150 0.002342009 0.003747270 -0.004345918 0.082919918 0.019250128 0.996360779
1341846314.961937 0.078536905 0.006052996 0.000102621 -0.005556630 0.083544120 0.022348965 0.996237934
1341846314.994564 0.079728238 0.005043068 0.004934479 -0.009827751 0.084008202 0.023685299 0.996135056
1341846315.029900 0.081434138 0.004662096 0.007073238 -0.009735280 0.087586030 0.019207906 0.995924175
1341846315.061965 0.081222288 0.004265514 0.005300649 -0.010702251 0.090472654 0.023747055 0.995558262
1341846315.094388 0.080109239 0.004303916 0.009187513 -0.010384729 0.090625428 0.022988733 0.995565534
1341846315.129851 0.086752169 0.003515128 0.005325219 -0.009074244 0.088254295 0.024093291 0.995765209
1341846315.161941 0.085135683 0.008962351 0.000170282 -0.009368072 0.089087188 0.025915863 0.995642543
1341846315.197984 0.085219920 0.007750557 0.001050418 -0.016086306 0.087689035 0.022768090 0.995757759
1341846315.230076 0.090249702 0.005818380 0.002936446 -0.020831272 0.084584363 0.020271406 0.995992303
1341846315.262069 0.090000048 0.007080308 0.005892848 -0.023450114 0.082175389 0.022335807 0.996091545
1341846315.298000 0.093795069 0.005758981 0.010250916 -0.025926361 0.076868050 0.026081001 0.996362865
1341846315.329931 0.096282668 0.005429129 0.013503614 -0.022379523 0.075303406 0.026759924 0.996550262
1341846315.361981 0.095285416 0.003612139 0.011655075 -0.017975895 0.076020867 0.028253101 0.996543765
1341846315.397962 0.100312896 0.004086468 0.009293152 -0.014881439 0.074511439 0.032886129 0.996566653
1341846315.429923 0.099855669 0.005627738 0.010163027 -0.011374281 0.077325843 0.033414114 0.996380866
1341846315.466047 0.103499740 0.006899773 0.008227744 -0.009961077 0.079994179 0.035362527 0.996118069
1341846315.497883 0.102607563 0.006698376 0.007040747 -0.011199949 0.083921574 0.039311208 0.995633662
1341846315.530008 0.103860550 0.007153916 0.007690811 -0.010999166 0.084889732 0.041217078 0.995476723
1341846315.566108 0.095895007 0.006593246 0.005794286 -0.011613935 0.089940026 0.037993956 0.995154440
1341846315.597986 0.106382966 0.006781052 0.008609032 -0.012388573 0.086829789 0.041703470 0.995272756
1341846315.630109 0.106176294 0.007369984 0.008435322 -0.011869962 0.088177957 0.039941069 0.995232880
1341846315.666042 0.103833675 0.009099321 0.005151848 -0.012078101 0.090964116 0.037262011 0.995083511
1341846315.698114 0.105088301 0.009538722 0.003797749 -0.017095417 0.094116792 0.035039350 0.994797468
1341846315.733985 0.106153466 0.007348506 0.009416636 -0.020538317 0.095984660 0.038323451 0.994432688
1341846315.766041 0.103319809 0.005885500 0.004805110 -0.020745983 0.094024599 0.040009741 0.994549274
1341846315.798188 0.103305481 0.005501836 0.006707246 -0.021963937 0.093602322 0.038878396 0.994607806
1341846315.834140 0.103002176 0.004603531 0.008494117 -0.021209769 0.095880136 0.038125459 0.994436324
1341846315.866751 0.102867387 0.005282165 0.006683956 -0.018345479 0.097146451 0.037955366 0.994376898
1341846315.898492 0.102450900 0.004744647 0.008871747 -0.017590769 0.097656883 0.037265267 0.994366646
1341846315.936901 0.102431089 0.003707755 0.010480857 -0.015235906 0.099137329 0.036509138 0.994287074
1341846315.966572 0.101397641 0.002999218 0.011413607 -0.012218497 0.100344263 0.036568724 0.994205475
1341846316.002119 0.096904904 0.002067642 0.007157580 -0.010374818 0.101703599 0.033351742 0.994201422
1341846316.034204 0.095109642 0.001220312 0.006683326 -0.008958491 0.102125369 0.033092260 0.994180620
1341846316.066113 0.092469923 0.001034164 0.007564037 -0.006592338 0.102810144 0.032653503 0.994143009
1341846316.101867 0.090087242 0.002361083 0.005835474 -0.004761638 0.101884656 0.033773132 0.994211316
1341846316.134066 0.087283619 0.003037300 0.006532384 -0.005243467 0.099370375 0.031165071 0.994548500
1341846316.169952 0.085313104 0.000563204 0.004719031 -0.006125224 0.097142547 0.028906498 0.994831741
1341846316.202049 0.083108187 0.001000021 0.006094716 -0.005340402 0.094993748 0.026609689 0.995107830
1341846316.233979 0.083473235 0.000473030 0.002692609 -0.005144845 0.093088537 0.026024945 0.995304346
1341846316.270052 0.083535157 -0.000128958 0.002707556 -0.006782708 0.093261197 0.023473244 0.995341837
1341846316.301915 0.079554349 -0.001593635 0.004304730 -0.006808175 0.095594309 0.020836879 0.995178998
1341846316.334208 0.077431582 -0.001903992 0.005200716 -0.005328314 0.094915457 0.022383248 0.995219409
1341846316.370006 0.074381456 -0.002802347 0.002384745 -0.003583995 0.094302446 0.022230268 0.995288908
1341846316.401994 0.073246039 -0.002022793 0.002418739 -0.001324163 0.093311399 0.024429899 0.995336294
1341846316.438069 0.071673758 -0.002460105 0.004182901 0.001070721 0.093022928 0.025657644 0.995332718
1341846316.470076 0.070496373 -0.002656860 0.005599888 0.005471992 0.092068896 0.029308714 0.995306134
1341846316.502034 0.064807579 -0.000897636 -0.000095364 0.007557264 0.090979159 0.029574409 0.995384872
1341846316.537975 0.063058302 -0.000868049 -0.001674941 0.005294525 0.088213623 0.028489942 0.995679975
1341846316.570121 0.062542520 -0.001543223 0.007632250 0.004606667 0.087865531 0.026148090 0.995778441
1341846316.601885 0.060549933 -0.003160508 0.005177667 0.006120447 0.087595068 0.023696469 0.995855451
1341846316.638009 0.058385808 -0.003875594 0.004295942 0.008312861 0.086236134 0.025499243 0.995913625
1341846316.669925 0.056265190 -0.004014492 0.005298330 0.010855983 0.085873649 0.024892718 0.995935857
1341846316.705941 0.054190449 -0.005625376 0.004621238 0.014744600 0.085927077 0.025975324 0.995853603
1341846316.738062 0.051194534 -0.003958975 0.000229364 0.017304294 0.085798755 0.027897587 0.995771468
1341846316.770433 0.048061561 -0.002277453 0.000377401 0.017008061 0.085760422 0.027689874 0.995785713
1341846316.805932 0.047319975 -0.005398809 0.001836171 0.016462982 0.085185304 0.027110154 0.995860159
1341846316.838029 0.046090689 -0.006411037 0.001463547 0.017014012 0.083151914 0.029996229 0.995940030
1341846316.870034 0.041793536 -0.005789397 0.003478919 0.018230557 0.080711417 0.031435624 0.996074855
1341846316.906344 0.040283065 -0.005425557 0.002754289 0.019461431 0.077713817 0.029547164 0.996347725
1341846316.937940 0.040342320 -0.005833111 0.002099493 0.019042088 0.075713091 0.027787123 0.996560514
1341846316.973994 0.037584756 -0.005470747 0.002105463 0.018390149 0.074019119 0.027823299 0.996698976
1341846317.005913 0.035369575 -0.006595149 0.002843434 0.016735855 0.071201675 0.028692320 0.996908724
1341846317.037936 0.033222653 -0.007544147 0.003971129 0.016984679 0.069154397 0.027175622 0.997091115
1341846317.073972 0.034511875 -0.007955853 0.003132094 0.018178573 0.066000141 0.029424669 0.997219980
1341846317.106113 0.029715214 -0.008077763 0.002927767 0.020719925 0.065826572 0.031007580 0.997133911
1341846317.137887 0.024583707 -0.008449148 0.001417605 0.023938419 0.060609788 0.033802357 0.997301757
1341846317.173970 0.022899572 -0.006162231 0.001094118 0.025668968 0.053702373 0.036667973 0.997553289
1341846317.205887 0.021169649 -0.005968387 0.006750102 0.026317926 0.051325660 0.038737755 0.997583270
1341846317.248131 0.019362945 -0.006697910 0.006664637 0.027220670 0.048179358 0.039846901 0.997672319
1341846317.273950 0.016156130 -0.005621660 0.005836430 0.028939100 0.044425741 0.041992784 0.997710109
1341846317.306289 0.015618343 -0.005598763 0.007830333 0.029092969 0.042097174 0.044262107 0.997708499
1341846317.348137 0.015361773 -0.006561378 0.006625003 0.030067207 0.042721618 0.045645677 0.997590721
1341846317.373974 0.011025566 -0.005738010 0.004884660 0.031668652 0.044627789 0.047786307 0.997357428
1341846317.410120 0.009652657 -0.005260880 0.007801224 0.032091483 0.043597341 0.049809318 0.997290552
1341846317.442569 0.009442218 -0.008511642 0.006427206 0.033553213 0.042686488 0.053081680 0.997112989
1341846317.474010 0.007605185 -0.007181644 0.009404583 0.039868012 0.043303315 0.056918554 0.996642172
1341846317.509927 0.004277804 -0.005318857 0.007909107 0.043123480 0.041600481 0.061476242 0.996308386
1341846317.542282 0.001306942 -0.005000626 0.007384569 0.042563170 0.039390486 0.061685823 0.996409357
1341846317.573943 0.001265523 -0.006174868 0.008115637 0.042018540 0.039704759 0.060158137 0.996513367
1341846317.610159 -0.000319527 -0.007281981 0.007998327 0.044018470 0.041971661 0.059238762 0.996389270
1341846317.643553 -0.004830531 -0.005702775 0.006576380 0.046969827 0.042212732 0.062342159 0.996054888
1341846317.677993 -0.007934523 -0.006924941 0.008380474 0.047552366 0.039506592 0.064387023 0.996008217
1341846317.709996 -0.010318330 -0.007658429 0.006612002 0.049650539 0.036881767 0.063718364 0.996049464
1341846317.741834 -0.012676568 -0.004725737 0.006052962 0.050617166 0.035665836 0.063512012 0.996058285
1341846317.777923 -0.016225092 -0.005914342 0.009290530 0.048742529 0.035035525 0.063506089 0.996174514
1341846317.810021 -0.018114349 -0.006934904 0.009541829 0.048048113 0.033421267 0.061332360 0.996399879
1341846317.841886 -0.020124273 -0.004681507 0.010268391 0.048100442 0.032437161 0.059684545 0.996529937
1341846317.878017 -0.023335712 -0.004750869 0.009073776 0.045548636 0.032684669 0.054858580 0.996919036
1341846317.909910 -0.024319869 -0.006026281 0.010811211 0.044472799 0.033667553 0.051581331 0.997109830
1341846317.946031 -0.027838243 -0.007263883 0.010659313 0.045361023 0.035129137 0.052870095 0.996951878
1341846317.978041 -0.030482646 -0.008447893 0.010885834 0.047045544 0.033773985 0.053534538 0.996885180
1341846318.009897 -0.032222856 -0.008042295 0.008113737 0.049388744 0.034232389 0.051193517 0.996879160
1341846318.045949 -0.029666124 -0.004566606 0.009736542 0.050621476 0.034035418 0.049950428 0.996887147
1341846318.078074 -0.032815047 -0.005561392 0.011496490 0.049601685 0.032871250 0.047830373 0.997081459
1341846318.109894 -0.036200903 -0.005429833 0.012243997 0.049365140 0.029205531 0.044997338 0.997339129
1341846318.145957 -0.038383253 -0.006450264 0.010374565 0.048224326 0.027449992 0.042899631 0.997537255
1341846318.178001 -0.040683813 -0.007599361 0.009700154 0.047134753 0.027852265 0.040211122 0.997690141
1341846318.214074 -0.044503268 -0.008198678 0.011670093 0.047860295 0.026391691 0.038325857 0.997769475
1341846318.245970 -0.052626785 -0.011461260 0.007418830 0.050020400 0.021506114 0.040354684 0.997700810
1341846318.278018 -0.052465968 -0.009664673 0.012024760 0.054556116 0.016695544 0.041165147 0.997522116
1341846318.313937 -0.055412266 -0.009234414 0.011783655 0.056288347 0.010936749 0.040043935 0.997551262
1341846318.345989 -0.059451547 -0.009391010 0.014385561 0.058015697 0.002156169 0.038878817 0.997555971
1341846318.382046 -0.061465397 -0.009991362 0.011832290 0.059826709 -0.004609736 0.038229764 0.997465789
1341846318.414072 -0.065160096 -0.011167561 0.009937284 0.061021317 -0.010699913 0.038858704 0.997322381
1341846318.446035 -0.065430343 -0.011139059 0.012541104 0.063151941 -0.017434621 0.038710549 0.997100472
1341846318.482196 -0.069430389 -0.010311222 0.007713186 0.064964227 -0.019644845 0.039536346 0.996910512
1341846318.514144 -0.069355048 -0.010752410 0.007830325 0.064823501 -0.020978771 0.039752215 0.996883929
1341846318.546259 -0.071225189 -0.012501771 0.009083892 0.066012770 -0.022303073 0.040273424 0.996756196
1341846318.582042 -0.073291562 -0.010787494 0.007662756 0.067802988 -0.022008479 0.039392337 0.996677816
1341846318.614115 -0.076731473 -0.010137410 0.008760102 0.067614153 -0.022029484 0.038498607 0.996725082
1341846318.650038 -0.078843676 -0.009787640 0.009108783 0.067388199 -0.022711162 0.035407975 0.996839643
1341846318.682350 -0.080903426 -0.009325269 0.009615572 0.067097157 -0.023002816 0.032981969 0.996935844
1341846318.714063 -0.085455462 -0.010388147 0.006937484 0.066338718 -0.023628177 0.032766562 0.996979058
1341846318.749905 -0.085395232 -0.011275734 0.008198781 0.066951782 -0.024092721 0.034667008 0.996862650
1341846318.782036 -0.088979632 -0.011678568 0.006397786 0.068359219 -0.024619117 0.036537010 0.996687472
1341846318.814121 -0.092155986 -0.011724778 0.003712796 0.068469249 -0.030005051 0.035838105 0.996557713
1341846318.850072 -0.095355093 -0.012798884 0.003448277 0.068596423 -0.035508137 0.033453606 0.996450961
1341846318.883516 -0.098977089 -0.012817979 -0.003280773 0.071674913 -0.042938732 0.030492013 0.996036768
1341846318.918047 -0.099895276 -0.011773677 0.003861530 0.075352892 -0.056217894 0.030270789 0.995110631
1341846318.950044 -0.105242670 -0.014169285 0.006306505 0.076429486 -0.064081557 0.027078405 0.994645119
1341846318.982028 -0.108090825 -0.012307669 0.005500758 0.078516237 -0.066622779 0.024610130 0.994379640
1341846319.018123 -0.117407478 -0.012237373 0.004963878 0.078170769 -0.069884554 0.023547390 0.994208694
1341846319.050745 -0.114294648 -0.016217127 0.003709515 0.078802958 -0.078085080 0.023798661 0.993542373
1341846319.081905 -0.108896628 -0.014040449 0.010653671 0.084808610 -0.079991348 0.023082936 0.992912889
1341846319.117976 -0.116372235 -0.011484335 0.006479979 0.087571844 -0.077888437 0.027038749 0.992740393
1341846319.150093 -0.119739167 -0.013224899 0.003023460 0.089102209 -0.082274504 0.035223421 0.991993427
1341846319.186069 -0.110197961 -0.009216641 0.002911371 0.091150351 -0.086197466 0.034122624 0.991512597
1341846319.218149 -0.108918644 -0.005019183 0.005973468 0.088930771 -0.082007639 0.032098338 0.992136955
1341846319.250034 -0.112847611 -0.004864712 0.005281584 0.082617611 -0.075265504 0.031298965 0.993242085
1341846319.286594 -0.116883010 -0.007504547 0.006321834 0.080328099 -0.071811602 0.035319079 0.993550718
1341846319.318034 -0.118386686 -0.007301967 0.007154363 0.080972672 -0.071326308 0.039101314 0.993391693
1341846319.350268 -0.121574111 -0.008694596 0.006040158 0.081626780 -0.070452459 0.044772178 0.993161082
1341846319.386163 -0.131755114 -0.010553394 0.002913032 0.083019465 -0.073159076 0.052168455 0.992488801
1341846319.418386 -0.125676021 -0.011828041 -0.006279866 0.083749704 -0.079774641 0.052779909 0.991885185
1341846319.453961 -0.127134874 -0.008508002 0.002801910 0.084983557 -0.082281098 0.050321601 0.991703272
1341846319.486271 -0.130364120 -0.008871594 -0.001715540 0.083814844 -0.082140274 0.049136579 0.991873801
1341846319.518456 -0.134166047 -0.009158618 -0.013309947 0.079952784 -0.085311443 0.052840862 0.991734505
1341846319.554083 -0.135649055 -0.010612893 0.003576743 0.078412041 -0.088401914 0.048445825 0.991811335
1341846319.586296 -0.139616162 -0.009959290 -0.000138488 0.078842528 -0.087342270 0.044587985 0.992051959
1341846319.622031 -0.145859018 -0.010876635 -0.006065984 0.077003062 -0.089950919 0.040901180 0.992122173
1341846319.653962 -0.146336645 -0.013699180 -0.001412022 0.075969979 -0.095362574 0.040529132 0.991711617
1341846319.686352 -0.148831755 -0.012802849 0.000255584 0.078003764 -0.099069349 0.042254534 0.991118193
1341846319.721992 -0.150400043 -0.011466278 -0.003328610 0.078874223 -0.103145055 0.042831857 0.990608573
1341846319.754063 -0.151890501 -0.007972526 -0.001916878 0.076266050 -0.105401009 0.041614972 0.990627229
1341846319.786397 -0.153811455 -0.009214372 -0.001546054 0.071532413 -0.105341673 0.046042308 0.990790784
1341846319.822008 -0.156573743 -0.007946151 -0.002604954 0.068610623 -0.105841331 0.050401047 0.990732014
1341846319.853917 -0.157080904 -0.009002866 -0.002380539 0.063227795 -0.107046224 0.054327425 0.990753174
1341846319.889942 -0.157492444 -0.011411742 -0.000463126 0.059848737 -0.107964225 0.059746303 0.990551472
1341846319.922039 -0.160684854 -0.014393181 -0.004210255 0.059048012 -0.111678973 0.061543781 0.990077555
1341846319.953946 -0.160912275 -0.014673188 0.001991786 0.059741817 -0.118221641 0.058025740 0.989488542
1341846319.990054 -0.159622580 -0.013559906 0.004369589 0.062872969 -0.121526964 0.051145021 0.989273667
1341846320.028122 -0.160143763 -0.013935812 -0.003116969 0.064608648 -0.125161171 0.050870705 0.988722682
1341846320.054177 -0.160266966 -0.012803738 0.000456367 0.068119951 -0.130614057 0.050066750 0.987822354
1341846320.090047 -0.156184107 -0.010564346 0.005631394 0.070506036 -0.133069307 0.050090633 0.987325907
1341846320.122011 -0.153643027 -0.009973180 0.004659562 0.071098052 -0.131281435 0.050756544 0.987488747
1341846320.157952 -0.151263595 -0.010472945 0.007376501 0.071474954 -0.129016921 0.051899564 0.987700582
1341846320.190003 -0.146145895 -0.013356923 0.009712253 0.073703781 -0.126114085 0.050798770 0.987968862
1341846320.221941 -0.142916828 -0.011634706 0.008045180 0.077903733 -0.122840919 0.050938018 0.988051832
1341846320.258015 -0.141266793 -0.012742011 0.009899525 0.081842795 -0.121753074 0.053237300 0.987746775
1341846320.289887 -0.137629971 -0.016291576 0.008567443 0.086626805 -0.123175517 0.055088185 0.987060726
1341846320.321954 -0.132593408 -0.014871918 0.007581395 0.096207581 -0.124966428 0.054228969 0.985995293
1341846320.357890 -0.128539369 -0.011394405 0.006276079 0.101515755 -0.124580473 0.054163624 0.985515356
1341846320.390064 -0.124262065 -0.011681306 0.008537587 0.102891974 -0.121797465 0.055595241 0.985640824
1341846320.426544 -0.114678912 -0.012147360 0.008261180 0.105332069 -0.115567297 0.052052565 0.986326456
1341846320.458122 -0.114845283 -0.011733218 0.007751990 0.106695175 -0.107385024 0.048321418 0.987294078
1341846320.490186 -0.106574945 -0.014255014 0.006930900 0.109309874 -0.101406619 0.050439660 0.987534285
1341846320.525911 -0.104945146 -0.012784767 0.005818554 0.113167629 -0.093782030 0.046726514 0.988035738
1341846320.558091 -0.104208328 -0.011778099 0.004649039 0.114561290 -0.088912241 0.042364299 0.988521934
1341846320.594093 -0.096789189 -0.013887550 0.006157256 0.115558535 -0.085077211 0.038095359 0.988916993
1341846320.631955 -0.095498584 -0.011977669 0.005782699 0.118438788 -0.076719336 0.036958460 0.989303052
1341846320.664916 -0.093824893 -0.011301124 0.004568366 0.118686005 -0.074059464 0.035670497 0.989523351
1341846320.699927 -0.091119684 -0.012149905 0.011171474 0.118434191 -0.071307018 0.035248667 0.989770770
1341846320.731822 -0.087362476 -0.011316366 0.011054068 0.120477408 -0.065142751 0.034384679 0.989979446
1341846320.763877 -0.092113458 -0.007241289 0.002125701 0.118909210 -0.061918333 0.035126217 0.990349889
1341846320.799999 -0.087033473 -0.010325195 0.003718046 0.110754125 -0.064007506 0.029764852 0.991337776
1341846320.831871 -0.066543721 -0.011071004 0.025299219 0.113322623 -0.057517763 0.026965372 0.991525352
1341846320.863887 -0.076789118 -0.009270715 0.000899573 0.111891724 -0.045186080 0.025545511 0.992363811
1341846320.900014 -0.079655632 -0.010466004 0.010421787 0.104595855 -0.049490027 0.031407107 0.992785990
1341846320.931889 -0.068899788 -0.012543442 0.013329817 0.105713658 -0.050930206 0.030582139 0.992620528
1341846320.967866 -0.072142527 -0.006515283 0.007349306 0.106371656 -0.044163615 0.027253864 0.992971241
1341846321.000017 -0.071029305 -0.006946291 0.011044765 0.100554332 -0.043650493 0.024543541 0.993670523
1341846321.031860 -0.065247849 -0.009888522 0.011716807 0.098220006 -0.043728195 0.022727653 0.993943751
1341846321.068047 -0.063145995 -0.007477460 0.011558853 0.099156268 -0.040089343 0.019967435 0.994063497
1341846321.099840 -0.061241973 -0.007652676 0.013386638 0.096695907 -0.038920373 0.020858260 0.994333982
1341846321.131821 -0.054528210 -0.009895260 0.018085727 0.096920915 -0.038177975 0.022283696 0.994309962
1341846321.167887 -0.053412039 -0.009088710 0.014341771 0.099371567 -0.033730183 0.022852337 0.994215965
1341846321.200042 -0.058155153 -0.009366521 0.009930479 0.099285729 -0.029614685 0.022644280 0.994360387
1341846321.231950 -0.055290833 -0.011739664 0.009036172 0.098115064 -0.028752977 0.021573752 0.994525671
1341846321.267939 -0.049274057 -0.010217240 0.006314342 0.098882616 -0.027527643 0.017487548 0.994564533
1341846321.299948 -0.047411371 -0.010962779 0.008849422 0.097413726 -0.022829466 0.011391422 0.994916916
1341846321.331858 -0.046076719 -0.011696318 0.009637413 0.097689211 -0.020088892 0.007866341 0.994983077
1341846321.367913 -0.039278179 -0.013390332 0.010227197 0.098853074 -0.018571299 0.003567128 0.994922340
1341846321.399897 -0.038634825 -0.011951100 0.010290598 0.100939631 -0.013123866 0.002253739 0.994803429
1341846321.435994 -0.038227379 -0.013398482 0.009956398 0.102161795 -0.009347467 0.001759413 0.994722307
1341846321.467946 -0.035456706 -0.012905646 0.011976178 0.104118742 -0.006979979 0.002372012 0.994537532
1341846321.499882 -0.030030642 -0.012478688 0.011739363 0.105440609 -0.004705324 0.002916185 0.994410217
1341846321.536109 -0.021638434 -0.010185788 0.006694241 0.105207562 -0.001082710 0.000901865 0.994449258
1341846321.568960 -0.026622439 -0.007311081 0.014814818 0.102917209 0.007587291 -0.002933282 0.994656682
1341846321.603938 -0.024460571 -0.009225058 0.015607925 0.099346474 0.009796823 -0.002780075 0.995000780
1341846321.637163 -0.011671030 -0.006645904 0.014003500 0.097306378 0.012072966 -0.003294329 0.995175779
1341846321.668306 -0.017379079 -0.006699845 0.017157855 0.092917010 0.022998175 -0.001133741 0.995407581
1341846321.704411 -0.022627696 -0.008689038 0.016397201 0.089056142 0.025837345 0.006287069 0.995671570
1341846321.736861 -0.019334413 -0.008943324 0.015276809 0.087811083 0.023026042 0.014825284 0.995760620
1341846321.771881 -0.015007405 -0.004709139 0.014433688 0.086050220 0.022651672 0.020089546 0.995830655
1341846321.804114 -0.011956901 -0.005249815 0.016195783 0.081715345 0.024452383 0.023046494 0.996089101
1341846321.836152 -0.011949984 -0.004290245 0.016433572 0.078857489 0.027103761 0.023996603 0.996228397
1341846321.871882 -0.009765988 -0.001259140 0.017728165 0.074287817 0.027925899 0.022093428 0.996600926
1341846321.904074 -0.008875286 -0.002632501 0.017982932 0.067377843 0.029521029 0.017895117 0.997130156
1341846321.939847 -0.007760687 -0.003400216 0.018847585 0.063483022 0.032596417 0.014718762 0.997341871
1341846322.004094 -0.009130202 -0.004419024 0.021389820 0.056677453 0.030630320 0.014516307 0.997817039
1341846322.034203 -0.004429474 -0.005757562 0.020798484 0.054694172 0.030696144 0.013682184 0.997937441
1341846322.066178 -0.004400560 -0.006371100 0.020931145 0.051753096 0.034971010 0.011188394 0.997984767
1341846322.107979 -0.005125150 -0.010788971 0.022817481 0.048857376 0.037092317 0.010173485 0.998064995
1341846322.133980 -0.005692548 -0.016124420 0.021976097 0.049468011 0.038087118 0.008074649 0.998016596
1341846322.166164 -0.005820164 -0.016768953 0.021863556 0.051794406 0.037127826 0.010055621 0.997916698
1341846322.202932 -0.004693173 -0.018521318 0.020761585 0.052891992 0.034545068 0.010748862 0.997944713
1341846322.234093 -0.004313593 -0.019322552 0.020877095 0.051987235 0.032899968 0.008677664 0.998067975
1341846322.265941 -0.004922668 -0.022018375 0.020565951 0.049467959 0.030293440 0.008915564 0.998276412
1341846322.301996 -0.002303631 -0.026640134 0.021036820 0.047195103 0.028030179 0.009967255 0.998442650
1341846322.333949 -0.004767062 -0.030371619 0.021155912 0.046147753 0.026735205 0.009537989 0.998531282
1341846322.369871 -0.002366469 -0.034339901 0.021028239 0.046929032 0.020775396 0.006625432 0.998660207
1341846322.402292 -0.000676161 -0.037641104 0.019683106 0.048775878 0.022097642 0.000380627 0.998565197
1341846322.433955 -0.003262613 -0.047135331 0.018166404 0.051477142 0.023967184 -0.002186789 0.998384178
1341846322.470030 -0.003551336 -0.048406009 0.016425213 0.060821805 0.019731583 0.001237248 0.997952819
1341846322.502433 -0.000418850 -0.052350830 0.017913593 0.066815645 0.016116627 0.003827860 0.997627854
1341846322.534002 -0.000067625 -0.054622825 0.019933924 0.076843038 0.016244322 0.003771071 0.996903718
1341846322.570196 0.000113669 -0.059433669 0.020879090 0.085253470 0.015677748 0.006597317 0.996214092
1341846322.601920 -0.001501413 -0.060778417 0.018268755 0.090503350 0.012899085 0.010087938 0.995761514
1341846322.638119 0.001637190 -0.064537488 0.021954052 0.095934406 0.009459388 0.009201870 0.995300174
1341846322.669947 0.004711289 -0.065468453 0.022308936 0.100995645 0.011864868 0.007854479 0.994785070
1341846322.702026 0.000376204 -0.068952486 0.021353679 0.103703462 0.014681117 0.009466216 0.994454861
1341846322.738006 0.001620621 -0.067907713 0.021664303 0.105698749 0.011815309 0.010978669 0.994267404
1341846322.770087 0.004846668 -0.074525855 0.023966419 0.104973473 0.011823495 0.011265978 0.994340897
1341846322.806047 0.002446475 -0.077897452 0.022360239 0.108338252 0.012006668 0.013413968 0.993951082
1341846322.838063 0.002016634 -0.075906485 0.021000069 0.110825285 0.007508312 0.016008159 0.993682623
1341846322.870081 0.003757532 -0.080587864 0.023997148 0.112571344 0.002198439 0.017235827 0.993491709
1341846322.906018 0.006462713 -0.080998629 0.028121229 0.117777765 0.000096760 0.017097196 0.992892802
1341846322.938349 0.005649645 -0.076766863 0.027262401 0.119266011 0.001339105 0.017982541 0.992698610
1341846322.970069 0.006470193 -0.078697488 0.027530586 0.114094928 0.000886833 0.020128774 0.993265510
1341846323.011820 0.007415332 -0.082821056 0.029809292 0.111290455 0.001013589 0.020624053 0.993573427
1341846323.038050 0.007087395 -0.084439017 0.029661408 0.110778183 0.001365245 0.023263987 0.993571877
1341846323.073951 0.007670636 -0.083023816 0.028223572 0.108729914 0.000839744 0.024874266 0.993759692
1341846323.105962 0.008728526 -0.088510007 0.029141320 0.105146028 0.000659308 0.025448769 0.994130909
1341846323.138158 0.008236422 -0.089349598 0.027065791 0.105936170 0.000833299 0.021864630 0.994132161
1341846323.174092 0.007365793 -0.089496590 0.026697626 0.104174465 0.000564193 0.020785082 0.994341671
1341846323.206059 0.009592610 -0.091024533 0.027634269 0.101314768 -0.000420409 0.018257547 0.994686782
1341846323.238053 0.010192000 -0.091786750 0.027404526 0.098692603 0.002639251 0.016243545 0.994981885
1341846323.273997 0.005925655 -0.092521787 0.024290863 0.094565503 0.003804822 0.017075045 0.995364964
1341846323.305946 0.008318906 -0.094974726 0.026795818 0.089129977 -0.000897051 0.018948263 0.995839357
1341846323.342027 0.014586406 -0.099796392 0.030342238 0.086952813 -0.000551988 0.016808575 0.996070445
1341846323.374048 0.008693831 -0.102121681 0.028628182 0.087037288 0.004400173 0.017694114 0.996038198
1341846323.405987 0.005531704 -0.106103435 0.025142459 0.086586289 0.000575659 0.023268070 0.995972455
1341846323.441956 0.009018417 -0.108596258 0.028503863 0.087797180 -0.004171707 0.025157154 0.995811939
1341846323.473878 0.010897414 -0.111365572 0.028734980 0.091862343 -0.003053125 0.023809226 0.995482385
1341846323.506129 0.008438113 -0.109373033 0.027780402 0.094865762 -0.002547261 0.021281138 0.995259345
1341846323.541972 0.010568506 -0.109904863 0.028530456 0.093452342 -0.003008406 0.019160481 0.995434821
1341846323.573913 0.016584640 -0.114596911 0.025986571 0.092184559 0.000008449 0.013741824 0.995647132
1341846323.609927 0.013241892 -0.114638545 0.026351202 0.093048245 0.006806238 0.009810952 0.995589972
1341846323.642014 0.009689994 -0.118272416 0.025552770 0.091193974 0.008976671 0.011101948 0.995730817
1341846323.674081 0.009514275 -0.121306650 0.026301743 0.091297120 0.007164800 0.013280755 0.995709360
1341846323.710069 0.008737448 -0.123578183 0.027269468 0.093363732 0.006132291 0.017130435 0.995465815
1341846323.742111 0.008656750 -0.126806080 0.026870841 0.097620822 0.004192304 0.017988188 0.995052278
1341846323.774928 0.008873178 -0.126235098 0.024746768 0.101416111 0.002100205 0.014909926 0.994730175
1341846323.810012 0.009497409 -0.129469097 0.025652956 0.102226563 0.000765993 0.011924138 0.994689405
1341846323.842207 0.009424644 -0.128772214 0.023302104 0.104233339 0.001183144 0.005938370 0.994534433
1341846323.878019 0.007643547 -0.131955996 0.023097271 0.104636475 0.000677117 0.002074388 0.994508147
1341846323.909826 0.008354447 -0.135713860 0.023007920 0.107726485 -0.001168120 -0.002384404 0.994177043
1341846323.942459 0.008367644 -0.136980131 0.022212891 0.111340694 -0.001522406 -0.002054909 0.993779004
1341846323.978055 0.006626468 -0.135762393 0.023606405 0.114098564 -0.003971300 -0.001022317 0.993461013
1341846324.015934 0.008865870 -0.136324808 0.023166554 0.117843784 -0.006447471 -0.001392284 0.993010283
1341846324.047722 0.009804434 -0.134964988 0.021484707 0.121211074 -0.005021601 -0.001836957 0.992612362
1341846324.083904 0.009328621 -0.130533904 0.022920450 0.121896014 -0.003632358 -0.002778071 0.992532372
1341846324.115968 0.010814610 -0.129709542 0.021346070 0.119684242 -0.002178820 -0.003990878 0.992801607
1341846324.151967 0.012331785 -0.128761038 0.019910371 0.119033962 0.000490982 -0.008501784 0.992853642
1341846324.183941 0.010379152 -0.124526322 0.022709457 0.116743147 0.004790625 -0.011784037 0.993080676
1341846324.219984 0.009462855 -0.124134295 0.023017207 0.112237878 0.006692572 -0.010562437 0.993602693
1341846324.251968 0.007905011 -0.124426782 0.022791013 0.111531615 0.007155083 -0.011431460 0.993669391
1341846324.284052 0.006803713 -0.120350890 0.022964044 0.112372369 0.006748518 -0.012631696 0.993562937
1341846324.319880 0.005880923 -0.116533197 0.023881102 0.111442231 0.003240273 -0.012859631 0.993682444
1341846324.351917 0.006778961 -0.111742616 0.023072064 0.108354077 -0.000168841 -0.014505301 0.994006515
1341846324.388001 0.009950115 -0.109916337 0.022522002 0.104030564 -0.000741488 -0.018158318 0.994408071
1341846324.419908 0.007890646 -0.105208956 0.024283634 0.099789195 0.001885207 -0.020091923 0.994803965
1341846324.452027 0.006624283 -0.105280317 0.026674267 0.094503716 0.002363469 -0.020554958 0.995309472
1341846324.487928 0.006800146 -0.104593098 0.027198797 0.093024276 0.001684570 -0.018614111 0.995488405
1341846324.519985 0.002769076 -0.101327382 0.027571963 0.091745473 0.000339932 -0.014542013 0.995676219
1341846324.556001 0.003305657 -0.098039523 0.025806896 0.089846194 -0.004676668 -0.009238835 0.995901823
1341846324.587888 0.004351673 -0.091680661 0.028021468 0.087309249 -0.008067603 -0.007755048 0.996118426
1341846324.620086 0.004816814 -0.092579640 0.026782658 0.084237583 -0.010626734 -0.009001173 0.996348381
1341846324.655955 0.005756232 -0.089066789 0.027215863 0.083362579 -0.011838222 -0.011168542 0.996386349
1341846324.688082 0.004642217 -0.088235691 0.028473426 0.082480229 -0.011422568 -0.009954630 0.996477544
1341846324.755922 0.000777612 -0.077863328 0.026607908 0.084252872 -0.014063449 -0.006483243 0.996324062
1341846324.782029 0.001249377 -0.074295677 0.027395371 0.082274958 -0.018811602 -0.007778697 0.996401727
1341846324.814016 0.006321905 -0.071781054 0.026380887 0.078958064 -0.020703493 -0.009851653 0.996614218
1341846324.849979 0.002788374 -0.068268344 0.032447901 0.073526926 -0.016890047 -0.012660818 0.997069836
1341846324.881924 0.000641128 -0.067620933 0.032947283 0.070373692 -0.017834928 -0.012632005 0.997281253
1341846324.913902 0.001738378 -0.064548202 0.032546658 0.069478646 -0.019464951 -0.009566414 0.997347653
1341846324.949999 0.000907689 -0.066177189 0.033444252 0.069239371 -0.019488903 -0.006381813 0.997389257
1341846324.981922 -0.003029913 -0.064678617 0.034296297 0.073555268 -0.021264588 -0.003020933 0.997059822
1341846325.018013 -0.002514407 -0.060602721 0.033007275 0.078125469 -0.026659539 -0.000563726 0.996586859
1341846325.050079 -0.003703563 -0.056196749 0.030918928 0.080277167 -0.031365037 -0.001457256 0.996277928
1341846325.081901 -0.003469367 -0.050066520 0.030780312 0.080147348 -0.036369685 -0.004147703 0.996110678
1341846325.118531 0.000951944 -0.045504060 0.031350590 0.076133661 -0.039202750 -0.005158613 0.996313334
1341846325.149933 0.000349688 -0.046035569 0.031022822 0.069913857 -0.036661401 -0.007128846 0.996853650
1341846325.181925 -0.000619020 -0.044511031 0.030383607 0.066756755 -0.035372511 -0.005043452 0.997129321
1341846325.218055 -0.000783803 -0.042761579 0.031782549 0.063845851 -0.035243817 -0.000750633 0.997336984
1341846325.249811 -0.002648901 -0.039984372 0.033124361 0.061928347 -0.034906086 0.002983038 0.997465551
1341846325.285925 -0.000764176 -0.036712762 0.033579048 0.059596270 -0.035892293 0.006039081 0.997558773
1341846325.317988 0.003026779 -0.037798073 0.034382939 0.056874931 -0.034457859 0.008778841 0.997747898
1341846325.349844 0.001360032 -0.039716162 0.035317134 0.059147503 -0.029315909 0.010812310 0.997760117
1341846325.387302 0.001126737 -0.035627987 0.036097132 0.064328782 -0.026399644 0.013228858 0.997491777
1341846325.417931 0.004695944 -0.033720434 0.036906376 0.067120478 -0.022192065 0.016056258 0.997368813
1341846325.450747 0.006980524 -0.034790203 0.039806653 0.071680687 -0.014758925 0.018673342 0.997143626
1341846325.485954 0.000020535 -0.029589064 0.039332636 0.080975406 -0.006010277 0.019749613 0.996502280
1341846325.517875 0.000324982 -0.027271820 0.039131604 0.084355600 -0.003441014 0.022340866 0.996179283
1341846325.553859 0.000207034 -0.025166547 0.039777543 0.087550394 0.000143963 0.021807579 0.995921373
1341846325.585855 -0.001343944 -0.020090969 0.039303482 0.090314418 0.003545745 0.019740360 0.995711327
1341846325.617990 -0.001635310 -0.013072836 0.039196730 0.088264145 0.005032828 0.018659465 0.995909631
1341846325.653982 0.000401916 -0.019225961 0.042188048 0.083729930 0.006076759 0.016466560 0.996333897
1341846325.685819 0.000487206 -0.018208167 0.042573705 0.089560948 0.007309112 0.018224228 0.995787799
1341846325.717857 -0.003708851 -0.014369018 0.042951554 0.094075538 0.009536732 0.024116924 0.995227218
1341846325.754083 -0.004841513 -0.014209464 0.042877711 0.096810631 0.009795293 0.028464392 0.994847476
1341846325.786087 -0.003249061 -0.012526957 0.043101840 0.103298016 0.009779712 0.029971244 0.994150698
1341846325.821856 -0.003926413 -0.007367906 0.042967394 0.107556120 0.011928375 0.031117700 0.993640304
1341846325.853827 -0.004202348 -0.005604013 0.043423086 0.108097106 0.012243799 0.034949943 0.993450344
1341846325.885958 -0.007089986 -0.001727469 0.041631926 0.108965881 0.010167405 0.040114235 0.993183732
1341846325.921984 -0.004846228 -0.000844155 0.044331219 0.107571073 0.005662274 0.045320056 0.993147790
1341846325.953899 -0.001899309 0.000383996 0.045955975 0.110659622 0.005411284 0.047004540 0.992731452
1341846325.985823 -0.003042544 0.003711568 0.046379462 0.113413028 0.008423231 0.050714340 0.992217004
1341846326.021991 -0.006990623 0.005357542 0.046940304 0.116495959 0.009643198 0.055351522 0.991600692
1341846326.054055 -0.003212673 0.008197078 0.047404259 0.121433079 0.007759375 0.060274702 0.990737498
1341846326.089984 -0.002383551 0.014048247 0.047336388 0.124760829 0.009643591 0.058978729 0.990385413
1341846326.121822 -0.002209809 0.017153954 0.048233330 0.124327265 0.013593788 0.056969054 0.990511239
1341846326.154079 -0.003824257 0.017162913 0.049625654 0.124466635 0.016344737 0.055739477 0.990522087
1341846326.190178 -0.004929309 0.020669842 0.050802715 0.127179727 0.016043890 0.057767224 0.990066111
1341846326.222162 -0.007815314 0.023822112 0.048542161 0.126437902 0.014923844 0.063521825 0.989826083
1341846326.259181 -0.008366520 0.027134689 0.048972432 0.123317376 0.012491047 0.067384742 0.989998043
1341846326.291222 -0.007020064 0.030831156 0.050617706 0.120239228 0.011199423 0.068032503 0.990347743
1341846326.322766 -0.005976163 0.033535145 0.051471796 0.116171323 0.011307244 0.067027211 0.990900457
1341846326.359773 -0.006771088 0.035131123 0.053386834 0.112254351 0.013100984 0.064752206 0.991480947
1341846326.392109 -0.005735112 0.033414271 0.055270590 0.110308886 0.014795361 0.065283969 0.991640568
1341846326.423985 -0.006737479 0.034396533 0.055451632 0.114033706 0.015653878 0.070785992 0.990828216
1341846326.459869 -0.009229525 0.040090594 0.055847786 0.117116302 0.013830779 0.073514409 0.990296960
1341846326.491143 -0.006166155 0.043205693 0.057463314 0.118183531 0.011962919 0.073928513 0.990163684
1341846326.526163 -0.006048394 0.048484344 0.057487011 0.117632680 0.014877498 0.073186204 0.990244925
1341846326.560211 -0.005294265 0.051132165 0.056294143 0.112243094 0.018527213 0.074387893 0.990719259
1341846326.591828 -0.006270117 0.051954966 0.058378343 0.108861193 0.020505274 0.076301828 0.990912080
1341846326.627027 -0.006066288 0.055984292 0.058625929 0.109128043 0.022297135 0.074755259 0.990961969
1341846326.658442 -0.005547327 0.061095271 0.060100500 0.107459828 0.025967423 0.073012188 0.991184831
1341846326.694856 -0.006464150 0.063271813 0.058260553 0.103338845 0.029479766 0.073923253 0.991457164
1341846326.726206 -0.006616617 0.067037582 0.059308790 0.097912893 0.030472891 0.072355986 0.992093265
1341846326.762753 -0.006708929 0.070552088 0.059800636 0.092181928 0.033325933 0.068242133 0.992841840
1341846326.794046 -0.006700742 0.073673993 0.061460037 0.084991552 0.036506001 0.066961467 0.993458569
1341846326.826821 -0.007339302 0.078070663 0.063197017 0.077386402 0.039347310 0.064082958 0.994161189
1341846326.858887 -0.007724605 0.078811444 0.065488987 0.068410866 0.040867489 0.061712880 0.994907677
1341846326.895360 -0.008295632 0.078156590 0.064847209 0.065231569 0.040094979 0.065210529 0.994929552
1341846326.926897 -0.009951587 0.081586324 0.066298798 0.067752756 0.036709439 0.066817753 0.994785070
1341846326.958888 -0.008792222 0.085008785 0.067409754 0.070569187 0.034357753 0.069730006 0.994473338
1341846326.994594 -0.007169251 0.090218484 0.062110815 0.071575113 0.033949185 0.073827788 0.994119644
1341846327.026301 -0.006852662 0.093258247 0.061455835 0.069422103 0.035564072 0.072055213 0.994345903
1341846327.063945 -0.006456570 0.095225826 0.065126970 0.066390716 0.037413847 0.069585621 0.994660914
1341846327.094662 -0.006187826 0.096554510 0.067279942 0.065954298 0.039651621 0.066984460 0.994781852
1341846327.128901 -0.007418713 0.098299429 0.067620702 0.065488786 0.040475558 0.064523168 0.994942069
1341846327.161940 -0.006663704 0.101849549 0.066162333 0.064378135 0.038837191 0.064776853 0.995063365
1341846327.193867 -0.004839662 0.102525279 0.068885885 0.062896647 0.039952718 0.062962629 0.995230377
1341846327.229885 -0.003500809 0.106905267 0.070962973 0.064856604 0.042778887 0.061777089 0.995061398
1341846327.262014 -0.002801270 0.109478675 0.071192153 0.064136885 0.046866149 0.059119411 0.995085418
1341846327.294023 0.005473418 0.108295038 0.057089586 0.062206641 0.053594001 0.051146034 0.995310068
1341846327.330015 0.000497146 0.118167557 0.061224528 0.068676509 0.067363940 0.047872756 0.994210184
1341846327.361939 -0.003881960 0.121014133 0.070116505 0.067073852 0.075608395 0.042925030 0.993952692
1341846327.393887 -0.004371406 0.123476848 0.071486510 0.065746918 0.077919558 0.036566671 0.994117081
1341846327.429966 -0.006486999 0.129942074 0.071489751 0.065523095 0.078355312 0.036469389 0.994101167
1341846327.461965 -0.008227033 0.134725466 0.075928412 0.057007741 0.074186273 0.036505919 0.994944155
1341846327.497931 -0.006453830 0.136077076 0.073549196 0.051821776 0.072054096 0.034506947 0.995455682
1341846327.530068 -0.007691933 0.139756754 0.078776643 0.050987404 0.073309727 0.036652207 0.995330393
1341846327.561895 -0.009064435 0.143859923 0.078675702 0.049843602 0.071061462 0.040879808 0.995386720
1341846327.598010 -0.009394483 0.143137306 0.081083722 0.050492123 0.068376914 0.045738474 0.995330632
1341846327.629945 -0.009667252 0.147146612 0.083160400 0.051015969 0.063317463 0.046725679 0.995592773
1341846327.662003 -0.010122461 0.148719311 0.081842639 0.050411947 0.059900433 0.041922770 0.996048748
1341846327.697919 -0.009072744 0.153874293 0.080383271 0.054175142 0.058331754 0.043852188 0.995861173
1341846327.730075 -0.011150760 0.160133868 0.080077313 0.050614532 0.058434904 0.044152793 0.996029139
1341846327.766017 -0.010372389 0.162067607 0.080382712 0.045725942 0.057106365 0.045789190 0.996268749
1341846327.797917 -0.009987577 0.167290583 0.080958664 0.042292308 0.056371883 0.047349572 0.996389270
1341846327.830054 -0.010370601 0.169174924 0.083012916 0.034529414 0.056434292 0.047586381 0.996673703
1341846327.865944 -0.009284911 0.170117497 0.083298445 0.029778594 0.057645675 0.047107030 0.996780396
1341846327.898010 -0.010567758 0.174167544 0.086312242 0.027990131 0.058926947 0.048396334 0.996695518
1341846327.929991 -0.010745054 0.175897777 0.085849397 0.022954907 0.057451867 0.046414196 0.997004569
1341846327.966065 -0.010394723 0.179273888 0.085540056 0.019274140 0.057467625 0.044323482 0.997176707
1341846327.998073 -0.009972049 0.181103259 0.086154103 0.011976636 0.058144193 0.041240398 0.997384131
1341846328.034045 -0.009787552 0.182937160 0.086373232 0.006561344 0.058908127 0.039444853 0.997462213
1341846328.065993 -0.009564082 0.184034467 0.085977770 0.001333046 0.059775829 0.039932668 0.997411907
1341846328.098045 -0.009274332 0.181411013 0.087345451 -0.000600310 0.060076836 0.040562335 0.997369111
1341846328.133967 -0.011838261 0.181386143 0.085713841 0.003327168 0.059852231 0.045562670 0.997161329
1341846328.166023 -0.012002528 0.180413932 0.084997348 0.002852544 0.056779340 0.046426058 0.997302651
1341846328.198018 -0.010672935 0.177829802 0.084126726 0.002417343 0.053120635 0.044156663 0.997608423
1341846328.234044 -0.012405654 0.173504025 0.083252586 0.004079464 0.052959818 0.042383432 0.997688472
1341846328.265899 -0.011177357 0.170753643 0.082504801 0.006122844 0.050385725 0.042491853 0.997806728
1341846328.302051 -0.011959859 0.166695252 0.080523647 0.008475618 0.050147694 0.044223767 0.997726262
1341846328.333917 -0.011195118 0.160420328 0.079329699 0.010547865 0.050329465 0.045343444 0.997647047
1341846328.366008 -0.013791832 0.153277844 0.081097849 0.013756047 0.050850578 0.041921768 0.997731209
1341846328.402010 -0.008433940 0.151566371 0.075331450 0.027312016 0.050195768 0.045146771 0.997344553
1341846328.433920 -0.011525168 0.140120044 0.079534844 0.028503077 0.050385177 0.043620750 0.997369587
1341846328.470003 -0.008625041 0.136244863 0.074638247 0.029511074 0.047845576 0.037880946 0.997699797
1341846328.502194 -0.007861538 0.126788542 0.072891027 0.029399550 0.050046343 0.029779982 0.997869849
1341846328.534033 -0.006064724 0.122372806 0.072482847 0.030767126 0.051825520 0.028008400 0.997789085
1341846328.570125 -0.007657717 0.114352614 0.072357468 0.031605020 0.053675760 0.027235800 0.997686446
1341846328.602804 -0.009455713 0.107100025 0.071311787 0.035982415 0.049463458 0.031594791 0.997627378
1341846328.636433 -0.009818609 0.102386236 0.074603498 0.042096287 0.042374652 0.030725602 0.997741580
1341846328.672663 -0.006756925 0.097386554 0.074244529 0.046749953 0.035258278 0.029314054 0.997853696
1341846328.702975 -0.005600630 0.094403252 0.072005235 0.049672578 0.031717695 0.027542152 0.997881770
1341846328.738215 -0.001809185 0.091595314 0.074036099 0.054266822 0.028993288 0.024285886 0.997809947
1341846328.770129 -0.001628759 0.088820092 0.071553886 0.058447987 0.027569899 0.023429986 0.997634590
1341846328.802331 -0.003464784 0.079543330 0.066612095 0.057454780 0.025283337 0.024344748 0.997730970
1341846328.838051 -0.002278831 0.074746422 0.065876648 0.061281696 0.022932177 0.021917686 0.997616291
1341846328.869939 -0.001086017 0.076195441 0.065211274 0.062397607 0.021161342 0.021154426 0.997602761
1341846328.904486 -0.002574002 0.071555696 0.063708760 0.057726134 0.019043889 0.020412244 0.997942090
1341846328.939814 0.001247291 0.061861400 0.064466730 0.059162650 0.014746957 0.021536168 0.997907043
1341846328.970217 -0.000055571 0.062396660 0.064082995 0.064339720 0.013611137 0.023627903 0.997555435
1341846329.006232 0.000579233 0.059069902 0.062835984 0.064915046 0.011036603 0.027752243 0.997443736
1341846329.038243 0.005000562 0.052907079 0.061109457 0.067235738 0.008559823 0.029992877 0.997249484
1341846329.072238 0.004170150 0.054712053 0.059563216 0.072447278 0.009560272 0.029522747 0.996889353
1341846329.106125 0.003878322 0.052255772 0.059894763 0.071244076 0.009033786 0.027945952 0.997026443
1341846329.138340 0.004293874 0.047547832 0.059812028 0.072416082 0.008275672 0.025710605 0.997008741
1341846329.169991 0.004521133 0.047317106 0.057204004 0.074627958 0.007112123 0.024624508 0.996882021
1341846329.208656 0.005622389 0.045136865 0.056260537 0.075083502 0.005920339 0.023674879 0.996878564
1341846329.238169 0.006328168 0.044847868 0.055454947 0.074815027 0.004660502 0.023924688 0.996899486
1341846329.273827 0.006983050 0.040637251 0.055273302 0.072594345 0.003438724 0.024816357 0.997046828
1341846329.306052 0.006400920 0.039935209 0.053950384 0.073205821 0.001142052 0.023644524 0.997035861
1341846329.338104 0.007850849 0.039809920 0.053589735 0.069789000 -0.000847300 0.021864580 0.997321784
1341846329.373907 0.007403598 0.033138506 0.054321673 0.065513961 -0.001309727 0.019934285 0.997651637
1341846329.405985 0.007824386 0.030098420 0.053443901 0.066597328 -0.002946906 0.017529014 0.997621596
1341846329.442057 0.008358636 0.029856302 0.051899675 0.066377029 -0.003603246 0.013957256 0.997690499
1341846329.473950 0.007528275 0.025754748 0.051404756 0.064897090 -0.004143027 0.007215550 0.997857273
1341846329.506147 0.007511134 0.024137413 0.050387297 0.065197714 -0.006418354 0.005197096 0.997838199
1341846329.542121 0.006496822 0.020682326 0.049657624 0.063167669 -0.009095461 0.004715105 0.997950315
1341846329.574086 0.007718788 0.016043346 0.050471537 0.065131523 -0.011608376 0.003488956 0.997803092
1341846329.606387 0.008391485 0.016229780 0.048580509 0.068191230 -0.012233425 0.002239604 0.997594774
1341846329.641955 0.006962278 0.015109814 0.047653805 0.068043433 -0.013034757 0.002450206 0.997594237
1341846329.681570 0.006287257 0.011625004 0.047480233 0.066995449 -0.015687687 0.002645091 0.997626483
1341846329.748113 0.008770776 0.010362837 0.046864122 0.069299713 -0.016337343 0.000401449 0.997462034
1341846329.774077 0.008574841 0.006471852 0.047265299 0.066869944 -0.014557889 0.002945969 0.997651160
1341846329.810175 0.007677789 0.003110088 0.046607811 0.066776507 -0.012888205 0.005077594 0.997671843
1341846329.842255 0.007334825 0.000532627 0.045954626 0.068304405 -0.012604953 0.008146693 0.997551620
1341846329.874044 0.006633150 -0.001100797 0.045890387 0.070152447 -0.012483950 0.011420637 0.997392774
1341846329.910073 0.006395440 0.000535196 0.045408733 0.070763387 -0.012852848 0.013300830 0.997321665
1341846329.942009 0.006264813 0.000200842 0.045724504 0.066312425 -0.013434196 0.018807234 0.997531176
1341846329.978087 0.006407518 -0.007253407 0.044898126 0.063372009 -0.013689424 0.020331889 0.997688949
1341846330.016305 0.007442798 -0.004776960 0.043075584 0.065882586 -0.012837669 0.017970143 0.997582972
1341846330.048192 0.005250920 -0.003531956 0.043272767 0.062176537 -0.010819976 0.019147856 0.997822821
1341846330.080418 0.006673399 -0.009530741 0.043092441 0.057254504 -0.011585863 0.021596760 0.998058736
1341846330.115886 0.007397878 -0.013609244 0.044179350 0.059789147 -0.010300214 0.022517268 0.997903883
1341846330.147839 0.004879373 -0.009149731 0.041868947 0.062913492 -0.009330429 0.024049163 0.997685552
1341846330.181257 0.005492129 -0.006174416 0.041411564 0.058311012 -0.010318059 0.027653484 0.997862041
1341846330.215852 0.005386035 -0.010819443 0.041624952 0.051477011 -0.009095837 0.026985649 0.998268068
1341846330.247833 0.004389566 -0.012518978 0.040659226 0.049538195 -0.008401084 0.025623161 0.998408139
1341846330.283913 0.003461752 -0.008439598 0.039871920 0.046648957 -0.008916040 0.026034797 0.998532236
1341846330.316011 0.002840416 -0.012774291 0.040912837 0.039734203 -0.009595854 0.025534259 0.998837948
1341846330.347868 0.002814635 -0.015019584 0.040897433 0.037295770 -0.011421093 0.024764327 0.998932123
1341846330.383835 0.004021971 -0.015837198 0.041047700 0.035558846 -0.012124827 0.024926653 0.998983085
1341846330.415934 0.003857361 -0.019890079 0.042229172 0.034461383 -0.011271092 0.023771467 0.999059677
1341846330.452561 0.001778131 -0.020360729 0.040708449 0.037343733 -0.011183057 0.021892615 0.999000072
1341846330.483903 0.001546556 -0.018659396 0.039642572 0.037801929 -0.013243891 0.024691459 0.998892367
1341846330.515970 0.000799398 -0.021306554 0.039385024 0.035916023 -0.015080924 0.027478470 0.998863161
1341846330.552099 0.001320071 -0.022001663 0.038984101 0.037448313 -0.016609963 0.030094428 0.998707235
1341846330.583876 0.000652114 -0.019628409 0.037386972 0.037207585 -0.016688643 0.030544467 0.998701215
1341846330.619992 -0.001249327 -0.017056189 0.035173912 0.033284288 -0.017407570 0.029324759 0.998863935
1341846330.652136 0.000310337 -0.020013599 0.036547165 0.026059501 -0.019697152 0.028341679 0.999064445
1341846330.683796 -0.000813106 -0.020296512 0.035381328 0.021720299 -0.019162685 0.027166959 0.999211192
1341846330.719991 -0.002801429 -0.024462750 0.034254700 0.018438969 -0.020896025 0.027987303 0.999219716
1341846330.752103 -0.003424000 -0.025780145 0.033484932 0.020117063 -0.025022911 0.032187413 0.998966038
1341846330.787952 -0.005382531 -0.023855709 0.032300323 0.021577539 -0.029139826 0.035920329 0.998696685
1341846330.819823 -0.003829321 -0.024056222 0.031314816 0.021172090 -0.034276605 0.037190579 0.998495758
1341846330.852208 -0.004472576 -0.021525659 0.029335072 0.021272058 -0.035575822 0.037855055 0.998423219
1341846330.888445 -0.005298173 -0.018286511 0.027544487 0.018265255 -0.037557762 0.038886387 0.998370469
1341846330.914111 -0.004307663 -0.019156178 0.027899543 0.012048935 -0.039401617 0.037910815 0.998431325
1341846330.949903 -0.005569417 -0.021997364 0.028944956 0.008637829 -0.040274423 0.038479254 0.998410106
1341846330.981986 -0.008076300 -0.021908652 0.028956039 0.009533989 -0.044055000 0.038661487 0.998235226
1341846331.014111 -0.006727433 -0.020451078 0.026644422 0.009373137 -0.048663910 0.039178614 0.998002529
1341846331.082139 -0.007387222 -0.021713888 0.025063451 0.010883187 -0.051507607 0.036823083 0.997934163
1341846331.114334 -0.007251938 -0.020808162 0.024905527 0.010733263 -0.053907949 0.036330052 0.997827053
1341846331.149989 -0.007017501 -0.022610202 0.025220208 0.010845710 -0.054725952 0.035475273 0.997812033
1341846331.181954 -0.008252032 -0.021587694 0.023341469 0.014512280 -0.054679085 0.033674125 0.997830451
1341846331.218151 -0.010947876 -0.017962003 0.022254726 0.014869992 -0.057115532 0.033927761 0.997680128
1341846331.249914 -0.006268658 -0.020547926 0.022433003 0.012036165 -0.060322899 0.033956114 0.997528613
1341846331.282227 -0.000770625 -0.026568916 0.022690916 0.015348107 -0.057287332 0.032940436 0.997696102
1341846331.318141 -0.005592087 -0.020173246 0.024104469 0.022775996 -0.050509363 0.028922331 0.998044848
1341846331.349926 -0.004563487 -0.019223472 0.023096144 0.021912958 -0.048053429 0.028216368 0.998205662
1341846331.382003 0.003954385 -0.027675090 0.026714791 0.022277137 -0.043513667 0.029965511 0.998354852
1341846331.418008 0.000310884 -0.022524245 0.025909182 0.030840041 -0.032280173 0.027341191 0.998628736
1341846331.450327 -0.002099009 -0.019872617 0.028852483 0.033318236 -0.026835212 0.026922168 0.998721659
1341846331.486219 -0.005290840 -0.018547779 0.030493736 0.033720162 -0.023805961 0.027175464 0.998778105
1341846331.518344 -0.001293553 -0.018784057 0.031665821 0.032466806 -0.024089228 0.026309079 0.998836040
1341846331.550202 0.000640208 -0.021497441 0.034901898 0.033985052 -0.020274740 0.025649305 0.998887420
1341846331.586139 -0.003476859 -0.017149743 0.034724690 0.037177984 -0.017506093 0.025529170 0.998829067
1341846331.617931 -0.001201239 -0.016742572 0.036994983 0.036337554 -0.018047933 0.025814094 0.998843074
1341846331.654027 0.000867389 -0.018302253 0.038741197 0.036422748 -0.015972963 0.026572932 0.998855412
1341846331.686123 -0.001174145 -0.015078842 0.040236477 0.039414212 -0.012473911 0.028040005 0.998751581
1341846331.717954 -0.002240800 -0.012415792 0.041596323 0.036728173 -0.013578176 0.028148362 0.998836517
1341846331.754076 0.000895287 -0.016262904 0.046906922 0.033629462 -0.013518642 0.027030438 0.998977304
1341846331.785920 0.001158588 -0.016326919 0.049699251 0.036525019 -0.010787990 0.026001280 0.998936176
1341846331.818053 0.000037501 -0.013035820 0.051573075 0.037508290 -0.008860204 0.026277499 0.998911440
1341846331.853849 0.000193570 -0.015179299 0.054860637 0.035818443 -0.008332863 0.025108922 0.999008060
1341846331.885987 0.002380016 -0.015356108 0.058674064 0.038717069 -0.006445126 0.023519987 0.998952568
1341846331.922014 0.001917982 -0.013486035 0.061845079 0.040873475 -0.003190648 0.022443367 0.998907149
1341846331.954037 0.003345502 -0.013477487 0.064691521 0.040652953 -0.000746033 0.022675864 0.998915732
1341846331.986135 0.005342053 -0.016419431 0.068581186 0.042466704 0.004430745 0.024776589 0.998780787
1341846332.022364 0.001692534 -0.017481605 0.070302941 0.049251389 0.010327035 0.023665957 0.998452604
1341846332.054175 0.000278213 -0.015765376 0.074816480 0.055637825 0.010726188 0.025942491 0.998056293
1341846332.086502 0.001286805 -0.014737112 0.077918433 0.058567442 0.010410733 0.027673114 0.997845531
1341846332.122051 0.001350888 -0.013116504 0.081228517 0.060584199 0.011335620 0.027068879 0.997731566
1341846332.153983 -0.000158530 -0.009602793 0.084273644 0.059422102 0.011198116 0.024379749 0.997872353
1341846332.190165 -0.000710094 -0.009795456 0.087907612 0.052622594 0.009846329 0.022251209 0.998317957
1341846332.222699 0.000313195 -0.013394921 0.093432769 0.049529836 0.009046566 0.021376766 0.998502851
1341846332.254145 -0.000695337 -0.014400501 0.097057782 0.052165683 0.009938612 0.020436902 0.998379827
1341846332.289948 -0.001487496 -0.012688105 0.098940767 0.054505650 0.010124790 0.021876981 0.998222411
1341846332.322172 -0.001225534 -0.013598454 0.102068320 0.054896180 0.009486621 0.024180029 0.998154163
1341846332.354003 0.000325666 -0.014550690 0.106177971 0.057370737 0.010905096 0.021638995 0.998058856
1341846332.390180 0.001214806 -0.010676197 0.106556065 0.059684683 0.015207438 0.019001331 0.997920573
1341846332.422055 -0.000857963 -0.010687397 0.110346094 0.057659309 0.018260106 0.014870607 0.998058498
1341846332.458114 0.000137549 -0.012046772 0.113819532 0.056763690 0.020446546 0.010372272 0.998124361
1341846332.489993 -0.002258860 -0.010359454 0.116774395 0.058113199 0.022732556 0.012163734 0.997977018
1341846332.522130 -0.003298292 -0.008938935 0.120167755 0.057713002 0.018901167 0.018869149 0.997975886
1341846332.558114 -0.002735467 -0.009977221 0.122616306 0.057582021 0.013567370 0.024978919 0.997936010
1341846332.589874 0.001038049 -0.007078664 0.122449771 0.057820242 0.009594332 0.030271480 0.997821808
1341846332.621889 0.001848287 -0.005511134 0.123656109 0.053808849 0.009230532 0.032429893 0.997981846
1341846332.658202 0.002151081 -0.007158305 0.126842991 0.049368147 0.010162841 0.030486364 0.998263538
1341846332.690001 0.002017340 -0.006172509 0.129275635 0.047560465 0.011253549 0.031207271 0.998317301
1341846332.726000 0.000892865 -0.007320982 0.132092893 0.046225067 0.010664335 0.035041161 0.998259306
1341846332.758386 0.002510336 -0.006851082 0.133442104 0.046909455 0.007685172 0.037011858 0.998183608
1341846332.789937 0.005834892 -0.004494128 0.136193573 0.046688072 0.007482822 0.036123790 0.998228073
1341846332.825925 0.005554789 -0.004578759 0.139222547 0.044473335 0.010374506 0.034083992 0.998375058
1341846332.857898 0.006349156 -0.005215075 0.141447440 0.045176759 0.011336874 0.033709463 0.998345733
1341846332.894069 0.005917405 -0.001548679 0.144820943 0.046010215 0.011778720 0.033672538 0.998303771
1341846332.926029 0.007413580 -0.000360973 0.147808433 0.042496156 0.012053121 0.031415731 0.998529851
1341846332.958015 0.008614914 0.000202123 0.151420593 0.039630916 0.014091884 0.029040426 0.998692870
1341846332.994073 0.008751485 0.001050958 0.152337968 0.036827598 0.015287838 0.027325002 0.998831034
1341846333.026545 0.009701838 0.001420302 0.155174747 0.034340583 0.016380794 0.024321742 0.998979926
1341846333.057998 0.011509861 0.001495046 0.156309500 0.033187259 0.018119667 0.024722533 0.998979032
1341846333.094024 0.012436475 0.001146152 0.159050286 0.033443619 0.019460490 0.028730061 0.998838007
1341846333.126095 0.013491687 0.001884977 0.160252079 0.034011766 0.021264341 0.030665675 0.998724520
1341846333.161973 0.015921218 0.004298977 0.161910862 0.033423383 0.022876116 0.032808848 0.998640656
1341846333.195660 0.015547042 0.003493701 0.162943006 0.030567590 0.025517460 0.034787152 0.998601198
1341846333.226331 0.015592577 0.003969105 0.164874449 0.029214025 0.026375229 0.033758666 0.998654664
1341846333.262056 0.017034687 0.006972297 0.166338533 0.027400238 0.025978023 0.032953452 0.998743415
1341846333.294147 0.017051626 0.005611668 0.169440851 0.023333704 0.026226290 0.031769227 0.998878598
1341846333.326100 0.017376725 0.005942089 0.169312179 0.021468882 0.024844345 0.029653966 0.999020755
1341846333.362100 0.017823560 0.008205961 0.169450000 0.019032242 0.024053650 0.028477425 0.999123693
1341846333.394119 0.018452715 0.006955439 0.173538059 0.015351831 0.023025967 0.028169494 0.999219954
1341846333.429974 0.018415792 0.007339156 0.173227534 0.014641682 0.021385901 0.027526265 0.999284983
1341846333.462115 0.019708369 0.007024801 0.173708275 0.014462874 0.021085922 0.026114877 0.999331832
1341846333.494040 0.020656016 0.006825937 0.174823806 0.015162445 0.021560721 0.025257537 0.999333382
1341846333.529953 0.020784078 0.007028683 0.175511315 0.016177796 0.022889988 0.025461480 0.999282777
1341846333.562063 0.020393616 0.008316933 0.177189976 0.017662285 0.025315871 0.026105229 0.999182522
1341846333.594090 0.018547682 0.009194369 0.176250130 0.016467487 0.025072709 0.026986580 0.999185622
1341846333.629994 0.018788176 0.009372238 0.175376430 0.012993808 0.022390926 0.026358066 0.999317288
1341846333.662127 0.019478923 0.009550432 0.174872935 0.009999971 0.021207405 0.025631113 0.999396503
1341846333.697964 0.019056555 0.007523679 0.174480110 0.007829028 0.021524152 0.026350424 0.999390364
1341846333.730092 0.018437397 0.007026470 0.171758607 0.009827139 0.021677729 0.027737277 0.999331892
1341846333.762089 0.018715266 0.007462198 0.171897247 0.011623176 0.022333652 0.028852288 0.999266565
1341846333.798006 0.018382687 0.007265574 0.170664281 0.013403032 0.023036106 0.028796773 0.999229908
1341846333.830055 0.018938577 0.006874419 0.170208916 0.015712658 0.024086945 0.027143987 0.999217749
1341846333.866045 0.016764410 0.007023135 0.168312103 0.016732935 0.026184877 0.025820537 0.999183476
1341846333.897987 0.016720202 0.005772059 0.166760400 0.017894289 0.025838269 0.024765180 0.999199092
1341846333.930099 0.015923599 0.004816263 0.165235281 0.020345820 0.027039317 0.023649875 0.999147415
1341846333.965889 0.015224735 0.005525147 0.164029986 0.022946028 0.028139411 0.023427278 0.999065995
1341846333.997985 0.016005104 0.004076643 0.163530231 0.025265366 0.028441548 0.023195036 0.999006867
1341846334.030076 0.015228573 0.003733776 0.160715923 0.028352939 0.029916218 0.023772836 0.998867333
1341846334.066000 0.013965144 0.003293831 0.158458307 0.030027624 0.029813742 0.025261074 0.998784959
1341846334.097932 0.014054583 0.003547072 0.156667203 0.032147750 0.029801587 0.024961028 0.998726845
1341846334.133884 0.013344605 0.002807773 0.154215112 0.033204660 0.030718632 0.025375979 0.998654008
1341846334.166115 0.011025003 0.002774233 0.151602283 0.033720713 0.030538442 0.025351368 0.998642862
1341846334.198072 0.010834297 0.002846938 0.149780154 0.034353312 0.028745899 0.024699045 0.998690844
1341846334.234097 0.011344815 0.003227632 0.148227543 0.034823216 0.028937435 0.023688052 0.998693526
1341846334.266045 0.010741720 0.002733289 0.145313680 0.034638043 0.030496713 0.024180822 0.998641789
1341846334.297946 0.007472284 0.002048080 0.144402966 0.035961226 0.030077424 0.024688201 0.998595297
1341846334.334036 0.007772058 0.002617381 0.142921969 0.036282506 0.027882604 0.025937557 0.998615682
1341846334.365871 0.007620739 0.003413095 0.141179502 0.036010653 0.027846444 0.024874644 0.998653591
1341846334.401845 0.007093909 0.003414640 0.138914913 0.034419589 0.028798107 0.023600036 0.998713672
1341846334.433864 0.004702266 0.002021702 0.137426883 0.034433570 0.028338252 0.023927847 0.998718500
1341846334.466105 0.004845991 0.002838236 0.135895535 0.035293717 0.026312152 0.024899824 0.998720169
1341846334.502142 0.002915921 0.003572598 0.133464590 0.034348138 0.025589870 0.025531689 0.998755932
1341846334.540153 0.003453067 0.002721194 0.130013064 0.033461928 0.024051173 0.024643691 0.998846591
1341846334.566584 0.001113409 0.004967636 0.128763452 0.032826573 0.023457520 0.021191318 0.998960972
1341846334.602351 -0.001687992 0.005361066 0.127515927 0.029672228 0.021435689 0.016690705 0.999190390
1341846334.634069 -0.001569529 0.004631426 0.124570571 0.026323570 0.019282196 0.012118871 0.999394000
1341846334.670161 -0.002299275 0.003677168 0.121638440 0.024411488 0.018839566 0.009833374 0.999476075
1341846334.702085 -0.004817884 0.002688646 0.120980367 0.022984346 0.017224165 0.009786218 0.999539495
1341846334.734751 -0.005174533 0.002837336 0.119438320 0.023211803 0.014398601 0.011660633 0.999558866
1341846334.770889 -0.005761428 0.002339331 0.115741707 0.023002870 0.012964771 0.014475167 0.999546528
1341846334.802194 -0.006380573 0.002822574 0.110962585 0.022646345 0.010560953 0.015675772 0.999564826
1341846334.833908 -0.005950349 0.003375352 0.109043099 0.022500927 0.008496978 0.013875474 0.999614418
1341846334.869874 -0.006391030 0.003613314 0.108252786 0.020821808 0.007949270 0.014258171 0.999649882
1341846334.902006 -0.007990137 0.002833535 0.105428666 0.019026648 0.006496892 0.014471662 0.999693155
1341846334.938010 -0.008968881 0.002491423 0.101642758 0.018542079 0.003566995 0.014233362 0.999720395
1341846334.970032 -0.008225559 0.002004257 0.100560576 0.018305957 0.002179101 0.013533311 0.999738455
1341846335.002203 -0.010129371 0.001658238 0.098141178 0.020167556 0.003051581 0.014782032 0.999682665
1341846335.037880 -0.012284693 0.001029058 0.093853079 0.022209516 0.000352585 0.016895145 0.999610543
1341846335.069990 -0.010562989 0.002459506 0.090070404 0.023016060 -0.002926702 0.016734609 0.999590755
1341846335.106038 -0.009357293 0.001515801 0.087916218 0.022859335 -0.002511336 0.015696835 0.999612272
1341846335.138045 -0.011420076 0.001250672 0.085113108 0.024448430 -0.001025307 0.015447895 0.999581218
1341846335.169900 -0.013038820 0.001949129 0.080412567 0.024918420 -0.003134387 0.014937254 0.999572992
1341846335.206091 -0.011895227 0.002349238 0.078859217 0.024360470 -0.005365011 0.012271577 0.999613523
1341846335.239365 -0.011269004 0.000439872 0.076234922 0.023470806 -0.004728668 0.010564344 0.999657512
1341846335.269948 -0.012794860 0.000368320 0.073843949 0.025327554 -0.002986008 0.008982676 0.999634385
1341846335.305972 -0.014765989 -0.000503236 0.069781631 0.026885293 -0.004120728 0.009492090 0.999584973
1341846335.338012 -0.014237951 -0.000550264 0.069188878 0.028360505 -0.005896087 0.011522339 0.999513984
1341846335.374005 -0.012108301 -0.002808320 0.067500331 0.032326706 -0.005117823 0.012366622 0.999387741
1341846335.406025 -0.014577482 -0.001274139 0.065569267 0.039845403 -0.001768591 0.014070155 0.999105215
1341846335.438079 -0.015297803 -0.001245727 0.060607232 0.044310562 -0.000703509 0.017315350 0.998867452
1341846335.473998 -0.012956940 0.000386834 0.056345504 0.046836987 -0.000062276 0.018898185 0.998723745
1341846335.507038 -0.013244091 0.002193633 0.052871369 0.048466749 0.002696593 0.016792515 0.998679996
1341846335.538040 -0.014303005 0.003834605 0.049935978 0.048135635 0.005144034 0.014755895 0.998718560
1341846335.574119 -0.016507134 0.004723032 0.048417866 0.045838241 0.005471007 0.015136043 0.998819232
1341846335.605970 -0.015540319 0.002837558 0.045701951 0.043786738 0.004207748 0.014822306 0.998922050
1341846335.641978 -0.014721774 0.002486021 0.042790294 0.044844706 0.005136632 0.012202982 0.998906195
1341846335.673993 -0.017075233 0.003690340 0.039362017 0.044839166 0.006642070 0.011203326 0.998909354
1341846335.706178 -0.017398272 0.003077859 0.036924444 0.044083953 0.005106733 0.012420597 0.998937547
1341846335.741982 -0.016427474 0.002604891 0.033325292 0.044331610 0.004621156 0.011663672 0.998938084
1341846335.773960 -0.017638756 0.004462416 0.030275095 0.044991992 0.005401121 0.011195596 0.998910010
1341846335.806271 -0.017892225 0.005814126 0.026693178 0.043353777 0.004937665 0.011263326 0.998984098
1341846335.842031 -0.017766334 0.004058577 0.026542800 0.040967129 0.005433196 0.011350636 0.999081254
1341846335.873966 -0.018417042 0.003830028 0.023055749 0.041842371 0.007111969 0.010498392 0.999043763
1341846335.910005 -0.020298053 0.005252523 0.019204332 0.041616529 0.007467734 0.012374945 0.999029100
1341846335.941936 -0.021341629 0.005092492 0.016567757 0.040556151 0.005485145 0.013179483 0.999075294
1341846335.974198 -0.020366874 0.005026717 0.013667442 0.040403221 0.004273818 0.011232369 0.999111176
1341846336.010032 -0.022364048 0.005247310 0.010772187 0.040263329 0.004889659 0.009457275 0.999132395
1341846336.042129 -0.023857290 0.005657275 0.008054596 0.039267518 0.003596289 0.010431251 0.999167800
1341846336.078076 -0.024075050 0.004817736 0.005557248 0.039044656 0.001575362 0.009982017 0.999186397
1341846336.110739 -0.023824619 0.005662580 0.005026285 0.039763402 0.001057281 0.008686082 0.999170840
1341846336.142002 -0.026141228 0.005858092 0.000957109 0.039671443 0.001517586 0.009348845 0.999167919
1341846336.183953 -0.027474996 0.006984807 -0.001731840 0.039649248 -0.000999751 0.009897599 0.999164164
1341846336.210112 -0.026367551 0.007175466 -0.002546153 0.038071230 -0.003219007 0.010874852 0.999210715
1341846336.241891 -0.026859201 0.006684161 -0.004089836 0.037410904 -0.002173473 0.009985725 0.999247730
1341846336.277946 -0.029134968 0.005057119 -0.006272900 0.037512604 -0.001367992 0.011796325 0.999225616
1341846336.309977 -0.029503537 0.004276341 -0.008981685 0.040003464 -0.003845670 0.014524319 0.999086559
1341846336.346143 -0.029438233 0.006035156 -0.012502219 0.042331629 -0.005252421 0.015617638 0.998967767
1341846336.377975 -0.028848113 0.006037529 -0.014230944 0.042931452 -0.005364577 0.015226942 0.998947561
1341846336.410032 -0.030314045 0.006492786 -0.017131856 0.043938246 -0.004331312 0.015056856 0.998911381
1341846336.446041 -0.031053262 0.007799863 -0.020780617 0.043829408 -0.004672655 0.014622713 0.998921096
1341846336.477990 -0.030329125 0.007316851 -0.021864777 0.042591296 -0.005135476 0.014577082 0.998973012
1341846336.510056 -0.030703943 0.006486472 -0.023132762 0.042685512 -0.004506412 0.015288707 0.998961389
1341846336.546024 -0.031765968 0.006594716 -0.026085733 0.043642249 -0.004151775 0.016977571 0.998894334
1341846336.578003 -0.032595295 0.008849679 -0.027679700 0.043987192 -0.004378927 0.018587179 0.998849571
1341846336.614020 -0.030980969 0.008883935 -0.028834552 0.043208547 -0.004391203 0.018309338 0.998888612
1341846336.645982 -0.033443157 0.010345031 -0.030403774 0.042626914 -0.002312073 0.016759139 0.998947799
1341846336.678036 -0.035499889 0.008423371 -0.032577675 0.040112063 -0.003801002 0.017406834 0.999036312
1341846336.714024 -0.035474721 0.006500694 -0.031939302 0.041242048 -0.006317860 0.017457059 0.998976707
1341846336.746016 -0.036853448 0.005880836 -0.034542453 0.044950280 -0.008235184 0.019339798 0.998768032
1341846336.778014 -0.037382692 0.007724302 -0.039559133 0.047931734 -0.011962296 0.022463301 0.998526335
1341846336.820006 -0.038135234 0.009746478 -0.039153554 0.049057890 -0.015598656 0.024642130 0.998370051
1341846336.845952 -0.036470477 0.008405092 -0.039605264 0.049574211 -0.017426999 0.023768567 0.998335481
1341846336.882056 -0.039867524 0.008948091 -0.043728925 0.051538575 -0.017416773 0.023111640 0.998251617
1341846336.914273 -0.045897692 0.004884936 -0.035654016 0.053351298 -0.020965882 0.025247827 0.998036385
1341846336.945998 -0.039689481 0.004667539 -0.044500060 0.059113808 -0.028396223 0.027397780 0.997471094
1341846336.981980 -0.040197905 0.012661659 -0.048975773 0.063850716 -0.032367341 0.025696928 0.997103393
1341846337.014238 -0.040384248 0.014559625 -0.050414488 0.061199050 -0.034988873 0.024035195 0.997222543
1341846337.046017 -0.038289540 0.012723955 -0.050878707 0.058305580 -0.036848672 0.020146968 0.997415006
1341846337.082104 -0.040209938 0.012278746 -0.053114254 0.057686936 -0.036766876 0.016181797 0.997526228
1341846337.114317 -0.041867141 0.011708649 -0.051446609 0.055792250 -0.039047576 0.016197693 0.997547090
1341846337.150037 -0.040337931 0.012635188 -0.053389404 0.054385364 -0.041109860 0.015095081 0.997559190
1341846337.181873 -0.038968142 0.012000815 -0.051870443 0.053873952 -0.041471269 0.012037309 0.997613549
1341846337.214073 -0.040023461 0.015153976 -0.053318094 0.052310072 -0.039584562 0.009632563 0.997799516
1341846337.250087 -0.044907317 0.009713244 -0.054449249 0.048401780 -0.040062539 0.010227007 0.997971773
1341846337.282028 -0.043966908 0.010427548 -0.053755485 0.049836461 -0.044571500 0.013722866 0.997667968
1341846337.317920 -0.041153938 0.012606838 -0.052634038 0.049987044 -0.046667594 0.014450019 0.997554302
1341846337.350018 -0.041137271 0.013938858 -0.056909550 0.048442505 -0.045842286 0.014441396 0.997668922
1341846337.382159 -0.040184069 0.011749154 -0.055710413 0.045415744 -0.045867089 0.012350970 0.997838199
1341846337.417941 -0.041604858 0.009392005 -0.058066849 0.045599125 -0.044819579 0.012304396 0.997878015
1341846337.450137 -0.042679299 0.012960812 -0.058903094 0.046875194 -0.046568010 0.013598290 0.997722030
1341846337.482096 -0.041332792 0.011007490 -0.059592236 0.044881076 -0.047176681 0.014700033 0.997769475
1341846337.518008 -0.042476702 0.009191909 -0.060487043 0.045564670 -0.047206353 0.014625508 0.997738183
1341846337.549978 -0.041526772 0.012411872 -0.063897975 0.046277020 -0.048167564 0.013309902 0.997677863
1341846337.585971 -0.041519634 0.011088777 -0.062020212 0.043351263 -0.048666798 0.012419832 0.997796535
1341846337.617903 -0.040914565 0.007719823 -0.057721958 0.043935511 -0.049501441 0.013028040 0.997722149
1341846337.650141 -0.040393166 0.010831803 -0.061724767 0.047008809 -0.049818974 0.012533097 0.997572601
1341846337.686352 -0.041214302 0.012813771 -0.063035920 0.045608792 -0.049049661 0.011952708 0.997682869
1341846337.718002 -0.040153574 0.011144372 -0.060094316 0.043570038 -0.049041241 0.012127403 0.997772276
1341846337.749920 -0.039782442 0.012795470 -0.058773518 0.043706041 -0.047136970 0.011262499 0.997868240
1341846337.786157 -0.039592672 0.015019109 -0.058018245 0.040908366 -0.044402499 0.011732416 0.998106837
1341846337.817945 -0.039376941 0.012046874 -0.056120437 0.037877820 -0.042339008 0.013024429 0.998300076
1341846337.854071 -0.037858769 0.014262892 -0.055311274 0.037172992 -0.039641164 0.013147152 0.998435736
1341846337.885951 -0.038830683 0.016307842 -0.054455359 0.034491953 -0.036798362 0.011449712 0.998661637
1341846337.918223 -0.038351011 0.015787734 -0.053018160 0.030177105 -0.035547476 0.008534317 0.998875797
1341846337.954120 -0.037564103 0.014227200 -0.051790997 0.027360560 -0.034404568 0.008009871 0.999001324
1341846337.985994 -0.037633650 0.016705664 -0.050914399 0.025394967 -0.033348054 0.007906687 0.999089837
1341846338.018107 -0.036750223 0.015186792 -0.046523500 0.021498088 -0.032043226 0.009363715 0.999211371
1341846338.054055 -0.035898555 0.016291410 -0.046129037 0.019443344 -0.030673319 0.008385675 0.999305129
1341846338.085986 -0.034309272 0.016517011 -0.042620022 0.016140198 -0.028059876 0.008007510 0.999443889
1341846338.121875 -0.035153955 0.014711940 -0.040724430 0.013750452 -0.025246346 0.009494889 0.999541581
1341846338.154089 -0.036291137 0.014865532 -0.038628388 0.012986702 -0.024383303 0.012865832 0.999535561
1341846338.186029 -0.035947207 0.016101277 -0.035498228 0.011979266 -0.024720831 0.015784184 0.999498010
1341846338.222071 -0.033412840 0.017429221 -0.031489171 0.010999197 -0.024364812 0.015578023 0.999521255
1341846338.254107 -0.033487763 0.015306226 -0.031258140 0.008656553 -0.022301611 0.015526734 0.999593198
1341846338.290130 -0.033020627 0.014994983 -0.029379008 0.009016889 -0.022491107 0.017618407 0.999551117
1341846338.321952 -0.033153243 0.016337648 -0.026103258 0.009395943 -0.021397304 0.019223377 0.999542058
1341846338.354022 -0.032364938 0.016055547 -0.024063528 0.008729372 -0.020943487 0.019684011 0.999548733
1341846338.389969 -0.032676291 0.018455181 -0.022977524 0.008941377 -0.019767324 0.018903727 0.999585867
1341846338.422377 -0.032166243 0.017751435 -0.017456438 0.006807424 -0.019620176 0.020109506 0.999582052
1341846338.454010 -0.032400645 0.018566286 -0.014639125 0.006065380 -0.019870374 0.018973632 0.999604106
1341846338.489894 -0.031778857 0.017972017 -0.011291829 0.004252336 -0.020329840 0.019012410 0.999603510
1341846338.522066 -0.030147111 0.017324841 -0.006666067 0.004765931 -0.020522250 0.019202037 0.999593616
1341846338.558058 -0.031230833 0.019670555 -0.005217165 0.004699679 -0.020138243 0.017893596 0.999626040
1341846338.589842 -0.029329590 0.019191492 -0.001040986 0.002355149 -0.021017047 0.018198390 0.999610722
1341846338.622019 -0.027442859 0.017342614 -0.000008880 0.002507158 -0.020376517 0.019487796 0.999599278
1341846338.657984 -0.030122137 0.019445498 0.000140486 0.003278526 -0.019296296 0.020659586 0.999594986
1341846338.690198 -0.028047251 0.020653827 0.003476830 0.001676084 -0.020654032 0.020725254 0.999570429
1341846338.722454 -0.026130741 0.018514967 0.008723158 0.000393302 -0.020043505 0.021086898 0.999576628
1341846338.757945 -0.027983919 0.020374626 0.007344441 0.000993146 -0.019274469 0.022301052 0.999565005
1341846338.790039 -0.026243832 0.020678211 0.012188107 -0.001220912 -0.021943970 0.023562869 0.999480724
1341846338.826048 -0.023471208 0.019039631 0.015833484 -0.001297066 -0.021790663 0.022323187 0.999512494
1341846338.858027 -0.024996210 0.020690130 0.015327943 -0.001034248 -0.019455900 0.020946050 0.999590755
1341846338.889902 -0.024877511 0.020214032 0.019323958 -0.003618235 -0.020443974 0.020216841 0.999580026
1341846338.925948 -0.022380166 0.019164197 0.022839531 -0.004538317 -0.020573806 0.018874394 0.999599874
1341846338.958108 -0.022149535 0.019567700 0.026642656 -0.004064009 -0.018794145 0.017864469 0.999655485
1341846338.990057 -0.021787494 0.019179864 0.030157968 -0.003792855 -0.018500146 0.018730795 0.999646187
1341846339.025928 -0.019996632 0.017495053 0.033805776 -0.002508612 -0.017978761 0.019041568 0.999653876
1341846339.057939 -0.020024965 0.019752720 0.035581242 0.001036108 -0.015439722 0.018439116 0.999710202
1341846339.093927 -0.022851471 0.021933857 0.034600776 0.000334808 -0.014595246 0.019392597 0.999705374
1341846339.126562 -0.018844973 0.023198305 0.039810933 -0.002514659 -0.017016742 0.019025836 0.999670982
1341846339.157969 -0.017502567 0.022839008 0.044797499 -0.005215177 -0.014771964 0.016615205 0.999739230
1341846339.194113 -0.020054618 0.024388073 0.047155526 -0.006843190 -0.012867941 0.017810559 0.999735117
1341846339.228165 -0.019479522 0.025589656 0.047149692 -0.010001440 -0.014774874 0.020066086 0.999639452
1341846339.257998 -0.015382659 0.024471616 0.052876987 -0.013082156 -0.015475157 0.021264452 0.999568522
1341846339.294132 -0.015540967 0.025810827 0.055644836 -0.012702234 -0.012689889 0.020921921 0.999619842
1341846339.326577 -0.018716482 0.026997011 0.054549210 -0.016202318 -0.013323810 0.024724431 0.999474227
1341846339.362269 -0.013684272 0.026839256 0.062468857 -0.020983428 -0.017595112 0.024482226 0.999325156
1341846339.394725 -0.012474084 0.027399240 0.062548436 -0.021510944 -0.015417133 0.022234485 0.999402463
1341846339.426160 -0.013869635 0.027265059 0.063631371 -0.023529347 -0.014983792 0.023461729 0.999335468
1341846339.462186 -0.011035088 0.026962355 0.069356076 -0.025309460 -0.016728260 0.022817146 0.999279201
1341846339.496743 -0.008714947 0.026308673 0.071816884 -0.022849884 -0.013355423 0.020728661 0.999434769
1341846339.530143 -0.009616839 0.027421048 0.071859814 -0.021608107 -0.009043516 0.020772172 0.999509811
1341846339.562052 -0.009598043 0.026001034 0.075164497 -0.021761831 -0.009391419 0.022812663 0.999458730
1341846339.595122 -0.006391203 0.026351633 0.078455806 -0.019641628 -0.009756069 0.022714334 0.999501407
1341846339.632085 -0.006317818 0.027653765 0.079210453 -0.017476719 -0.005728710 0.019114338 0.999648154
1341846339.664568 -0.005590338 0.026876952 0.081758901 -0.017743804 -0.002975355 0.017373662 0.999687195
1341846339.698896 -0.005188444 0.026897298 0.086538240 -0.017935397 -0.002253718 0.017042460 0.999691367
1341846339.731977 -0.004630988 0.026650280 0.088751875 -0.017574897 -0.001741598 0.014806634 0.999734402
1341846339.762241 -0.003027372 0.025530787 0.090967230 -0.017710982 -0.000890448 0.014562504 0.999736726
1341846339.797873 -0.003166002 0.025255660 0.092914887 -0.017659390 -0.000205264 0.015600561 0.999722302
1341846339.830245 -0.001962982 0.025002245 0.094225928 -0.018078320 -0.000979034 0.016316932 0.999702930
1341846339.862015 -0.001572499 0.025326693 0.096101001 -0.018474638 -0.000625558 0.016025564 0.999700665
1341846339.897797 0.000713639 0.024607452 0.099027760 -0.019831557 -0.000258161 0.015932519 0.999676347
1341846339.929916 0.000570337 0.023373706 0.102096155 -0.020422403 0.001003319 0.017412599 0.999639332
1341846339.961960 0.001220058 0.023269124 0.103772238 -0.019185062 0.000355790 0.018562810 0.999643564
1341846339.997845 0.003149485 0.023587424 0.104181394 -0.017732486 0.001090921 0.018425440 0.999672413
1341846340.029925 0.003979339 0.023540271 0.107128732 -0.016840946 0.003241026 0.019881433 0.999655247
1341846340.066044 0.004937101 0.022871463 0.108300745 -0.015096860 0.004262019 0.021357553 0.999648809
1341846340.098009 0.004609713 0.023673823 0.108956106 -0.013934728 0.005085300 0.022010043 0.999647677
1341846340.130102 0.005300885 0.023281606 0.110698551 -0.014690058 0.005037958 0.020760432 0.999663830
1341846340.166041 0.007521924 0.022387521 0.114027858 -0.014040441 0.006530223 0.018858533 0.999702215
1341846340.197867 0.005917579 0.023172060 0.115142539 -0.012753022 0.009931930 0.018563701 0.999697030
1341846340.229904 0.006468841 0.024240607 0.117249452 -0.013462441 0.009720231 0.018132005 0.999697685
1341846340.265859 0.008560608 0.022766739 0.119771898 -0.014602282 0.009967625 0.018139614 0.999679148
1341846340.298061 0.008443593 0.022469807 0.120835267 -0.012656976 0.012681548 0.018178556 0.999674201
1341846340.334063 0.006906814 0.025130210 0.122700050 -0.012642381 0.012724556 0.019135483 0.999655962
1341846340.366064 0.009277781 0.022671336 0.124694943 -0.015172228 0.009759210 0.019104486 0.999654770
1341846340.397995 0.010274368 0.022167219 0.124849208 -0.013416133 0.010119515 0.019049920 0.999677300
1341846340.433895 0.010881148 0.023046201 0.126800194 -0.012542434 0.009752691 0.019951746 0.999674678
1341846340.465959 0.010832835 0.022330934 0.127645418 -0.012260936 0.007763488 0.021358268 0.999666572
1341846340.501858 0.012006283 0.022106720 0.129029408 -0.011432597 0.004174522 0.021548139 0.999693751
1341846340.534329 0.012787462 0.024631040 0.128580064 -0.009824260 0.002844996 0.020689094 0.999733627
1341846340.566041 0.013169792 0.023892201 0.129521742 -0.008670120 0.002203955 0.020960476 0.999740303
1341846340.601909 0.015830664 0.021728816 0.127512008 -0.007294751 0.000578428 0.022654116 0.999716580
1341846340.634005 0.017019810 0.022711834 0.125936180 -0.006242085 -0.000092697 0.021789338 0.999743104
1341846340.666028 0.017655425 0.022322135 0.124723896 -0.006479354 0.000247619 0.019290982 0.999792874
1341846340.701946 0.018955797 0.022017997 0.125432253 -0.004563432 0.001205624 0.017840348 0.999829710
1341846340.733954 0.019647691 0.023232935 0.125487491 -0.003145291 0.002536487 0.016393131 0.999857485
1341846340.770081 0.019400805 0.023062760 0.123981014 -0.004016499 0.003458345 0.012887725 0.999902904
1341846340.801980 0.020551961 0.022783557 0.122908331 -0.004291334 0.003931528 0.007835567 0.999952376
1341846340.833999 0.020612145 0.023985991 0.122431897 -0.003980516 0.006363515 0.003647442 0.999965191
1341846340.870013 0.020000638 0.023713460 0.123024195 -0.005357698 0.006708025 0.001311358 0.999962270
1341846340.901955 0.020516736 0.022816487 0.122842997 -0.004845098 0.005983656 0.001649727 0.999969006
1341846340.933918 0.020159442 0.022950867 0.122697018 -0.002840925 0.005677157 0.003821944 0.999972522
1341846340.970122 0.019756360 0.023866512 0.122216091 -0.001138241 0.002833086 0.008470804 0.999959469
1341846341.001922 0.019605629 0.022939801 0.121128388 -0.000197480 -0.000845846 0.013835755 0.999903917
1341846341.037923 0.019700238 0.022490190 0.119638599 0.000964563 -0.003416379 0.016505381 0.999857485
1341846341.070300 0.020150706 0.022871561 0.118903548 0.001633213 -0.004554607 0.016744312 0.999848127
1341846341.102028 0.019514721 0.022692997 0.118544601 0.001400547 -0.005749199 0.017026519 0.999837518
1341846341.137982 0.020177118 0.022194918 0.118215941 0.001250298 -0.007973501 0.017719513 0.999810398
1341846341.170048 0.020449016 0.022331625 0.117778845 0.002026541 -0.008312746 0.018047351 0.999800503
1341846341.202110 0.020569438 0.021227254 0.116105221 0.003015710 -0.008656614 0.020352082 0.999750853
1341846341.237996 0.020820543 0.021806089 0.115926452 0.005029592 -0.008571217 0.021064535 0.999728739
1341846341.269883 0.019677432 0.021822302 0.115231626 0.006196688 -0.007576360 0.020995883 0.999731660
1341846341.306107 0.020683678 0.021360267 0.114379950 0.006566917 -0.008615489 0.020728534 0.999726474
1341846341.338109 0.020761119 0.021377817 0.113803484 0.007302250 -0.008129542 0.018991062 0.999759912
1341846341.370120 0.020774245 0.021571876 0.113639198 0.008019895 -0.006923653 0.016009502 0.999815702
1341846341.406074 0.019177867 0.021301392 0.112907320 0.007936670 -0.005691814 0.014908773 0.999841154
1341846341.438113 0.019128459 0.020033503 0.114095166 0.008749180 -0.007714628 0.015586004 0.999810457
1341846341.470024 0.019693974 0.020502405 0.112232000 0.011623181 -0.007929572 0.013814563 0.999805570
1341846341.506077 0.018671788 0.022019027 0.111909993 0.011957036 -0.006780074 0.012606551 0.999826074
1341846341.538156 0.018523995 0.021740379 0.113038048 0.011100114 -0.008700632 0.012638560 0.999820650
1341846341.574016 0.019084981 0.021351438 0.112275936 0.011787095 -0.011223316 0.014340366 0.999764681
1341846341.612466 0.018801348 0.021802485 0.109982371 0.012554021 -0.011409857 0.014145421 0.999756038
1341846341.643972 0.017977588 0.022250058 0.109538935 0.011574287 -0.012563604 0.013088092 0.999768436
1341846341.679982 0.017682474 0.021622382 0.110046946 0.011273731 -0.014154143 0.013783487 0.999741256
1341846341.712332 0.016462896 0.021809701 0.109792538 0.012060715 -0.015764363 0.016409773 0.999668300
1341846341.744185 0.017257592 0.021805270 0.110643893 0.012453571 -0.018372688 0.018997770 0.999573112
1341846341.780061 0.017123096 0.022185715 0.108945198 0.013141905 -0.018718405 0.020111747 0.999536097
1341846341.812163 0.017547507 0.021158427 0.108820997 0.012970917 -0.019612124 0.021964842 0.999482214
1341846341.842595 0.018987855 0.020012263 0.107256301 0.014670485 -0.020434782 0.025528532 0.999357581
1341846341.875779 0.018040389 0.020320414 0.107198365 0.016477231 -0.020065265 0.028821485 0.999247313
1341846341.906227 0.018771358 0.019597877 0.107451528 0.018020052 -0.020950358 0.030636529 0.999148548
1341846341.942069 0.019832343 0.017986236 0.104941368 0.020811701 -0.021194557 0.032878283 0.999017894
1341846341.974775 0.018921066 0.018563254 0.105078653 0.024349542 -0.020871541 0.033707507 0.998917043
1341846342.010161 0.017842051 0.018735452 0.103138827 0.024975820 -0.021671860 0.035375450 0.998826861
1341846342.042024 0.020421507 0.017019736 0.103774890 0.026124729 -0.023351254 0.036385015 0.998723388
1341846342.080032 0.021402886 0.018094989 0.102719627 0.028579950 -0.021424895 0.036427524 0.998697758
1341846342.112265 0.019597055 0.017582729 0.102259502 0.028767975 -0.020077506 0.037946541 0.998663783
1341846342.147954 0.019532168 0.015969714 0.103130236 0.030704331 -0.021205006 0.040026579 0.998501599
1341846342.179852 0.020949677 0.016317734 0.101093099 0.033703580 -0.021161323 0.041320954 0.998353064
1341846342.211848 0.020935487 0.016755270 0.100832634 0.034478381 -0.020482078 0.041300777 0.998341620
1341846342.247920 0.020951193 0.016076539 0.101627521 0.035404887 -0.020369446 0.040241752 0.998354733
1341846342.279870 0.021009006 0.016557131 0.101992451 0.037134435 -0.019838918 0.040239450 0.998302698
1341846342.316068 0.022090292 0.016359504 0.100182176 0.038281243 -0.020249551 0.041972630 0.998179734
1341846342.347894 0.021851964 0.016975751 0.098597132 0.038828913 -0.019982366 0.041484434 0.998184383
1341846342.379953 0.021381490 0.016804378 0.099771895 0.039103214 -0.019061441 0.040999651 0.998211741
1341846342.416195 0.020928513 0.016822301 0.098872148 0.039576434 -0.018613618 0.042087097 0.998156250
1341846342.447907 0.020717608 0.017471543 0.100497857 0.040107109 -0.019451892 0.043027055 0.998079002
