1341846316.301915 0.0000000 0.0000000 0.0000000 0.0000000 0.0000000 0.0000000 1.0000000
1341846316.438069 -0.0060889 -0.0001380 -0.0006631 0.0068421 -0.0021928 0.0065263 0.9999529
1341846316.470076 -0.0078779 -0.0005360 -0.0014319 0.0111059 -0.0023963 0.0093429 0.9998918
1341846316.502034 -0.0095565 0.0017387 -0.0048141 0.0138603 -0.0046255 0.0113074 0.9998293
1341846316.638009 -0.0153703 -0.0007643 -0.0034176 0.0145642 -0.0090617 0.0067903 0.9998298
1341846316.705941 -0.0179286 -0.0020601 -0.0043133 0.0205385 -0.0096661 0.0079423 0.9997108
1341846317.073972 -0.0345287 -0.0017169 -0.0060756 0.0245335 -0.0277315 0.0101091 0.9992632
1341846317.306289 -0.0452442 -0.0014699 -0.0094092 0.0319077 -0.0531497 0.0275226 0.9976971
1341846317.542282 -0.0549339 -0.0003200 -0.0099715 0.0439544 -0.0561438 0.0456574 0.9964092
1341846317.677993 -0.0629438 -0.0017765 -0.0104827 0.0482679 -0.0556783 0.0493671 0.9960588
1341846317.810021 -0.0690147 -0.0004351 -0.0099788 0.0495635 -0.0617971 0.0464104 0.9957764
1341846318.582042 -0.1067709 -0.0015657 -0.0171701 0.0702610 -0.1169830 0.0261699 0.9902997
1341846319.754063 -0.1642557 0.0035496 -0.0349975 0.0774728 -0.1979113 0.0303106 0.9766833
1341846320.289887 -0.1568695 -0.0032347 -0.0303101 0.0851158 -0.2151337 0.0432769 0.9719053
1341846320.594093 -0.1334926 -0.0029349 -0.0198462 0.1166380 -0.1773667 0.0308334 0.9767221
1341846320.763877 -0.1231429 0.0028640 -0.0242261 0.1213989 -0.1556019 0.0267934 0.9799656
1341846322.970069 -0.0572709 -0.0541717 0.0016479 0.1172169 -0.0949524 0.0119351 0.9884846
1341846323.742111 -0.0581264 -0.0885260 0.0032830 0.1008408 -0.0909878 0.0073098 0.9907063
1341846324.015934 -0.0567760 -0.0955793 0.0001818 0.1222244 -0.1022852 -0.0091014 0.9871758
1341846324.319880 -0.0588846 -0.0816954 -0.0002794 0.1171103 -0.0920563 -0.0214955 0.9886095
1341846324.755922 -0.0613234 -0.0533617 0.0029612 0.0899536 -0.1094874 -0.0177783 0.9897498
1341846325.885958 -0.0680167 0.0021217 0.0121109 0.1116106 -0.0853435 0.0317629 0.9895710
1341846327.193867 -0.0670219 0.0785277 0.0330908 0.0668814 -0.0548829 0.0489944 0.9950449
1341846327.429966 -0.0675962 0.0988694 0.0359866 0.0729309 -0.0167655 0.0228908 0.9969333
1341846327.730075 -0.0704273 0.1208030 0.0421298 0.0582271 -0.0369016 0.0282613 0.9972207
1341846327.998073 -0.0690732 0.1370484 0.0456472 0.0216501 -0.0373998 0.0236789 0.9987852
1341846328.402010 -0.0709791 0.1094684 0.0407876 0.0331613 -0.0426082 0.0255236 0.9982151
1341846328.636433 -0.0705323 0.0794907 0.0328579 0.0490838 -0.0529656 0.0143427 0.9972861
1341846328.838051 -0.0650877 0.0582658 0.0334310 0.0684995 -0.0726104 0.0078928 0.9949740
1341846330.981986 -0.0672319 -0.0110502 0.0026723 0.0123130 -0.1376929 0.0198794 0.9901989
1341846336.042129 -0.0744494 0.0084975 -0.0122135 0.0452175 -0.0909479 -0.0046818 0.9948176
1341846336.820006 -0.0788688 0.0117555 -0.0464500 0.0529741 -0.1098467 0.0103758 0.9924816
1341846337.046017 -0.0790133 0.0133577 -0.0531590 0.0622709 -0.1307761 0.0060909 0.9894356
1341846337.317920 -0.0785219 0.0135721 -0.0588415 0.0538637 -0.1406372 0.0005945 0.9885947
1341846338.154089 -0.0775776 0.0162240 -0.0456917 0.0183521 -0.1178304 -0.0046460 0.9928533
1341846338.489894 -0.0772619 0.0173909 -0.0270170 0.0090327 -0.1140307 0.0004973 0.9934360
1341846338.790039 -0.0771942 0.0191522 -0.0095251 0.0036457 -0.1152000 0.0040984 0.9933271
1341846339.057939 -0.0756425 0.0198470 0.0083977 0.0069887 -0.1089059 -0.0003139 0.9940274
1341846339.326577 -0.0769794 0.0254458 0.0227505 -0.0098251 -0.1066506 0.0036776 0.9942412
1341846339.664568 -0.0710291 0.0229510 0.0428432 -0.0118164 -0.0968354 -0.0032415 0.9952250
1341846340.197867 -0.0669777 0.0205357 0.0668047 -0.0059012 -0.0842790 -0.0021479 0.9964224
1341846341.237996 -0.0563667 0.0188446 0.0692452 0.0108498 -0.1032271 0.0024227 0.9945957
1341846342.042024 -0.0558809 0.0156082 0.0607261 0.0303302 -0.1179192 0.0188215 0.9923814
