1341846314.526085 0.036043935 0.003925205 0.002691446 -0.008469150 0.043727379 -0.004273937 0.998998463
1341846314.558292 0.036042988 0.002816462 0.002913520 -0.009945712 0.047565475 -0.003966161 0.998810709
1341846314.594085 0.044071287 0.001016229 0.005251710 -0.009114015 0.049779300 -0.003423852 0.998712778
1341846314.626096 0.034710813 0.003881827 -0.000541286 -0.007568049 0.058504142 -0.005044402 0.998245716
1341846314.658455 0.040865172 0.003106121 0.001458750 -0.010134519 0.058351859 -0.004738686 0.998233378
1341846314.694004 0.042774726 0.002294760 0.006090405 -0.009620121 0.062583603 -0.006847512 0.997969866
1341846314.725910 0.039335694 -0.000942591 0.009220208 -0.006741198 0.066979513 -0.000495461 0.997731447
1341846314.761942 0.039110802 0.000142432 0.007581715 -0.002678689 0.067822337 0.003406187 0.997687995
1341846314.794030 0.041791767 0.000961566 0.006683249 0.000723428 0.070058264 0.004382737 0.997533023
1341846314.826092 0.038755078 0.001330381 0.003078753 0.002863272 0.076568760 0.005153245 0.997046888
1341846314.862145 0.043867841 0.001299990 0.000026196 0.002550458 0.078707859 0.005983597 0.996876478
1341846314.894072 0.039458387 0.002144862 0.000115608 0.003011696 0.086039566 0.007022315 0.996262431
1341846314.925969 0.052280266 0.001550805 0.000597107 0.002225443 0.083054878 0.013313343 0.996453524
1341846314.961937 0.052961838 0.002232135 -0.002420743 -0.000953584 0.084010735 0.017560219 0.996309638
1341846314.994564 0.048074942 0.000772650 0.003280593 -0.004900663 0.087971367 0.015220515 0.995994687
1341846315.029900 0.048035219 0.000782154 0.003609840 -0.004602278 0.092804752 0.011920960 0.995602310
1341846315.061965 0.059211362 0.002194753 0.003941992 -0.004731224 0.089892194 0.017328227 0.995789528
1341846315.094388 0.059735790 0.001771259 0.005106290 -0.004559236 0.089123577 0.016471988 0.995873928
1341846315.129851 0.061360616 0.000624441 -0.002173490 -0.002847834 0.090850741 0.015535134 0.995739281
1341846315.161941 0.060769953 -0.000681468 -0.008095731 -0.007595934 0.091980845 0.021123696 0.995507717
1341846315.197984 0.062381588 0.005782602 -0.000554294 -0.010989350 0.087840393 0.014850868 0.995963216
1341846315.230076 0.062243834 0.006378307 -0.000415324 -0.013584344 0.088011257 0.011485423 0.995960653
1341846315.262069 0.074320205 0.003707288 -0.002313893 -0.018311050 0.080851339 0.015935935 0.996430516
1341846315.298000 0.077550039 0.003657216 0.001402215 -0.019727122 0.076262429 0.018558506 0.996719837
1341846315.329931 0.066595696 0.000965737 -0.000937511 -0.016132729 0.081477702 0.018343622 0.996375740
1341846315.361981 0.064310834 0.001034906 -0.003102231 -0.010841519 0.082937434 0.020529553 0.996284306
1341846315.397962 0.077795289 -0.000618622 0.003923063 -0.009556434 0.077069856 0.026014715 0.996640384
1341846315.429923 0.076929100 0.000108777 0.003074866 -0.006316091 0.080380954 0.026374571 0.996395171
1341846315.466047 0.064947084 0.002074245 0.001958749 -0.004679223 0.091160677 0.027010279 0.995458841
1341846315.497883 0.102950715 0.005690708 0.003991573 -0.005126915 0.077361867 0.034627892 0.996388376
1341846315.530008 0.101785362 0.006468236 0.002626629 -0.004450877 0.079600841 0.034880150 0.996206462
1341846315.566108 0.101605915 0.006329980 0.002785654 -0.005416861 0.081665210 0.036017012 0.995994091
1341846315.597986 0.069193430 0.002069315 0.004429665 -0.006643021 0.097432166 0.032048982 0.994703829
1341846315.630109 0.105307870 0.003798657 0.002511936 -0.006622576 0.082881257 0.034198124 0.995950460
1341846315.666042 0.102131762 0.005098290 -0.001074825 -0.007027674 0.086454526 0.032615572 0.995696962
1341846315.698114 0.104501627 0.004487460 0.001346389 -0.013552682 0.089155011 0.031308558 0.995433331
1341846315.733985 0.102474920 0.004038473 0.003612309 -0.015103831 0.092083380 0.032566737 0.995103955
1341846315.766041 0.102190450 0.003393893 0.002918380 -0.015150648 0.089611009 0.033920456 0.995283723
1341846315.798188 0.074513592 0.001460945 0.004564206 -0.016420744 0.100824013 0.030899473 0.994288743
1341846315.834140 0.098035254 0.000949551 0.005236527 -0.015711576 0.091788165 0.032381527 0.995127857
1341846315.866751 0.095352665 -0.000409921 0.004924885 -0.013990425 0.094184771 0.030983552 0.994974136
1341846315.898492 0.077080406 0.002488248 0.005120553 -0.010722052 0.102449015 0.029138148 0.994253576
1341846315.936901 0.083666615 0.001464720 0.007026454 -0.008391738 0.100291423 0.028496372 0.994514525
1341846315.966572 0.084445007 0.002345774 0.005489244 -0.004567663 0.100274652 0.028725216 0.994534612
1341846316.002119 0.084086485 0.001783534 0.006150899 -0.003281785 0.099313624 0.027399026 0.994673491
1341846316.034204 0.084254086 0.001672468 0.007126381 -0.001218218 0.098691933 0.027492978 0.994737446
1341846316.066113 0.084991723 0.002819936 0.006751051 0.001715040 0.097396091 0.027980527 0.994850814
1341846316.101867 0.075732179 0.000682646 0.002527852 0.001824089 0.099620156 0.028279079 0.994621933
1341846316.134066 0.076328449 -0.000092994 0.002569543 0.000370627 0.095266186 0.026758784 0.995092034
1341846316.169952 0.065973826 -0.002397841 0.002247082 -0.000065413 0.097168826 0.021837695 0.995028317
1341846316.202049 0.064483769 0.001094865 0.005187587 0.002318441 0.093931951 0.019463032 0.995385647
1341846316.233979 0.063970618 0.001619359 0.000132417 0.002984201 0.092064112 0.018169641 0.995582819
1341846316.270052 0.062792905 -0.000930298 0.000728577 0.000370342 0.092988461 0.014661434 0.995559156
1341846316.301915 0.061201196 -0.000945464 0.003307587 0.001179396 0.093993217 0.014008265 0.995473564
1341846316.334208 0.057819333 -0.001116462 0.005273276 0.002642504 0.093960181 0.016031303 0.995443344
1341846316.370006 0.054641560 -0.002143623 0.003543080 0.004404138 0.093357399 0.015421664 0.995503485
1341846316.401994 0.056588795 -0.001629621 0.003610036 0.006235799 0.090779930 0.019146796 0.995667338
1341846316.438069 0.055101935 -0.001077204 0.003370356 0.009135978 0.089756452 0.021247905 0.995695114
1341846316.470076 0.050624523 -0.001635034 0.004338182 0.013584537 0.090021655 0.022457877 0.995593905
1341846316.502034 0.048478600 0.000251829 -0.001229700 0.015573041 0.087038673 0.023903674 0.995796323
1341846316.537975 0.049700513 -0.002159186 0.001046607 0.011569769 0.083118699 0.021783937 0.996234357
1341846316.570121 0.049801506 -0.003857031 0.002216680 0.011303524 0.082090490 0.019243754 0.996374965
1341846316.601885 0.046796139 -0.004553241 0.001322863 0.013387599 0.081776410 0.017564608 0.996405959
1341846316.638009 0.044316765 -0.004699300 0.000824334 0.015787374 0.080302916 0.019494003 0.996454835
1341846316.669925 0.039643086 -0.004766792 0.000572026 0.018306797 0.080365919 0.019412467 0.996408224
1341846316.705941 0.038290728 -0.005752695 0.001065912 0.022581952 0.080045462 0.020877317 0.996316671
1341846316.738062 0.033850260 -0.000873792 -0.001674933 0.026298197 0.080128811 0.023274675 0.996165693
1341846316.770433 0.034145661 -0.003017684 -0.002389570 0.023946617 0.078135513 0.024037866 0.996365190
1341846316.805932 0.033623952 -0.004205589 0.000282115 0.024676003 0.077535748 0.023123270 0.996415854
1341846316.838029 0.026695965 -0.001853123 -0.000181611 0.027024666 0.077583350 0.023744004 0.996336639
1341846316.870034 0.023572870 -0.007324603 -0.001042569 0.025134224 0.074268602 0.024498075 0.996620417
1341846316.906344 0.022023303 -0.009000328 -0.000962356 0.025389124 0.070774861 0.023498246 0.996892214
1341846316.937940 0.021387324 -0.007437362 -0.002947633 0.025864879 0.069143988 0.021723181 0.997034669
1341846316.973994 0.019318588 -0.007457740 -0.001391627 0.024846256 0.067122482 0.022183677 0.997188568
1341846317.005913 0.017781816 -0.007436674 -0.001467430 0.023976680 0.063667998 0.022318223 0.997433364
1341846317.037936 0.015506511 -0.009451106 -0.000132204 0.023874398 0.061343938 0.021320214 0.997603297
1341846317.073972 0.014596196 -0.007609110 -0.000123061 0.026238987 0.059094500 0.022172010 0.997661114
1341846317.106113 0.010411082 -0.007109511 -0.001123642 0.028925413 0.058061335 0.025579106 0.997565985
1341846317.137887 0.002836529 -0.008427201 -0.003768234 0.031580094 0.053237241 0.030319158 0.997621775
1341846317.173970 0.001360562 -0.007280721 0.001421604 0.032735877 0.046181839 0.032162983 0.997878313
1341846317.205887 -0.001341953 -0.007361788 0.003728906 0.032811955 0.043967098 0.032404438 0.997968018
1341846317.248131 -0.005194767 -0.009704660 0.000810702 0.033126328 0.041542757 0.033843495 0.998013735
1341846317.273950 -0.004708007 -0.010075876 0.000406647 0.034146380 0.035955481 0.036858566 0.998089492
1341846317.306289 -0.006325995 -0.009521817 0.001819721 0.034500878 0.034240298 0.038180906 0.998087883
1341846317.348137 -0.004558490 -0.004883290 0.003307781 0.037844308 0.034078240 0.039159983 0.997934341
1341846317.373974 -0.007944706 -0.004688168 0.001018265 0.039082315 0.035057575 0.043044906 0.997692645
1341846317.410120 -0.020778637 -0.008936043 0.005104800 0.037594989 0.037531819 0.044603337 0.997591376
1341846317.442569 -0.021649867 -0.010207442 0.005619097 0.040227454 0.037266210 0.046845153 0.997395873
1341846317.474010 -0.022554537 -0.008339048 0.007168277 0.046896223 0.036687989 0.050290082 0.996958196
1341846317.509927 -0.022987498 -0.007631851 0.004464926 0.049238663 0.033539034 0.055236112 0.996694386
1341846317.542282 -0.031042026 -0.008219590 0.001089962 0.048073217 0.033106923 0.054761358 0.996791899
1341846317.573943 -0.031369999 -0.008907358 0.001237030 0.047885932 0.033673007 0.052789718 0.996888280
1341846317.610159 -0.033325274 -0.009357660 0.004808935 0.050720651 0.035472982 0.053631112 0.996640742
1341846317.643553 -0.034080483 -0.008349517 0.005164892 0.053255398 0.033562336 0.058605283 0.996294558
1341846317.677993 -0.043482851 -0.011357861 0.005684520 0.052766588 0.032822013 0.057840191 0.996389925
1341846317.709996 -0.045324735 -0.010907347 0.005682238 0.055594642 0.030169649 0.057374511 0.996346891
1341846317.741834 -0.046032295 -0.010370241 0.005608227 0.055056799 0.028308289 0.057161044 0.996443689
1341846317.777923 -0.047200259 -0.009742016 0.008342222 0.053779576 0.026581608 0.057295013 0.996553302
1341846317.810021 -0.056651950 -0.009221311 0.007992908 0.053795870 0.027465476 0.054167572 0.996703327
1341846317.841886 -0.057760905 -0.008934345 0.006890520 0.052952576 0.025939170 0.053089987 0.996847391
1341846317.878017 -0.056498226 -0.009363319 0.007706920 0.050061632 0.024131516 0.049608395 0.997221410
1341846317.909910 -0.057635177 -0.008807176 0.005708908 0.050004408 0.024587426 0.046227127 0.997375607
1341846317.946031 -0.064841129 -0.009864566 0.008194359 0.050947703 0.027541082 0.046645161 0.997231185
1341846317.978041 -0.064485855 -0.009762803 0.008561958 0.053286593 0.024477679 0.046182957 0.997210324
1341846318.009897 -0.064051114 -0.009580686 0.008721873 0.055522755 0.023937633 0.044972092 0.997156799
1341846318.045949 -0.065197445 -0.009465774 0.006164932 0.055399109 0.023821231 0.045507822 0.997142136
1341846318.078074 -0.061300911 -0.003667444 0.008024262 0.056950074 0.020276459 0.041169263 0.997321725
1341846318.109894 -0.062907644 -0.004582972 0.005699105 0.056116652 0.015423051 0.039871741 0.997508526
1341846318.145957 -0.065388873 -0.004350857 0.007703135 0.055448849 0.013850029 0.036337096 0.997703969
1341846318.178001 -0.067370787 -0.005462397 0.007193015 0.054519106 0.014118765 0.033229213 0.997859776
1341846318.214074 -0.075646177 -0.008981279 0.007772514 0.054232955 0.013960053 0.033327606 0.997874320
1341846318.245970 -0.077678338 -0.010561909 0.006519214 0.056807928 0.008110854 0.034020443 0.997772336
1341846318.278018 -0.071744569 -0.007348677 0.009270451 0.062318493 -0.000705936 0.036227919 0.997398317
1341846318.313937 -0.078865312 -0.007751746 0.008398009 0.063459575 -0.004870965 0.033701222 0.997403324
1341846318.345989 -0.082265057 -0.007095076 0.015702307 0.065278389 -0.013954520 0.032691795 0.997233808
1341846318.382046 -0.081719361 -0.010202179 0.005170866 0.066165745 -0.022445930 0.032742120 0.997018635
1341846318.414072 -0.084136173 -0.008542465 0.006304727 0.068552263 -0.029702954 0.033736363 0.996634424
1341846318.446035 -0.089217044 -0.009359444 0.003285588 0.070415005 -0.034622960 0.032735486 0.996379077
1341846318.482196 -0.096942753 -0.009731778 0.005035123 0.070967041 -0.033808380 0.031680211 0.996402025
1341846318.514144 -0.099408582 -0.010029071 0.003960281 0.071020313 -0.035237491 0.032417364 0.996325016
1341846318.546259 -0.103346743 -0.013268923 0.004187788 0.071672350 -0.035933029 0.031649638 0.996278167
1341846318.582042 -0.104882948 -0.009986501 0.000744188 0.073957577 -0.036569361 0.032327265 0.996066213
1341846318.614115 -0.108658180 -0.009708540 0.001896543 0.073463626 -0.036641989 0.030772803 0.996149302
1341846318.650038 -0.135128409 -0.012248008 0.008392255 0.072882973 -0.029111261 0.029694965 0.996473193
1341846318.682350 -0.138405830 -0.012023074 0.007427872 0.072442055 -0.029612366 0.027887566 0.996542752
1341846318.714063 -0.143023789 -0.012094271 0.005040702 0.072080001 -0.030390793 0.026948107 0.996571422
1341846318.749905 -0.144098788 -0.013199103 0.007535277 0.072967112 -0.030383894 0.029303443 0.996440649
1341846318.782036 -0.121129587 -0.010632896 0.003669256 0.074749738 -0.040217418 0.029751273 0.995946705
1341846318.814121 -0.123721771 -0.010208335 0.003838296 0.074965470 -0.046188604 0.027455663 0.995737374
1341846318.850072 -0.128772989 -0.009998241 0.003784384 0.075452134 -0.051173568 0.024032401 0.995545447
1341846318.883516 -0.133679137 -0.009933029 0.005590039 0.078122891 -0.057650808 0.019377528 0.995086789
1341846318.918047 -0.137287289 -0.010598229 0.007133136 0.081301175 -0.068533711 0.021888191 0.994089603
1341846318.950044 -0.137726933 -0.010047214 0.002964057 0.083595037 -0.080636188 0.018518372 0.993059278
1341846318.982028 -0.140043750 -0.011005614 -0.000927610 0.084598154 -0.084680334 0.016853366 0.992667258
1341846319.018123 -0.141023040 -0.012140359 -0.001215679 0.083881222 -0.090804704 0.017877614 0.992168725
1341846319.050745 -0.144372582 -0.010937844 0.001254711 0.086206101 -0.097103044 0.014916513 0.991421700
1341846319.081905 -0.151300892 -0.012566672 0.005026984 0.091087557 -0.094257541 0.014819600 0.991261303
1341846319.117976 -0.154977158 -0.013523725 0.007111361 0.092620209 -0.093916111 0.021951687 0.991019368
1341846319.150093 -0.159116074 -0.014420780 0.005276328 0.093991190 -0.098345593 0.028256325 0.990300655
1341846319.186069 -0.155806184 -0.011187766 0.009130467 0.096091807 -0.100939170 0.029056398 0.989814818
1341846319.218149 -0.156120151 -0.005629848 -0.005239120 0.093152396 -0.095857531 0.026495133 0.990672469
1341846319.250034 -0.155184984 -0.005080449 -0.005130987 0.087671407 -0.091038652 0.024045330 0.991689205
1341846319.286594 -0.158770740 -0.006163150 -0.002143215 0.086184315 -0.087816484 0.027715936 0.992014289
1341846319.318034 -0.161991701 -0.007046760 -0.000688580 0.086623535 -0.086730458 0.031358462 0.991963148
1341846319.350268 -0.163834557 -0.005650227 0.003312538 0.087611340 -0.086598188 0.037759546 0.991664886
1341846319.386163 -0.166762441 -0.011659059 0.011901945 0.087914050 -0.092165142 0.047734711 0.990705848
1341846319.418386 -0.207303807 -0.012533432 -0.000471292 0.089014679 -0.085235812 0.047783244 0.991225481
1341846319.453961 -0.205832973 -0.012642693 0.015851870 0.089533977 -0.088417634 0.044425093 0.991056204
1341846319.486271 -0.217161745 -0.011420965 0.010823004 0.089141667 -0.086837769 0.042597767 0.991311431
1341846319.518456 -0.219552919 -0.010135984 -0.011999383 0.086157016 -0.089992374 0.041819867 0.991327107
1341846319.554083 -0.213831916 -0.010785116 0.002070373 0.083680935 -0.095486030 0.041652456 0.991032302
1341846319.586296 -0.216833115 -0.010149241 0.001850550 0.084531479 -0.095243633 0.037679438 0.991142452
1341846319.622031 -0.220799088 -0.009314709 -0.010215780 0.082925573 -0.098655485 0.034250449 0.991068780
1341846319.653962 -0.224326625 -0.013653355 -0.003823096 0.081412204 -0.103406519 0.033922084 0.990721166
1341846319.686352 -0.225487858 -0.013831982 -0.005339738 0.083169363 -0.107708380 0.037392657 0.989991724
1341846319.721992 -0.227473721 -0.011688620 -0.004577857 0.083932415 -0.112024590 0.036532242 0.989480257
1341846319.754063 -0.228510484 -0.008477848 -0.009536122 0.081120402 -0.114041984 0.035810217 0.989510775
1341846319.786397 -0.230315909 -0.009982684 -0.000948466 0.076288231 -0.114157930 0.041067541 0.989677489
1341846319.822008 -0.231838003 -0.009700703 -0.003346357 0.073090039 -0.115194783 0.044666775 0.989642799
1341846319.853917 -0.233579576 -0.010778424 -0.004780669 0.067464307 -0.116034366 0.049833976 0.989697516
1341846319.889942 -0.235492930 -0.012387391 -0.004123378 0.064567447 -0.116676666 0.053250257 0.989637315
1341846319.922039 -0.236062452 -0.014297092 -0.009380464 0.063916408 -0.121615604 0.054729164 0.989004076
1341846319.953946 -0.237890080 -0.014760598 0.004314924 0.064675950 -0.127665922 0.050026435 0.988441110
1341846319.990054 -0.237094983 -0.012869733 0.001259473 0.068173178 -0.130464152 0.043611988 0.988144457
1341846320.028122 -0.249046475 -0.014998512 0.003195308 0.069591947 -0.130696610 0.043227900 0.988031745
1341846320.054177 -0.249204800 -0.014190189 0.005333056 0.073147915 -0.135970175 0.041835967 0.987122715
1341846320.090047 -0.246088520 -0.012191071 0.007862023 0.075014897 -0.137775883 0.042816035 0.986690104
1341846320.122011 -0.243412644 -0.011912332 0.005396600 0.075542718 -0.135559946 0.043320704 0.986934721
1341846320.157952 -0.241232306 -0.012938676 0.010635636 0.075653449 -0.133113429 0.044475131 0.987207830
1341846320.190003 -0.231769562 -0.014534737 0.010692246 0.078692175 -0.131633967 0.043589495 0.987208188
1341846320.221941 -0.231702223 -0.014380861 0.011228696 0.082922250 -0.127728000 0.044631738 0.987328470
1341846320.258015 -0.228670165 -0.016056327 0.012152072 0.086815186 -0.127055466 0.047276251 0.986957431
1341846320.289887 -0.224656448 -0.017460005 0.006645881 0.092291377 -0.128077224 0.046563882 0.986362159
1341846320.321954 -0.221121296 -0.018222636 0.009374639 0.101229593 -0.129261836 0.047445614 0.985288203
1341846320.357890 -0.215707004 -0.015343547 0.009117181 0.106277436 -0.128702253 0.048114281 0.984797359
1341846320.390064 -0.207825184 -0.017459931 -0.001366293 0.106564410 -0.125526354 0.049597081 0.985102654
1341846320.426544 -0.200055450 -0.016162077 0.000066081 0.110546768 -0.118478537 0.043507621 0.985824168
1341846320.458122 -0.201814711 -0.016286511 0.015922163 0.111449100 -0.110864833 0.042685598 0.986643791
1341846320.490186 -0.191371888 -0.017697917 0.011248225 0.114831768 -0.104861356 0.042283703 0.986929536
1341846320.525911 -0.185201138 -0.017565455 0.006359153 0.117955230 -0.097093686 0.039980821 0.987451732
1341846320.558091 -0.193647459 -0.015620662 0.003330596 0.119915806 -0.089740105 0.035029657 0.988099098
1341846320.594093 -0.191450134 -0.015674731 0.005554270 0.121589363 -0.084570952 0.031568371 0.988467097
1341846320.631955 -0.173437893 -0.015645301 0.013378050 0.123929046 -0.081057772 0.031846479 0.988461971
1341846320.664916 -0.170950681 -0.015794545 0.009918449 0.123598903 -0.078499630 0.030277207 0.988759041
1341846320.699927 -0.165881321 -0.016625602 0.016391588 0.123738691 -0.075415783 0.029631084 0.989001095
1341846320.731822 -0.160696119 -0.015157406 0.010038547 0.125958234 -0.068422601 0.027901242 0.989279687
1341846320.763877 -0.154455334 -0.004561750 0.004025141 0.124467328 -0.068972982 0.026178334 0.989477277
1341846320.799999 -0.150573373 -0.013141423 0.004633232 0.116689920 -0.070234403 0.022014506 0.990437269
1341846320.831871 -0.160010740 -0.010498409 0.014834986 0.120628327 -0.056296717 0.017468801 0.990946174
1341846320.863887 -0.158659384 -0.009625655 0.003506598 0.117910333 -0.045962851 0.020284604 0.991752565
1341846320.900014 -0.124655843 -0.010842183 0.009715037 0.110834740 -0.060943604 0.024297321 0.991670907
1341846320.931889 -0.115133822 -0.012455723 0.008839783 0.112569265 -0.061193660 0.023048151 0.991489947
1341846320.967866 -0.114093721 -0.005304724 0.006666371 0.112191387 -0.055265076 0.021103544 0.991924167
1341846321.000017 -0.113150455 -0.010281816 0.005975283 0.104967840 -0.055180110 0.019780012 0.992746532
1341846321.031860 -0.109869733 -0.011405638 0.003322861 0.103573531 -0.053657915 0.015905676 0.993045986
1341846321.068047 -0.108019367 -0.010079190 0.000783444 0.103800178 -0.049924526 0.014048479 0.993245065
1341846321.099840 -0.103957191 -0.009471385 0.008373973 0.101764575 -0.049505744 0.015104203 0.993461132
1341846321.131821 -0.115127243 -0.015409338 0.006872649 0.101403289 -0.042651542 0.016690705 0.993790567
1341846321.167887 -0.113157988 -0.013680483 0.007600245 0.104185887 -0.038420357 0.016356904 0.993680835
1341846321.200042 -0.112428799 -0.012484095 0.003265007 0.104479872 -0.035807606 0.015607054 0.993759632
1341846321.231950 -0.109114744 -0.014747318 0.004250098 0.103642568 -0.034772344 0.013684408 0.993912399
1341846321.267939 -0.105630979 -0.014292595 0.000158599 0.103995852 -0.032221317 0.008973958 0.994015157
1341846321.299948 -0.102613918 -0.013999092 0.007102174 0.103174336 -0.027610691 0.002491343 0.994276881
1341846321.331858 -0.085645787 -0.012698846 0.008201423 0.104140438 -0.029239992 0.000929680 0.994132221
1341846321.367913 -0.079530627 -0.014186908 0.006581024 0.105773024 -0.027136996 -0.001966175 0.994017959
1341846321.399897 -0.077018946 -0.012389227 0.009625602 0.108096570 -0.021668466 -0.003328303 0.993898630
1341846321.435994 -0.076116666 -0.014214355 0.010583269 0.109313957 -0.017970016 -0.003897810 0.993837178
1341846321.467946 -0.072994046 -0.013240788 0.011973264 0.111352265 -0.015519719 -0.003038537 0.993655145
1341846321.499882 -0.068995625 -0.012935727 0.012299973 0.112929218 -0.012555555 -0.003047497 0.993519008
1341846321.536109 -0.060040325 -0.011320027 0.007738654 0.112291068 -0.008248396 -0.006139211 0.993622184
1341846321.568960 -0.065265201 -0.011196404 0.009440613 0.108610108 -0.000316332 -0.008414704 0.994048774
1341846321.603938 -0.063131914 -0.011752385 0.010462424 0.105894469 0.002045180 -0.008956288 0.994334936
1341846321.637163 -0.052094962 -0.008652878 0.012721014 0.103932843 0.006042987 -0.009195305 0.994523466
1341846321.668306 -0.056537297 -0.008220112 0.011828635 0.099384010 0.016135994 -0.006078486 0.994899750
1341846321.704411 -0.060911149 -0.010378827 0.016870610 0.095728666 0.018593404 0.002025872 0.995231748
1341846321.736861 -0.057385907 -0.008637206 0.020144414 0.095177665 0.016110292 0.009778740 0.995281875
1341846321.771881 -0.051714752 -0.005595008 0.014256874 0.092315346 0.015596487 0.015514629 0.995486796
1341846321.804114 -0.049545016 -0.006833440 0.018293330 0.088105224 0.017845990 0.017972877 0.995789111
1341846321.836152 -0.051261600 -0.005982934 0.015466964 0.084944174 0.021177147 0.017475011 0.996007383
1341846321.871882 -0.049709979 -0.002776976 0.019638456 0.080365613 0.022234505 0.015300438 0.996399999
1341846321.904074 -0.045156460 -0.003121536 0.020949101 0.073819079 0.022746254 0.012153711 0.996938109
1341846321.939847 -0.045801412 -0.005678854 0.021367818 0.069403060 0.026684804 0.009120137 0.997189999
1341846322.004094 -0.046620011 -0.006890311 0.022213567 0.062459465 0.024403036 0.009321350 0.997705579
1341846322.034203 -0.043671004 -0.007431145 0.022729587 0.061064597 0.025873445 0.007237012 0.997772157
1341846322.066178 -0.042088177 -0.009571017 0.021226015 0.057520494 0.029615184 0.005377096 0.997890532
1341846322.107979 -0.043469120 -0.013492878 0.022865914 0.055360109 0.031852063 0.003984274 0.997950315
1341846322.133980 -0.043392446 -0.018623000 0.022580063 0.056499384 0.032442164 0.002203055 0.997873008
1341846322.166164 -0.045039199 -0.021944635 0.021740492 0.058178328 0.031800427 0.004479233 0.997789502
1341846322.202932 -0.044248383 -0.022459373 0.020909222 0.059980985 0.029323839 0.004684857 0.997757673
1341846322.234093 -0.044490345 -0.022875601 0.020202205 0.059143260 0.028094077 0.002449117 0.997851074
1341846322.265941 -0.044500612 -0.026538284 0.019650375 0.056567427 0.025110686 0.002867655 0.998078823
1341846322.301996 -0.040954176 -0.030968824 0.022088796 0.054621689 0.022971345 0.003724755 0.998235881
1341846322.333949 -0.044030786 -0.036438245 0.021401944 0.053446662 0.021387834 0.003255715 0.998336315
1341846322.369871 -0.041071724 -0.040910784 0.022082275 0.054564819 0.015457583 -0.000006223 0.998390555
1341846322.402292 -0.036468837 -0.044522613 0.022097880 0.056410484 0.016408814 -0.004567819 0.998262346
1341846322.433955 -0.040546805 -0.054258756 0.023612753 0.061210893 0.018672464 -0.009304592 0.997906804
1341846322.470030 -0.040111430 -0.056914702 0.019919638 0.068990774 0.014017034 -0.005736148 0.997502327
1341846322.502433 -0.038842842 -0.057022374 0.021185961 0.076474711 0.010619457 -0.002227092 0.997012496
1341846322.534002 -0.038020454 -0.064025134 0.020416787 0.084791206 0.010476702 -0.001949344 0.996341765
1341846322.570196 -0.038461514 -0.067094155 0.022349587 0.094705485 0.010074651 0.000907430 0.995453954
1341846322.601920 -0.039898846 -0.070673905 0.020083362 0.099349141 0.007050559 0.004571130 0.995017171
1341846322.638119 -0.035686586 -0.085689381 0.020785403 0.101830281 0.003663290 0.003977722 0.994787097
1341846322.669947 -0.032273937 -0.086002782 0.021676665 0.107267909 0.006392171 0.002973678 0.994205177
1341846322.702026 -0.037047498 -0.091155306 0.021565380 0.109486178 0.008973877 0.004698183 0.993936718
1341846322.738006 -0.034496367 -0.090452679 0.022283461 0.111065999 0.005677986 0.006972679 0.993772388
1341846322.770087 -0.032931775 -0.096233256 0.024023414 0.111715376 0.006486891 0.006126382 0.993700206
1341846322.806047 -0.035781898 -0.103234820 0.023203695 0.114168525 0.006612507 0.008649048 0.993401706
1341846322.838063 -0.035997417 -0.104991600 0.023775497 0.116114624 0.001926143 0.010381318 0.993179679
1341846322.870081 -0.035147347 -0.108149365 0.026653904 0.118522033 -0.002852573 0.010547986 0.992891312
1341846322.906018 -0.032242466 -0.110094979 0.028911894 0.124025784 -0.004761324 0.010927061 0.992207408
1341846322.938349 -0.032214098 -0.106638148 0.026008675 0.124700703 -0.003552101 0.011846525 0.992117286
1341846322.970069 -0.031864513 -0.107911870 0.026676154 0.120020896 -0.003948100 0.014228463 0.992661536
1341846323.011820 -0.029835133 -0.114101827 0.026694506 0.116778992 -0.003927235 0.014987706 0.993037045
1341846323.038050 -0.031625643 -0.114686176 0.028132373 0.116465189 -0.003286529 0.017555930 0.993034184
1341846323.073951 -0.031402744 -0.113526613 0.027083660 0.114417784 -0.003715453 0.019293346 0.993238389
1341846323.105962 -0.030562660 -0.120312616 0.028672850 0.110921174 -0.003807682 0.019671518 0.993627191
1341846323.138158 -0.031688742 -0.119736135 0.029812688 0.112203151 -0.003462690 0.015522673 0.993557990
1341846323.174092 -0.031523753 -0.120688625 0.026500618 0.110040762 -0.003940480 0.014417522 0.993814707
1341846323.206059 -0.029215124 -0.122640483 0.028004915 0.107308328 -0.004717313 0.012167048 0.994140148
1341846323.238053 -0.027437342 -0.123087622 0.026628908 0.104739591 -0.001861385 0.010227231 0.994445384
1341846323.273997 -0.031641584 -0.122998789 0.024086971 0.101027735 -0.001215965 0.010410813 0.994828403
1341846323.305946 -0.030392282 -0.126400024 0.028420944 0.095598519 -0.005294078 0.011724693 0.995336831
1341846323.342027 -0.023330949 -0.132047459 0.033694394 0.093512915 -0.004483656 0.010290917 0.995554745
1341846323.374048 -0.030720383 -0.134191617 0.032779817 0.094220743 0.000108243 0.011234691 0.995487928
1341846323.405987 -0.034755982 -0.138194665 0.028150983 0.093851611 -0.003926000 0.015830779 0.995452583
1341846323.441956 -0.028844327 -0.140604436 0.033623695 0.095309921 -0.008905138 0.018934678 0.995227695
1341846323.473878 -0.028766979 -0.144822612 0.032749586 0.099465437 -0.007332891 0.016915262 0.994870186
1341846323.506129 -0.030766010 -0.144002363 0.031055763 0.101693884 -0.007271142 0.015040652 0.994675457
1341846323.541972 -0.028187523 -0.144460872 0.030792212 0.100436404 -0.007528072 0.012561096 0.994835675
1341846323.573913 -0.020935236 -0.149661019 0.034243297 0.099823579 -0.004216840 0.007109363 0.994970798
1341846323.609927 -0.026499012 -0.147911772 0.033367615 0.101094447 0.002638006 0.003212382 0.994868159
1341846323.642014 -0.027957134 -0.152381495 0.029648909 0.099375941 0.004092840 0.005250547 0.995027661
1341846323.674081 -0.030069040 -0.157434583 0.029685518 0.098884657 0.002740816 0.007629352 0.995065868
1341846323.710069 -0.029832955 -0.163141638 0.026630545 0.100473575 0.001539480 0.010899112 0.994878829
1341846323.742111 -0.030816356 -0.165476695 0.028235903 0.105665594 -0.000289315 0.011161898 0.994339049
1341846323.774928 -0.030067233 -0.164320499 0.025817156 0.109285302 -0.002578072 0.008383492 0.993971765
1341846323.810012 -0.029497998 -0.165431470 0.025526894 0.110962726 -0.003645213 0.004800397 0.993806303
1341846323.842207 -0.028669717 -0.166766480 0.022830594 0.112432033 -0.003470763 -0.000399192 0.993653297
1341846323.878019 -0.030244326 -0.170956910 0.020938145 0.112886816 -0.004197177 -0.004167113 0.993590295
1341846323.909826 -0.030198218 -0.174785689 0.026370408 0.115910336 -0.005998606 -0.007846641 0.993210554
1341846323.942459 -0.031186435 -0.174287230 0.023983663 0.120228179 -0.005914974 -0.008687606 0.992690623
1341846323.978055 -0.032362871 -0.176883340 0.022829115 0.122089937 -0.008884886 -0.007144568 0.992453516
1341846324.015934 -0.029370680 -0.177056879 0.020381419 0.125836298 -0.011152939 -0.006547039 0.991966665
1341846324.047722 -0.028693099 -0.174451560 0.023254912 0.129859254 -0.009655035 -0.008309075 0.991450548
1341846324.083904 -0.027209403 -0.176989049 0.022004869 0.127597123 -0.008858872 -0.008724202 0.991748154
1341846324.115968 -0.026347671 -0.176284596 0.020151088 0.125342250 -0.007031908 -0.010368419 0.992034495
1341846324.151967 -0.024768509 -0.175012901 0.020234739 0.124847382 -0.004273680 -0.015039571 0.992052794
1341846324.183941 -0.028879737 -0.162845492 0.023544949 0.124577418 0.000582188 -0.018351698 0.992039979
1341846324.219984 -0.030384710 -0.161924735 0.022952117 0.120262638 0.002652353 -0.017401757 0.992586017
1341846324.251968 -0.031318210 -0.161747351 0.023460064 0.119703114 0.002872932 -0.017753677 0.992646813
1341846324.284052 -0.032467902 -0.157630280 0.023877479 0.120177276 0.002189023 -0.018565891 0.992576420
1341846324.319880 -0.034354974 -0.152897030 0.023416461 0.118935190 -0.001005167 -0.019445403 0.992711067
1341846324.351917 -0.030731238 -0.153287590 0.021772569 0.113790400 -0.005070513 -0.021288920 0.993263721
1341846324.388001 -0.027493872 -0.152201593 0.021685097 0.108881325 -0.005495439 -0.024872143 0.993728340
1341846324.419908 -0.028513821 -0.148559898 0.024779828 0.103726536 -0.003258892 -0.027270580 0.994226575
1341846324.452027 -0.032059822 -0.141751036 0.027692419 0.101199538 -0.002190894 -0.026876487 0.994500637
1341846324.487928 -0.032394726 -0.139978647 0.028089540 0.099706799 -0.002693717 -0.024517551 0.994711101
1341846324.519985 -0.037075676 -0.134918302 0.028528778 0.098445699 -0.004065515 -0.020645812 0.994919896
1341846324.556001 -0.036172166 -0.130503789 0.026004924 0.096379347 -0.009138130 -0.016218480 0.995170593
1341846324.587888 -0.035005789 -0.126064613 0.027686685 0.092922777 -0.012471613 -0.013961586 0.995497286
1341846324.620086 -0.034615289 -0.123797409 0.027982233 0.090560406 -0.015076629 -0.016204178 0.995644987
1341846324.655955 -0.034125540 -0.120045185 0.030313704 0.089533627 -0.016163567 -0.017768504 0.995694101
1341846324.688082 -0.034149062 -0.119647376 0.030975370 0.088221289 -0.016092381 -0.016215352 0.995838881
1341846324.755922 -0.037117656 -0.108515464 0.029392686 0.089306436 -0.019152135 -0.012564784 0.995740771
1341846324.782029 -0.038076285 -0.101672143 0.031731237 0.087879948 -0.023711409 -0.014252609 0.995746791
1341846324.814016 -0.031474624 -0.092408635 0.029416701 0.085625693 -0.025522185 -0.016035551 0.995871365
1341846324.849979 -0.035762981 -0.090165578 0.035439692 0.079574771 -0.021800032 -0.018558867 0.996417701
1341846324.881924 -0.038254771 -0.090435907 0.035267979 0.076140724 -0.022845197 -0.018529141 0.996663094
1341846324.913902 -0.036415298 -0.086926356 0.035083722 0.074991353 -0.024424417 -0.015177959 0.996769488
1341846324.949999 -0.037182398 -0.087965205 0.038724493 0.075167611 -0.024673134 -0.012283524 0.996789932
1341846324.981922 -0.039228123 -0.075424396 0.040231086 0.082547635 -0.027113812 -0.008572585 0.996181309
1341846325.018013 -0.038810387 -0.070879467 0.039791428 0.086871408 -0.032396656 -0.006477489 0.995671570
1341846325.050079 -0.040285282 -0.065821394 0.036611654 0.088672884 -0.037070401 -0.007922195 0.995339215
1341846325.081901 -0.037664536 -0.059001073 0.034925204 0.088153712 -0.042874243 -0.009359272 0.995139778
1341846325.118531 -0.034210227 -0.054154180 0.035905994 0.083752058 -0.044874303 -0.011174778 0.995412946
1341846325.149933 -0.036320958 -0.055115890 0.035929434 0.077654079 -0.041840415 -0.013299774 0.996013224
1341846325.181925 -0.036275435 -0.053491998 0.037205864 0.074208394 -0.041082762 -0.010515149 0.996340692
1341846325.218055 -0.036428202 -0.050869375 0.039535899 0.071423896 -0.041121673 -0.006287304 0.996578217
1341846325.249811 -0.037369881 -0.049103491 0.039432518 0.068976216 -0.041040961 -0.002396029 0.996770859
1341846325.285925 -0.036291156 -0.045640375 0.038549729 0.066360109 -0.041769728 0.001060818 0.996920526
1341846325.317988 -0.032735504 -0.045654051 0.043022953 0.064138770 -0.039923701 0.002991549 0.997137606
1341846325.349844 -0.035107341 -0.046882324 0.044180352 0.066961423 -0.034603216 0.005000940 0.997142792
1341846325.387302 -0.034249905 -0.043009091 0.043506350 0.071499214 -0.032228906 0.007853326 0.996888936
1341846325.417931 -0.031803876 -0.042122342 0.041247025 0.073801078 -0.027462151 0.010210519 0.996842504
1341846325.450747 -0.031061498 -0.043012835 0.040866062 0.078930862 -0.019178776 0.011995152 0.996623397
1341846325.485954 -0.034251336 -0.037572578 0.046335850 0.087280527 -0.012511689 0.014613952 0.995997965
1341846325.517875 -0.035344571 -0.033192929 0.047155034 0.091164030 -0.009492535 0.017286863 0.995640576
1341846325.553859 -0.034967504 -0.032168649 0.048136041 0.093814485 -0.006203916 0.016610565 0.995431781
1341846325.585855 -0.036629904 -0.026172360 0.045720451 0.096428454 -0.002948286 0.014287655 0.995232999
1341846325.617990 -0.036073115 -0.019502925 0.044974919 0.093696080 -0.001415111 0.013827342 0.995503783
1341846325.653982 -0.037708651 -0.025082057 0.049104549 0.090008140 0.000723643 0.010487678 0.995885551
1341846325.685819 -0.036829516 -0.024047790 0.051603161 0.095575407 0.001639901 0.012724359 0.995339513
1341846325.717857 -0.038979158 -0.020056762 0.049403805 0.099726968 0.002803382 0.019112438 0.994827330
1341846325.754083 -0.041187491 -0.019350326 0.050743632 0.102721892 0.003608060 0.023343682 0.994429588
1341846325.786087 -0.043928385 -0.028091660 0.049493723 0.106058151 0.004799642 0.023846429 0.994062364
1341846325.821856 -0.043111257 -0.020854684 0.050179873 0.110397764 0.006363919 0.025277626 0.993545592
1341846325.853827 -0.042144459 -0.007396084 0.052608918 0.114388652 0.006239107 0.028876871 0.992996693
1341846325.885958 -0.047977127 -0.014649729 0.048584007 0.111536458 0.004609443 0.033827100 0.993173778
1341846325.921984 -0.045987960 -0.013677343 0.051979292 0.110198855 0.000318147 0.038666181 0.993157148
1341846325.953899 -0.039888542 -0.002413017 0.051111139 0.115818471 -0.000594105 0.041361831 0.992408633
1341846325.985823 -0.041464526 0.001547851 0.053358078 0.118527807 0.002536340 0.045390140 0.991909504
1341846326.021991 -0.043022227 0.001926860 0.053333443 0.120927744 0.002865927 0.051749807 0.991307318
1341846326.054055 -0.040690165 0.007550094 0.055623941 0.126529172 0.001618727 0.055071671 0.990431666
1341846326.089984 -0.040450301 0.014078223 0.054248143 0.129485309 0.003701601 0.052976925 0.990158200
1341846326.121822 -0.040927581 0.017356165 0.058005318 0.128973395 0.007831752 0.050711095 0.990319610
1341846326.154079 -0.042228565 0.017507039 0.058392413 0.129086956 0.010231335 0.049749486 0.990331650
1341846326.190178 -0.042818110 0.020995142 0.058980651 0.131215438 0.009783816 0.052886214 0.989893854
1341846326.222162 -0.044202372 0.026762445 0.055499636 0.130485371 0.008294506 0.058875486 0.989665806
1341846326.259181 -0.044731610 0.030432459 0.057238530 0.127115592 0.005777857 0.062612139 0.989892900
1341846326.291222 -0.043198925 0.034347497 0.058869686 0.123725891 0.004715399 0.063290253 0.990284801
1341846326.322766 -0.043256715 0.037745334 0.059583426 0.119693674 0.005339293 0.061677448 0.990878820
1341846326.359773 -0.042030070 0.039965063 0.062729836 0.115910262 0.006454692 0.059247967 0.991469979
1341846326.392109 -0.042101584 0.037499275 0.065943584 0.114052460 0.008453745 0.059635337 0.991647184
1341846326.423985 -0.046425357 0.044990562 0.069284044 0.119982950 0.009810214 0.065835476 0.990541995
1341846326.459869 -0.047754835 0.049513828 0.068760410 0.121845104 0.007371873 0.068704158 0.990140975
1341846326.491143 -0.044418890 0.052866559 0.070867389 0.122837014 0.005736095 0.068742745 0.990026534
1341846326.526163 -0.043364685 0.060821876 0.068538196 0.122901030 0.008726126 0.067372009 0.990091026
1341846326.560211 -0.044693433 0.062393460 0.071120717 0.116647698 0.012908018 0.067645401 0.990782917
1341846326.591828 -0.045014102 0.064925559 0.072897911 0.113623999 0.014689441 0.069964938 0.990948379
1341846326.627027 -0.043919753 0.068781674 0.073757343 0.113528974 0.016075097 0.068956092 0.991008520
1341846326.658442 -0.043955021 0.076017648 0.075071640 0.112422779 0.020227300 0.066378027 0.991234541
1341846326.694856 -0.045125209 0.078283489 0.074194118 0.107914142 0.023619944 0.068133816 0.991541445
1341846326.726206 -0.044677433 0.081779391 0.075433791 0.101985805 0.024718003 0.066991158 0.992219806
1341846326.762753 -0.045006081 0.087806053 0.071508318 0.096499830 0.027434018 0.063132472 0.992949903
1341846326.794046 -0.045277424 0.091278613 0.076690383 0.089631647 0.030774901 0.061005112 0.993628442
1341846326.826821 -0.043720633 0.095561065 0.080295920 0.081231311 0.032450322 0.061381388 0.994273961
1341846326.858887 -0.045340188 0.097968787 0.079435557 0.072647549 0.034762580 0.056960080 0.995122850
1341846326.895360 -0.048488084 0.104226425 0.083607972 0.072362572 0.034661982 0.059646472 0.994989693
1341846326.926897 -0.049700029 0.106206283 0.083903834 0.073922373 0.031215077 0.061455134 0.994879067
1341846326.958888 -0.046982907 0.110760964 0.083590992 0.076535329 0.028253157 0.065321110 0.994523644
1341846326.994594 -0.045870017 0.114793532 0.081147574 0.076809309 0.028346609 0.067927025 0.994325280
1341846327.026301 -0.046008699 0.120766021 0.083769627 0.075501136 0.030284321 0.066002466 0.994497895
1341846327.063945 -0.043884940 0.123679310 0.084898867 0.072759703 0.032149572 0.062767744 0.994853020
1341846327.094662 -0.044957917 0.126746088 0.084541880 0.072227016 0.034675080 0.060459834 0.994949996
1341846327.128901 -0.044900320 0.131621465 0.086661175 0.072137810 0.034427207 0.059055295 0.995049417
1341846327.161940 -0.045095425 0.135428041 0.087297387 0.070840552 0.033503469 0.058139045 0.995228112
1341846327.193867 -0.042561095 0.137205690 0.087953731 0.069353417 0.034195382 0.056866527 0.995382845
1341846327.229885 -0.041905113 0.142090932 0.091098972 0.071019500 0.037631098 0.055044055 0.995243788
1341846327.262014 -0.041120149 0.145987272 0.094638631 0.070641406 0.041734528 0.053898964 0.995169759
1341846327.294023 -0.038174924 0.149855211 0.090464689 0.074452333 0.054706603 0.048560105 0.994538069
1341846327.330015 -0.041024812 0.157409325 0.084494181 0.075925343 0.064711496 0.043719411 0.994050503
1341846327.361939 -0.040777847 0.158664748 0.092364796 0.072580047 0.069961861 0.036893509 0.994221509
1341846327.393887 -0.041699760 0.162373945 0.091827758 0.071613312 0.072257318 0.031974014 0.994297743
1341846327.429966 -0.045378186 0.175212279 0.092835285 0.072301224 0.072856583 0.032319374 0.994193077
1341846327.461965 -0.049792077 0.181498215 0.093179934 0.064867184 0.070361376 0.031287037 0.994918406
1341846327.497931 -0.043127816 0.175463498 0.097017355 0.056990184 0.065907352 0.028824314 0.995779872
1341846327.530068 -0.044595599 0.184585020 0.101776801 0.057772867 0.067473486 0.031822488 0.995538533
1341846327.561895 -0.046616737 0.187151253 0.102884121 0.055670697 0.065771870 0.035511643 0.995647430
1341846327.598010 -0.047244389 0.185380295 0.103047699 0.055534638 0.062374186 0.040903125 0.995666742
1341846327.629945 -0.048813552 0.199239135 0.106048584 0.058505621 0.057423674 0.041162543 0.995783746
1341846327.662003 -0.048465639 0.200286329 0.107050836 0.057740677 0.053930491 0.036835741 0.996193051
1341846327.697919 -0.048177414 0.208225548 0.106922984 0.061431162 0.053444568 0.036979411 0.995993137
1341846327.730075 -0.048105866 0.215637460 0.108727522 0.057971459 0.052308653 0.038249198 0.996212900
1341846327.766017 -0.048206743 0.215802386 0.108303711 0.051585600 0.051469274 0.039483599 0.996559501
1341846327.797917 -0.047750764 0.223534420 0.107672073 0.048804782 0.050921448 0.041371949 0.996651113
1341846327.830054 -0.048611335 0.224935889 0.109573707 0.041213382 0.050799392 0.042268243 0.996962488
1341846327.865944 -0.046407647 0.228307024 0.107506700 0.037000723 0.051195927 0.042481348 0.997098446
1341846327.898010 -0.047868490 0.233528852 0.109709896 0.034678664 0.052723505 0.043096986 0.997075856
1341846327.929991 -0.048249941 0.235890120 0.110519134 0.030681377 0.051050857 0.041660093 0.997354925
1341846327.966065 -0.048664946 0.241162017 0.110232472 0.027258612 0.051130198 0.040071629 0.997515380
1341846327.998073 -0.047786444 0.244240299 0.109728381 0.020221327 0.051954374 0.036765866 0.997767568
1341846328.034045 -0.047140226 0.244022012 0.110742018 0.013663235 0.052820370 0.034643870 0.997909427
1341846328.065993 -0.047865413 0.243742883 0.110549696 0.007560183 0.053859498 0.034225475 0.997933209
1341846328.098045 -0.047500718 0.239660129 0.113718063 0.005389743 0.054506678 0.035197739 0.997878313
1341846328.133967 -0.048485696 0.240293682 0.112143099 0.009017869 0.053430654 0.038921304 0.997771978
1341846328.166023 -0.048728395 0.239973605 0.111733600 0.008762848 0.050707281 0.039743450 0.997883976
1341846328.198018 -0.048902482 0.232858047 0.110631630 0.006748084 0.048205916 0.035673995 0.998177350
1341846328.234044 -0.047781851 0.229536861 0.109821938 0.009426785 0.046213355 0.034905612 0.998277068
1341846328.265899 -0.047757793 0.226310477 0.108684719 0.011519511 0.044254702 0.035794787 0.998312354
1341846328.302051 -0.046969861 0.218851209 0.105847910 0.013752226 0.043704364 0.037000414 0.998264372
1341846328.333917 -0.046457451 0.212366208 0.106705755 0.016952759 0.043495636 0.039616179 0.998123884
1341846328.366008 -0.050949942 0.202033132 0.110626064 0.021405159 0.044515029 0.035143048 0.998160899
1341846328.402010 -0.047170985 0.196010321 0.104536429 0.033749774 0.045649502 0.038417537 0.997647822
1341846328.433920 -0.048899494 0.188985750 0.102664202 0.035963532 0.044427093 0.037658419 0.997654617
1341846328.470003 -0.046418119 0.183049351 0.096863016 0.035995796 0.042429280 0.031969544 0.997938871
1341846328.502194 -0.045526173 0.164407253 0.096580312 0.034569245 0.043894347 0.024665795 0.998133183
1341846328.534033 -0.044277873 0.163221747 0.097066224 0.037249342 0.046620540 0.021810992 0.997979581
1341846328.570125 -0.044473231 0.156194463 0.095475271 0.039562389 0.047656268 0.021079339 0.997857392
1341846328.602804 -0.045992166 0.149891332 0.089389592 0.045474272 0.041906390 0.026652718 0.997730196
1341846328.636433 -0.046518367 0.138854027 0.088858478 0.048604503 0.034785602 0.024635784 0.997908115
1341846328.672663 -0.047571450 0.133441567 0.090116799 0.053409483 0.030648392 0.022388706 0.997851133
1341846328.702975 -0.041433528 0.127342880 0.092830792 0.055668879 0.024645844 0.023625571 0.997865379
1341846328.738215 -0.040243771 0.121540554 0.091257267 0.061565388 0.023476820 0.019044630 0.997645140
1341846328.770129 -0.040158596 0.119044274 0.089883268 0.065756604 0.022093525 0.019304872 0.997404277
1341846328.802331 -0.039324041 0.111659586 0.088465542 0.065900974 0.018686367 0.020995356 0.997430265
1341846328.838051 -0.039369989 0.105406545 0.087755144 0.070053935 0.017143324 0.016946424 0.997251928
1341846328.869939 -0.039017960 0.107757352 0.085657597 0.071361832 0.016213991 0.015824214 0.997193158
1341846328.904486 -0.040414926 0.102824651 0.085258484 0.067180850 0.013717532 0.015927231 0.997519374
1341846328.939814 -0.035655037 0.093089774 0.085913494 0.069428101 0.009143474 0.016844761 0.997402847
1341846328.970217 -0.035781335 0.090650491 0.083128035 0.073095538 0.007711976 0.018984467 0.997114420
1341846329.006232 -0.034918334 0.085492469 0.081675895 0.073386572 0.005173859 0.023820199 0.997005641
1341846329.038243 -0.032946549 0.073059067 0.080216125 0.075007975 0.003896623 0.023788055 0.996891558
1341846329.072238 -0.032654993 0.074289851 0.078184508 0.079442926 0.004507718 0.023579676 0.996550322
1341846329.106125 -0.033865519 0.072929129 0.076538272 0.078760408 0.004457568 0.021800656 0.996645212
1341846329.138340 -0.032986678 0.066474453 0.077373758 0.079708599 0.003354626 0.020032870 0.996611238
1341846329.169991 -0.032994315 0.066078618 0.072884418 0.081823714 0.002469421 0.018723190 0.996467888
1341846329.208656 -0.032308806 0.062708169 0.072530821 0.082163870 0.001286161 0.018026114 0.996455014
1341846329.238169 -0.031792462 0.063164860 0.072123379 0.082196549 0.000301534 0.017830562 0.996456623
1341846329.273827 -0.029868538 0.057684332 0.071251847 0.080013268 -0.001543509 0.018944610 0.996612549
1341846329.306052 -0.030920997 0.057402149 0.070079625 0.080917940 -0.003588891 0.017852679 0.996554434
1341846329.338104 -0.029422173 0.057355683 0.068019420 0.077787541 -0.005170014 0.015956411 0.996828854
1341846329.373907 -0.029529531 0.049115412 0.068001807 0.073356569 -0.006010883 0.014548552 0.997181535
1341846329.405985 -0.029214278 0.045212701 0.067390665 0.074546784 -0.007602114 0.012021389 0.997116089
1341846329.442057 -0.029223047 0.044106755 0.066373929 0.074122682 -0.007784436 0.008080949 0.997186005
1341846329.473950 -0.030163541 0.039674167 0.065938786 0.073201269 -0.008607849 0.001691003 0.997278631
1341846329.506147 -0.029919555 0.038352411 0.063361779 0.073505320 -0.010644414 -0.000775554 0.997237742
1341846329.542121 -0.028364513 0.023962902 0.058677364 0.068120338 -0.014201745 -0.001809273 0.997574389
1341846329.574086 -0.026877811 0.017191049 0.059221867 0.069991417 -0.016818244 -0.002468471 0.997402728
1341846329.606387 -0.025388919 0.017295191 0.057017785 0.072801597 -0.017828993 -0.003580907 0.997180641
1341846329.641955 -0.027709341 0.016562412 0.056452092 0.073175415 -0.018237289 -0.003936276 0.997144520
1341846329.681570 -0.028039591 0.011600520 0.056566387 0.071933769 -0.021272121 -0.003523577 0.997176290
1341846329.748113 -0.024848051 0.009961799 0.053384840 0.074086346 -0.021813568 -0.005326148 0.996999025
1341846329.774077 -0.024456913 0.005334055 0.054534126 0.071844056 -0.020292802 -0.002741810 0.997205615
1341846329.810175 -0.025798574 0.001942095 0.054261737 0.072112471 -0.018464191 -0.000808442 0.997225225
1341846329.842255 -0.026559893 -0.001350253 0.054972794 0.073597528 -0.018326512 0.002746853 0.997115791
1341846329.874044 -0.028557900 -0.003176812 0.054886572 0.075626850 -0.017793655 0.005321604 0.996963203
1341846329.910073 -0.028051339 -0.001860864 0.052112095 0.075954713 -0.018350229 0.007381211 0.996915042
1341846329.942009 -0.028697381 -0.002432820 0.052116454 0.071399458 -0.018637750 0.012987925 0.997189045
1341846329.978087 -0.027870778 -0.010934855 0.053512245 0.068913676 -0.019496560 0.014487907 0.997326851
1341846330.016305 -0.026602395 -0.007914331 0.050510384 0.071325228 -0.018539950 0.011944034 0.997209251
1341846330.048192 -0.029207911 -0.006128015 0.049673945 0.067681469 -0.016460663 0.013649836 0.997477770
1341846330.080418 -0.027975004 -0.013480403 0.049723439 0.062747650 -0.017154289 0.015760027 0.997757554
1341846330.115886 -0.028002743 -0.017515421 0.051750004 0.065990970 -0.015570994 0.016848210 0.997556448
1341846330.147839 -0.029635986 -0.012543257 0.049476292 0.068718970 -0.015118250 0.018442098 0.997350991
1341846330.181257 -0.028997777 -0.007905044 0.047931649 0.064690731 -0.015944192 0.021796241 0.997539878
1341846330.215852 -0.029731054 -0.014615709 0.049120069 0.057262141 -0.014689899 0.020838644 0.998033583
1341846330.247833 -0.031263616 -0.016106717 0.049834386 0.055596460 -0.013898563 0.019477710 0.998166561
1341846330.283913 -0.031998813 -0.012071447 0.045092158 0.052442554 -0.014307400 0.020451745 0.998311937
1341846330.316011 -0.033073753 -0.017171269 0.049006350 0.045700561 -0.014958662 0.018661298 0.998668849
1341846330.347868 -0.032482561 -0.020544063 0.048256937 0.043071445 -0.017079515 0.018460624 0.998755395
1341846330.383835 -0.030501887 -0.020708272 0.047846656 0.041497577 -0.017920295 0.019477449 0.998787999
1341846330.415934 -0.031799633 -0.025644625 0.048662595 0.040636610 -0.016650422 0.016913787 0.998892069
1341846330.452561 -0.033685774 -0.026514089 0.047242269 0.043382805 -0.016836703 0.015703369 0.998793185
1341846330.483903 -0.034791779 -0.024389362 0.046097703 0.043771159 -0.018624905 0.018407367 0.998698354
1341846330.515970 -0.034670383 -0.027798872 0.046586227 0.041916367 -0.020969845 0.021821059 0.998662651
1341846330.552099 -0.034283906 -0.028692648 0.044677015 0.043228321 -0.022119682 0.024264703 0.998525560
1341846330.583876 -0.035374150 -0.025436392 0.044860680 0.043204833 -0.022270478 0.024651675 0.998513699
1341846330.619992 -0.036751505 -0.021776358 0.041575447 0.039386615 -0.023427911 0.023763297 0.998666644
1341846330.652136 -0.035200682 -0.024935253 0.041567020 0.032440547 -0.025473449 0.022252453 0.998901188
1341846330.683796 -0.037081838 -0.026733974 0.040892046 0.027421851 -0.024772732 0.021348599 0.999088883
1341846330.719991 -0.040402330 -0.030783890 0.040314287 0.024745913 -0.026204161 0.021639779 0.999115944
1341846330.752103 -0.040419724 -0.033349182 0.037423305 0.025945844 -0.030548997 0.026392475 0.998847842
1341846330.787952 -0.041483566 -0.030405959 0.035814214 0.027645968 -0.035316586 0.029657498 0.998553395
1341846330.819823 -0.040372156 -0.029337332 0.035038773 0.027610878 -0.040064704 0.030638812 0.998345494
1341846330.852208 -0.040437575 -0.027568819 0.033755466 0.027131198 -0.041700095 0.032296125 0.998239458
1341846330.888445 -0.042044420 -0.023187840 0.033289768 0.024343224 -0.043357495 0.033113915 0.998213887
1341846330.914111 -0.042338267 -0.023351075 0.031646557 0.018452324 -0.044571057 0.031244377 0.998346984
1341846330.949903 -0.043230079 -0.028734166 0.033497263 0.014463157 -0.045755524 0.030890524 0.998370171
1341846330.981986 -0.045098022 -0.027770836 0.030363431 0.015495064 -0.050111700 0.031687066 0.998120546
1341846331.014111 -0.045059599 -0.025813891 0.030813564 0.015359126 -0.053929992 0.032039564 0.997912407
1341846331.082139 -0.045554090 -0.026854329 0.028564492 0.017176352 -0.056830596 0.028694797 0.997823596
1341846331.114334 -0.045083478 -0.026099004 0.027955405 0.016791306 -0.059370331 0.028934302 0.997675300
1341846331.149989 -0.044988953 -0.027296795 0.028304329 0.017208427 -0.060278270 0.028082432 0.997638106
1341846331.181954 -0.046597332 -0.028117836 0.027286178 0.020251749 -0.060201753 0.026958629 0.997616589
1341846331.218151 -0.052532751 -0.024497265 0.023027230 0.020232458 -0.062266592 0.026888674 0.997492135
1341846331.249914 -0.048210878 -0.028563105 0.025408041 0.017321894 -0.064740114 0.026242470 0.997406662
1341846331.282227 -0.044006597 -0.030649081 0.027582726 0.023619549 -0.060805887 0.023517180 0.997592986
1341846331.318141 -0.046027195 -0.027608216 0.026266636 0.028257124 -0.055422891 0.021827767 0.997824311
1341846331.349926 -0.044857059 -0.026851682 0.025707310 0.027217267 -0.053099226 0.021246705 0.997992158
1341846331.382003 -0.034952097 -0.034128413 0.024471313 0.028944341 -0.048287433 0.020335335 0.998206913
1341846331.418008 -0.036278021 -0.027150428 0.029358827 0.037844140 -0.037770357 0.019470055 0.998379767
1341846331.450327 -0.040018540 -0.026705703 0.032113034 0.039282616 -0.032313969 0.020686237 0.998491228
1341846331.486219 -0.044074979 -0.025289098 0.033897657 0.039389092 -0.029233510 0.021471424 0.998565376
1341846331.518344 -0.039934978 -0.026158514 0.034856934 0.038004451 -0.029262815 0.020941226 0.998629451
1341846331.550202 -0.038806945 -0.027848184 0.039002594 0.040432047 -0.024624681 0.019357868 0.998691201
1341846331.586139 -0.042258777 -0.024615644 0.039930612 0.042710468 -0.022606280 0.019533109 0.998640716
1341846331.617931 -0.039594322 -0.023494421 0.043527346 0.041862324 -0.023212045 0.020057498 0.998652339
1341846331.654027 -0.036689017 -0.026103806 0.046788935 0.041982904 -0.021073131 0.020712156 0.998681307
1341846331.686123 -0.039293610 -0.022154162 0.047817968 0.044892676 -0.017725687 0.022142710 0.998589098
1341846331.717954 -0.040837932 -0.018368868 0.049738113 0.042430874 -0.018564854 0.021672901 0.998691797
1341846331.754076 -0.034972154 -0.022516111 0.055042356 0.039304711 -0.019037548 0.020668184 0.998832107
1341846331.785920 -0.037401784 -0.023683678 0.059153534 0.042166859 -0.015655398 0.019553414 0.998796523
1341846331.818053 -0.038420178 -0.019504063 0.061313793 0.043133549 -0.013754234 0.020066185 0.998773098
1341846331.853849 -0.038150538 -0.022558568 0.064997099 0.041295908 -0.013359052 0.019012818 0.998876750
1341846331.885987 -0.034591984 -0.022938063 0.071748972 0.044268873 -0.011701543 0.017367046 0.998800159
1341846331.922014 -0.036504261 -0.020964053 0.073840737 0.046190012 -0.007857529 0.015969995 0.998774111
1341846331.954037 -0.033659704 -0.021643106 0.078618377 0.045717184 -0.005913478 0.017140497 0.998789847
1341846331.986135 -0.032046832 -0.023192344 0.084965475 0.048361082 -0.000731989 0.019478282 0.998639703
1341846332.022364 -0.036352471 -0.024883933 0.089552388 0.055103485 0.005361819 0.018706337 0.998291016
1341846332.054175 -0.036993656 -0.023286359 0.093501598 0.061232548 0.005359303 0.020377323 0.997901142
1341846332.086502 -0.035943341 -0.022119410 0.098033130 0.064013883 0.005080910 0.022057073 0.997692287
1341846332.122051 -0.036846105 -0.020822337 0.101034842 0.065917380 0.006449461 0.020676363 0.997590005
1341846332.153983 -0.038500920 -0.015166077 0.105987862 0.065060355 0.006181580 0.018695910 0.997687042
1341846332.190165 -0.039957739 -0.015236621 0.109321415 0.058598634 0.004946562 0.015675185 0.998146296
1341846332.222699 -0.039626271 -0.021796932 0.116245776 0.054669786 0.004492963 0.014647665 0.998386919
1341846332.254145 -0.039706063 -0.022705946 0.120171741 0.057370227 0.004943601 0.014308349 0.998238206
1341846332.289948 -0.040659200 -0.020599766 0.123714477 0.059845410 0.004721327 0.016168099 0.998065531
1341846332.322172 -0.039325606 -0.021379225 0.130809560 0.060279015 0.003670560 0.017770329 0.998016596
1341846332.354003 -0.036249984 -0.023481313 0.132764846 0.062272128 0.004776001 0.015036975 0.997934461
1341846332.390180 -0.035992842 -0.018521953 0.136252463 0.064898483 0.009180989 0.011742730 0.997780561
1341846332.422055 -0.038682226 -0.018856786 0.140516266 0.062582172 0.012408322 0.007844253 0.997931838
1341846332.458114 -0.036287565 -0.020203669 0.145196721 0.061742865 0.014091095 0.004618775 0.997981906
1341846332.489993 -0.039731752 -0.017519200 0.147719875 0.063407294 0.016837098 0.006986094 0.997821212
1341846332.522130 -0.041833624 -0.015272227 0.153045177 0.063174941 0.013261731 0.012975059 0.997830033
1341846332.558114 -0.040985141 -0.016232852 0.156886071 0.063054621 0.007861969 0.019918900 0.997780323
1341846332.589874 -0.037746619 -0.014091217 0.156901136 0.062910803 0.004312784 0.024176577 0.997716963
1341846332.621889 -0.036465503 -0.012551680 0.159873933 0.058529966 0.004049879 0.025628623 0.997948408
1341846332.658202 -0.036070973 -0.013896307 0.163929671 0.054489095 0.004805441 0.024028821 0.998213649
1341846332.690001 -0.034769878 -0.011906615 0.168005228 0.052908208 0.005076461 0.026080377 0.998245835
1341846332.726000 -0.037119318 -0.012843504 0.174975172 0.051974725 0.005146677 0.029313553 0.998204827
1341846332.758386 -0.034328200 -0.012021710 0.177666888 0.052845344 0.001777135 0.031002691 0.998119771
1341846332.789937 -0.030878529 -0.010457639 0.178233668 0.051964194 0.001780836 0.028945867 0.998227775
1341846332.825925 -0.031214407 -0.010701182 0.185971141 0.049721401 0.004785618 0.028233368 0.998352528
1341846332.857898 -0.030191788 -0.011075314 0.190201834 0.050310869 0.005985653 0.027542714 0.998335779
1341846332.894069 -0.029920449 -0.006015342 0.193408430 0.051294670 0.005740349 0.027526844 0.998287618
1341846332.926029 -0.027317271 -0.006229358 0.194103286 0.047293011 0.005665294 0.025868692 0.998529971
1341846332.958015 -0.026840638 -0.004314891 0.197412193 0.044956308 0.008297735 0.023443919 0.998679340
1341846332.994073 -0.026236303 -0.003345639 0.198330507 0.042206511 0.009351410 0.021913003 0.998824835
1341846333.026545 -0.025045194 -0.003584933 0.204130620 0.039161965 0.010747190 0.018906252 0.998996198
1341846333.057998 -0.022728814 -0.003555138 0.205558836 0.038159844 0.012534795 0.019852489 0.998995781
1341846333.094024 -0.021884343 -0.003170446 0.208495721 0.038810253 0.013887613 0.023721501 0.998868465
1341846333.126095 -0.020264735 -0.002328538 0.210551128 0.039337203 0.015469487 0.026479447 0.998755276
1341846333.161973 -0.017681209 0.001728623 0.212653011 0.039240435 0.017871933 0.027452871 0.998692691
1341846333.195660 -0.017388118 0.001235869 0.214577630 0.036277797 0.019811079 0.029524123 0.998709083
1341846333.226331 -0.016485715 0.002256626 0.216722012 0.035296906 0.020340228 0.028764106 0.998755753
1341846333.262056 -0.014882913 0.005676677 0.219004735 0.033131666 0.020313529 0.027058035 0.998878121
1341846333.294147 -0.015088217 0.003084548 0.221148416 0.028757274 0.020481102 0.026346188 0.999029219
1341846333.326100 -0.014517048 0.004561611 0.223211229 0.027503790 0.019264005 0.025040563 0.999122322
1341846333.362100 -0.013397049 0.006874489 0.223448381 0.024667658 0.018279821 0.023127150 0.999260962
1341846333.394119 -0.015244482 0.004364103 0.225572631 0.020542525 0.018389257 0.022873145 0.999358118
1341846333.429974 -0.014156796 0.005366272 0.225725800 0.020144526 0.016032970 0.022698632 0.999410808
1341846333.462115 -0.012406354 0.004999946 0.227355629 0.019979572 0.015621861 0.021139830 0.999454796
1341846333.494040 -0.013176279 0.004542707 0.227898315 0.020707354 0.017011093 0.020348022 0.999433756
1341846333.529953 -0.011150101 0.003758918 0.228435412 0.021250768 0.017507374 0.020257467 0.999415576
1341846333.562063 -0.010647764 0.005932210 0.229284480 0.022893317 0.019563548 0.021257605 0.999320388
1341846333.594090 -0.012971082 0.008318995 0.229508400 0.022193002 0.019612005 0.021914309 0.999321103
1341846333.629994 -0.012306372 0.008666545 0.229495555 0.018539926 0.016646888 0.021334926 0.999461830
1341846333.662127 -0.012815806 0.009340600 0.228917614 0.015845392 0.016063387 0.020523759 0.999534726
1341846333.697964 -0.011776669 0.005245625 0.229370877 0.012735997 0.015321173 0.021769706 0.999564469
1341846333.730092 -0.012992637 0.004508637 0.228075504 0.015154304 0.016277364 0.022432666 0.999500990
1341846333.762089 -0.013145971 0.005603978 0.226585582 0.017208768 0.016996250 0.023756731 0.999425113
1341846333.798006 -0.013922828 0.004968156 0.225199938 0.018771034 0.017897720 0.023252513 0.999393106
1341846333.830055 -0.013364510 0.005272953 0.223777711 0.021449925 0.018842738 0.021805204 0.999354482
1341846333.866045 -0.014365197 0.006014525 0.222441584 0.022935068 0.020218316 0.019925289 0.999333858
1341846333.897987 -0.015733520 0.003846404 0.220126718 0.023803107 0.020758960 0.018728526 0.999325633
1341846333.930099 -0.015043880 0.003149381 0.218096957 0.026753530 0.021075848 0.017708533 0.999262989
1341846333.965889 -0.015648346 0.003443534 0.215692058 0.029027317 0.021990748 0.017669680 0.999180496
1341846333.997985 -0.016767627 0.002022053 0.213823363 0.031564005 0.023403220 0.017601904 0.999072671
1341846334.030076 -0.017778607 0.002426048 0.211012855 0.034702480 0.024810698 0.018231079 0.998923302
1341846334.066000 -0.019086558 0.001984877 0.208610311 0.036343683 0.024593996 0.019617653 0.998844028
1341846334.097932 -0.019210607 0.001900356 0.206255585 0.038291328 0.024623627 0.019519413 0.998772442
1341846334.133884 -0.020034363 0.001607049 0.203483373 0.039518788 0.025653992 0.020070000 0.998687804
1341846334.166115 -0.022606572 0.002041566 0.201445743 0.040009510 0.024712160 0.020391878 0.998685479
1341846334.198072 -0.023525707 0.000933202 0.198098376 0.040235739 0.023356359 0.019467758 0.998727441
1341846334.234097 -0.022415990 0.001573298 0.195961609 0.040823936 0.023436490 0.018407011 0.998721838
1341846334.266045 -0.023830155 0.000885312 0.193818733 0.040888540 0.025094043 0.018536868 0.998676479
1341846334.297946 -0.026121695 0.000939635 0.190463662 0.041973807 0.023950536 0.019953523 0.998632252
1341846334.334036 -0.026538959 0.001505946 0.187652647 0.042552620 0.022260889 0.020621646 0.998633265
1341846334.365871 -0.027421646 0.002032529 0.185466155 0.042187270 0.022511462 0.019225873 0.998670995
1341846334.401845 -0.028145446 0.001609071 0.182529658 0.040767591 0.023323525 0.017496882 0.998743117
1341846334.433864 -0.030600822 -0.000071717 0.178074896 0.040271658 0.022805015 0.018510032 0.998756945
1341846334.466105 -0.030731225 0.001482472 0.176515296 0.041536681 0.020819334 0.019449053 0.998730659
1341846334.502142 -0.032384034 0.002752119 0.174278930 0.040581439 0.019731063 0.020181496 0.998777509
1341846334.540153 -0.032373328 0.001534346 0.170735270 0.039831370 0.018500501 0.018766541 0.998858869
1341846334.566584 -0.034650814 0.003601802 0.168485299 0.038974091 0.017772937 0.015540004 0.998961270
1341846334.602351 -0.038593028 0.004451589 0.166315839 0.035985008 0.015865624 0.011797086 0.999156713
1341846334.634069 -0.039027955 0.003685789 0.163263261 0.032598648 0.013687136 0.007339734 0.999347866
1341846334.670161 -0.038897365 0.002307182 0.160023794 0.030292764 0.012889128 0.004751854 0.999446690
1341846334.702085 -0.041661307 0.000415251 0.156835526 0.028577505 0.011166890 0.005031697 0.999516547
1341846334.734751 -0.041822888 0.000308704 0.154249340 0.028699102 0.008344115 0.006952950 0.999529064
1341846334.770889 -0.045294859 -0.000719601 0.149288401 0.028040016 0.007480506 0.009044820 0.999537885
1341846334.802194 -0.047051866 -0.000278423 0.145002559 0.027710211 0.005122857 0.009818050 0.999554634
1341846334.833908 -0.045736652 0.000867433 0.141516700 0.027521523 0.003096725 0.008569675 0.999579668
1341846334.869874 -0.045857929 0.001245565 0.138078690 0.025940778 0.002298664 0.008764082 0.999622405
1341846334.902006 -0.049489226 -0.000537707 0.133766413 0.023723215 0.001678778 0.008866539 0.999677837
1341846334.938010 -0.050140742 -0.000182618 0.130202547 0.023462867 -0.001583736 0.008419401 0.999687970
1341846334.970032 -0.048586275 -0.000737951 0.128569365 0.023374336 -0.003065053 0.007913182 0.999690771
1341846335.002203 -0.050866928 -0.002162928 0.124419145 0.024746247 -0.002191748 0.009033885 0.999650538
1341846335.037880 -0.054045685 -0.000850378 0.119300589 0.027801812 -0.004611233 0.011057298 0.999541640
1341846335.069990 -0.052438010 0.000525724 0.115684755 0.028297544 -0.008056047 0.011258593 0.999503672
1341846335.106038 -0.051447447 -0.000494176 0.111927249 0.028384211 -0.007214713 0.009891165 0.999522090
1341846335.138045 -0.054182939 -0.001473634 0.108522058 0.029846190 -0.005520026 0.009206207 0.999496877
1341846335.169900 -0.056271598 0.000073004 0.102463558 0.030283479 -0.007998970 0.008867895 0.999469995
1341846335.206091 -0.054359335 0.000233604 0.099110536 0.029558381 -0.010465098 0.007005237 0.999483705
1341846335.239365 -0.053641390 -0.001668349 0.097326651 0.029266499 -0.009711600 0.004527435 0.999514222
1341846335.269948 -0.055439793 -0.002338903 0.093174204 0.030754164 -0.008135407 0.003394328 0.999488115
1341846335.305972 -0.057350218 -0.002040876 0.089361116 0.032736395 -0.009518136 0.003981734 0.999410748
1341846335.338012 -0.055794418 -0.002583004 0.086674131 0.033946987 -0.011481020 0.005948837 0.999339998
1341846335.374005 -0.054864332 -0.005900969 0.082607932 0.038011882 -0.009672342 0.005727304 0.999214053
1341846335.406025 -0.055369731 -0.006360367 0.078188039 0.044176359 -0.007234054 0.008707213 0.998959601
1341846335.438079 -0.056611214 -0.004148224 0.073238052 0.049662102 -0.006272478 0.011942498 0.998674989
1341846335.473998 -0.054826729 -0.003023627 0.069000438 0.051795170 -0.005267078 0.013198211 0.998556614
1341846335.507038 -0.055231433 0.001291894 0.066418029 0.054109570 -0.002725258 0.010923345 0.998471558
1341846335.538040 -0.057356138 0.003081576 0.064429291 0.053555291 -0.000068104 0.008908193 0.998525143
1341846335.574119 -0.060188644 0.004126411 0.059116255 0.051222634 0.000503286 0.009209507 0.998644650
1341846335.605970 -0.059039667 0.001670112 0.057156414 0.049310852 -0.000690608 0.008848461 0.998744071
1341846335.641978 -0.057614714 0.002253452 0.052051622 0.050582454 0.000162257 0.006434646 0.998699129
1341846335.673993 -0.060446456 0.003508803 0.047690775 0.050649516 0.001451336 0.005738125 0.998698950
1341846335.706178 -0.061096363 0.002592958 0.044413049 0.049766172 -0.000087519 0.006813208 0.998737693
1341846335.741982 -0.059863389 0.001257256 0.041280709 0.049837053 -0.000621133 0.006218703 0.998737812
1341846335.773960 -0.061145030 0.003204507 0.034798250 0.050139654 0.000325382 0.005609633 0.998726428
1341846335.806271 -0.062332153 0.004879074 0.030040486 0.048372954 -0.000086943 0.005555611 0.998813868
1341846335.842031 -0.061120305 0.002757780 0.029710524 0.045962401 0.000193885 0.006024799 0.998924971
1341846335.873966 -0.061865114 0.003090834 0.024788089 0.047091741 0.001840965 0.005374928 0.998874426
1341846335.910005 -0.064678632 0.004629465 0.020558070 0.046748288 0.002191572 0.007069299 0.998879254
1341846335.941936 -0.064759001 0.004204800 0.015532177 0.045455318 0.000134254 0.007984355 0.998934448
1341846335.974198 -0.065002352 0.004652432 0.012083717 0.045511037 -0.000638037 0.005581722 0.998948038
1341846336.010032 -0.067165926 0.005393778 0.008199520 0.045467079 -0.000136884 0.004046492 0.998957634
1341846336.042129 -0.069115326 0.005746314 0.004626586 0.044536281 -0.001388519 0.004749231 0.998995543
1341846336.078076 -0.069635667 0.004484820 0.001879951 0.044320744 -0.003188990 0.004113968 0.999003828
1341846336.110739 -0.069392309 0.005830180 0.000533888 0.045271762 -0.003578077 0.002428079 0.998965323
1341846336.142002 -0.071739130 0.005147090 -0.004947683 0.044743691 -0.003350822 0.003381239 0.998987138
1341846336.183953 -0.073055491 0.006273613 -0.009166902 0.044530090 -0.005967643 0.004064402 0.998981953
1341846336.210112 -0.072925769 0.008080209 -0.008369954 0.043641098 -0.007761624 0.004340012 0.999007702
1341846336.241891 -0.072362207 0.006812805 -0.011043033 0.042768139 -0.007102488 0.003564575 0.999053419
1341846336.277946 -0.075525202 0.004780053 -0.014658483 0.042837426 -0.006180265 0.005316708 0.999048769
1341846336.309977 -0.076303385 0.004753301 -0.018743595 0.045537520 -0.008872625 0.008174896 0.998889804
1341846336.346143 -0.076219738 0.006828722 -0.022919666 0.047499478 -0.010261991 0.009984273 0.998768628
1341846336.377975 -0.075323388 0.006364760 -0.025434634 0.048041880 -0.010340387 0.009557935 0.998746097
1341846336.410032 -0.077295363 0.007317913 -0.030451775 0.049173746 -0.009221108 0.009222029 0.998705089
1341846336.446041 -0.077545553 0.008885766 -0.033841100 0.048808817 -0.009935539 0.009297437 0.998715460
1341846336.477990 -0.076942392 0.008844941 -0.034366123 0.047807537 -0.010299079 0.009376399 0.998759449
1341846336.510056 -0.078190826 0.008290001 -0.036793575 0.048211154 -0.009330447 0.009463949 0.998748720
1341846336.546024 -0.078846723 0.007966815 -0.039730191 0.049050044 -0.009142952 0.011273527 0.998690844
1341846336.578003 -0.080272943 0.010850959 -0.043067265 0.049234416 -0.009409756 0.012834335 0.998660445
1341846336.614020 -0.077819958 0.011079993 -0.044012088 0.048607547 -0.009408100 0.012271556 0.998698235
1341846336.645982 -0.080632903 0.012923790 -0.048791967 0.047721736 -0.007527575 0.011414308 0.998767078
1341846336.678036 -0.083828270 0.010651698 -0.050450046 0.045433592 -0.008953809 0.012197633 0.998852730
1341846336.714024 -0.084342130 0.008247392 -0.049468808 0.046760157 -0.011251182 0.011438923 0.998777270
1341846336.746016 -0.085003972 0.005882254 -0.056033302 0.049756102 -0.013431288 0.014341931 0.998568058
1341846336.778014 -0.086559318 0.010761112 -0.059079882 0.053480037 -0.017150547 0.017146595 0.998274386
1341846336.820006 -0.087485254 0.011843515 -0.058106452 0.054089691 -0.020749334 0.019004857 0.998139560
1341846336.845952 -0.085741207 0.011119805 -0.057843041 0.054921877 -0.022415224 0.017522831 0.998085201
1341846336.882056 -0.089029036 0.011522213 -0.064466715 0.056639887 -0.022654291 0.017073998 0.997991562
1341846336.914273 -0.090687193 0.006964507 -0.070985653 0.058102354 -0.027018525 0.019601859 0.997752428
1341846336.945998 -0.087437823 0.006662433 -0.071719989 0.064432666 -0.034478221 0.022682210 0.997068286
1341846336.981980 -0.088388421 0.015466985 -0.074720129 0.068642959 -0.037976373 0.020387664 0.996709704
1341846337.014238 -0.090919547 0.017641354 -0.073282123 0.066180311 -0.040222511 0.017855171 0.996836722
1341846337.046017 -0.089546598 0.015844774 -0.070266239 0.063664310 -0.041769113 0.013413684 0.997006655
1341846337.082104 -0.091151573 0.016018312 -0.074738063 0.063101612 -0.041882083 0.010166535 0.997076094
1341846337.114317 -0.092943132 0.015476174 -0.074237108 0.061240386 -0.043958403 0.009637523 0.997107983
1341846337.150037 -0.091926329 0.015712848 -0.072841220 0.059702203 -0.046088744 0.008525214 0.997115254
1341846337.181873 -0.091018908 0.015816594 -0.073373258 0.059328221 -0.045997091 0.005607632 0.997162461
1341846337.214073 -0.091455832 0.018754810 -0.078256898 0.057207324 -0.044239495 0.003245603 0.997376382
1341846337.250087 -0.095802851 0.013325262 -0.077899747 0.053810105 -0.045249544 0.004186820 0.997516632
1341846337.282028 -0.096263602 0.013547860 -0.077877887 0.055088010 -0.049359869 0.007461338 0.997232795
1341846337.317920 -0.090679534 0.016016329 -0.079514258 0.054939799 -0.051890910 0.008438079 0.997104645
1341846337.350018 -0.093105651 0.018833216 -0.082932293 0.053747647 -0.050576113 0.007850077 0.997242033
1341846337.382159 -0.091713466 0.015778856 -0.080254845 0.050713602 -0.050619360 0.005956280 0.997411847
1341846337.417941 -0.092985511 0.011597021 -0.083917864 0.050686225 -0.049677182 0.006082725 0.997459829
1341846337.450137 -0.094897233 0.015684001 -0.086657383 0.051935107 -0.051204011 0.006755124 0.997314036
1341846337.482096 -0.092524126 0.014127586 -0.086736076 0.050088823 -0.051915932 0.008156866 0.997361183
1341846337.518008 -0.093712561 0.012280704 -0.086402833 0.050973225 -0.052033573 0.007884362 0.997312427
1341846337.549978 -0.093322538 0.017564557 -0.088102475 0.052092616 -0.052905153 0.006261490 0.997220218
1341846337.585971 -0.094356090 0.016577199 -0.087727785 0.049095567 -0.053104814 0.005690911 0.997365117
1341846337.617903 -0.092906192 0.009347384 -0.085558333 0.049191631 -0.054084271 0.006312288 0.997303963
1341846337.650141 -0.093093738 0.015375743 -0.087847784 0.052558832 -0.054303471 0.005637820 0.997124314
1341846337.686352 -0.092654392 0.017236061 -0.089319713 0.050962329 -0.053959846 0.005824504 0.997224808
1341846337.718002 -0.091531195 0.015649462 -0.084849246 0.049061455 -0.053737424 0.005940117 0.997331440
1341846337.749920 -0.090008348 0.017524907 -0.082774729 0.049180321 -0.052056693 0.005434526 0.997417629
1341846337.786157 -0.091010526 0.019002590 -0.082331926 0.045939140 -0.049036279 0.005654389 0.997723937
1341846337.817945 -0.089196645 0.017088849 -0.080204599 0.043458704 -0.047289014 0.007196905 0.997909486
1341846337.854071 -0.086554445 0.019725537 -0.079090364 0.042598683 -0.044583362 0.007153268 0.998071373
1341846337.885951 -0.090017103 0.022151703 -0.077183023 0.039886765 -0.041374747 0.004927389 0.998335063
1341846337.918223 -0.089611717 0.021831952 -0.074274682 0.035804797 -0.040049586 0.002050827 0.998553872
1341846337.954120 -0.089242995 0.020149654 -0.073267348 0.033032324 -0.038793921 0.001654600 0.998699725
1341846337.985994 -0.088231742 0.023302341 -0.070805952 0.030834716 -0.037876502 0.001797504 0.998804986
1341846338.018107 -0.087431021 0.021870747 -0.067245007 0.027174303 -0.036402810 0.003100191 0.998962820
1341846338.054055 -0.085030265 0.022571413 -0.066832207 0.024695521 -0.035349824 0.002610726 0.999066412
1341846338.085986 -0.082382441 0.022262089 -0.064984545 0.021222234 -0.032406956 0.002484625 0.999246299
1341846338.121875 -0.082969740 0.020517897 -0.062134251 0.018937543 -0.029980497 0.004309457 0.999361753
1341846338.154089 -0.084726728 0.019116089 -0.060053874 0.017637884 -0.029150268 0.007255998 0.999393046
1341846338.186029 -0.084143132 0.020843865 -0.055979006 0.016991898 -0.029443610 0.009638476 0.999375522
1341846338.222071 -0.080898516 0.021497542 -0.051607173 0.015755463 -0.028872879 0.009318234 0.999415457
1341846338.254107 -0.080872424 0.020684738 -0.050211798 0.013906837 -0.026912970 0.009489995 0.999495983
1341846338.290130 -0.080354758 0.019099547 -0.044537894 0.014095333 -0.027099825 0.011630344 0.999465704
1341846338.321952 -0.080381036 0.020105015 -0.043306585 0.014184040 -0.026097545 0.013303624 0.999470234
1341846338.354022 -0.079610087 0.019765241 -0.038339809 0.013587197 -0.025915079 0.014022321 0.999473453
1341846338.389969 -0.080888860 0.023073917 -0.032814052 0.013906185 -0.024528999 0.013815529 0.999506950
1341846338.422377 -0.081121035 0.022822050 -0.029802768 0.011902015 -0.024079105 0.014335241 0.999536395
1341846338.454010 -0.080797337 0.023684343 -0.027227471 0.011170857 -0.024253262 0.012755585 0.999562025
1341846338.489894 -0.080212921 0.022538211 -0.022675911 0.009167495 -0.024909452 0.013533265 0.999556065
1341846338.522066 -0.078055032 0.020516446 -0.016978852 0.009376517 -0.025156388 0.013878570 0.999543190
1341846338.558058 -0.078660585 0.023721781 -0.017096339 0.009217490 -0.024758304 0.012641908 0.999571025
1341846338.589842 -0.078100227 0.023221485 -0.011006035 0.007368530 -0.025009906 0.012046555 0.999587476
1341846338.622019 -0.074777104 0.021184839 -0.005989558 0.007524324 -0.024979085 0.013712808 0.999565601
1341846338.657984 -0.075822599 0.024603911 -0.007174004 0.008656994 -0.024585640 0.015041262 0.999547064
1341846338.690198 -0.073556788 0.026772426 0.000323541 0.007111701 -0.025778392 0.014959887 0.999530435
1341846338.722454 -0.071634792 0.022897506 0.004639468 0.005372426 -0.025082504 0.015558252 0.999549866
1341846338.757945 -0.074801691 0.025632979 0.004019646 0.006089943 -0.023995792 0.016790850 0.999552488
1341846338.790039 -0.073184244 0.026034551 0.010570836 0.004136998 -0.026568765 0.017439557 0.999486327
1341846338.826048 -0.071323551 0.024671253 0.014704309 0.004262417 -0.025814440 0.015879698 0.999531507
1341846338.858027 -0.071995422 0.027258653 0.016736504 0.004793016 -0.023999816 0.014421165 0.999596477
1341846338.889902 -0.070666693 0.027104842 0.021821773 0.002084079 -0.025252258 0.014389638 0.999575377
1341846338.925948 -0.067398928 0.025975900 0.026729612 0.001256739 -0.025332818 0.012758940 0.999596894
1341846338.958108 -0.067500800 0.027278116 0.030668478 0.001911091 -0.023205765 0.011863380 0.999658525
1341846338.990057 -0.067076378 0.025781399 0.035290256 0.001786452 -0.023108240 0.012453493 0.999653757
1341846339.025928 -0.064099751 0.023831828 0.040114906 0.003237295 -0.022994567 0.013847518 0.999634445
1341846339.057939 -0.063712850 0.024761887 0.041698352 0.005923344 -0.020495664 0.013765301 0.999677598
1341846339.093927 -0.065717220 0.026300933 0.040959731 0.004688660 -0.020699125 0.015100242 0.999660730
1341846339.126562 -0.064147882 0.030404266 0.046973381 0.002789008 -0.021544429 0.013568687 0.999671936
1341846339.157969 -0.062168334 0.030739326 0.052635014 0.000627906 -0.019107474 0.010841084 0.999758482
1341846339.194113 -0.064546160 0.031676807 0.055685528 -0.001231038 -0.017272245 0.011756620 0.999780953
1341846339.228165 -0.063182190 0.033362590 0.059591770 -0.004448794 -0.019501658 0.014077480 0.999700785
1341846339.257998 -0.058656815 0.032431860 0.067243584 -0.007270829 -0.019845588 0.014689332 0.999668658
1341846339.294132 -0.058527909 0.033512004 0.071009018 -0.007050896 -0.017420592 0.015247938 0.999707103
1341846339.326577 -0.063140340 0.037295900 0.069821246 -0.009988937 -0.017571863 0.018007748 0.999633491
1341846339.362269 -0.057060141 0.035111032 0.076407477 -0.015084455 -0.021597760 0.017106144 0.999506593
1341846339.394725 -0.054914787 0.036319625 0.079949811 -0.015514210 -0.019985043 0.016104288 0.999550164
1341846339.426160 -0.055366438 0.035118930 0.083437517 -0.018187141 -0.019971710 0.018377863 0.999466181
1341846339.462186 -0.052493662 0.033534173 0.088171043 -0.020032179 -0.021481348 0.016844584 0.999426603
1341846339.496743 -0.048949972 0.033528186 0.089970902 -0.017049121 -0.017922020 0.014328540 0.999591351
1341846339.530143 -0.051195823 0.036046591 0.094698802 -0.015583444 -0.013542824 0.014554922 0.999680936
1341846339.562052 -0.050642837 0.033688750 0.097668819 -0.016027546 -0.014051297 0.016526705 0.999636233
1341846339.595122 -0.047219217 0.033194203 0.101578146 -0.014042316 -0.014089879 0.016451962 0.999666750
1341846339.632085 -0.045566253 0.034716468 0.105406635 -0.012187030 -0.010641310 0.014043472 0.999770463
1341846339.664568 -0.044861425 0.034045666 0.107292138 -0.012123685 -0.008138379 0.012391734 0.999816597
1341846339.698896 -0.044641893 0.032859389 0.111654289 -0.012659813 -0.007023819 0.011185078 0.999832630
1341846339.731977 -0.042328380 0.032445285 0.113762997 -0.012259098 -0.007192063 0.009236631 0.999856353
1341846339.762241 -0.041433889 0.032205664 0.115310527 -0.011963438 -0.005741030 0.008993486 0.999871552
1341846339.797873 -0.041104205 0.031948619 0.119314618 -0.011946684 -0.005308718 0.010270866 0.999861777
1341846339.830245 -0.038969569 0.031311221 0.122547746 -0.012453504 -0.006275675 0.010914498 0.999843180
1341846339.862015 -0.038298797 0.031910665 0.124472909 -0.012651921 -0.006171923 0.010375627 0.999847114
1341846339.897797 -0.037016705 0.030729448 0.127182528 -0.013998236 -0.005275239 0.009921455 0.999838889
1341846339.929916 -0.036197409 0.029344499 0.131223753 -0.014565933 -0.004307245 0.011440144 0.999819219
1341846339.961960 -0.035370093 0.029029211 0.133278847 -0.013139012 -0.004871287 0.012107636 0.999828517
1341846339.997845 -0.034689121 0.029628405 0.134275883 -0.011504401 -0.003532741 0.011944039 0.999856234
1341846340.029925 -0.032645021 0.029308286 0.138027191 -0.010729411 -0.001567169 0.013335425 0.999852300
1341846340.066044 -0.032152653 0.028454084 0.140044600 -0.008955190 -0.000410895 0.014949424 0.999848068
1341846340.098009 -0.031792115 0.028988086 0.141467214 -0.007993098 0.000152830 0.015652416 0.999845564
1341846340.130102 -0.030844584 0.029369146 0.144648552 -0.008490155 0.000101149 0.014109835 0.999864399
1341846340.166041 -0.028180912 0.028213324 0.147158921 -0.007739138 0.001717042 0.012679390 0.999888182
1341846340.197867 -0.029019827 0.029221738 0.149442583 -0.006369890 0.004716909 0.012060160 0.999895871
1341846340.229904 -0.028530998 0.030074708 0.152280986 -0.007698302 0.004478393 0.012188123 0.999886096
1341846340.265859 -0.026534451 0.027830025 0.155546024 -0.008846764 0.005129808 0.011977206 0.999875963
1341846340.298061 -0.025905937 0.028522912 0.157616124 -0.006439704 0.007477191 0.012428354 0.999874055
1341846340.334063 -0.027400766 0.029969361 0.160271332 -0.007257224 0.007179910 0.014420353 0.999843895
1341846340.366064 -0.024656074 0.028373362 0.162479341 -0.009088486 0.004510383 0.013204753 0.999861360
1341846340.397995 -0.023362273 0.027540093 0.163899720 -0.007505571 0.004952997 0.012850513 0.999876976
1341846340.433895 -0.022821393 0.028807208 0.166208953 -0.006608658 0.004559686 0.014152475 0.999867618
1341846340.465959 -0.023803638 0.027815536 0.166667134 -0.006370698 0.002794093 0.015752552 0.999851704
1341846340.501858 -0.021361010 0.028159393 0.168147013 -0.005294393 -0.001164855 0.015763165 0.999861062
1341846340.534329 -0.019166378 0.028289409 0.167450517 -0.004902531 -0.003023750 0.015496229 0.999863327
1341846340.566041 -0.017409967 0.027041383 0.168484658 -0.003895025 -0.004217573 0.016391471 0.999849200
1341846340.601909 -0.015421663 0.027128130 0.167349324 -0.001329188 -0.005167169 0.016711580 0.999846101
1341846340.634005 -0.015410707 0.028476967 0.163865030 -0.000318620 -0.005194754 0.015443425 0.999867201
1341846340.666028 -0.013291204 0.027148237 0.164079800 -0.000863404 -0.005233563 0.013469630 0.999895215
1341846340.701946 -0.011590140 0.026614394 0.163719714 0.001017771 -0.004212901 0.011242463 0.999927402
1341846340.733954 -0.011365933 0.028614542 0.163271517 0.002584000 -0.002469637 0.009518597 0.999948323
1341846340.770081 -0.011288422 0.028881954 0.163322538 0.001968652 -0.001806619 0.006929874 0.999972403
1341846340.801980 -0.009534623 0.027663780 0.161636934 0.001580370 -0.001283423 0.001222199 0.999997199
1341846340.833999 -0.009788509 0.029675841 0.161133677 0.002063046 0.001191517 -0.002511929 0.999993980
1341846340.870013 -0.010083687 0.028838862 0.162311062 0.000484528 0.001093417 -0.003783121 0.999992132
1341846340.901955 -0.009425229 0.027402939 0.162021354 0.000982814 0.000552222 -0.003617669 0.999992847
1341846340.933918 -0.010115993 0.027612170 0.161113158 0.002899601 0.000281072 -0.000681593 0.999995530
1341846340.970122 -0.011032504 0.028137755 0.159034103 0.004240555 -0.002447661 0.004031032 0.999979913
1341846341.001922 -0.010441840 0.026219616 0.158124626 0.004746143 -0.006814506 0.009491771 0.999920487
1341846341.037923 -0.009516148 0.027648171 0.157069281 0.006581388 -0.009282883 0.011700551 0.999866784
1341846341.070300 -0.009914098 0.027596837 0.156159297 0.007136742 -0.009749433 0.011452744 0.999861419
1341846341.102028 -0.010923433 0.027394386 0.154948875 0.006933716 -0.010871094 0.011768202 0.999847591
1341846341.137982 -0.009770693 0.026832497 0.153808281 0.006824705 -0.013322297 0.012018039 0.999815762
1341846341.170048 -0.008985734 0.026556263 0.152976796 0.007450609 -0.013832268 0.012792449 0.999794722
1341846341.202110 -0.009008263 0.026156668 0.152810872 0.008861640 -0.014206650 0.014709702 0.999751568
1341846341.237996 -0.008838892 0.026412379 0.151627943 0.010626311 -0.014023557 0.015337915 0.999727547
1341846341.269883 -0.009449264 0.026772389 0.151022062 0.011913025 -0.013430274 0.015696635 0.999715626
1341846341.306107 -0.009440694 0.026298687 0.150675848 0.012294045 -0.014085899 0.014667390 0.999717593
1341846341.338109 -0.009237885 0.026545135 0.149259254 0.013266169 -0.013576832 0.012738679 0.999738634
1341846341.370120 -0.008894477 0.027184743 0.148680553 0.014095410 -0.012420388 0.010105164 0.999772429
1341846341.406074 -0.010885195 0.026550015 0.148834258 0.013876433 -0.011483726 0.009571511 0.999791920
1341846341.438113 -0.010935966 0.024577931 0.149103642 0.014680014 -0.013457398 0.010007842 0.999751627
1341846341.470024 -0.010641879 0.025048614 0.146297663 0.017543022 -0.013412411 0.008397861 0.999720931
1341846341.506077 -0.011590637 0.028034745 0.146914229 0.018249637 -0.012458871 0.007232622 0.999729693
1341846341.538156 -0.012958635 0.026232144 0.148288026 0.016844789 -0.013964235 0.007401612 0.999733210
1341846341.574016 -0.011422521 0.026179720 0.147737369 0.017799137 -0.016720930 0.008722340 0.999663711
1341846341.612466 -0.012826188 0.027711567 0.145879433 0.018680641 -0.016778180 0.008670052 0.999647141
1341846341.643972 -0.012465746 0.027143728 0.145839304 0.017394749 -0.018439803 0.008011024 0.999646544
1341846341.679982 -0.013921672 0.026420943 0.144623622 0.017055793 -0.019348834 0.007910669 0.999635994
1341846341.712332 -0.015236040 0.027013740 0.144324243 0.017913861 -0.021216828 0.010734820 0.999556780
1341846341.744185 -0.013900872 0.026366144 0.143451795 0.018117910 -0.023710208 0.012959213 0.999470711
1341846341.780061 -0.014091411 0.027276970 0.143473253 0.018854452 -0.024224421 0.014330070 0.999426007
1341846341.812163 -0.013777000 0.026406555 0.142888114 0.018984422 -0.025071712 0.015773270 0.999380946
1341846341.842595 -0.011983218 0.024622897 0.142133623 0.020420643 -0.025789889 0.019779161 0.999263048
1341846341.875779 -0.012305599 0.025138842 0.140909657 0.022308629 -0.025814867 0.023027757 0.999152482
1341846341.906227 -0.011981554 0.023369096 0.139686719 0.023562843 -0.026257040 0.024375955 0.999080181
1341846341.942069 -0.012212873 0.022072222 0.137751639 0.026674313 -0.025967818 0.025857830 0.998972237
1341846341.974775 -0.012330743 0.022297321 0.137061328 0.029949153 -0.026113294 0.027434161 0.998833597
1341846342.010161 -0.013281786 0.022262204 0.135751694 0.030556694 -0.027118767 0.029448768 0.998731017
1341846342.042024 -0.011082768 0.020168584 0.134740219 0.031826559 -0.028250705 0.029376013 0.998662114
1341846342.080032 -0.010324248 0.022371162 0.133926854 0.034532230 -0.026156517 0.029672004 0.998620510
1341846342.112265 -0.011424700 0.020273075 0.134012729 0.034236606 -0.025343072 0.031545974 0.998594224
1341846342.147954 -0.010371574 0.018518938 0.134302229 0.036246531 -0.026916189 0.034304541 0.998391151
1341846342.179852 -0.008796388 0.020420339 0.132894456 0.039637074 -0.026787620 0.035584237 0.998220921
1341846342.211848 -0.008896057 0.020064179 0.132915437 0.040011469 -0.026057048 0.035197347 0.998239100
1341846342.247920 -0.009510580 0.019113017 0.132073030 0.041087672 -0.025635095 0.033625629 0.998260438
1341846342.279870 -0.008843923 0.019313140 0.133097872 0.042554624 -0.025518095 0.034387674 0.998176038
1341846342.316068 -0.008744710 0.019254372 0.130407244 0.043709934 -0.025264606 0.035113923 0.998107255
1341846342.347894 -0.008088418 0.020252608 0.130240619 0.044254731 -0.025516113 0.035745960 0.998054445
1341846342.379953 -0.007823992 0.020087941 0.130861104 0.044520963 -0.024925565 0.035516348 0.998065710
1341846342.416195 -0.008437153 0.019976767 0.130743191 0.045119580 -0.024474362 0.036622606 0.998010039
1341846342.447907 -0.008409150 0.020814365 0.129285440 0.045424107 -0.025357146 0.037329610 0.997947991
