1341846314.458114 0.010127098 0.001342990 0.001725427 -0.005579983 0.027564492 0.000018082 0.999604464
1341846314.493987 0.009689937 0.000790555 0.001618305 -0.004035582 0.033140607 -0.004880044 0.999430656
1341846314.526085 0.011021279 0.001707927 0.001124310 -0.003012981 0.034916498 -0.007139903 0.999360204
1341846314.558292 0.010997808 0.002302630 0.002041579 -0.003548327 0.038724415 -0.007991486 0.999211669
1341846314.594085 0.013557373 0.000307573 0.002225408 -0.003979037 0.041521944 -0.006515689 0.999108434
1341846314.626096 0.012805776 0.001440600 0.000363011 -0.002808318 0.046529520 -0.005491185 0.998897851
1341846314.658455 0.014623561 0.001559388 0.001089228 -0.004787066 0.047779623 -0.005887866 0.998829067
1341846314.694004 0.016572498 0.000160113 0.002980620 -0.005305102 0.050679062 -0.007818209 0.998670340
1341846314.725910 0.015215049 -0.000624670 0.002440752 -0.001597393 0.055299133 -0.003453951 0.998462558
1341846314.761942 0.016443942 0.000042908 0.002119889 0.002478030 0.054752313 0.001216387 0.998496175
1341846314.794030 0.018620623 -0.000491685 0.002757005 0.004786771 0.055472042 0.003168205 0.998443723
1341846314.826092 0.019812442 0.000761279 0.000734834 0.007994671 0.059359409 0.003482557 0.998198569
1341846314.862145 0.020724678 0.000708047 0.000414054 0.007785178 0.062976576 0.004688035 0.997973621
1341846314.894072 0.019998748 0.000899534 0.001395191 0.007852345 0.068387099 0.005647194 0.997612000
1341846314.925969 0.021410821 0.001005269 -0.000260243 0.007716020 0.069915198 0.010575468 0.997467041
1341846314.961937 0.021798696 0.001514289 -0.001949772 0.005088434 0.070228904 0.014237853 0.997416317
1341846314.994564 0.020941587 0.001813705 0.000368315 0.002296817 0.073146798 0.011621593 0.997250795
1341846315.029900 0.025561968 0.001422093 0.001162272 0.001454234 0.072964199 0.011940986 0.997262001
1341846315.061965 0.025193829 0.001268409 0.001750577 0.000323097 0.076296084 0.018127786 0.996920347
1341846315.094388 0.025290908 0.000809324 0.002748593 0.000259589 0.075731479 0.016587425 0.996990263
1341846315.129851 0.026510984 0.000995120 0.000603629 0.002587573 0.074980408 0.014480442 0.997076511
1341846315.161941 0.026875962 0.002018299 -0.003202560 0.000182168 0.075363852 0.017059691 0.997010171
1341846315.197984 0.026922295 0.002356743 -0.001175847 -0.005854489 0.073318213 0.012546305 0.997212470
1341846315.230076 0.026696108 0.002349345 -0.001032403 -0.008814336 0.073784955 0.009391685 0.997191012
1341846315.262069 0.027633470 0.002221101 -0.000168463 -0.012023359 0.070469610 0.010962375 0.997381210
1341846315.298000 0.029196987 0.001271809 0.002013175 -0.014841878 0.065082945 0.014511567 0.997663915
1341846315.329931 0.031251036 -0.000083712 0.004269332 -0.012212516 0.062285613 0.015628370 0.997861266
1341846315.361981 0.030580994 0.000636224 0.002329469 -0.006194633 0.063365117 0.018632717 0.997797251
1341846315.397962 0.033543583 0.000808959 0.003122933 -0.003603928 0.061197661 0.023574552 0.997840703
1341846315.429923 0.034617417 0.000941759 0.001694679 -0.000789620 0.062615462 0.026286548 0.997691154
1341846315.466047 0.035232916 0.002016187 0.001316607 0.001170560 0.066288657 0.025475239 0.997474551
1341846315.497883 0.035384171 0.001724501 0.001825525 -0.000463696 0.068963334 0.031418893 0.997124255
1341846315.530008 0.036782470 0.001724321 0.001540839 -0.000511920 0.069225110 0.033639088 0.997033656
1341846315.566108 0.035039742 0.002396845 0.002459821 -0.000386964 0.073063292 0.031638432 0.996825278
1341846315.597986 0.035895083 0.001653408 0.001927806 -0.001382265 0.073432513 0.032555930 0.996767700
1341846315.630109 0.035964757 0.001570964 0.001900920 -0.001249942 0.074757397 0.031523481 0.996702611
1341846315.666042 0.035728566 0.002361079 -0.000239096 -0.001506741 0.076753460 0.030016745 0.996596992
1341846315.698114 0.036374688 0.002741218 -0.001452520 -0.006288247 0.079752259 0.028080884 0.996399283
1341846315.733985 0.034907568 0.002172073 0.001913402 -0.008999006 0.084138565 0.027968982 0.996020794
1341846315.766041 0.035518620 0.001860634 0.001369712 -0.009379067 0.080393322 0.031444952 0.996222973
1341846315.798188 0.035356957 0.001601737 0.002024190 -0.010550357 0.080039762 0.030337607 0.996273994
1341846315.834140 0.035415646 0.001837441 0.003238724 -0.008931857 0.082530856 0.028159641 0.996150553
1341846315.866751 0.035261031 0.002014167 0.002801125 -0.006407949 0.084006704 0.027323127 0.996069908
1341846315.898492 0.034798440 0.001645639 0.003711776 -0.005555817 0.084502190 0.027484626 0.996028662
1341846315.936901 0.034804408 0.001604874 0.003837359 -0.002519760 0.085695326 0.026401827 0.995968342
1341846315.966572 0.035081379 0.001624316 0.004142388 0.000743703 0.086221166 0.027265476 0.995902598
1341846316.002119 0.035091117 0.001699374 0.003906745 0.002745852 0.085255221 0.026936006 0.995991230
1341846316.034204 0.035459731 0.001676618 0.003100750 0.004854026 0.083938345 0.025363181 0.996136308
1341846316.066113 0.035755724 0.001604268 0.003108853 0.007201437 0.082451068 0.025276199 0.996248543
1341846316.101867 0.032049708 0.001383254 -0.000100243 0.008372692 0.084405676 0.026688125 0.996038795
1341846316.134066 0.027768444 0.000638653 0.001042665 0.006554078 0.085149035 0.022006530 0.996103585
1341846316.169952 0.026590481 0.000012412 0.001475977 0.006199647 0.083451666 0.020006716 0.996291637
1341846316.202049 0.025571181 0.000872796 0.002384621 0.007745108 0.081244044 0.017738424 0.996506274
1341846316.233979 0.024205551 0.000292739 0.000153566 0.007510671 0.080648139 0.015355736 0.996596038
1341846316.270052 0.024036068 0.000316043 0.000524528 0.006215569 0.081246249 0.013046759 0.996589303
1341846316.301915 0.023952663 0.000204239 0.000905294 0.007008262 0.081384949 0.011814951 0.996588051
1341846316.334208 0.023051528 0.000457251 0.001863990 0.008896901 0.080709048 0.013677788 0.996604145
1341846316.370006 0.021496676 -0.001616066 0.002015279 0.008698963 0.080284268 0.013267306 0.996645749
1341846316.401994 0.018642737 -0.002439378 0.001059104 0.009380353 0.081773266 0.014648403 0.996499181
1341846316.438069 0.020096518 -0.001652577 0.001473438 0.012753489 0.078979380 0.018366542 0.996625423
1341846316.470076 0.017927714 -0.001557478 0.002117753 0.017567346 0.079538569 0.020103231 0.996474206
1341846316.502034 0.015899969 0.000184457 -0.000196260 0.020545695 0.077545963 0.020211050 0.996572137
1341846316.537975 0.015719665 -0.000187495 -0.000464294 0.017286932 0.074259087 0.019632436 0.996895850
1341846316.570121 0.014682422 -0.001475024 0.000182546 0.016481392 0.074236058 0.016461642 0.996968567
1341846316.601885 0.014204137 -0.002457807 -0.000067109 0.017636165 0.073024206 0.015427986 0.997054875
1341846316.638009 0.012702016 -0.002505428 -0.000284163 0.019973524 0.072329372 0.017045876 0.997035086
1341846316.669925 0.011019786 -0.002752434 0.000501624 0.022259388 0.072502181 0.015678402 0.996996522
1341846316.705941 0.010036913 -0.003129742 0.000466566 0.026477387 0.072439708 0.016318144 0.996887743
1341846316.738062 0.008560812 -0.002642397 -0.001753309 0.028630620 0.072018810 0.019833228 0.996794939
1341846316.770433 0.007955101 -0.001690292 -0.000629275 0.028465331 0.071167268 0.020177716 0.996853948
1341846316.805932 0.007657387 -0.002824753 -0.000295530 0.028525142 0.070651203 0.019109003 0.996909976
1341846316.838029 0.006292305 -0.002678676 0.000032280 0.029579852 0.068927526 0.020887595 0.996964276
1341846316.870034 0.004650012 -0.003053515 -0.000260433 0.029970936 0.066141032 0.022251206 0.997111797
1341846316.906344 0.003126176 -0.002942867 -0.000481417 0.031079639 0.063953228 0.021230321 0.997242868
1341846316.937940 0.003129734 -0.002938569 -0.001191103 0.030729238 0.061956156 0.018642709 0.997431457
1341846316.973994 0.001641183 -0.002384111 -0.000691637 0.030293969 0.060663231 0.019102275 0.997515559
1341846317.005913 0.000360758 -0.003229187 0.000039917 0.028501697 0.058143448 0.019304093 0.997714579
1341846317.037936 -0.000885737 -0.003985113 0.000953303 0.028424190 0.056021277 0.018080344 0.997861087
1341846317.073972 -0.001438189 -0.003681772 -0.000286147 0.030057641 0.054047126 0.018324761 0.997917652
1341846317.106113 -0.002943112 -0.003882875 -0.000606015 0.032370299 0.052825753 0.021671684 0.997843623
1341846317.137887 -0.005208824 -0.003195849 -0.000983640 0.036408745 0.047024902 0.027488476 0.997851431
1341846317.173970 -0.005460598 -0.002866106 0.000332138 0.037548702 0.039383821 0.030831676 0.998042285
1341846317.205887 -0.006185519 -0.003352594 0.000214666 0.036821902 0.037065465 0.029109033 0.998209894
1341846317.248131 -0.009014530 -0.003889069 0.000039100 0.037824064 0.035769738 0.030855514 0.998167217
1341846317.273950 -0.009664574 -0.003322872 0.000273731 0.039568610 0.031255592 0.033559330 0.998163879
1341846317.306289 -0.010502191 -0.003571380 0.000744397 0.039551556 0.029504884 0.034964357 0.998169661
1341846317.348137 -0.010784615 -0.003528514 0.001729525 0.041031912 0.030448688 0.037207596 0.998000443
1341846317.373974 -0.012573696 -0.003593522 -0.000473313 0.042010382 0.031420026 0.039031215 0.997859955
1341846317.410120 -0.013326844 -0.003465984 -0.000279517 0.042304073 0.029931264 0.041802753 0.997781098
1341846317.442569 -0.014410245 -0.003903343 0.000429238 0.045061842 0.030492248 0.043786939 0.997558236
1341846317.474010 -0.015338988 -0.003773433 0.001527870 0.050942097 0.030982787 0.047409918 0.997094452
1341846317.509927 -0.015220869 -0.002908238 0.000510012 0.053395066 0.028077349 0.050713927 0.996889532
1341846317.542282 -0.016119629 -0.003024343 0.000501092 0.052197345 0.025351813 0.051192336 0.997001529
1341846317.573943 -0.016501678 -0.003342862 0.001492775 0.051964968 0.026427072 0.049411207 0.997075617
1341846317.610159 -0.017204545 -0.003426098 0.002509838 0.055042144 0.027849313 0.050750755 0.996804476
1341846317.643553 -0.019143211 -0.003298136 0.001851555 0.057110183 0.027841354 0.053533830 0.996542752
1341846317.677993 -0.022080658 -0.003363535 0.002864936 0.057952147 0.026323657 0.053466912 0.996538997
1341846317.709996 -0.023160819 -0.003609277 0.001401565 0.060254417 0.023585510 0.053545322 0.996466815
1341846317.741834 -0.023570279 -0.002559071 0.001346819 0.060797922 0.022048488 0.054336268 0.996426165
1341846317.777923 -0.024195589 -0.002717480 0.001435086 0.058956977 0.020608475 0.054053567 0.996582925
1341846317.810021 -0.025351670 -0.002839117 0.002472385 0.058672868 0.019086577 0.052699987 0.996702492
1341846317.841886 -0.027131418 -0.002221304 0.001777052 0.058309287 0.018709615 0.050208032 0.996859610
1341846317.878017 -0.028283857 -0.002053466 0.002042349 0.056089628 0.018503044 0.046995677 0.997147441
1341846317.909910 -0.029700525 -0.002858740 0.002288374 0.055128831 0.019744143 0.043275930 0.997345567
1341846317.946031 -0.031300019 -0.003419476 0.002872506 0.056061685 0.021004895 0.044992190 0.997191846
1341846317.978041 -0.033539470 -0.003957576 0.002844797 0.057852149 0.020686872 0.043994840 0.997140765
1341846318.009897 -0.033399731 -0.003162908 0.003413317 0.060787480 0.020382466 0.042316657 0.997045040
1341846318.045949 -0.035663456 -0.002848527 0.001912075 0.060930692 0.022146009 0.041198812 0.997045457
1341846318.078074 -0.037688557 -0.002741635 0.002987368 0.060431186 0.021051379 0.039254405 0.997178018
1341846318.109894 -0.039568901 -0.002786703 0.002608450 0.060001623 0.017553244 0.036946248 0.997359872
1341846318.145957 -0.039751768 -0.002257220 0.003479186 0.059716616 0.014915297 0.034536790 0.997506201
1341846318.178001 -0.040628675 -0.003150030 0.002949242 0.058390655 0.015123234 0.032204840 0.997659564
1341846318.214074 -0.042381983 -0.003835958 0.003701677 0.058861617 0.013570493 0.030768670 0.997699559
1341846318.245970 -0.043713491 -0.004905132 0.003817048 0.061209906 0.008311865 0.031387642 0.997596622
1341846318.278018 -0.045915309 -0.004678211 0.003448533 0.065285638 0.004071509 0.031420272 0.997363508
1341846318.313937 -0.047065511 -0.004325395 0.001550099 0.067066684 -0.001853960 0.030812548 0.997270882
1341846318.345989 -0.048995018 -0.004170693 0.002381325 0.068944566 -0.011250584 0.030087829 0.997103214
1341846318.382046 -0.050641827 -0.004488114 0.003622634 0.070593283 -0.017228873 0.029053619 0.996933103
1341846318.414072 -0.052010063 -0.004901418 0.002121406 0.071708806 -0.023854410 0.030300546 0.996679842
1341846318.446035 -0.052528612 -0.004991660 0.003541126 0.073999666 -0.030237403 0.030763682 0.996324897
1341846318.482196 -0.052220684 -0.004577604 0.003114975 0.075316586 -0.032702133 0.029980216 0.996172249
1341846318.514144 -0.053141229 -0.004100055 0.005079920 0.075874187 -0.033538315 0.031112583 0.996067405
1341846318.546259 -0.053798314 -0.005352390 0.003255966 0.076317549 -0.035423931 0.030391686 0.995990515
1341846318.582042 -0.056717284 -0.004667564 -0.000159256 0.077844121 -0.034077618 0.030066339 0.995929241
1341846318.614115 -0.057494607 -0.004492147 0.001345835 0.077676058 -0.034629710 0.029680625 0.995934904
1341846318.650038 -0.057958789 -0.004340587 0.001267075 0.077457890 -0.035806987 0.027171491 0.995981812
1341846318.682350 -0.059480738 -0.004161697 0.002409751 0.077254787 -0.035688933 0.024495723 0.996071279
1341846318.714063 -0.061333295 -0.004423456 0.001623399 0.076516747 -0.036116764 0.023908522 0.996127129
1341846318.749905 -0.062720641 -0.004789692 0.001346959 0.077326037 -0.035976671 0.024923123 0.996044815
1341846318.782036 -0.063507147 -0.004850896 0.001668195 0.078974791 -0.037302751 0.027353127 0.995802820
1341846318.814121 -0.066528521 -0.004907056 0.001043533 0.078905322 -0.041288942 0.026236491 0.995681047
1341846318.850072 -0.067514248 -0.005163022 0.000420817 0.079305939 -0.047213044 0.024012174 0.995442033
1341846318.883516 -0.067767531 -0.006155900 -0.002634245 0.081570402 -0.055714972 0.022504043 0.994854629
1341846318.918047 -0.068710968 -0.004973367 -0.000765649 0.085369840 -0.068139300 0.021550475 0.993782997
1341846318.950044 -0.071570352 -0.006342079 -0.000629210 0.086348034 -0.075939447 0.019302905 0.993179023
1341846318.982028 -0.073592655 -0.005087307 -0.001727351 0.088347711 -0.079461180 0.013984297 0.992816746
1341846319.018123 -0.075997159 -0.004844494 -0.000502198 0.088164039 -0.084125802 0.013415773 0.992456555
1341846319.050745 -0.075518332 -0.006927328 -0.000758763 0.088300318 -0.091634050 0.013371671 0.991779923
1341846319.081905 -0.074824855 -0.006314060 -0.000510677 0.094168477 -0.092286691 0.012781400 0.991187215
1341846319.117976 -0.076991878 -0.005606251 -0.002441792 0.096705154 -0.091397673 0.018111316 0.990942240
1341846319.150093 -0.079900935 -0.005327483 -0.002996884 0.098616600 -0.094578758 0.023686018 0.990337610
1341846319.186069 -0.073507272 -0.003519002 -0.002607349 0.100672923 -0.099757597 0.024442928 0.989603937
1341846319.218149 -0.072919473 -0.001758677 -0.004261520 0.098292485 -0.096227013 0.023253247 0.990221322
1341846319.250034 -0.078559473 -0.001328132 -0.001362687 0.092762932 -0.087135442 0.022574980 0.991611242
1341846319.286594 -0.080314316 -0.003289474 -0.000998959 0.089691252 -0.083597928 0.026851023 0.992091656
1341846319.318034 -0.081227630 -0.003082598 -0.001126142 0.090560883 -0.082806639 0.030432582 0.991975605
1341846319.350268 -0.083485253 -0.003612214 -0.000768719 0.091201968 -0.081712618 0.036609266 0.991798878
1341846319.386163 -0.083234847 -0.004133317 -0.004131754 0.092599131 -0.086622253 0.040681861 0.991093814
1341846319.418386 -0.082146563 -0.003666400 -0.004519456 0.093375832 -0.093181014 0.043538500 0.990304291
1341846319.453961 -0.081126340 -0.003414129 -0.003080039 0.094082877 -0.095922351 0.039668784 0.990138233
1341846319.486271 -0.084728651 -0.003038742 -0.003932387 0.093076855 -0.095271356 0.039421607 0.990306020
1341846319.518456 -0.087798864 -0.002501029 -0.007835158 0.089924112 -0.097614706 0.041257307 0.990294337
1341846319.554083 -0.086657926 -0.003390552 -0.003212874 0.087619804 -0.101723716 0.038671490 0.990191698
1341846319.586296 -0.089060903 -0.003280851 -0.003094482 0.088263258 -0.100260101 0.034666691 0.990432084
1341846319.622031 -0.091967739 -0.003155997 -0.005124224 0.086690471 -0.102892987 0.030966928 0.990423560
1341846319.653962 -0.095924750 -0.004287587 -0.002092738 0.086007856 -0.106316738 0.030449167 0.990137458
1341846319.686352 -0.096647754 -0.004359963 -0.003047601 0.087681100 -0.110234439 0.032147903 0.989508450
1341846319.721992 -0.097705811 -0.003178232 -0.002639588 0.088969931 -0.114467807 0.032977488 0.988885224
1341846319.754063 -0.098278083 -0.001738618 -0.003256777 0.085895784 -0.116607361 0.033027355 0.988905370
1341846319.786397 -0.098579161 -0.002071534 -0.001877511 0.081515275 -0.116880797 0.036125235 0.989135504
1341846319.822008 -0.095506370 -0.002102791 -0.004045113 0.077889279 -0.119609475 0.039863113 0.988957942
1341846319.853917 -0.095971577 -0.001560024 -0.004647196 0.073090270 -0.120495491 0.042903215 0.989089489
1341846319.889942 -0.096628971 -0.002989503 -0.003158650 0.069252379 -0.121494524 0.049069520 0.988956690
1341846319.922039 -0.098162360 -0.003998076 -0.003439419 0.068601944 -0.125571489 0.050284863 0.988431573
1341846319.953946 -0.097920276 -0.004416834 -0.002778757 0.068943143 -0.131720141 0.046564072 0.987789690
1341846319.990054 -0.102448866 -0.004677322 -0.000966067 0.072100870 -0.132268533 0.040244136 0.987768650
1341846320.028122 -0.098122239 -0.004542671 -0.004292529 0.073623449 -0.138230458 0.038958214 0.986891150
1341846320.054177 -0.098043129 -0.004531889 -0.003807031 0.076854244 -0.143651843 0.038276277 0.985896826
1341846320.090047 -0.095872611 -0.002878458 -0.001074058 0.079518087 -0.146407142 0.038579725 0.985268176
1341846320.122011 -0.094925620 -0.002778728 -0.000875094 0.080122076 -0.144243911 0.039456021 0.985503614
1341846320.157952 -0.093672849 -0.002953540 0.000532446 0.080591917 -0.142123863 0.040340103 0.985737503
1341846320.190003 -0.091685683 -0.004749327 -0.000182447 0.082634620 -0.139377177 0.039450727 0.985996544
1341846320.221941 -0.091121458 -0.004672520 0.001083063 0.086740471 -0.136065528 0.041416787 0.986025810
1341846320.258015 -0.089778595 -0.005527750 0.000827110 0.090308204 -0.135317519 0.044155594 0.985689521
1341846320.289887 -0.088503920 -0.007840576 -0.000728490 0.094298452 -0.135893494 0.044272766 0.985231280
1341846320.321954 -0.086189628 -0.006363781 0.000059853 0.104521133 -0.138103813 0.043948885 0.983906090
1341846320.357890 -0.084089242 -0.005279652 0.000472100 0.109911650 -0.137835026 0.045116164 0.983303308
1341846320.390064 -0.080458462 -0.004554629 -0.001735857 0.111515038 -0.135204285 0.044937637 0.983496189
1341846320.426544 -0.077685386 -0.005236618 0.000617185 0.114227690 -0.128531039 0.042421382 0.984191179
1341846320.458122 -0.077257283 -0.005294047 0.002170163 0.115459196 -0.120952711 0.040055722 0.985106707
1341846320.490186 -0.074529007 -0.006235210 -0.000329814 0.118512973 -0.114325300 0.039790642 0.985546112
1341846320.525911 -0.072530933 -0.005702775 0.000526986 0.122441188 -0.106991701 0.037873000 0.985964775
1341846320.558091 -0.071976155 -0.005148814 -0.001507792 0.123819217 -0.101931043 0.032561686 0.986518383
1341846320.594093 -0.072835669 -0.006129689 0.004295902 0.125353515 -0.096284628 0.030372638 0.986961663
1341846320.631955 -0.067822658 -0.005484343 0.000874186 0.127793878 -0.090218477 0.028882554 0.987266541
1341846320.664916 -0.065732874 -0.005439912 -0.001780917 0.127556980 -0.088045493 0.027509701 0.987532496
1341846320.699927 -0.062608376 -0.006096879 -0.001053998 0.127356529 -0.085667007 0.026709424 0.987789512
1341846320.731822 -0.061876155 -0.005027478 -0.000299382 0.130195156 -0.078424908 0.025260935 0.988059044
1341846320.763877 -0.062576249 -0.001408174 -0.002957647 0.128901541 -0.076466896 0.026472434 0.988350391
1341846320.799999 -0.063821055 -0.004711632 0.000772279 0.120878324 -0.076088749 0.020960446 0.989524961
1341846320.831871 -0.057674106 -0.004894620 0.008469214 0.123211391 -0.069118373 0.018417215 0.989799142
1341846320.863887 -0.062359553 -0.002914175 0.000622173 0.122759998 -0.056059215 0.017289778 0.990700960
1341846320.900014 -0.061755903 -0.004977527 0.001535528 0.114775941 -0.061157737 0.022655725 0.991248190
1341846320.931889 -0.057904467 -0.006094257 0.002263208 0.116048180 -0.061718646 0.021275232 0.991095841
1341846320.967866 -0.057401013 -0.002920625 0.001681383 0.116433538 -0.056324381 0.018889748 0.991420209
1341846321.000017 -0.056797538 -0.003721887 0.000700801 0.109931476 -0.055876337 0.016869050 0.992223978
1341846321.031860 -0.053466775 -0.005015417 0.002184344 0.107702650 -0.055886663 0.014444967 0.992506027
1341846321.068047 -0.052614767 -0.003917503 0.001790686 0.108522318 -0.052289207 0.011573624 0.992650390
1341846321.099840 -0.052270468 -0.004180560 0.000865301 0.105980337 -0.050522491 0.012241275 0.993008494
1341846321.131821 -0.049141534 -0.005916909 0.002328197 0.105661564 -0.049647555 0.013998904 0.993063331
1341846321.167887 -0.048073448 -0.005083225 0.001874085 0.108701333 -0.045889441 0.014442617 0.992909670
1341846321.200042 -0.047482330 -0.004633476 0.001397599 0.109067783 -0.043338966 0.014139010 0.992988408
1341846321.231950 -0.044693686 -0.005436081 0.000940561 0.108290412 -0.043252155 0.012740738 0.993096232
1341846321.267939 -0.042640239 -0.004762937 -0.000173748 0.109064378 -0.041420236 0.008184394 0.993137598
1341846321.299948 -0.041081246 -0.005021151 0.001169922 0.107944980 -0.037119403 0.002169283 0.993461311
1341846321.331858 -0.040957656 -0.005271109 0.002344612 0.108300216 -0.033928715 -0.001631786 0.993537724
1341846321.367913 -0.037595827 -0.006465421 0.001504436 0.109278843 -0.032143123 -0.005418020 0.993476510
1341846321.399897 -0.036963709 -0.005677802 0.002302654 0.111726306 -0.026911017 -0.006567623 0.993352830
1341846321.435994 -0.036973372 -0.006452223 0.002552859 0.112998396 -0.023037955 -0.007080874 0.993302822
1341846321.467946 -0.035464074 -0.006108714 0.003011369 0.114998482 -0.020830130 -0.006657641 0.993124902
1341846321.499882 -0.033421651 -0.006475899 0.002023672 0.116033018 -0.018259430 -0.006279910 0.993057668
1341846321.536109 -0.029607551 -0.005215642 -0.000313328 0.116116539 -0.014286095 -0.008522465 0.993096292
1341846321.568960 -0.031228928 -0.004132258 0.003309273 0.113594040 -0.006285531 -0.011475250 0.993441105
1341846321.603938 -0.030433552 -0.005059433 0.003076917 0.110112540 -0.003765759 -0.011834165 0.993841529
1341846321.637163 -0.026086053 -0.004321572 0.000316299 0.107761666 -0.000613859 -0.012299226 0.994100511
1341846321.668306 -0.027008822 -0.003828722 0.003279436 0.103574216 0.009616870 -0.009533417 0.994529545
1341846321.704411 -0.029428231 -0.004524584 0.004058577 0.100005507 0.012187125 -0.002488649 0.994909108
1341846321.736861 -0.027642615 -0.004312503 0.005109570 0.098879203 0.009037671 0.006301009 0.995038450
1341846321.771881 -0.026411736 -0.002760027 0.003938220 0.096634403 0.009128788 0.011443317 0.995212317
1341846321.804114 -0.025038466 -0.002970806 0.004571437 0.092394225 0.011029962 0.014535084 0.995555282
1341846321.836152 -0.024867620 -0.002168263 0.004808242 0.089749247 0.013658349 0.014893074 0.995759368
1341846321.871882 -0.024421215 -0.000914321 0.004778153 0.085094236 0.015040389 0.012329176 0.996183097
1341846321.904074 -0.023316573 -0.001654132 0.004976407 0.078160577 0.016228758 0.008669045 0.996770978
1341846321.939847 -0.022721920 -0.002430630 0.006179514 0.074033812 0.019223370 0.006173342 0.997051299
1341846322.004094 -0.023252046 -0.002962779 0.006948638 0.067150928 0.017302936 0.006019884 0.997574627
1341846322.034203 -0.020950958 -0.003519948 0.006586485 0.065296523 0.017492067 0.004620371 0.997701883
1341846322.066178 -0.020875584 -0.004170957 0.006871869 0.062117312 0.021791970 0.002685674 0.997827351
1341846322.107979 -0.021411613 -0.006271610 0.006742443 0.059344877 0.024079578 0.001570541 0.997945845
1341846322.133980 -0.021535834 -0.008636679 0.007118939 0.060285252 0.024807196 -0.000649766 0.997872651
1341846322.166164 -0.022012532 -0.009081339 0.007048159 0.062511377 0.024249895 0.001006853 0.997749090
1341846322.202932 -0.021380555 -0.010016885 0.006347348 0.063598834 0.021439582 0.001642241 0.997743905
1341846322.234093 -0.021486325 -0.010155405 0.006184923 0.062744789 0.020092951 -0.000593177 0.997827172
1341846322.265941 -0.021492409 -0.011728113 0.005837515 0.060005449 0.017192101 -0.000167524 0.998049974
1341846322.301996 -0.019931825 -0.013747403 0.006211677 0.057883110 0.014639060 0.001297508 0.998215199
1341846322.333949 -0.021388194 -0.015957288 0.005877466 0.056604818 0.013520755 0.000591777 0.998304963
1341846322.369871 -0.020396363 -0.017874319 0.005959890 0.057458643 0.007853865 -0.002487820 0.998313904
1341846322.402292 -0.018617446 -0.019941952 0.005988692 0.059252527 0.008646830 -0.008620222 0.998168349
1341846322.433955 -0.020947533 -0.024022136 0.006931549 0.063397914 0.011371893 -0.013398647 0.997833610
1341846322.470030 -0.020211957 -0.024566516 0.005928893 0.071846604 0.006111838 -0.008845052 0.997357726
1341846322.502433 -0.019164765 -0.026171025 0.004708447 0.077431418 0.002982038 -0.005872163 0.996975958
1341846322.534002 -0.018336425 -0.029911568 0.005895375 0.084391803 0.002232648 -0.003975743 0.996422172
1341846322.570196 -0.018510610 -0.030805312 0.006060680 0.094713263 0.001919454 -0.001409004 0.995501757
1341846322.601920 -0.019068940 -0.031619735 0.004736058 0.100137740 -0.001147188 0.001983264 0.994970918
1341846322.638119 -0.016721120 -0.033989944 0.005982353 0.105305180 -0.005233175 0.001476710 0.994425118
1341846322.669947 -0.015941298 -0.034089610 0.005408647 0.110921949 -0.002334744 -0.000055094 0.993826330
1341846322.702026 -0.018056350 -0.035605073 0.006015524 0.113780297 0.000423323 0.001307323 0.993504941
1341846322.738006 -0.017021384 -0.035536285 0.005723794 0.115301199 -0.002829844 0.003330695 0.993320942
1341846322.770087 -0.015722493 -0.038560204 0.006575182 0.114964776 -0.002615820 0.002880109 0.993361950
1341846322.806047 -0.018123576 -0.039907388 0.007397125 0.118579514 -0.001622670 0.004174358 0.992934465
1341846322.838063 -0.018232109 -0.040579043 0.007030662 0.120457068 -0.006167933 0.006483897 0.992678165
1341846322.870081 -0.017437065 -0.042879723 0.007297907 0.121893153 -0.011651946 0.007387279 0.992447317
1341846322.906018 -0.015497643 -0.042086605 0.008315212 0.127806172 -0.013870426 0.008275366 0.991667628
1341846322.938349 -0.015633266 -0.041981224 0.006981488 0.128051087 -0.012798097 0.008419841 0.991649210
1341846322.970069 -0.015463228 -0.041241273 0.007967313 0.123920880 -0.013125742 0.011556998 0.992137969
1341846323.011820 -0.014985389 -0.043240968 0.008217195 0.121128462 -0.012837746 0.011524607 0.992486894
1341846323.038050 -0.015609307 -0.043619398 0.009070219 0.120851360 -0.012311717 0.014418759 0.992489517
1341846323.073951 -0.015535311 -0.043337811 0.009482168 0.118512660 -0.012834675 0.016131323 0.992738545
1341846323.105962 -0.015284120 -0.045576155 0.009972686 0.115376972 -0.012842085 0.016358962 0.993104041
1341846323.138158 -0.015228512 -0.046050131 0.009290652 0.115903124 -0.012732405 0.012719708 0.993097484
1341846323.174092 -0.015634438 -0.046093740 0.009214224 0.114260398 -0.012968829 0.011223594 0.993302763
1341846323.206059 -0.014250658 -0.047085244 0.009165774 0.111139111 -0.014125258 0.009029008 0.993663490
1341846323.238053 -0.013788544 -0.047495559 0.009007429 0.108629286 -0.011214156 0.006781289 0.993995965
1341846323.273997 -0.016075239 -0.047556013 0.008312758 0.104739293 -0.009872557 0.007774296 0.994420350
1341846323.305946 -0.014911176 -0.049267862 0.008967366 0.098861344 -0.014552613 0.008845634 0.994955540
1341846323.342027 -0.011745706 -0.051638581 0.009708842 0.096734747 -0.013948570 0.006912971 0.995188415
1341846323.374048 -0.014652930 -0.052664440 0.010178029 0.096920118 -0.009584744 0.008883880 0.995206416
1341846323.405987 -0.017268753 -0.054224916 0.007654589 0.096756317 -0.012400207 0.012603967 0.995151043
1341846323.441956 -0.014610650 -0.055860564 0.010600679 0.097575672 -0.017859573 0.015723087 0.994943678
1341846323.473878 -0.014145403 -0.057174865 0.011090202 0.101989955 -0.016675824 0.013841649 0.994549334
1341846323.506129 -0.014273034 -0.056515273 0.008371196 0.104185201 -0.016643671 0.012153982 0.994344413
1341846323.541972 -0.013721983 -0.056354623 0.009079025 0.103537560 -0.016790446 0.009532458 0.994438112
1341846323.573913 -0.011644829 -0.059067667 0.009436326 0.102213934 -0.013404034 0.004349879 0.994662642
1341846323.609927 -0.013352172 -0.058730241 0.009497558 0.103364550 -0.006684711 0.000755092 0.994620800
1341846323.642014 -0.014689542 -0.060585178 0.008882981 0.101813070 -0.004616840 0.001571194 0.994791567
1341846323.674081 -0.015091827 -0.062246367 0.009267196 0.101436347 -0.006237098 0.004157819 0.994813800
1341846323.710069 -0.014920325 -0.064861298 0.009356308 0.102546148 -0.007671400 0.008421303 0.994663060
1341846323.742111 -0.015115556 -0.065086849 0.008355415 0.107615255 -0.009264196 0.008660457 0.994111717
1341846323.774928 -0.014822697 -0.064571321 0.007967650 0.111481182 -0.011688667 0.005657219 0.993681669
1341846323.810012 -0.014130282 -0.066305317 0.007765543 0.112064146 -0.013294089 0.002947126 0.993607700
1341846323.842207 -0.014100335 -0.065622166 0.007526922 0.114569142 -0.012967655 -0.002769787 0.993326783
1341846323.878019 -0.015437786 -0.066986218 0.006854692 0.115222745 -0.013092386 -0.007216497 0.993227184
1341846323.909826 -0.014424243 -0.070013598 0.007228027 0.117276199 -0.015446634 -0.010082936 0.992928028
1341846323.942459 -0.015425496 -0.070471890 0.006622568 0.121186770 -0.015057150 -0.011498579 0.992448926
1341846323.978055 -0.015831357 -0.071128570 0.006716324 0.123185202 -0.017776303 -0.009586168 0.992178202
1341846324.015934 -0.014660482 -0.070407934 0.006830580 0.127586216 -0.020333456 -0.009802477 0.991570592
1341846324.047722 -0.014305453 -0.069415629 0.006043848 0.131382942 -0.018800084 -0.011398760 0.991087854
1341846324.083904 -0.014289695 -0.067747623 0.005731515 0.131724268 -0.017461056 -0.011347887 0.991067648
1341846324.115968 -0.013800648 -0.067404658 0.005075242 0.129495665 -0.015951661 -0.012957275 0.991366982
1341846324.151967 -0.013267174 -0.066824906 0.004597825 0.129020005 -0.013187593 -0.017933754 0.991392136
1341846324.183941 -0.014308563 -0.063987799 0.006570934 0.127385795 -0.008467161 -0.021625288 0.991581321
1341846324.219984 -0.014253196 -0.065292828 0.006720309 0.121842109 -0.006856971 -0.019722670 0.992329836
1341846324.251968 -0.015325496 -0.063895531 0.006990082 0.122131400 -0.006405585 -0.020778589 0.992275774
1341846324.284052 -0.015499481 -0.062360868 0.006678143 0.122735940 -0.006941380 -0.021668486 0.992178500
1341846324.319880 -0.016200028 -0.060469359 0.006194126 0.121457644 -0.009979459 -0.022525400 0.992290795
1341846324.351917 -0.015268237 -0.057715472 0.007372984 0.118532918 -0.014097408 -0.022325555 0.992599010
1341846324.388001 -0.014333528 -0.056707162 0.006267381 0.114234105 -0.013908832 -0.027118374 0.992986262
1341846324.419908 -0.014706597 -0.055081885 0.007728634 0.109630495 -0.011825244 -0.029208552 0.993472815
1341846324.452027 -0.015567568 -0.055473898 0.008679429 0.104447708 -0.011159283 -0.029693784 0.994024396
1341846324.487928 -0.015965628 -0.054849986 0.008830358 0.102881849 -0.011413647 -0.027981902 0.994234443
1341846324.519985 -0.017101116 -0.053171720 0.008139095 0.101579376 -0.013228925 -0.023363981 0.994465053
1341846324.556001 -0.016974058 -0.050328571 0.008075025 0.100316294 -0.018313183 -0.019022666 0.994605124
1341846324.587888 -0.016646173 -0.047868110 0.009073948 0.097427346 -0.021456245 -0.016625153 0.994872451
1341846324.620086 -0.016587887 -0.047090732 0.009358577 0.095015787 -0.023931811 -0.018932745 0.995007932
1341846324.655955 -0.016066894 -0.045203146 0.009912492 0.094264932 -0.025240187 -0.020522604 0.995015502
1341846324.688082 -0.016497679 -0.044838194 0.010053011 0.093396567 -0.024895264 -0.019465284 0.995127320
1341846324.755922 -0.018665500 -0.039887257 0.008645235 0.094790623 -0.027220784 -0.016086286 0.994994998
1341846324.782029 -0.017967641 -0.037442308 0.010592282 0.093275815 -0.032524440 -0.016596543 0.994970500
1341846324.814016 -0.015554463 -0.035136778 0.008997066 0.090027869 -0.034415316 -0.018680409 0.995169103
1341846324.849979 -0.017653139 -0.033736903 0.012300460 0.084540755 -0.030163964 -0.021331144 0.995734930
1341846324.881924 -0.018750109 -0.033360887 0.012402544 0.081378855 -0.030991014 -0.021758292 0.995963693
1341846324.913902 -0.017797571 -0.033209253 0.012111759 0.079831339 -0.033124041 -0.019032164 0.996076047
1341846324.949999 -0.018178089 -0.033975031 0.012922708 0.079584397 -0.033242244 -0.015692426 0.996150076
1341846324.981922 -0.020350849 -0.033696499 0.012694543 0.083448909 -0.034820471 -0.012730357 0.995822191
1341846325.018013 -0.020465689 -0.031511281 0.012199074 0.088029027 -0.039891891 -0.009849230 0.995270073
1341846325.050079 -0.020459369 -0.029010678 0.011512595 0.090291992 -0.045035925 -0.011164100 0.994833887
1341846325.081901 -0.019375654 -0.024699638 0.011227604 0.090668313 -0.050783247 -0.012106421 0.994511843
1341846325.118531 -0.017535480 -0.024142686 0.011441328 0.085862622 -0.053289954 -0.014308542 0.994777918
1341846325.149933 -0.018109934 -0.023968013 0.011585171 0.079979412 -0.050415508 -0.016590975 0.995382488
1341846325.181925 -0.018763568 -0.023533020 0.011960990 0.076599941 -0.048951853 -0.014350385 0.995756090
1341846325.218055 -0.018906506 -0.022611875 0.012771658 0.073754497 -0.048991911 -0.010193869 0.996020138
1341846325.249811 -0.019181916 -0.021067942 0.012974947 0.071835905 -0.048964478 -0.006678066 0.996191502
1341846325.285925 -0.018545805 -0.019613499 0.012831783 0.069291279 -0.049880318 -0.003452964 0.996342659
1341846325.317988 -0.017069824 -0.020275038 0.013901736 0.066578269 -0.047860924 -0.000888245 0.996632278
1341846325.349844 -0.017685410 -0.020735789 0.014618998 0.069285713 -0.043170881 0.001739677 0.996660829
1341846325.387302 -0.017428061 -0.018972406 0.014737607 0.074195996 -0.040740427 0.004518550 0.996400893
1341846325.417931 -0.016531214 -0.017797500 0.014093342 0.077108532 -0.035701469 0.007648004 0.996353924
1341846325.450747 -0.014004651 -0.019276334 0.014925037 0.080937080 -0.029367866 0.010019391 0.996236086
1341846325.485954 -0.017898314 -0.015206208 0.016371714 0.091252282 -0.020515535 0.011273294 0.995552659
1341846325.517875 -0.018176939 -0.013961362 0.016034683 0.094787188 -0.017633080 0.013946545 0.995243669
1341846325.553859 -0.018022092 -0.012956667 0.015808612 0.098051049 -0.014125030 0.013434982 0.994990468
1341846325.585855 -0.018831369 -0.010505641 0.015367234 0.100637913 -0.010786943 0.012042606 0.994791746
1341846325.617990 -0.018852524 -0.007872008 0.015399629 0.098238923 -0.009130554 0.009832020 0.995072365
1341846325.653982 -0.019427015 -0.010389776 0.016687350 0.094374731 -0.007055975 0.007100475 0.995486438
1341846325.685819 -0.019817445 -0.010209682 0.017194767 0.099542215 -0.005519116 0.008764156 0.994979441
1341846325.717857 -0.020350952 -0.007824237 0.017919676 0.104366101 -0.004557331 0.015915977 0.994401157
1341846325.754083 -0.020791939 -0.008016806 0.017884957 0.106874257 -0.004359524 0.020347139 0.994054735
1341846325.786087 -0.020228807 -0.006618156 0.017896399 0.113819748 -0.004178817 0.021696139 0.993255734
1341846325.821856 -0.020440474 -0.003950594 0.018164122 0.118120506 -0.002356851 0.023254180 0.992724180
1341846325.853827 -0.021555245 -0.003085867 0.018191274 0.118696444 -0.001288072 0.026491312 0.992576301
1341846325.885958 -0.022528857 -0.001379250 0.017270854 0.119287334 -0.003903661 0.032095022 0.992333233
1341846325.921984 -0.021849602 -0.001014022 0.017892921 0.117982671 -0.008060900 0.036229033 0.992321789
1341846325.953899 -0.019980056 -0.000106778 0.018675460 0.121171832 -0.008746020 0.038551807 0.991844058
1341846325.985823 -0.020825328 0.001684978 0.019493461 0.124035843 -0.005528161 0.042553023 0.991349459
1341846326.021991 -0.021687320 0.001518077 0.019109741 0.126142859 -0.005031913 0.048479524 0.990814030
1341846326.054055 -0.021103214 0.003655984 0.019893326 0.131616458 -0.006212555 0.052083936 0.989911973
1341846326.089984 -0.020097043 0.006230177 0.019781040 0.134511292 -0.004812135 0.051629137 0.989554465
1341846326.121822 -0.020208165 0.007804840 0.020231554 0.134208843 -0.000539184 0.049602654 0.989710748
1341846326.154079 -0.020996364 0.007943224 0.021185031 0.134563506 0.002106425 0.048162311 0.989731610
1341846326.190178 -0.021616923 0.009588548 0.020941027 0.137016281 0.001892145 0.050296657 0.989289224
1341846326.222162 -0.021931661 0.012175173 0.021017799 0.136722192 -0.000023701 0.056267876 0.989010096
1341846326.259181 -0.022106715 0.014157943 0.021560887 0.133811995 -0.002457055 0.059588429 0.989210546
1341846326.291222 -0.021535393 0.014759129 0.022966111 0.129948467 -0.003428270 0.060309578 0.989678919
1341846326.322766 -0.020969419 0.016560337 0.023154309 0.126280308 -0.003314722 0.059168901 0.990222871
1341846326.359773 -0.020947319 0.017137859 0.024015138 0.122405596 -0.001693811 0.056681033 0.990858853
1341846326.392109 -0.020770354 0.016192157 0.025375510 0.120363533 0.000018341 0.057651427 0.991054475
1341846326.423985 -0.021660235 0.016998865 0.025598003 0.124583080 0.001134649 0.062759258 0.990221679
1341846326.459869 -0.022110784 0.019502301 0.025261298 0.127011806 -0.001288146 0.066666700 0.989657462
1341846326.491143 -0.020937206 0.020833008 0.025613623 0.127956122 -0.002819077 0.066443428 0.989547670
1341846326.526163 -0.020183768 0.024131963 0.025325546 0.127607733 -0.000212223 0.065832622 0.989637434
1341846326.560211 -0.020608408 0.025519833 0.027252808 0.122748591 0.003769388 0.066033386 0.990231335
1341846326.591828 -0.021294164 0.025790611 0.027637776 0.119346574 0.006120657 0.067442469 0.990540445
1341846326.627027 -0.021012250 0.027269233 0.027457988 0.119129039 0.007609271 0.066983171 0.990587473
1341846326.658442 -0.020595785 0.030075684 0.028174525 0.118030697 0.011251833 0.064881675 0.990824163
1341846326.694856 -0.021455815 0.031677172 0.028437346 0.114260934 0.015383312 0.064857833 0.991212010
1341846326.726206 -0.021326434 0.033258960 0.029054262 0.108336650 0.016381456 0.062752321 0.991996467
1341846326.762753 -0.020570565 0.034781739 0.028389305 0.102413878 0.018685762 0.059535716 0.992782831
1341846326.794046 -0.021129271 0.037204091 0.029136021 0.096101090 0.022558857 0.057326682 0.993463278
1341846326.826821 -0.021032365 0.039511178 0.029687045 0.088735349 0.025030835 0.055781413 0.994176984
1341846326.858887 -0.021714786 0.040075440 0.030368347 0.079606004 0.026875572 0.053944446 0.995002806
1341846326.895360 -0.022342058 0.038970515 0.031804390 0.076558664 0.026598386 0.055310015 0.995174408
1341846326.926897 -0.022932339 0.039894793 0.031076288 0.078449652 0.023147041 0.057234511 0.995004535
1341846326.958888 -0.021693187 0.042074654 0.030591445 0.081248976 0.020179646 0.060305934 0.994663060
1341846326.994594 -0.021431077 0.043868121 0.029794019 0.082027078 0.020605555 0.062597647 0.994448841
1341846327.026301 -0.021055607 0.045891333 0.031085124 0.080785111 0.021621795 0.062114418 0.994559228
1341846327.063945 -0.020803135 0.046647292 0.030772492 0.077261776 0.023800448 0.059106290 0.994972646
1341846327.094662 -0.021042334 0.048040535 0.031810466 0.076878026 0.026391994 0.056683637 0.995077968
1341846327.128901 -0.021580735 0.049131628 0.032395430 0.076237157 0.026774557 0.055043958 0.995209098
1341846327.161940 -0.021500455 0.050540403 0.032324050 0.074914537 0.025825363 0.054578032 0.995360315
1341846327.193867 -0.020358877 0.051238667 0.032846350 0.073743381 0.026528556 0.053266764 0.995500326
1341846327.229885 -0.019982433 0.053456835 0.032802060 0.075390004 0.029780313 0.051305372 0.995387971
1341846327.262014 -0.019745570 0.055481121 0.034361474 0.075297028 0.034212533 0.048726365 0.995382130
1341846327.294023 -0.012831323 0.056490231 0.036480311 0.079053193 0.039811172 0.049006127 0.994868875
1341846327.330015 -0.019040361 0.059752226 0.032930024 0.081582472 0.056944471 0.038384512 0.994297862
1341846327.361939 -0.019768879 0.061535053 0.034316104 0.079252452 0.062432900 0.033985347 0.994316936
1341846327.393887 -0.020295959 0.062122058 0.034933902 0.077182636 0.065149762 0.026784390 0.994525492
1341846327.429966 -0.022006301 0.065259822 0.034203585 0.076369002 0.066072017 0.025651233 0.994557321
1341846327.461965 -0.022282161 0.067581609 0.037154667 0.067744412 0.061744075 0.025747560 0.995457411
1341846327.497931 -0.020759730 0.067939460 0.036258765 0.062568396 0.058784004 0.023779167 0.996024191
1341846327.530068 -0.020747207 0.070518322 0.037305128 0.062249113 0.059186045 0.027025603 0.995937586
1341846327.561895 -0.021540616 0.071924515 0.039275639 0.060697649 0.057575189 0.031289667 0.996002913
1341846327.598010 -0.021756126 0.071673818 0.040471639 0.061413843 0.055132061 0.035062078 0.995971620
1341846327.629945 -0.021777736 0.074545339 0.041305467 0.063554212 0.049610492 0.036738656 0.996067226
1341846327.662003 -0.022380287 0.074857421 0.040819481 0.062568635 0.046592955 0.032914151 0.996408999
1341846327.697919 -0.022224668 0.078472413 0.039871193 0.065177508 0.045518972 0.032539256 0.996303737
1341846327.730075 -0.022578124 0.080651097 0.039927479 0.062743306 0.044651251 0.034617826 0.996429205
1341846327.766017 -0.022202363 0.081342697 0.040240321 0.057012152 0.043726619 0.035424400 0.996786177
1341846327.797917 -0.022306941 0.084175795 0.040754799 0.053961817 0.043275237 0.037891764 0.996884942
1341846327.830054 -0.022560755 0.084681928 0.040773332 0.046186943 0.043152798 0.037609532 0.997291386
1341846327.865944 -0.022060439 0.085342541 0.040624067 0.041686218 0.044098895 0.037863366 0.997438669
1341846327.898010 -0.022388108 0.087755300 0.041530460 0.040290929 0.045388196 0.039169498 0.997387707
1341846327.929991 -0.021896979 0.088836178 0.042500094 0.035992891 0.043475378 0.036815174 0.997726917
1341846327.966065 -0.022159519 0.090143830 0.041791636 0.031870432 0.043803412 0.034963451 0.997919381
1341846327.998073 -0.021977330 0.091424823 0.041934952 0.025465991 0.044627301 0.032262400 0.998157799
1341846328.034045 -0.021890793 0.092164740 0.041988343 0.019571543 0.045527447 0.029955365 0.998322010
1341846328.065993 -0.022045642 0.093005404 0.041943014 0.014499054 0.046446871 0.030669082 0.998344600
1341846328.098045 -0.022129625 0.090859525 0.043019742 0.011583959 0.047243468 0.030744381 0.998342931
1341846328.133967 -0.022208190 0.090538554 0.042687058 0.014483182 0.045932911 0.033994004 0.998260915
1341846328.166023 -0.022321759 0.089978866 0.042973060 0.013732973 0.043347865 0.034543652 0.998368204
1341846328.198018 -0.022323271 0.087525137 0.042521935 0.012180744 0.040879946 0.030965457 0.998609841
1341846328.234044 -0.022880619 0.086007036 0.041220084 0.014686320 0.039604597 0.030261248 0.998649120
1341846328.265899 -0.022623492 0.084234878 0.040966231 0.016320465 0.037564181 0.031471059 0.998665154
1341846328.302051 -0.022575287 0.081412643 0.039378565 0.018105028 0.036989424 0.032226227 0.998631775
1341846328.333917 -0.023187894 0.078661397 0.039513234 0.020660674 0.037588850 0.034171835 0.998495162
1341846328.366008 -0.022699814 0.077387169 0.039801624 0.026545875 0.036714725 0.031199714 0.998485804
1341846328.402010 -0.022048518 0.074151911 0.038080025 0.038741734 0.038014255 0.033666376 0.997958183
1341846328.433920 -0.023896575 0.069125101 0.038720317 0.039733972 0.038111638 0.031853907 0.997974992
1341846328.470003 -0.022488184 0.067115076 0.037697140 0.040128719 0.035102889 0.027649457 0.998194873
1341846328.502194 -0.021539591 0.065216005 0.037267074 0.041393492 0.036494397 0.021050265 0.998254299
1341846328.534033 -0.020928847 0.061886791 0.036670845 0.042234361 0.039052140 0.017930448 0.998183191
1341846328.570125 -0.021677110 0.058440115 0.036981612 0.043716889 0.040727384 0.017079405 0.998067379
1341846328.602804 -0.021960180 0.055292394 0.037985638 0.049095944 0.035382826 0.020309376 0.997960508
1341846328.636433 -0.022588415 0.051387116 0.034827240 0.052988756 0.028995359 0.019829914 0.997977078
1341846328.672663 -0.022421632 0.049120028 0.034584220 0.058203731 0.023537785 0.017408665 0.997875392
1341846328.702975 -0.020307153 0.047535501 0.034178372 0.060565427 0.017905992 0.018512508 0.997831881
1341846328.738215 -0.019850031 0.044011831 0.034782112 0.064936645 0.016393298 0.014490087 0.997649491
1341846328.770129 -0.019280506 0.042461783 0.033677727 0.068573989 0.014552383 0.014355257 0.997436583
1341846328.802331 -0.018865962 0.040148996 0.032505650 0.069064237 0.011101739 0.015478558 0.997430325
1341846328.838051 -0.018495839 0.037505168 0.032667957 0.072763115 0.008896900 0.012342548 0.997233212
1341846328.869939 -0.017986236 0.037730325 0.031023413 0.073310263 0.007306294 0.012513949 0.997203887
1341846328.904486 -0.018381918 0.035111763 0.030737635 0.068424754 0.004710288 0.012134075 0.997571349
1341846328.939814 -0.017354514 0.031243334 0.030895432 0.070366658 0.001158020 0.011846740 0.997450173
1341846328.970217 -0.017063826 0.030209508 0.029605603 0.074181132 -0.000952314 0.016067823 0.997114837
1341846329.006232 -0.016744748 0.028543074 0.029140089 0.074767791 -0.003325035 0.019887686 0.996997058
1341846329.038243 -0.016655175 0.026783915 0.029111722 0.078806743 -0.003902718 0.019109620 0.996699095
1341846329.072238 -0.015524007 0.027160067 0.028137960 0.083338305 -0.004385290 0.020378102 0.996303260
1341846329.106125 -0.015558786 0.026454670 0.026839728 0.082181312 -0.005136780 0.019328909 0.996416688
1341846329.138340 -0.015837964 0.023668773 0.027566576 0.083087914 -0.005404606 0.016848912 0.996385098
1341846329.169991 -0.015297084 0.023502331 0.026219530 0.085308783 -0.007049892 0.016357724 0.996195316
1341846329.208656 -0.015021451 0.021733124 0.026156921 0.085198119 -0.008019178 0.015209134 0.996215641
1341846329.238169 -0.014283333 0.021914721 0.025757328 0.085172765 -0.009627425 0.015716819 0.996195674
1341846329.273827 -0.014263600 0.019672621 0.025511399 0.082715183 -0.010591214 0.016523551 0.996379912
1341846329.306052 -0.014316778 0.019309431 0.025753673 0.083711281 -0.013089411 0.015761478 0.996279418
1341846329.338104 -0.013610482 0.019171501 0.025044210 0.080301166 -0.015072217 0.013607440 0.996563792
1341846329.373907 -0.014089256 0.015774431 0.024556028 0.075814709 -0.015363482 0.011995471 0.996931434
1341846329.405985 -0.013941665 0.014609402 0.024076665 0.077135064 -0.016929582 0.009165289 0.996834755
1341846329.442057 -0.013855461 0.014288756 0.023011310 0.076748051 -0.017150871 0.005471563 0.996887982
1341846329.473950 -0.014029193 0.012076827 0.022506930 0.075361900 -0.018127386 -0.000606076 0.996991277
1341846329.506147 -0.014267021 0.011533826 0.021976028 0.075866073 -0.019677168 -0.004128534 0.996915281
1341846329.542121 -0.014972568 0.010056407 0.020631107 0.074037917 -0.022402374 -0.004857696 0.996991932
1341846329.574086 -0.014113082 0.007475265 0.021535730 0.075967938 -0.025401633 -0.005617759 0.996770859
1341846329.606387 -0.014246687 0.007471073 0.020332050 0.078724362 -0.025532393 -0.007101824 0.996544123
1341846329.641955 -0.014822834 0.007103431 0.020046808 0.078857034 -0.026597671 -0.006639100 0.996508896
1341846329.681570 -0.015117293 0.005251824 0.020289036 0.077691332 -0.029386152 -0.006526173 0.996522903
1341846329.748113 -0.013928946 0.004508129 0.019548729 0.079902828 -0.030004567 -0.008856458 0.996311665
1341846329.774077 -0.013876225 0.002522135 0.019497499 0.077309228 -0.028249847 -0.005952301 0.996589065
1341846329.810175 -0.014512827 0.000825169 0.019096693 0.077240929 -0.026369005 -0.004162487 0.996655047
1341846329.842255 -0.014642770 -0.000322725 0.019390218 0.078808144 -0.026293799 -0.001160446 0.996542335
1341846329.874044 -0.014901591 -0.001307610 0.019252399 0.080560595 -0.026309855 0.002418278 0.996399462
1341846329.910073 -0.014950595 -0.000453554 0.018602971 0.081169605 -0.026725186 0.004376937 0.996332347
1341846329.942009 -0.015431570 -0.000715973 0.019108076 0.076561451 -0.026976140 0.009422113 0.996655345
1341846329.978087 -0.015183708 -0.004337268 0.018729921 0.073728234 -0.027521051 0.011484400 0.996832430
1341846330.016305 -0.014465241 -0.003213227 0.017839462 0.076127671 -0.026783472 0.009052014 0.996697187
1341846330.048192 -0.015354389 -0.002521827 0.018003678 0.072410949 -0.025046131 0.010262053 0.997007549
1341846330.080418 -0.015228800 -0.005274913 0.018016154 0.067580402 -0.025266871 0.012411865 0.997316599
1341846330.115886 -0.015140468 -0.007551672 0.017585877 0.069976382 -0.023650458 0.013168978 0.997181296
1341846330.147839 -0.015873326 -0.005480476 0.016794624 0.072983034 -0.023180885 0.014802354 0.996953845
1341846330.181257 -0.015886707 -0.003478468 0.016669834 0.069017842 -0.023752967 0.017816227 0.997173429
1341846330.215852 -0.015825536 -0.005959814 0.016925095 0.061871361 -0.022702362 0.017447392 0.997673333
1341846330.247833 -0.016206384 -0.006801045 0.017372869 0.059805468 -0.022144172 0.017016832 0.997819304
1341846330.283913 -0.016785009 -0.004478510 0.016316811 0.057507981 -0.022420099 0.016383195 0.997958779
1341846330.316011 -0.016863532 -0.007253151 0.016735308 0.049755719 -0.023360604 0.015679482 0.998365045
1341846330.347868 -0.016930990 -0.008359464 0.016432399 0.047428936 -0.025107365 0.015075237 0.998445213
1341846330.383835 -0.016378190 -0.008577804 0.016656324 0.045727480 -0.025736567 0.015537772 0.998501480
1341846330.415934 -0.016693417 -0.010634052 0.016585574 0.044701107 -0.024711972 0.013888495 0.998598158
1341846330.452561 -0.017505201 -0.010870543 0.016539728 0.047643397 -0.024819719 0.012021897 0.998483658
1341846330.483903 -0.017955266 -0.010087415 0.015747935 0.048031520 -0.026579617 0.014940090 0.998380303
1341846330.515970 -0.017902443 -0.011523968 0.016019462 0.045944814 -0.028986759 0.018306809 0.998355508
1341846330.552099 -0.017585373 -0.011970222 0.015419230 0.047224708 -0.030366004 0.020595770 0.998210192
1341846330.583876 -0.018265333 -0.010549624 0.014962547 0.047269270 -0.030168692 0.020769253 0.998210430
1341846330.619992 -0.018997742 -0.009096429 0.014077363 0.043325137 -0.031041853 0.020488380 0.998368442
1341846330.652136 -0.018520739 -0.010278536 0.014163100 0.036425948 -0.032888640 0.018455140 0.998624504
1341846330.683796 -0.018920211 -0.010845194 0.014056262 0.031760007 -0.032446142 0.017573254 0.998814166
1341846330.719991 -0.019920958 -0.013261648 0.013173229 0.028189499 -0.034360185 0.018504865 0.998840451
1341846330.752103 -0.020318979 -0.013580681 0.013176677 0.029935984 -0.038555570 0.022786424 0.998547971
1341846330.787952 -0.021419866 -0.012408393 0.011891937 0.031604767 -0.042376820 0.025626654 0.998272836
1341846330.819823 -0.020600377 -0.012325755 0.011116086 0.031192094 -0.047335319 0.026768290 0.998033047
1341846330.852208 -0.020788083 -0.011438433 0.010710821 0.030933553 -0.048894227 0.027785944 0.997938037
1341846330.888445 -0.021382514 -0.009543195 0.010560242 0.028258443 -0.050662186 0.028856006 0.997898877
1341846330.914111 -0.021144154 -0.009560019 0.010358472 0.022505058 -0.052095924 0.027368778 0.998013258
1341846330.949903 -0.021890800 -0.011522774 0.011273823 0.018543111 -0.053114239 0.027578460 0.998035312
1341846330.981986 -0.022795772 -0.011049994 0.010499107 0.019669266 -0.057074856 0.027707063 0.997791529
1341846331.014111 -0.022545874 -0.010190105 0.010154808 0.019460376 -0.061200678 0.028324978 0.997533679
1341846331.082139 -0.022624597 -0.010667776 0.009537045 0.021296961 -0.064219795 0.024881953 0.997398198
1341846331.114334 -0.022731168 -0.010373572 0.009168801 0.020893849 -0.066501394 0.025387095 0.997244418
1341846331.149989 -0.022426354 -0.011459093 0.009283443 0.020797616 -0.067459226 0.024345728 0.997208118
1341846331.181954 -0.022976773 -0.011383048 0.008730727 0.024249816 -0.067519687 0.022726869 0.997164249
1341846331.218151 -0.024123508 -0.009242670 0.007551168 0.024730654 -0.070280224 0.023539681 0.996942818
1341846331.249914 -0.022433164 -0.010824929 0.008718910 0.021707820 -0.072789170 0.023107488 0.996843278
1341846331.282227 -0.019904260 -0.013219140 0.008305595 0.026104240 -0.069690235 0.021474672 0.996995807
1341846331.318141 -0.021381045 -0.010457130 0.008969413 0.032820690 -0.063453265 0.018337833 0.997276366
1341846331.349926 -0.020881066 -0.010369823 0.008722456 0.031608809 -0.061052632 0.017624814 0.997478247
1341846331.382003 -0.016791675 -0.013440365 0.009923689 0.032769617 -0.056711789 0.019089140 0.997670054
1341846331.418008 -0.019090790 -0.011468519 0.009997041 0.041294623 -0.045281667 0.017047307 0.997974813
1341846331.450327 -0.019582946 -0.010329830 0.011440436 0.043547772 -0.040290348 0.017036863 0.998093188
1341846331.486219 -0.020978378 -0.009858490 0.011370060 0.043567538 -0.037211403 0.017458113 0.998204589
1341846331.518344 -0.019843034 -0.009844664 0.012240386 0.042608097 -0.036969077 0.016469028 0.998271823
1341846331.550202 -0.018935138 -0.010880091 0.014597788 0.044678755 -0.032819338 0.015049024 0.998348773
1341846331.586139 -0.020446993 -0.009059468 0.013963780 0.047527783 -0.030568404 0.015292109 0.998284936
1341846331.617931 -0.019196628 -0.009075311 0.014816897 0.046308197 -0.031277210 0.016099026 0.998307645
1341846331.654027 -0.017998414 -0.009801652 0.016912436 0.046776690 -0.029284054 0.017172502 0.998328328
1341846331.686123 -0.019342894 -0.008269448 0.016845057 0.049721040 -0.025672577 0.018213293 0.998266995
1341846331.717954 -0.019982416 -0.006561590 0.018228760 0.047282785 -0.026422819 0.018411672 0.998362243
1341846331.754076 -0.018235367 -0.008626718 0.020003904 0.044127163 -0.026809085 0.017710634 0.998509109
1341846331.785920 -0.018594855 -0.008663991 0.021672517 0.047063492 -0.023637474 0.016163694 0.998481333
1341846331.818053 -0.018935012 -0.007021086 0.022778478 0.048193410 -0.021862451 0.016436651 0.998463452
1341846331.853849 -0.018753244 -0.008215617 0.024724953 0.046427324 -0.021518840 0.015679320 0.998566806
1341846331.885987 -0.017661190 -0.008536312 0.026437869 0.049287371 -0.019524660 0.013712504 0.998499632
1341846331.922014 -0.018280374 -0.007679099 0.027902311 0.051459435 -0.015948378 0.012531674 0.998469114
1341846331.954037 -0.017345933 -0.007522455 0.029969592 0.051389091 -0.013791963 0.013361129 0.998494089
1341846331.986135 -0.015769862 -0.009286161 0.032898996 0.052941188 -0.009423106 0.016134981 0.998422801
1341846332.022364 -0.017647181 -0.009541712 0.033274364 0.059881136 -0.003395234 0.015145390 0.998084843
1341846332.054175 -0.018807340 -0.008786173 0.035208240 0.066379666 -0.002687978 0.016770026 0.997649908
1341846332.086502 -0.017773286 -0.008345158 0.036185987 0.069180749 -0.003289880 0.018783497 0.997421920
1341846332.122051 -0.018569611 -0.007742208 0.037670743 0.071211033 -0.001761490 0.017334376 0.997309089
1341846332.153983 -0.019006655 -0.005615924 0.039593674 0.070203304 -0.002222844 0.015884267 0.997403741
1341846332.190165 -0.019156430 -0.005860683 0.041295044 0.063540347 -0.003832742 0.013505133 0.997880518
1341846332.222699 -0.019080045 -0.008232020 0.043574061 0.060016558 -0.004179139 0.012282369 0.998113096
1341846332.254145 -0.019345585 -0.008437267 0.045281522 0.062878877 -0.003404585 0.011533970 0.997948706
1341846332.289948 -0.019725448 -0.007689499 0.046443816 0.065124318 -0.003609311 0.013488499 0.997779489
1341846332.322172 -0.019773798 -0.008160005 0.048540823 0.065580092 -0.003933155 0.015171635 0.997724235
1341846332.354003 -0.018721003 -0.008761303 0.049544532 0.067908488 -0.002654299 0.012666658 0.997607589
1341846332.390180 -0.018709248 -0.006816832 0.050880920 0.070610672 0.001761518 0.009883082 0.997453451
1341846332.422055 -0.019705556 -0.006674347 0.052457545 0.068614431 0.004954304 0.005884579 0.997613609
1341846332.458114 -0.018910725 -0.007395921 0.054031033 0.067678109 0.006768391 0.002124050 0.997681975
1341846332.489993 -0.020007450 -0.006561023 0.055370156 0.069040030 0.008976172 0.003821265 0.997566164
1341846332.522130 -0.020892572 -0.006432106 0.056472730 0.068086796 0.005564232 0.009508536 0.997618556
1341846332.558114 -0.020289658 -0.006807104 0.058299456 0.067762002 -0.000457246 0.016695116 0.997561753
1341846332.589874 -0.019132296 -0.004852817 0.059641451 0.068736151 -0.003680086 0.021337006 0.997399867
1341846332.621889 -0.018915912 -0.003716341 0.060111571 0.065025225 -0.003816252 0.022629119 0.997619689
1341846332.658202 -0.018404527 -0.004720722 0.061938852 0.060363606 -0.003413451 0.021725144 0.997934163
1341846332.690001 -0.018015770 -0.004705491 0.062966198 0.058269095 -0.002611579 0.022343529 0.998047411
1341846332.726000 -0.018605355 -0.005144787 0.064674877 0.056875125 -0.003354845 0.026619731 0.998020709
1341846332.758386 -0.017969375 -0.004971581 0.065642491 0.057558376 -0.006200762 0.028063621 0.997928381
1341846332.789937 -0.017060973 -0.003490212 0.066960104 0.057821278 -0.005450622 0.025933580 0.997975171
1341846332.825925 -0.016930012 -0.003652338 0.068907961 0.055408970 -0.002995618 0.024945792 0.998147607
1341846332.857898 -0.016377140 -0.004350066 0.069882512 0.055748023 -0.002147025 0.024436619 0.998143494
1341846332.894069 -0.016472936 -0.002480043 0.071173675 0.056529321 -0.001819923 0.024151264 0.998107076
1341846332.926029 -0.015463926 -0.001798062 0.071870789 0.053458769 -0.001932194 0.022878440 0.998306036
1341846332.958015 -0.015081945 -0.001649843 0.073284090 0.050525032 0.000164223 0.020334316 0.998515785
1341846332.994073 -0.014637074 -0.001434034 0.074257568 0.047604702 0.001211516 0.019212928 0.998680711
1341846333.026545 -0.014356188 -0.001342551 0.075643651 0.045059722 0.002524638 0.016061952 0.998851955
1341846333.057998 -0.013393864 -0.001326753 0.076250933 0.043967366 0.004176775 0.016344970 0.998890519
1341846333.094024 -0.013285136 -0.001570953 0.077640183 0.044159275 0.005967086 0.020177612 0.998802900
1341846333.126095 -0.012289606 -0.000840015 0.078159973 0.045184989 0.006967788 0.022418927 0.998702765
1341846333.161973 -0.011683752 0.000435452 0.079710662 0.044633158 0.009450479 0.023146812 0.998690546
1341846333.195660 -0.012039666 0.000358128 0.080694489 0.041818231 0.012212858 0.024802031 0.998742700
1341846333.226331 -0.011933513 0.000783130 0.081419386 0.040827189 0.013009176 0.024378948 0.998784065
1341846333.262056 -0.011878688 0.001639274 0.081999667 0.038205054 0.013597328 0.022204643 0.998930693
1341846333.294147 -0.011573604 0.000986769 0.083188735 0.034163956 0.013309206 0.021742092 0.999091089
1341846333.326100 -0.010967777 0.001368869 0.083820708 0.032979637 0.011552894 0.020369280 0.999181688
1341846333.362100 -0.010328888 0.002698561 0.084233955 0.030599503 0.010492570 0.018216321 0.999310672
1341846333.394119 -0.010524429 0.001541115 0.085156053 0.026229272 0.009872142 0.018040804 0.999444425
1341846333.429974 -0.010222173 0.001828339 0.084488370 0.025853023 0.007634148 0.018030919 0.999473989
1341846333.462115 -0.009698187 0.001637426 0.085290805 0.025672771 0.007448894 0.016699173 0.999503136
1341846333.494040 -0.009153429 0.001512468 0.084988840 0.026430896 0.007648457 0.016137477 0.999491096
1341846333.529953 -0.008690374 0.001382312 0.085081682 0.027057158 0.008476613 0.015832039 0.999472558
1341846333.562063 -0.009175065 0.001807418 0.085333750 0.028091632 0.011343757 0.017500769 0.999387741
1341846333.594090 -0.010194008 0.002692795 0.085507594 0.027390920 0.011446023 0.018329635 0.999391198
1341846333.629994 -0.009780836 0.003004057 0.085629195 0.024125136 0.008422343 0.017594058 0.999518633
1341846333.662127 -0.009693657 0.002901186 0.085196175 0.020999979 0.007419105 0.016861768 0.999609768
1341846333.697964 -0.009922193 0.001768942 0.085159853 0.018407604 0.007706732 0.017970981 0.999639332
1341846333.730092 -0.010017531 0.001582865 0.084667400 0.020647669 0.007991496 0.018911185 0.999575973
1341846333.762089 -0.009656616 0.002051301 0.084083669 0.022810714 0.008303280 0.020162100 0.999502003
1341846333.798006 -0.010076171 0.001479215 0.083798759 0.023821170 0.009145858 0.019968081 0.999474943
1341846333.830055 -0.009876930 0.001735496 0.083153024 0.026761170 0.010222631 0.017869327 0.999429822
1341846333.866045 -0.010503139 0.001816621 0.082437396 0.027963059 0.012091316 0.016533129 0.999399066
1341846333.897987 -0.010660082 0.001159499 0.082072236 0.029090114 0.012028876 0.015676916 0.999381423
1341846333.930099 -0.010616085 0.000906760 0.081187293 0.031954534 0.012656141 0.014514392 0.999303758
1341846333.965889 -0.011125940 0.000955469 0.079912335 0.034254499 0.014115437 0.014061750 0.999214530
1341846333.997985 -0.010779892 0.000211366 0.079715930 0.036477406 0.014456914 0.013705633 0.999135911
1341846334.030076 -0.011561868 0.000512594 0.078233838 0.039928161 0.016284188 0.014500711 0.998964608
1341846334.066000 -0.012016445 0.000200849 0.077441290 0.041226964 0.015990445 0.016145023 0.998891354
1341846334.097932 -0.011689407 0.000303877 0.076240890 0.043393228 0.015705643 0.015905024 0.998807967
1341846334.133884 -0.012713749 0.000077490 0.075212494 0.044625908 0.017347479 0.015920740 0.998726249
1341846334.166115 -0.012916745 0.000239778 0.074831612 0.044989165 0.015815601 0.016895784 0.998719394
1341846334.198072 -0.013666556 -0.000134564 0.073519319 0.045278177 0.014846016 0.015784292 0.998739362
1341846334.234097 -0.013193913 -0.000019378 0.072744735 0.045607936 0.014892676 0.014848907 0.998737991
1341846334.266045 -0.013936446 -0.000054858 0.071775712 0.045877717 0.016707320 0.015075085 0.998693585
1341846334.297946 -0.015127730 -0.000295997 0.070169732 0.046737585 0.015899263 0.016614612 0.998642445
1341846334.334036 -0.015187736 -0.000140749 0.069806851 0.047180738 0.014049590 0.016967870 0.998643398
1341846334.365871 -0.015132309 0.000318852 0.068420023 0.046920381 0.014153187 0.015563136 0.998677075
1341846334.401845 -0.015986709 0.000342521 0.067628160 0.045850184 0.015472283 0.013778747 0.998733461
1341846334.433864 -0.017083157 -0.000509927 0.066671789 0.045306332 0.015024184 0.014487240 0.998755097
1341846334.466105 -0.017041158 0.000018891 0.065695070 0.046373107 0.013089241 0.015313079 0.998721004
1341846334.502142 -0.017699294 0.000344891 0.064712375 0.045378514 0.012120837 0.015935147 0.998769224
1341846334.540153 -0.018014777 0.000167088 0.063735887 0.044753119 0.010999057 0.014497031 0.998832285
1341846334.566584 -0.018509453 0.001258986 0.062599525 0.044194404 0.010270930 0.011681672 0.998901844
1341846334.602351 -0.019303959 0.001348136 0.061435401 0.040626887 0.007645207 0.008209144 0.999111414
1341846334.634069 -0.019203452 0.000924113 0.060221076 0.037145294 0.005145076 0.003775389 0.999289453
1341846334.670161 -0.019688012 0.000510664 0.059064932 0.035137266 0.004888236 0.001135793 0.999369860
1341846334.702085 -0.021054661 0.000041641 0.058423206 0.033873938 0.003670098 0.000672358 0.999419153
1341846334.734751 -0.021069210 0.000014198 0.057032898 0.033996839 0.000675100 0.002690792 0.999418080
1341846334.770889 -0.021713246 -0.000004618 0.055653952 0.033827011 -0.000602119 0.005745849 0.999410987
1341846334.802194 -0.022439666 0.000264166 0.054111950 0.033538755 -0.002869393 0.006231647 0.999413848
1341846334.833908 -0.022217993 0.000558866 0.052636497 0.033244908 -0.004640623 0.004725305 0.999425292
1341846334.869874 -0.022701101 0.000626384 0.051324572 0.031598154 -0.004875628 0.004405253 0.999479055
1341846334.902006 -0.023485040 0.000502136 0.049949121 0.030070307 -0.006339708 0.004819144 0.999516070
1341846334.938010 -0.023879429 0.000416938 0.048454020 0.029539607 -0.009253411 0.004463180 0.999510825
1341846334.970032 -0.023098579 0.000337876 0.047514524 0.029553559 -0.010822154 0.003524812 0.999498367
1341846335.002203 -0.023895202 -0.000514323 0.046031073 0.030358661 -0.010067876 0.005024953 0.999475718
1341846335.037880 -0.024754515 -0.000042375 0.043777686 0.033256564 -0.012950058 0.007208548 0.999336958
1341846335.069990 -0.024499470 0.000508783 0.042808443 0.033891212 -0.015823878 0.007035111 0.999275446
1341846335.106038 -0.023756891 -0.000077960 0.041075218 0.033604667 -0.015289500 0.005921778 0.999300718
1341846335.138045 -0.025158308 -0.000386729 0.039911810 0.035331711 -0.013414856 0.004408552 0.999275863
1341846335.169900 -0.025635360 0.000470794 0.037882954 0.036055520 -0.016014567 0.004265166 0.999212325
1341846335.206091 -0.025304530 0.000356672 0.036772896 0.035150565 -0.018132851 0.002362071 0.999214709
1341846335.239365 -0.024800701 -0.000360258 0.035705637 0.034678239 -0.017620903 0.000119656 0.999243140
1341846335.269948 -0.025493696 -0.000673214 0.033446908 0.036030140 -0.015798805 -0.001116511 0.999225199
1341846335.305972 -0.026161162 -0.000633386 0.032444179 0.037904829 -0.017264998 -0.000089394 0.999132216
1341846335.338012 -0.025352038 -0.000825083 0.031758696 0.039077427 -0.019475160 0.002065004 0.999044240
1341846335.374005 -0.024806140 -0.002337673 0.031305734 0.042474858 -0.018335225 0.003205810 0.998924136
1341846335.406025 -0.025432983 -0.001793221 0.029800229 0.049813140 -0.015317213 0.004491966 0.998631001
1341846335.438079 -0.025175216 -0.000686696 0.026743526 0.055295173 -0.014948274 0.008581261 0.998321295
1341846335.473998 -0.024759827 -0.000270702 0.025632055 0.057405017 -0.013649534 0.009848202 0.998209119
1341846335.507038 -0.025027329 0.000524267 0.024079567 0.058918990 -0.010872081 0.007793846 0.998173177
1341846335.538040 -0.025596708 0.001393523 0.022938363 0.058632582 -0.008197909 0.005535435 0.998230636
1341846335.574119 -0.026790379 0.001869325 0.021351580 0.056352422 -0.007601893 0.005696280 0.998365760
1341846335.605970 -0.026353076 0.000727590 0.020517977 0.054104131 -0.008872295 0.005555399 0.998480439
1341846335.641978 -0.026092187 0.000927712 0.018996293 0.055429343 -0.007832458 0.003134850 0.998426974
1341846335.673993 -0.026658222 0.001447681 0.016960835 0.055302810 -0.006895949 0.002521151 0.998442650
1341846335.706178 -0.027350377 0.001386297 0.015800875 0.054812659 -0.007953616 0.003287641 0.998459578
1341846335.741982 -0.026525764 0.001054183 0.014159825 0.054953661 -0.008731884 0.002984530 0.998446286
1341846335.773960 -0.027087336 0.001959221 0.012754611 0.055598009 -0.007958129 0.002349799 0.998418748
1341846335.806271 -0.027457755 0.002748250 0.011252333 0.054018993 -0.008450411 0.002173421 0.998501778
1341846335.842031 -0.027096217 0.001929556 0.010347232 0.051472183 -0.007930718 0.002598242 0.998639584
1341846335.873966 -0.027261727 0.001736232 0.009040068 0.052420083 -0.006390994 0.001824801 0.998603046
1341846335.910005 -0.028545137 0.002809048 0.006513361 0.052448962 -0.005801995 0.002991932 0.998602271
1341846335.941936 -0.028804924 0.002810279 0.004612671 0.051291458 -0.007765733 0.004075006 0.998645186
1341846335.974198 -0.028807122 0.002813038 0.003675500 0.051132817 -0.008612839 0.001926458 0.998652875
1341846336.010032 -0.029368056 0.003007986 0.002589795 0.051036078 -0.008368099 0.000505048 0.998661637
1341846336.042129 -0.029973045 0.003070924 0.000862491 0.050046749 -0.009601185 0.001132188 0.998700082
1341846336.078076 -0.030148704 0.002501114 -0.000164411 0.049670015 -0.011550880 0.000364487 0.998698831
1341846336.110739 -0.030026143 0.002797991 -0.001333641 0.050371289 -0.011879274 -0.000899114 0.998659492
1341846336.142002 -0.031355564 0.002822441 -0.002258424 0.050385557 -0.011328604 -0.000734610 0.998665333
1341846336.183953 -0.031516355 0.003323986 -0.004897404 0.050018504 -0.013986001 0.000488671 0.998650253
1341846336.210112 -0.031275168 0.003831136 -0.004888508 0.048825156 -0.015961871 0.000798064 0.998679459
1341846336.241891 -0.031099157 0.003617844 -0.005766678 0.048102785 -0.015228970 0.000565529 0.998726130
1341846336.277946 -0.032601442 0.002897553 -0.006366762 0.048325736 -0.014220772 0.001694869 0.998728931
1341846336.309977 -0.032964256 0.002642020 -0.008404012 0.050683361 -0.016675038 0.004670398 0.998564661
1341846336.346143 -0.032789465 0.003324353 -0.010088227 0.052718058 -0.018123748 0.005712719 0.998428643
1341846336.377975 -0.032950193 0.003208151 -0.011077032 0.053391468 -0.017834274 0.004976179 0.998401999
1341846336.410032 -0.033610757 0.003776398 -0.012117996 0.054666080 -0.016935812 0.004663704 0.998350143
1341846336.446041 -0.032863650 0.004356395 -0.014916898 0.054242678 -0.017974934 0.005259910 0.998352110
1341846336.477990 -0.033332936 0.004163641 -0.014741331 0.053254873 -0.017757371 0.004585271 0.998412490
1341846336.510056 -0.033618748 0.003712198 -0.015943818 0.053416349 -0.016979970 0.004963219 0.998415649
1341846336.546024 -0.033418790 0.003804006 -0.016163800 0.054175433 -0.017412204 0.007789289 0.998349249
1341846336.578003 -0.034330118 0.005207441 -0.018025322 0.054692041 -0.017147632 0.008552150 0.998319387
1341846336.614020 -0.033013076 0.004893386 -0.017775133 0.053659253 -0.017525319 0.009012541 0.998364806
1341846336.645982 -0.034004383 0.005827939 -0.019257607 0.053081702 -0.015599805 0.007713657 0.998438537
1341846336.678036 -0.035289273 0.004898604 -0.019790247 0.050696995 -0.016950706 0.008298750 0.998535752
1341846336.714024 -0.035252437 0.003863858 -0.019666914 0.051848397 -0.019414866 0.007803585 0.998435736
1341846336.746016 -0.035829525 0.003544008 -0.021934018 0.055274811 -0.021395991 0.010376308 0.998187959
1341846336.778014 -0.036265898 0.004648226 -0.023762302 0.058428042 -0.025201621 0.013237167 0.997885644
1341846336.820006 -0.036553677 0.005328009 -0.023167402 0.059270553 -0.029014897 0.015178362 0.997704744
1341846336.845952 -0.035809260 0.004636281 -0.023664471 0.059543010 -0.030645132 0.014302844 0.997652709
1341846336.882056 -0.037576318 0.004899926 -0.025403710 0.061695229 -0.030640090 0.013442617 0.997534037
1341846336.914273 -0.038223717 0.003767584 -0.026268743 0.063092403 -0.034811981 0.016103987 0.997270346
1341846336.945998 -0.038019970 0.002991020 -0.026159028 0.069095165 -0.041390669 0.018062623 0.996587396
1341846336.981980 -0.036997534 0.006809887 -0.028607944 0.073672771 -0.046130780 0.017132288 0.996067643
1341846337.014238 -0.037435867 0.008067111 -0.028978020 0.071376912 -0.048622053 0.014503863 0.996158063
1341846337.046017 -0.037141472 0.006713594 -0.027824748 0.068526171 -0.050024964 0.009996327 0.996344209
1341846337.082104 -0.037602093 0.006495859 -0.029843973 0.067726448 -0.050086290 0.006619742 0.996423960
1341846337.114317 -0.038182031 0.006982011 -0.029756956 0.066194341 -0.052229505 0.006350242 0.996418595
1341846337.150037 -0.037864566 0.006681044 -0.029111709 0.064471945 -0.054306135 0.005080771 0.996427834
1341846337.181873 -0.037554190 0.006741761 -0.028610818 0.064090796 -0.054433234 0.002349014 0.996455669
1341846337.214073 -0.037690032 0.008157147 -0.030383993 0.062414225 -0.052621458 -0.000081632 0.996662140
1341846337.250087 -0.039428651 0.005928396 -0.031244922 0.058603492 -0.053397030 0.001161871 0.996851563
1341846337.282028 -0.039555412 0.005982378 -0.031200564 0.059822686 -0.057671662 0.004312757 0.996532321
1341846337.317920 -0.038246322 0.006817136 -0.031427305 0.059716098 -0.059706632 0.005062025 0.996415317
1341846337.350018 -0.038352374 0.007665204 -0.032731228 0.058457796 -0.058863446 0.004875820 0.996541023
1341846337.382159 -0.037928477 0.006601074 -0.031965733 0.055392381 -0.058886942 0.003143645 0.996721745
1341846337.417941 -0.038423397 0.005340485 -0.033005927 0.055600911 -0.057954319 0.003293629 0.996764302
1341846337.450137 -0.039187059 0.006764168 -0.033796199 0.056848422 -0.059405912 0.003834223 0.996606529
1341846337.482096 -0.038184185 0.006154746 -0.034206737 0.054946471 -0.060065728 0.004915325 0.996668875
1341846337.518008 -0.038603224 0.004995765 -0.034424856 0.055415221 -0.060294088 0.005108332 0.996628165
1341846337.549978 -0.038682442 0.007074093 -0.035015967 0.056599837 -0.060988083 0.003411343 0.996526599
1341846337.585971 -0.038745649 0.006449620 -0.034661192 0.053597532 -0.061228879 0.002294258 0.996681035
1341846337.617903 -0.038124941 0.003840323 -0.033777345 0.053897955 -0.062292155 0.002431893 0.996598601
1341846337.650141 -0.038416922 0.006322917 -0.034416109 0.057313457 -0.062439807 0.002361961 0.996398926
1341846337.686352 -0.038421985 0.007019337 -0.034344699 0.055741630 -0.062183890 0.002593853 0.996503532
1341846337.718002 -0.037449669 0.006177889 -0.033895325 0.053573724 -0.062046990 0.002706577 0.996630669
1341846337.749920 -0.036570951 0.007279045 -0.032661777 0.053764712 -0.060735982 0.002513099 0.996701658
1341846337.786157 -0.037144452 0.008214921 -0.032763157 0.050913755 -0.057526357 0.002292643 0.997042239
1341846337.817945 -0.036792666 0.006988510 -0.031792022 0.048113383 -0.055706386 0.003939168 0.997279525
1341846337.854071 -0.036301218 0.007920182 -0.031797104 0.047355372 -0.052528732 0.003323418 0.997490406
1341846337.885951 -0.036807917 0.008622476 -0.031095324 0.044568218 -0.049764737 0.001564530 0.997764826
1341846337.918223 -0.036733560 0.008822680 -0.030248303 0.040534146 -0.048335433 -0.001656541 0.998006999
1341846337.954120 -0.036542643 0.007822326 -0.029326504 0.037601825 -0.047048636 -0.001706492 0.998183191
1341846337.985994 -0.036177386 0.009158551 -0.028840577 0.035514116 -0.046187628 -0.001557645 0.998300076
1341846338.018107 -0.035767421 0.008657469 -0.027480820 0.031880692 -0.044759538 -0.000170073 0.998488963
1341846338.054055 -0.035586089 0.009113448 -0.026064886 0.029829806 -0.043428220 -0.001301346 0.998610258
1341846338.085986 -0.034542717 0.008983542 -0.024960434 0.026302375 -0.040605363 -0.001542329 0.998827815
1341846338.121875 -0.034668583 0.008144996 -0.024531182 0.023907840 -0.038085550 0.000399418 0.998988330
1341846338.154089 -0.035018366 0.008522212 -0.023172766 0.023223611 -0.037454464 0.003496366 0.999022305
1341846338.186029 -0.034515597 0.008658986 -0.023048019 0.022042366 -0.037927922 0.006405027 0.999016821
1341846338.222071 -0.033729848 0.008843513 -0.020529876 0.020854631 -0.037235897 0.005901368 0.999071419
1341846338.254107 -0.033597339 0.008440878 -0.020250797 0.018957673 -0.035242062 0.005963718 0.999181151
1341846338.290130 -0.033547390 0.008306319 -0.017956782 0.019458711 -0.035433657 0.007772598 0.999152362
1341846338.321952 -0.033527162 0.008865737 -0.016732449 0.019738249 -0.034479402 0.009451091 0.999165773
1341846338.354022 -0.033375241 0.007986709 -0.015346044 0.018484745 -0.034174468 0.010315194 0.999191701
1341846338.389969 -0.033647932 0.009236772 -0.013842422 0.018923976 -0.033035845 0.010174016 0.999223232
1341846338.422377 -0.033565141 0.009078703 -0.012144698 0.016986344 -0.032510787 0.010195113 0.999275029
1341846338.454010 -0.033793140 0.009522004 -0.010462039 0.016412428 -0.032660123 0.008808575 0.999292910
1341846338.489894 -0.033103697 0.008768950 -0.009722754 0.014047573 -0.033496536 0.009597894 0.999294043
1341846338.522066 -0.032487754 0.008503639 -0.007757006 0.014681279 -0.033560764 0.009855346 0.999280274
1341846338.558058 -0.032855630 0.009843510 -0.006653880 0.014704499 -0.033152588 0.008165278 0.999308765
1341846338.589842 -0.032417800 0.009851327 -0.003963915 0.012807541 -0.033801857 0.007977532 0.999314666
1341846338.622019 -0.031569835 0.009060927 -0.003058208 0.013045229 -0.033175543 0.009233219 0.999321759
1341846338.657984 -0.032179188 0.010036400 -0.002134839 0.013893081 -0.032742154 0.010638591 0.999310672
1341846338.690198 -0.031738177 0.010552553 0.000139320 0.012225045 -0.033823129 0.010421194 0.999298751
1341846338.722454 -0.030525038 0.009133186 0.000716233 0.010482460 -0.033351783 0.011183742 0.999326110
1341846338.757945 -0.031817421 0.009980812 0.000452247 0.011043646 -0.032245621 0.012026686 0.999346614
1341846338.790039 -0.030971462 0.009989157 0.002450294 0.008789515 -0.034939781 0.013338848 0.999261737
1341846338.826048 -0.029540779 0.009038499 0.004259374 0.008585607 -0.035109080 0.012553712 0.999267757
1341846338.858027 -0.030338988 0.010302719 0.005410443 0.009340836 -0.032511849 0.010521278 0.999372303
1341846338.889902 -0.029795937 0.010632262 0.007158557 0.007019320 -0.033846729 0.010414556 0.999348104
1341846338.925948 -0.028913667 0.009861650 0.009054780 0.005951796 -0.033867329 0.009162788 0.999366641
1341846338.958108 -0.028782904 0.010907542 0.010913162 0.007002489 -0.031646069 0.007403800 0.999447167
1341846338.990057 -0.028364031 0.010361017 0.012722107 0.007072171 -0.031719264 0.008095901 0.999439001
1341846339.025928 -0.027846918 0.009271656 0.014618014 0.008419032 -0.031141242 0.009344105 0.999435842
1341846339.057939 -0.027925620 0.009860980 0.014849044 0.011216613 -0.028438812 0.008872278 0.999493241
1341846339.093927 -0.028819645 0.011292540 0.016278001 0.010811787 -0.028355647 0.009674426 0.999492586
1341846339.126562 -0.027651615 0.011888072 0.016942492 0.008035283 -0.030018343 0.009223368 0.999474525
1341846339.157969 -0.026599314 0.011654879 0.019424541 0.005418161 -0.027949734 0.007105579 0.999569356
1341846339.194113 -0.027872304 0.012210141 0.020441789 0.003915197 -0.025705859 0.007636318 0.999632716
1341846339.228165 -0.027097296 0.012787401 0.021161929 0.000568624 -0.028203722 0.010285769 0.999549091
1341846339.257998 -0.025946582 0.012034129 0.023502965 -0.002797004 -0.028036267 0.010913727 0.999543428
1341846339.294132 -0.025908837 0.012463327 0.024931006 -0.002687186 -0.025843214 0.011754855 0.999593258
1341846339.326577 -0.027627917 0.014370478 0.025506655 -0.004910550 -0.025918141 0.013285203 0.999563754
1341846339.362269 -0.025013780 0.013055457 0.029123327 -0.010618336 -0.030313600 0.013580946 0.999391794
1341846339.394725 -0.024330022 0.013234463 0.030404709 -0.011238365 -0.028600819 0.012917447 0.999444246
1341846339.426160 -0.024864055 0.013217424 0.031821854 -0.013280648 -0.028198134 0.014117328 0.999414444
1341846339.462186 -0.023489416 0.012654303 0.033239640 -0.015269297 -0.029683851 0.012690067 0.999362111
1341846339.496743 -0.022443669 0.012864960 0.033292547 -0.011851458 -0.026443411 0.010012615 0.999529898
1341846339.530143 -0.023487560 0.013735607 0.034956854 -0.010504296 -0.021780323 0.009793923 0.999659657
1341846339.562052 -0.022880770 0.012775747 0.036169574 -0.010734850 -0.022506462 0.011687028 0.999620736
1341846339.595122 -0.021846959 0.012545549 0.037310909 -0.008817399 -0.022557087 0.011748057 0.999637663
1341846339.632085 -0.021233132 0.012833418 0.038157411 -0.007321631 -0.019062832 0.009608067 0.999745309
1341846339.664568 -0.020926975 0.012766439 0.039425518 -0.007057860 -0.016395556 0.007648856 0.999811411
1341846339.698896 -0.020758752 0.012573255 0.041081049 -0.007365824 -0.015320518 0.006900934 0.999831676
1341846339.731977 -0.020187490 0.012421466 0.042007510 -0.007212386 -0.015170073 0.005480192 0.999843895
1341846339.762241 -0.019672256 0.012208791 0.043494958 -0.006765654 -0.014113455 0.004794534 0.999866009
1341846339.797873 -0.019675417 0.011865594 0.044613387 -0.007187443 -0.013501500 0.006217618 0.999863684
1341846339.830245 -0.019512855 0.012043644 0.045466926 -0.007170675 -0.014005047 0.006479075 0.999855220
1341846339.862015 -0.019069154 0.012173341 0.046220601 -0.007435207 -0.013828915 0.005970582 0.999858916
1341846339.897797 -0.018242477 0.011895008 0.046973716 -0.008597785 -0.013204140 0.006020356 0.999857724
1341846339.929916 -0.018211313 0.011252789 0.048569411 -0.009362457 -0.012043294 0.007227808 0.999857485
1341846339.961960 -0.017637579 0.010900219 0.050013691 -0.008188210 -0.012993087 0.008182437 0.999848604
1341846339.997845 -0.016827822 0.011154475 0.050005756 -0.006565491 -0.012220234 0.008274883 0.999869525
1341846340.029925 -0.016528269 0.011072811 0.051423118 -0.005664560 -0.009788982 0.009347807 0.999892354
1341846340.066044 -0.016283218 0.010579966 0.052037328 -0.004123321 -0.008731619 0.010739600 0.999895692
1341846340.098009 -0.015986865 0.010920587 0.052645404 -0.002957747 -0.008303181 0.011744627 0.999892175
1341846340.130102 -0.015804468 0.010854702 0.053715363 -0.003666344 -0.008393698 0.011005026 0.999897480
1341846340.166041 -0.014722938 0.010476140 0.054253999 -0.002868987 -0.006596900 0.008791189 0.999935508
1341846340.197867 -0.014952051 0.010770720 0.055324435 -0.001541668 -0.003845020 0.008796071 0.999952734
1341846340.229904 -0.015104027 0.011252886 0.056584828 -0.002260332 -0.003819565 0.008625737 0.999952972
1341846340.265859 -0.014476769 0.010401760 0.057643130 -0.003380145 -0.002858370 0.007676715 0.999960721
1341846340.298061 -0.014147323 0.010761828 0.058570039 -0.001113220 -0.000739248 0.008276278 0.999964893
1341846340.334063 -0.014894065 0.011419390 0.059505314 -0.001597412 -0.000709838 0.009456340 0.999953747
1341846340.366064 -0.013840861 0.010566411 0.060662273 -0.003976283 -0.003524989 0.009397531 0.999941707
1341846340.397995 -0.013312005 0.010172450 0.060719721 -0.002223706 -0.003230737 0.008849826 0.999953151
1341846340.433895 -0.013314950 0.010473430 0.061869722 -0.001447701 -0.003273729 0.009586443 0.999947667
1341846340.465959 -0.013587891 0.010258338 0.062422909 -0.001066388 -0.005223274 0.011328760 0.999921620
1341846340.501858 -0.012443267 0.010234533 0.062329918 -0.000262427 -0.009480750 0.011697854 0.999886632
1341846340.534329 -0.011712349 0.010489360 0.062328741 0.000482699 -0.011163801 0.011361199 0.999873042
1341846340.566041 -0.011356552 0.009731585 0.062272124 0.000909159 -0.012182438 0.012187553 0.999851108
1341846340.601909 -0.010667740 0.009836686 0.062099535 0.003519596 -0.013067732 0.012845577 0.999825895
1341846340.634005 -0.010439984 0.010390839 0.061230570 0.004757999 -0.013431619 0.011664630 0.999830425
1341846340.666028 -0.009682513 0.010019408 0.061300732 0.004294175 -0.013339866 0.009649340 0.999855220
1341846340.701946 -0.009109109 0.009637774 0.061419968 0.005910495 -0.012403279 0.008093668 0.999872863
1341846340.733954 -0.008655460 0.010225746 0.061000977 0.007443910 -0.010957053 0.006522800 0.999890983
1341846340.770081 -0.008757221 0.010250697 0.060679629 0.006676177 -0.010205651 0.003942443 0.999917865
1341846340.801980 -0.008124563 0.009972426 0.060337979 0.006632072 -0.009587280 -0.001450899 0.999930978
1341846340.833999 -0.008137545 0.010437145 0.059725858 0.006832419 -0.007116153 -0.005567882 0.999935806
1341846340.870013 -0.008415183 0.010667548 0.059956323 0.005720319 -0.006924130 -0.007340050 0.999932706
1341846340.901955 -0.008085842 0.010301410 0.060082115 0.006469434 -0.007420613 -0.008036314 0.999919236
1341846340.933918 -0.008335195 0.010577501 0.059681699 0.008600871 -0.007798630 -0.005237842 0.999918878
1341846340.970122 -0.008594383 0.010649124 0.059076808 0.009833540 -0.010505505 -0.000167739 0.999896467
1341846341.001922 -0.008614379 0.010065510 0.058665916 0.010499061 -0.014504321 0.004879588 0.999827743
1341846341.037923 -0.008259150 0.010366825 0.058192659 0.011974175 -0.017157666 0.007325867 0.999754250
1341846341.070300 -0.008287520 0.010120712 0.057665680 0.012144660 -0.017967330 0.007584940 0.999736011
1341846341.102028 -0.008416134 0.010183020 0.057027835 0.012150304 -0.019303860 0.007677753 0.999710321
1341846341.137982 -0.008085986 0.010184188 0.057000451 0.012168077 -0.021466464 0.008181874 0.999662042
1341846341.170048 -0.007972335 0.009918498 0.056817584 0.012600730 -0.021881690 0.009034104 0.999640286
1341846341.202110 -0.007965486 0.009698086 0.056277964 0.013838651 -0.022202665 0.011043096 0.999596715
1341846341.237996 -0.007531451 0.009708825 0.056091752 0.015641605 -0.022336427 0.012037022 0.999555647
1341846341.269883 -0.008123944 0.009438938 0.055552278 0.016380502 -0.021495366 0.012467597 0.999557018
1341846341.306107 -0.008191811 0.009806840 0.055514898 0.017485598 -0.021977935 0.011453849 0.999539912
1341846341.338109 -0.008248096 0.009560907 0.055196851 0.018037513 -0.021557676 0.009332021 0.999561310
1341846341.370120 -0.008016611 0.009582048 0.055150528 0.018676385 -0.020502347 0.006869891 0.999591768
1341846341.406074 -0.008862391 0.009657327 0.055297643 0.018971529 -0.019378943 0.005726453 0.999615788
1341846341.438113 -0.008659361 0.008862851 0.054886088 0.019484906 -0.021516431 0.006472860 0.999557614
1341846341.470024 -0.008167241 0.008944269 0.053953744 0.022294475 -0.021939419 0.004824414 0.999499023
1341846341.506077 -0.008437892 0.010052210 0.053884279 0.022963697 -0.021076830 0.003675443 0.999507308
1341846341.538156 -0.009548849 0.009481269 0.054677069 0.021822801 -0.021927919 0.003099971 0.999516547
1341846341.574016 -0.008956800 0.009540770 0.054214593 0.022720007 -0.024564004 0.004415389 0.999430299
1341846341.612466 -0.009419913 0.009736350 0.053563014 0.023277475 -0.024705373 0.004635069 0.999413013
1341846341.643972 -0.009677270 0.009781821 0.053342961 0.022348339 -0.025912343 0.003441756 0.999408484
1341846341.679982 -0.009574446 0.009799110 0.053302478 0.022260575 -0.027547613 0.003862788 0.999365151
1341846341.712332 -0.010176441 0.009796505 0.052930240 0.022888953 -0.029299796 0.006588183 0.999286830
1341846341.744185 -0.009906881 0.009452173 0.052863065 0.022781828 -0.031501282 0.009191350 0.999201775
1341846341.780061 -0.010154711 0.009702978 0.052638154 0.023525489 -0.031853266 0.010265376 0.999162912
1341846341.812163 -0.009945687 0.009483669 0.052583981 0.023727098 -0.032729629 0.011923386 0.999111414
1341846341.842595 -0.009248894 0.008932373 0.052074604 0.025185039 -0.033564478 0.015441317 0.998999834
1341846341.875779 -0.009653048 0.009186094 0.051439222 0.027149154 -0.033404708 0.018536074 0.998901129
1341846341.906227 -0.009096256 0.008537498 0.051654465 0.028336717 -0.034358449 0.020554800 0.998796284
1341846341.942069 -0.009141773 0.007955924 0.050654572 0.031341977 -0.034150906 0.021774897 0.998687804
1341846341.974775 -0.008995995 0.008306154 0.050290167 0.034857608 -0.034474935 0.023924211 0.998510957
1341846342.010161 -0.009574613 0.008473915 0.050079323 0.035732519 -0.035141349 0.025570795 0.998415947
1341846342.042024 -0.008628715 0.007386956 0.049778141 0.036592647 -0.036532141 0.025671571 0.998332262
1341846342.080032 -0.008129802 0.008248081 0.049664192 0.039350398 -0.034732562 0.026302835 0.998275161
1341846342.112265 -0.008925740 0.007611249 0.049207345 0.039135408 -0.033462223 0.028199220 0.998275280
1341846342.147954 -0.008693279 0.006644321 0.049321346 0.040777650 -0.034795277 0.030337524 0.998101234
1341846342.179852 -0.007849649 0.007111643 0.049003452 0.043920573 -0.035139658 0.032232031 0.997896433
1341846342.211848 -0.008274237 0.007393328 0.048725002 0.044989910 -0.033966202 0.031504989 0.997912645
1341846342.247920 -0.008303915 0.006791147 0.049247663 0.045704965 -0.033813667 0.030354546 0.997920990
1341846342.279870 -0.008211163 0.007119644 0.048897423 0.047407031 -0.033286501 0.030685060 0.997849166
1341846342.316068 -0.007913368 0.007064401 0.047761001 0.048444636 -0.033423103 0.031943355 0.997755289
1341846342.347894 -0.007957466 0.007314655 0.047665108 0.049028542 -0.033261221 0.031856585 0.997734904
1341846342.379953 -0.007990877 0.007157397 0.047882680 0.049038984 -0.032511871 0.031412486 0.997773230
1341846342.416195 -0.007918063 0.007333748 0.048586749 0.050005186 -0.032549035 0.032964125 0.997673988
1341846342.447907 -0.008167977 0.007551991 0.048053592 0.050193578 -0.033006035 0.033594519 0.997628510
