1341846226.817920 0.000000000 0.000000000 0.000000000 0.000000000 0.000000000 0.000000000 1.000000000
1341846226.850323 0.004561197 0.001092618 0.001289085 0.001110404 -0.000625932 -0.002152735 0.999996841
1341846226.881894 0.006857964 0.001835680 0.001948771 0.001561142 0.000393432 -0.003262306 0.999993384
1341846226.917980 0.002403555 0.000396851 0.001268830 0.000508806 -0.000186578 -0.003141430 0.999994934
1341846226.950000 0.004114763 -0.002977761 0.006191924 0.001042682 -0.002668989 -0.002268513 0.999993324
1341846226.985981 0.004880842 -0.000673689 0.004680146 0.003133069 -0.003424697 -0.003024908 0.999984622
1341846227.017919 -0.000220411 0.002673778 0.001903839 0.003177352 -0.003329693 -0.003585549 0.999982953
1341846227.050040 0.002685628 -0.002113814 0.003158479 0.002480390 -0.004304285 -0.004409736 0.999977946
1341846227.085982 0.005029989 -0.000396771 0.003458101 0.003387136 -0.004391370 -0.004966245 0.999972284
1341846227.118052 0.005081253 -0.000719672 0.004968073 0.003743005 -0.004266695 -0.005079481 0.999970973
1341846227.149935 0.005606148 -0.002177557 0.002648465 0.004075808 -0.004798339 -0.004936623 0.999967992
1341846227.186053 0.001071488 0.004285489 0.001665079 0.004659199 -0.005070373 -0.006117225 0.999957561
1341846227.218443 0.005166125 0.001012802 0.005793259 0.003217836 -0.006026133 -0.007505536 0.999948502
1341846227.253944 0.009404910 -0.003109081 0.006652785 0.003956198 -0.006225202 -0.009087327 0.999931514
1341846227.285981 0.004463270 -0.003567981 0.002720129 0.005095200 -0.006188226 -0.010226361 0.999915600
1341846227.320064 0.003658113 -0.003001313 0.002093817 0.005227255 -0.007747069 -0.011282842 0.999892652
1341846227.353969 0.003485250 -0.001376298 0.000231055 0.005966738 -0.009431600 -0.013517627 0.999846339
1341846227.385846 -0.000016451 0.003201415 -0.000904125 0.005919692 -0.011338318 -0.015015463 0.999805450
1341846227.418015 -0.000153583 0.003046046 -0.000823537 0.004435276 -0.014934667 -0.016734103 0.999738634
1341846227.453997 0.000322654 0.003144705 -0.000391275 0.003108982 -0.017603822 -0.020375045 0.999632597
1341846227.485981 0.000099119 0.002637770 -0.000066911 0.002179827 -0.018323975 -0.023381129 0.999556303
1341846227.521976 -0.000207559 0.002909612 0.000148999 0.002503374 -0.019935112 -0.023940183 0.999511480
1341846227.553980 -0.000220237 0.002864431 -0.000160794 0.004450898 -0.022387018 -0.024690745 0.999434531
1341846227.586047 -0.000211432 0.002941216 -0.000358736 0.005767728 -0.022660958 -0.027967291 0.999335289
1341846227.622081 -0.000176986 0.002919498 -0.000252888 0.005190557 -0.021908775 -0.031436518 0.999252141
1341846227.653945 -0.000217727 0.002892016 0.000089290 0.005305116 -0.022389794 -0.030886889 0.999257982
1341846227.686038 -0.000201888 0.002916162 0.000093257 0.008723454 -0.023000373 -0.031233834 0.999209344
1341846227.721966 -0.000278315 0.002991061 0.000018773 0.010913778 -0.020460514 -0.032863319 0.999190807
1341846227.754130 -0.000221355 0.002915515 0.000038308 0.012046779 -0.017461991 -0.032843467 0.999235332
1341846227.789951 -0.000233550 0.002889984 -0.000052633 0.013470380 -0.015408733 -0.031414974 0.999296844
1341846227.821920 -0.000208012 0.002930364 -0.000086815 0.013922972 -0.013385689 -0.030913010 0.999335468
1341846227.854275 -0.000201822 0.002916229 0.000091670 0.014109441 -0.011420928 -0.031078286 0.999352098
1341846227.889935 -0.000159090 0.002945464 -0.000009751 0.014480530 -0.009654897 -0.030588822 0.999380529
1341846227.921967 -0.000157206 0.002915216 0.000052802 0.014653546 -0.008971344 -0.029832624 0.999407232
1341846227.958123 -0.000124310 0.002939274 -0.000054231 0.014615652 -0.007402495 -0.030692054 0.999394596
1341846227.989985 -0.000200437 0.002916712 0.000081637 0.013552534 -0.005092979 -0.032383293 0.999370635
1341846228.021937 -0.000201202 0.002937092 0.000134747 0.014143768 -0.004304448 -0.031762876 0.999386072
1341846228.058222 -0.000208926 0.002929423 0.000147432 0.016703742 -0.004207039 -0.031035142 0.999369860
1341846228.090097 -0.000208309 0.002919667 0.000056377 0.015718300 -0.002727921 -0.031644896 0.999371886
1341846228.121845 -0.000219320 0.002918879 0.000053811 0.012438716 -0.000570524 -0.030348234 0.999461830
1341846228.157875 -0.000208193 0.002927185 0.000092803 0.010347243 -0.000999708 -0.026358074 0.999598503
1341846228.189872 -0.000210232 0.002917198 0.000072779 0.007921297 -0.001481881 -0.024797184 0.999660015
1341846228.225994 -0.000202631 0.002924077 0.000110655 0.006395761 -0.001384031 -0.025995847 0.999640644
1341846228.258336 -0.000203188 0.002940867 0.000145262 0.007373853 -0.002174116 -0.026435025 0.999620974
1341846228.289941 -0.000202981 0.002937783 0.000126027 0.007795570 -0.002566193 -0.025820650 0.999632895
1341846228.326018 -0.000199415 0.002913782 0.000104871 0.008139328 -0.001828164 -0.026443964 0.999615490
1341846228.358243 -0.000203279 0.002915040 0.000097630 0.008701152 0.000200915 -0.025679866 0.999632359
1341846228.389779 -0.000200688 0.002913699 0.000098349 0.008234803 0.000165762 -0.024560014 0.999664426
1341846228.426073 -0.000206483 0.002917302 0.000110905 0.008748895 0.001399102 -0.025366141 0.999638975
1341846228.493915 -0.000205700 0.002918884 0.000094812 0.008982996 0.003448508 -0.023740875 0.999671876
1341846228.525907 -0.000203613 0.002916917 0.000110567 0.008302939 0.002711948 -0.022999018 0.999697328
1341846228.558208 -0.000200447 0.002913686 0.000099481 0.008356545 0.003293797 -0.022748046 0.999700904
1341846228.593899 -0.000204813 0.002917799 0.000108720 0.008831178 0.003579023 -0.021533413 0.999722719
1341846228.626021 -0.000203544 0.002914213 0.000097412 0.008540158 0.001927614 -0.020597951 0.999749482
1341846228.658069 -0.000202013 0.002914640 0.000101496 0.007535920 0.001048185 -0.020033889 0.999770343
1341846228.693942 -0.000207862 0.002916544 0.000098579 0.006575640 0.002118439 -0.021051915 0.999754488
1341846228.726069 -0.000207479 0.002914689 0.000111997 0.005905942 0.003408375 -0.020894833 0.999758422
1341846228.762090 -0.000212749 0.002921142 0.000104440 0.006231843 0.003528851 -0.018902570 0.999795675
1341846228.794000 -0.000207815 0.002918061 0.000111340 0.007104972 0.002813258 -0.017317194 0.999820828
1341846228.825934 -0.000210967 0.002920077 0.000113029 0.008109852 0.003554349 -0.017555242 0.999806702
1341846228.862015 -0.000202026 0.002915704 0.000090769 0.007989006 0.003148696 -0.015809702 0.999838173
1341846228.893856 -0.000200567 0.002914874 0.000090418 0.008275019 0.001953817 -0.015448903 0.999844551
1341846228.926548 -0.000201049 0.002912793 0.000089062 0.008359049 0.002190496 -0.016209420 0.999831259
1341846228.961940 -0.000206004 0.002914865 0.000077018 0.007945566 0.003098481 -0.015660467 0.999840975
1341846228.994040 -0.000196758 0.002917313 0.000102195 0.006990846 0.002931719 -0.015224526 0.999855340
1341846229.029897 -0.000200038 0.002909142 0.000100633 0.007065774 0.002906962 -0.015430454 0.999851763
1341846229.061870 -0.000199687 0.002911645 0.000083522 0.008372515 0.003398286 -0.015436117 0.999840021
1341846229.094829 -0.000196915 0.002916253 0.000083555 0.008441741 0.003856406 -0.014067678 0.999857962
1341846229.129930 -0.000201734 0.002916371 0.000089423 0.007903748 0.004433769 -0.013027856 0.999874055
1341846229.161882 -0.000204591 0.002915295 0.000085261 0.007334599 0.005080402 -0.014054746 0.999861419
1341846229.197882 -0.000202462 0.002915907 0.000090080 0.008003178 0.004839808 -0.014090122 0.999856949
1341846229.229812 -0.000198005 0.002917931 0.000083577 0.009286488 0.004048100 -0.014603017 0.999842048
1341846229.261994 -0.000200533 0.002917072 0.000087931 0.010273504 0.003941312 -0.015344268 0.999821723
1341846229.297920 -0.000193509 0.002919509 0.000073673 0.010419393 0.003493981 -0.015754774 0.999815524
1341846229.329933 -0.000195466 0.002917938 0.000075927 0.010216628 0.002644864 -0.015688894 0.999821246
1341846229.361996 -0.000196513 0.002918405 0.000086278 0.010357607 0.002260193 -0.015949648 0.999816597
1341846229.398029 -0.000202526 0.002916063 0.000095235 0.012877369 0.002824490 -0.016363481 0.999779165
1341846229.430182 -0.000207153 0.002917806 0.000085361 0.015522939 0.002580666 -0.015563312 0.999755025
1341846229.471963 -0.000206203 0.002917439 0.000078839 0.016088802 0.002419274 -0.014662466 0.999760151
1341846229.530149 -0.000207965 0.002917413 0.000077068 0.017939527 0.003320992 -0.012712664 0.999752760
1341846229.566064 -0.000210800 0.002917202 0.000082683 0.018061021 0.003429127 -0.011156093 0.999768794
1341846229.630063 -0.000207634 0.002917309 0.000067979 0.021098332 0.005523057 -0.008540852 0.999725699
1341846229.665946 -0.000201834 0.002916406 0.000089193 0.020734154 0.005976863 -0.007633836 0.999737978
1341846229.698150 -0.000202583 0.002916901 0.000090415 0.021338789 0.006482034 -0.008451793 0.999715567
1341846229.733828 -0.000201547 0.002916287 0.000091813 0.024850925 0.007932406 -0.006657068 0.999637544
1341846229.765937 -0.000202742 0.002915726 0.000086784 0.025146797 0.009325137 -0.006402474 0.999619782
1341846229.798002 -0.000201448 0.002914983 0.000083612 0.023220398 0.009379048 -0.005958025 0.999668598
1341846229.833857 -0.000202922 0.002916003 0.000092102 0.023408853 0.009465308 -0.006638034 0.999659121
1341846229.865928 -0.000202349 0.002916364 0.000093955 0.025102304 0.010163357 -0.007382879 0.999605954
1341846229.897926 -0.000202221 0.002914792 0.000081879 0.024522537 0.010615957 -0.007844947 0.999612093
1341846229.939857 -0.000201524 0.002915279 0.000086520 0.022625178 0.010635252 -0.007514780 0.999659181
1341846229.965948 -0.000202684 0.002917429 0.000090128 0.021707866 0.011523681 -0.007488601 0.999669909
1341846230.002061 -0.000201004 0.002916354 0.000091696 0.019947251 0.011411073 -0.008838824 0.999696851
1341846230.033858 -0.000200490 0.002916686 0.000094630 0.017267056 0.011198444 -0.009112115 0.999746680
1341846230.065938 -0.000201272 0.002916650 0.000094315 0.017308135 0.011736101 -0.008724653 0.999743283
1341846230.103878 -0.000201794 0.002916380 0.000089183 0.016810790 0.012968073 -0.007763849 0.999744475
1341846230.144719 -0.000202168 0.002916257 0.000088481 0.016112734 0.013513690 -0.008011483 0.999746799
1341846230.172747 -0.000201793 0.002916496 0.000088714 0.015763711 0.013618541 -0.006791302 0.999759912
1341846230.208544 -0.000201841 0.002916356 0.000089590 0.016697226 0.014186038 -0.005103075 0.999746919
1341846230.271971 -0.000201816 0.002916296 0.000089952 0.015435591 0.014274990 -0.005537070 0.999763608
1341846230.334051 -0.000201758 0.002916187 0.000089291 0.019467311 0.014577351 -0.003960570 0.999696374
1341846230.370031 -0.000201700 0.002916381 0.000089173 0.021556534 0.015469095 -0.005328072 0.999633729
1341846230.401932 -0.000201520 0.002916345 0.000089423 0.023488067 0.016573254 -0.005981756 0.999568820
1341846230.437965 -0.000201461 0.002916861 0.000089631 0.025373854 0.017136356 -0.007964252 0.999499440
1341846230.469920 -0.000201703 0.002916370 0.000089499 0.026394412 0.017767290 -0.008778986 0.999455154
1341846230.501933 -0.000201435 0.002916571 0.000089890 0.026316753 0.017695906 -0.008377160 0.999461949
1341846230.537834 -0.000201560 0.002916448 0.000090206 0.025558569 0.017494526 -0.008139825 0.999487102
1341846230.569803 -0.000201819 0.002916411 0.000089298 0.027275523 0.017090369 -0.007688906 0.999452233
1341846230.601945 -0.000201853 0.002916330 0.000089799 0.028802162 0.016713889 -0.006941288 0.999421239
1341846230.637789 -0.000201809 0.002916445 0.000089225 0.030136244 0.015974211 -0.007863033 0.999387205
1341846230.670057 -0.000201807 0.002916467 0.000089266 0.029738760 0.015109607 -0.008463857 0.999407649
1341846230.705937 -0.000201814 0.002916401 0.000089159 0.028691621 0.014595656 -0.009074230 0.999440551
1341846230.737932 -0.000201849 0.002916389 0.000089122 0.029448871 0.015262309 -0.008872128 0.999410391
1341846230.769960 -0.000201881 0.002916426 0.000089159 0.030501058 0.014810871 -0.008653180 0.999387503
1341846230.805852 -0.000201869 0.002916427 0.000089163 0.030951036 0.014163607 -0.008542040 0.999384046
1341846230.837804 -0.000201860 0.002916438 0.000089186 0.031400576 0.013515728 -0.008430998 0.999379933
1341846230.869829 -0.000201843 0.002916426 0.000089145 0.031850323 0.012870735 -0.008320077 0.999375165
1341846230.905851 -0.000201763 0.002916403 0.000089217 0.032327559 0.012655601 -0.008304728 0.999362707
1341846230.937917 -0.000201770 0.002916416 0.000089215 0.032777127 0.012014327 -0.008194161 0.999356866
1341846230.973933 -0.000201757 0.002916413 0.000089250 0.033226665 0.011373241 -0.008083615 0.999350429
1341846231.006047 -0.000201760 0.002916398 0.000089215 0.033676643 0.010733420 -0.007973013 0.999343336
1341846231.037936 -0.000201762 0.002916402 0.000089206 0.034126725 0.010094482 -0.007862393 0.999335587
1341846231.074310 -0.000201755 0.002916411 0.000089233 0.034576476 0.009456932 -0.007751763 0.999327242
1341846231.106085 -0.000201748 0.002916387 0.000089224 0.035026789 0.008821748 -0.007641097 0.999318242
1341846231.138083 -0.000201715 0.002916350 0.000089210 0.035576545 0.008275432 -0.007505931 0.999304473
1341846231.174011 -0.000201756 0.002916351 0.000089172 0.035872295 0.008773500 -0.007486757 0.999289811
1341846231.205909 -0.000201762 0.002916332 0.000089189 0.036170796 0.009267851 -0.007468348 0.999274731
1341846231.241869 -0.000201747 0.002916357 0.000089194 0.037520841 0.009165406 -0.007681816 0.999224305
1341846231.273832 -0.000201750 0.002916382 0.000089159 0.038870435 0.009062719 -0.007895497 0.999171972
1341846231.305846 -0.000201787 0.002916389 0.000089136 0.040219747 0.008959451 -0.008109353 0.999117792
1341846231.341923 -0.000201829 0.002916474 0.000089159 0.040026240 0.008256464 -0.008456315 0.999128759
1341846231.374263 -0.000201824 0.002916476 0.000089169 0.038130037 0.007766273 -0.008961115 0.999202430
1341846231.410022 -0.000201805 0.002916434 0.000089221 0.036234654 0.007276476 -0.009465958 0.999271989
1341846231.442103 -0.000201765 0.002916305 0.000089166 0.034717150 0.007188338 -0.009876511 0.999322534
1341846231.484245 -0.000201760 0.002916093 0.000089214 0.032694373 0.006319756 -0.010307459 0.999392271
1341846231.516816 -0.000201754 0.002916074 0.000089217 0.030804409 0.005831834 -0.010812123 0.999449909
1341846231.547853 -0.000201632 0.002916073 0.000089080 0.029045047 0.005432451 -0.011244663 0.999500096
1341846231.583898 -0.000201563 0.002916111 0.000089042 0.027155388 0.004945518 -0.011749068 0.999549985
1341846231.615993 -0.000201370 0.002916031 0.000089216 0.025134021 0.004409356 -0.012324586 0.999598384
1341846231.648015 -0.000201352 0.002915807 0.000088713 0.023938753 0.004573253 -0.012914432 0.999619544
1341846231.683822 -0.000201563 0.002915733 0.000089117 0.022874735 0.004786003 -0.013433106 0.999636650
1341846231.716153 -0.000201612 0.002915422 0.000089064 0.021679491 0.004949618 -0.014022782 0.999654353
1341846231.716153 -0.000201612 0.002915422 0.000089064 0.021679491 0.004949618 -0.014022782 0.999654353
1341846231.783993 -0.000201686 0.002916304 0.000089199 0.044508398 0.004555240 -0.020515848 0.998787940
1341846231.817027 -0.000201690 0.002916315 0.000089216 0.044509329 0.004556894 -0.020515649 0.998787880
1341846231.852317 -0.000201712 0.002916365 0.000089205 0.044510830 0.004559921 -0.020514982 0.998787820
1341846231.909867 -0.000201801 0.002916562 0.000089230 0.042865746 0.003497086 -0.019869005 0.998877108
1341846231.945837 -0.000201807 0.002916542 0.000089206 0.042317949 0.003081970 -0.018522438 0.998927712
1341846231.978027 -0.000201804 0.002916521 0.000089182 0.041770414 0.002666625 -0.017175792 0.998976052
1341846232.009966 -0.000201761 0.002916536 0.000089174 0.041019905 0.001595661 -0.016016634 0.999028683
1341846232.045845 -0.000201809 0.002916544 0.000089195 0.040279541 0.000519468 -0.015010420 0.999075592
1341846232.077961 -0.000201837 0.002916564 0.000089121 0.040737744 -0.000464211 -0.013619388 0.999076962
1341846232.109864 -0.000201801 0.002916587 0.000089139 0.041194618 -0.001448189 -0.012229727 0.999075234
1341846232.145999 -0.000201771 0.002916634 0.000089173 0.041648794 -0.002431419 -0.010841064 0.999070525
1341846232.178314 -0.000201765 0.002916576 0.000089323 0.040609404 -0.002192332 -0.010233480 0.999120295
1341846232.215951 -0.000201801 0.002916538 0.000089398 0.040455509 -0.001441431 -0.010555984 0.999124527
1341846232.252037 -0.000201835 0.002916501 0.000089379 0.040302187 -0.000690961 -0.010878800 0.999128044
1341846232.283944 -0.000201882 0.002916458 0.000089444 0.040150601 0.000058041 -0.011201946 0.999130845
1341846232.319867 -0.000201909 0.002916452 0.000089449 0.039999224 0.000805699 -0.011525095 0.999132931
1341846232.351854 -0.000201873 0.002916476 0.000089212 0.039669968 0.000444890 -0.011893635 0.999141991
1341846232.383877 -0.000201863 0.002916478 0.000089212 0.037846532 -0.000072851 -0.012477400 0.999205649
1341846232.419782 -0.000201876 0.002916459 0.000089247 0.036022991 -0.000590673 -0.013061169 0.999265432
1341846232.451780 -0.000201882 0.002916106 0.000089276 0.034307621 -0.000980101 -0.013565476 0.999318779
1341846232.484170 -0.000201856 0.002916079 0.000089296 0.034281310 -0.001345818 -0.014454030 0.999306798
1341846232.519889 -0.000201850 0.002916054 0.000089276 0.034255378 -0.001711431 -0.015342523 0.999293864
1341846232.551877 -0.000201721 0.002916008 0.000089256 0.034213159 -0.002059434 -0.016217263 0.999280870
1341846232.583846 -0.000201701 0.002915965 0.000089251 0.034188170 -0.002425171 -0.017106017 0.999266088
1341846232.619798 -0.000201649 0.002915896 0.000089194 0.034163412 -0.002790825 -0.017994819 0.999250352
1341846232.619798 -0.000201649 0.002915896 0.000089194 0.034163412 -0.002790825 -0.017994819 0.999250352
1341846232.619798 -0.000201649 0.002915896 0.000089194 0.034163412 -0.002790825 -0.017994819 0.999250352
1341846232.619798 -0.000201649 0.002915896 0.000089194 0.034163412 -0.002790825 -0.017994819 0.999250352
1341846232.619798 -0.000201649 0.002915896 0.000089194 0.034163412 -0.002790825 -0.017994819 0.999250352
1341846232.619798 -0.000201649 0.002915896 0.000089194 0.034163412 -0.002790825 -0.017994819 0.999250352
1341846232.819886 -0.000201669 0.002916102 0.000089299 0.051159117 0.002509258 -0.018529756 0.998515487
1341846232.819886 -0.000201669 0.002916102 0.000089299 0.051159117 0.002509258 -0.018529756 0.998515487
1341846232.887989 -0.000201533 0.002916251 0.000089367 0.057146624 0.002289133 -0.018672567 0.998188555
1341846232.887989 -0.000201533 0.002916251 0.000089367 0.057146624 0.002289133 -0.018672567 0.998188555
1341846232.887989 -0.000201533 0.002916251 0.000089367 0.057146624 0.002289133 -0.018672567 0.998188555
1341846232.887989 -0.000201533 0.002916251 0.000089367 0.057146624 0.002289133 -0.018672567 0.998188555
1341846233.023868 -0.000201773 0.002916260 0.000089435 0.058161981 0.008702395 -0.016923048 0.998125792
1341846233.055880 0.000001870 0.003051169 -0.000726354 0.057326194 0.010621515 -0.018981339 0.998118520
1341846233.087872 -0.000225212 0.002902888 0.000180495 0.056326196 0.011368319 -0.020856522 0.998129785
1341846233.124060 -0.000203387 0.002915263 0.000095940 0.056849010 0.010268965 -0.021979664 0.998088002
1341846233.124060 -0.000203387 0.002915263 0.000095940 0.056849010 0.010268965 -0.021979664 0.998088002
1341846233.124060 -0.000203387 0.002915263 0.000095940 0.056849010 0.010268965 -0.021979664 0.998088002
1341846233.124060 -0.000203387 0.002915263 0.000095940 0.056849010 0.010268965 -0.021979664 0.998088002
1341846233.124060 -0.000203387 0.002915263 0.000095940 0.056849010 0.010268965 -0.021979664 0.998088002
1341846233.317870 -0.000403660 0.002726773 0.000762017 0.062134895 0.010111002 -0.027875328 0.997627199
1341846233.349815 -0.000662020 0.013343140 -0.013723954 0.065689817 0.010301565 -0.033101093 0.997237682
1341846233.385857 -0.000206691 0.002916055 0.000135107 0.062624946 0.009008586 -0.030530224 0.997529387
1341846233.417990 0.006594581 -0.010153086 0.036200307 0.060643714 0.006481758 -0.024306554 0.997842431
1341846233.417990 0.006594581 -0.010153086 0.036200307 0.060643714 0.006481758 -0.024306554 0.997842431
1341846233.485912 -0.000201658 0.002917334 0.000088366 0.063826799 0.006436819 -0.026149327 0.997597575
1341846233.517954 -0.001142807 0.008036024 -0.013868509 0.064794675 0.006025058 -0.027104165 0.997512281
1341846233.553882 -0.000201755 0.002916197 0.000096187 0.063538581 0.004761248 -0.029578833 0.997529566
1341846233.553882 -0.000201755 0.002916197 0.000096187 0.063538581 0.004761248 -0.029578833 0.997529566
1341846233.621898 -0.000201481 0.002915164 0.000090072 0.065572292 0.004039295 -0.027138734 0.997470498
1341846233.654396 -0.000201928 0.002916558 0.000089410 0.065897115 0.005355174 -0.026330967 0.997464538
1341846233.685848 -0.000201890 0.002916535 0.000089376 0.065104865 0.005943448 -0.026526900 0.997508049
1341846233.721879 -0.000201910 0.002916527 0.000089421 0.064312644 0.006531899 -0.026722817 0.997550547
1341846233.753961 -0.000201917 0.002916500 0.000089394 0.063520730 0.007119915 -0.026918748 0.997591972
1341846233.822009 -0.000201800 0.002916319 0.000089643 0.062798560 0.008462876 -0.026908556 0.997627497
1341846233.853971 -0.000201793 0.002916342 0.000089646 0.061800059 0.008502577 -0.026655337 0.997696280
1341846233.889920 -0.000201789 0.002916293 0.000089576 0.060801797 0.008539999 -0.026402129 0.997764051
1341846233.922045 -0.000201767 0.002916296 0.000089623 0.060017098 0.007529686 -0.026454458 0.997818351
1341846233.953967 -0.000201766 0.002916291 0.000089621 0.059232350 0.006519382 -0.026506746 0.997870922
1341846233.989945 -0.000201770 0.002916294 0.000089613 0.058447585 0.005509041 -0.026558993 0.997921944
1341846234.021936 -0.000201760 0.002916297 0.000089641 0.057662759 0.004498719 -0.026611196 0.997971237
1341846234.053904 -0.000201763 0.002916273 0.000089628 0.057369705 0.004823386 -0.026733357 0.997983336
1341846234.089899 -0.000201745 0.002916264 0.000089667 0.057079885 0.005152584 -0.026855560 0.997995079
1341846234.158063 -0.000201742 0.002916236 0.000089678 0.056791723 0.005485810 -0.026977433 0.998006403
1341846234.189961 -0.000201749 0.002916163 0.000089636 0.056506265 0.005820188 -0.027099127 0.998017430
1341846234.222130 -0.000201856 0.002916428 0.000089389 0.056615673 0.006162277 -0.027099827 0.998009145
1341846234.257875 -0.000201851 0.002916469 0.000089406 0.056328289 0.006500094 -0.027220387 0.998019993
1341846234.289820 -0.000201852 0.002916449 0.000089384 0.055870291 0.007419919 -0.027132198 0.998041749
1341846234.321998 -0.000201867 0.002916399 0.000089461 0.055416208 0.008340566 -0.027044082 0.998062134
1341846234.357904 -0.000201888 0.002916402 0.000089475 0.056162674 0.008622263 -0.027172185 0.998014569
1341846234.389919 -0.000201893 0.002916435 0.000089483 0.057217021 0.007969814 -0.027150379 0.997960687
1341846234.425915 -0.000201892 0.002916424 0.000089491 0.058272939 0.007315314 -0.027127858 0.997905195
1341846234.457800 -0.000201860 0.002916465 0.000089415 0.059326887 0.006660844 -0.027105082 0.997848332
1341846234.490016 -0.000201879 0.002916507 0.000089465 0.056494273 0.006285621 -0.027013965 0.998017609
1341846234.525867 -0.000201887 0.002916441 0.000089417 0.054844331 0.006551437 -0.026249101 0.998128295
1341846234.557961 -0.000201876 0.002916428 0.000089439 0.053979654 0.006392882 -0.025281059 0.998201489
1341846234.593900 -0.000201888 0.002916446 0.000089468 0.053113725 0.006230121 -0.024312261 0.998273015
1341846234.658173 -0.000201875 0.002916446 0.000089477 0.051993970 0.003953778 -0.022976685 0.998375177
1341846234.694104 -0.000201862 0.002916409 0.000089501 0.050875880 0.001681062 -0.021640588 0.998469114
1341846234.725911 -0.000201854 0.002916424 0.000089441 0.051171631 0.000344427 -0.020094788 0.998487651
1341846234.758643 -0.000201860 0.002916438 0.000089448 0.052405622 -0.000351968 -0.018642969 0.998451769
1341846234.793907 -0.000201866 0.002916463 0.000089428 0.052602291 -0.000155240 -0.017521765 0.998461783
1341846234.826106 -0.000201891 0.002916474 0.000089473 0.051639382 0.000342284 -0.016981753 0.998521328
1341846234.862270 -0.000201906 0.002916456 0.000089478 0.051431041 0.000149496 -0.016754044 0.998535991
1341846234.893971 -0.000201907 0.002916425 0.000089550 0.052194543 -0.000466015 -0.016734838 0.998496592
1341846234.926031 -0.000201864 0.002916438 0.000089442 0.052958526 -0.001078885 -0.016716484 0.998456180
1341846234.961979 -0.000201873 0.002916452 0.000089449 0.053730618 -0.000905208 -0.017166346 0.998407483
1341846234.994016 -0.000201907 0.002916459 0.000089483 0.054502137 -0.000732811 -0.017616760 0.998357952
1341846235.026311 -0.000201916 0.002916478 0.000089498 0.053386848 -0.001614796 -0.018660817 0.998398185
1341846235.061915 -0.000201881 0.002916466 0.000089453 0.051535346 -0.001631305 -0.020076450 0.998468041
1341846235.094075 -0.000201893 0.002916417 0.000089522 0.049687278 -0.001647871 -0.021492114 0.998532176
1341846235.130068 -0.000201881 0.002916403 0.000089509 0.049964126 -0.002236536 -0.022551425 0.998493850
1341846235.162449 -0.000201879 0.002916403 0.000089498 0.051066659 -0.003448162 -0.023293149 0.998417616
1341846235.193917 -0.000201839 0.002916416 0.000089435 0.052169543 -0.004659201 -0.024034232 0.998338103
1341846235.229939 -0.000201675 0.002916428 0.000089520 0.053268559 -0.005722800 -0.024374215 0.998266280
1341846235.261811 -0.000201682 0.002916437 0.000089540 0.053882491 -0.005845585 -0.024869593 0.998220444
1341846235.294134 -0.000201682 0.002916422 0.000089533 0.054496508 -0.005966262 -0.025364675 0.998173892
1341846235.329890 -0.000201679 0.002916442 0.000089514 0.055109929 -0.006085427 -0.025859622 0.998126805
1341846235.361974 -0.000201685 0.002916577 0.000089472 0.055006385 -0.005844649 -0.027031358 0.998102903
1341846235.398097 -0.000201678 0.002916658 0.000089509 0.055615250 -0.005961364 -0.027526421 0.998054981
1341846235.462163 -0.000201681 0.002916664 0.000089515 0.056223739 -0.006077896 -0.028021436 0.998006403
1341846235.498142 -0.000201583 0.002917070 0.000089510 0.056841746 -0.006223977 -0.028909694 0.997945130
1341846235.529989 -0.000201589 0.002917101 0.000089521 0.057449400 -0.006340450 -0.029404739 0.997895181
1341846235.561921 -0.000201594 0.002917082 0.000089492 0.058056895 -0.006456919 -0.029899763 0.997844517
1341846235.597951 -0.000201599 0.002917088 0.000089492 0.058664154 -0.006573358 -0.030394772 0.997793317
1341846235.630160 -0.000201617 0.002917144 0.000089545 0.059271116 -0.006689853 -0.030889694 0.997741461
1341846235.667679 -0.000201684 0.002917363 0.000089622 0.059828296 -0.007135755 -0.031273447 0.997693121
1341846235.705783 -0.000201691 0.002917339 0.000089615 0.060435113 -0.007252261 -0.031768043 0.997640133
1341846235.730392 -0.000201689 0.002917351 0.000089607 0.061041798 -0.007368728 -0.032262653 0.997586429
1341846235.766032 -0.000201686 0.002917335 0.000089622 0.061648428 -0.007485180 -0.032757264 0.997532129
1341846235.797942 -0.000201695 0.002917322 0.000089610 0.062254988 -0.007601680 -0.033251844 0.997477233
1341846235.833964 -0.000201689 0.002917323 0.000089600 0.062861480 -0.007718184 -0.033746351 0.997421682
1341846235.866037 -0.000201678 0.002917333 0.000089600 0.063467860 -0.007834763 -0.034240715 0.997365534
1341846235.898007 -0.000201668 0.002917331 0.000089622 0.064074129 -0.007951374 -0.034734882 0.997308731
1341846235.934106 -0.000201498 0.002917095 0.000089704 0.064822525 -0.008264716 -0.034695894 0.997259200
1341846235.965921 -0.000201468 0.002917071 0.000089693 0.065428719 -0.008380536 -0.035189558 0.997201383
1341846235.997897 -0.000201441 0.002917087 0.000089706 0.066034786 -0.008496188 -0.035683103 0.997142911
1341846236.034072 -0.000201409 0.002917096 0.000089729 0.066640779 -0.008611752 -0.036176484 0.997083783
1341846236.065823 -0.000201383 0.002917061 0.000089721 0.067246713 -0.008727299 -0.036669694 0.997024119
1341846236.101989 -0.000201126 0.002917062 0.000089826 0.067841262 -0.008546499 -0.037224375 0.996964812
1341846236.134258 -0.000201119 0.002917099 0.000089848 0.068446830 -0.008662041 -0.037717458 0.996903896
1341846236.166269 -0.000201112 0.002917096 0.000089858 0.069052324 -0.008777603 -0.038210362 0.996842384
1341846236.202022 -0.000201100 0.002917117 0.000089846 0.069657713 -0.008893149 -0.038703125 0.996780217
1341846236.233893 -0.000201083 0.002917172 0.000089877 0.070263006 -0.009008678 -0.039195742 0.996717453
1341846236.265924 -0.000200880 0.002917491 0.000090055 0.070711121 -0.009220016 -0.039846726 0.996657968
1341846236.302018 -0.000200873 0.002917495 0.000090058 0.071316287 -0.009335641 -0.040338948 0.996594012
1341846236.333756 -0.000200867 0.002917508 0.000090049 0.071921341 -0.009451180 -0.040831026 0.996529400
1341846236.369949 -0.000200846 0.002917520 0.000090075 0.072526276 -0.009566623 -0.041322980 0.996464193
1341846236.401964 -0.000200820 0.002917529 0.000090096 0.073131129 -0.009682026 -0.041814819 0.996398270
1341846236.433828 -0.000200810 0.002917529 0.000090106 0.073735908 -0.009797411 -0.042306535 0.996331871
1341846236.469948 -0.000200607 0.002917631 0.000090268 0.074351043 -0.009652455 -0.042927939 0.996260941
1341846236.501946 -0.000200587 0.002917628 0.000090274 0.074955545 -0.009767754 -0.043419562 0.996193230
1341846236.534764 -0.000200565 0.002917653 0.000090287 0.075559974 -0.009882994 -0.043911066 0.996124923
1341846236.569956 -0.000200532 0.002917666 0.000090324 0.076164380 -0.009998192 -0.044402424 0.996055961
1341846236.601901 -0.000200516 0.002917652 0.000090329 0.076768756 -0.010113345 -0.044893637 0.995986342
1341846236.637896 -0.000200131 0.002917812 0.000090515 0.077443533 -0.010407990 -0.045247741 0.995915055
1341846236.669818 -0.000200442 0.002917720 0.000090370 0.077977285 -0.010343565 -0.045875661 0.995845318
1341846236.702100 -0.000200424 0.002917735 0.000090420 0.078581415 -0.010458622 -0.046366517 0.995773911
1341846236.738521 -0.000199757 0.002917746 0.000090761 0.079416074 -0.010829841 -0.046668634 0.995689631
1341846236.769905 -0.000199776 0.002917607 0.000090697 0.080020353 -0.010944637 -0.047159120 0.995616913
1341846236.805999 -0.000199912 0.002917218 0.000090321 0.080920242 -0.011167424 -0.047570992 0.995522082
1341846236.844067 -0.000199913 0.002917234 0.000090326 0.081524357 -0.011281716 -0.048061289 0.995447934
1341846236.876573 -0.000199903 0.002917256 0.000090311 0.082128420 -0.011395963 -0.048551541 0.995373189
1341846236.911899 -0.000199912 0.002917304 0.000090357 0.082732417 -0.011510189 -0.049041748 0.995297849
1341846236.944484 -0.000199909 0.002917322 0.000090369 0.083336346 -0.011624411 -0.049531873 0.995221853
1341846236.975811 -0.000199900 0.002917303 0.000090347 0.083940215 -0.011738626 -0.050021905 0.995145261
1341846237.011848 -0.000199892 0.002917318 0.000090363 0.084543996 -0.011852826 -0.050511837 0.995068014
1341846237.043850 -0.000199872 0.002917335 0.000090375 0.085147709 -0.011966996 -0.051001679 0.994990170
1341846237.075882 -0.000199625 0.002917711 0.000090604 0.085455768 -0.011946280 -0.051781625 0.994923770
1341846237.111887 -0.000199639 0.002917683 0.000090588 0.086059287 -0.012060821 -0.052271299 0.994844735
1341846237.143863 -0.000199646 0.002917659 0.000090578 0.086662769 -0.012175371 -0.052760892 0.994765103
1341846237.175838 -0.000199645 0.002917684 0.000090576 0.087266169 -0.012289928 -0.053250384 0.994684875
1341846237.211847 -0.000199669 0.002917833 0.000090492 0.088012248 -0.012683682 -0.053358044 0.994608402
1341846237.243895 -0.000199613 0.002917735 0.000090613 0.088472828 -0.012518959 -0.054229107 0.994522512
1341846237.280228 -0.000199641 0.002917823 0.000090494 0.089219220 -0.012911974 -0.054336272 0.994444966
1341846237.312079 -0.000199655 0.002917841 0.000090504 0.089822620 -0.013026074 -0.054825194 0.994362354
1341846237.343828 -0.000199544 0.002917927 0.000090568 0.090734310 -0.013212311 -0.054691926 0.994284451
1341846237.379983 -0.000199532 0.002917941 0.000090572 0.091337673 -0.013325820 -0.055180632 0.994200647
1341846237.411962 -0.000199531 0.002917971 0.000090567 0.091940925 -0.013439273 -0.055669274 0.994116306
1341846237.443790 -0.000199452 0.002918280 0.000090678 0.092454575 -0.013408916 -0.056417767 0.994026840
1341846237.479911 -0.000199394 0.002918360 0.000090726 0.092724554 -0.013151934 -0.057416309 0.993947923
1341846237.511862 -0.000199431 0.002918328 0.000090683 0.093660273 -0.013636026 -0.057394914 0.993854940
1341846237.547914 -0.000199456 0.002918360 0.000090689 0.094262965 -0.013749595 -0.057883397 0.993768036
1341846237.579956 -0.000199491 0.002918796 0.000090823 0.094528869 -0.013777622 -0.058890868 0.993683219
1341846237.611852 -0.000199481 0.002918864 0.000090845 0.095006190 -0.013965593 -0.059341367 0.993608236
1341846237.647976 -0.000199485 0.002918874 0.000090856 0.095608450 -0.014079799 -0.059829626 0.993519604
1341846237.680417 -0.000199487 0.002918885 0.000090855 0.096210599 -0.014194033 -0.060317818 0.993430316
1341846237.711902 -0.000199515 0.002919073 0.000090941 0.097160950 -0.014497000 -0.060331121 0.993332624
1341846237.747860 -0.000199518 0.002919066 0.000090940 0.097763114 -0.014610804 -0.060819097 0.993242145
1341846237.779848 -0.000199520 0.002919070 0.000090936 0.098365225 -0.014724621 -0.061307006 0.993151009
1341846237.815934 -0.000199525 0.002919091 0.000090930 0.098967277 -0.014838461 -0.061794851 0.993059278
1341846237.847966 -0.000199537 0.002919114 0.000090944 0.099569254 -0.014952313 -0.062282633 0.992966890
1341846237.879781 -0.000199645 0.002919441 0.000090963 0.100440361 -0.015244911 -0.062352054 0.992870390
1341846237.916026 -0.000199651 0.002919460 0.000090963 0.101042263 -0.015358406 -0.062839635 0.992776811
1341846237.947857 -0.000199649 0.002919472 0.000090965 0.101644039 -0.015471908 -0.063327163 0.992682636
1341846237.978064 -0.000199642 0.002919483 0.000090978 0.102245718 -0.015585405 -0.063814655 0.992587864
1341846238.010069 -0.000199634 0.002919495 0.000090988 0.102847323 -0.015698887 -0.064302087 0.992492437
1341846238.045995 -0.000199564 0.002919947 0.000091114 0.103272356 -0.015601207 -0.065070443 0.992399752
1341846238.077963 -0.000199562 0.002919970 0.000091119 0.103873558 -0.015714923 -0.065557852 0.992303133
1341846238.109791 -0.000199557 0.002919977 0.000091126 0.104474604 -0.015828613 -0.066045217 0.992205918
1341846238.145837 -0.000199549 0.002919963 0.000091141 0.105075553 -0.015942248 -0.066532522 0.992108047
1341846238.177943 -0.000199543 0.002919960 0.000091125 0.105676398 -0.016055813 -0.067019783 0.992009640
1341846238.209943 -0.000199424 0.002920186 0.000091245 0.105967887 -0.015883321 -0.067906283 0.991921008
1341846238.246227 -0.000199418 0.002920199 0.000091254 0.106568359 -0.015997237 -0.068393558 0.991821349
1341846238.278227 -0.000199412 0.002920198 0.000091257 0.107168734 -0.016111134 -0.068880767 0.991721094
1341846238.345918 -0.000199399 0.002920207 0.000091258 0.107769035 -0.016224984 -0.069367945 0.991620243
1341846238.377978 -0.000199402 0.002920202 0.000091263 0.108369231 -0.016338790 -0.069855079 0.991518736
1341846238.413879 -0.000199408 0.002920191 0.000091255 0.108969353 -0.016452575 -0.070342168 0.991416633
1341846238.445979 -0.000199412 0.002920194 0.000091250 0.109569356 -0.016566323 -0.070829190 0.991313934
1341846238.478188 -0.000199404 0.002920209 0.000091252 0.110169269 -0.016680028 -0.071316198 0.991210639
1341846238.515328 -0.000199402 0.002920209 0.000091260 0.110769056 -0.016793700 -0.071803145 0.991106689
1341846238.545906 -0.000199407 0.002920206 0.000091258 0.111368731 -0.016907347 -0.072290033 0.991002142
1341846238.587827 -0.000199406 0.002920203 0.000091258 0.111968301 -0.017020956 -0.072776876 0.990897000
1341846238.645944 -0.000199232 0.002920412 0.000091417 0.112165511 -0.016725309 -0.073597245 0.990819156
1341846238.681933 -0.000199229 0.002920428 0.000091425 0.112764649 -0.016839301 -0.074084170 0.990712941
1341846238.713917 -0.000199223 0.002920425 0.000091436 0.113363661 -0.016953291 -0.074571021 0.990606070
1341846238.745925 -0.000199219 0.002920425 0.000091433 0.113962561 -0.017067276 -0.075057812 0.990498662
1341846238.781932 -0.000199224 0.002920444 0.000091434 0.114561394 -0.017181253 -0.075544544 0.990390599
1341846238.813869 -0.000199215 0.002920465 0.000091440 0.115160115 -0.017295219 -0.076031215 0.990281940
1341846238.849931 -0.000199208 0.002920486 0.000091441 0.115758747 -0.017409179 -0.076517813 0.990172625
1341846238.881927 -0.000199347 0.002920344 0.000091341 0.116761036 -0.017929452 -0.076669239 0.990033925
1341846238.914000 -0.000199125 0.002920796 0.000091690 0.117517501 -0.018340809 -0.076616101 0.989941001
1341846238.949903 -0.000199135 0.002920768 0.000091686 0.118116409 -0.018453995 -0.077102035 0.989829898
1341846239.017941 -0.000199157 0.002920734 0.000091651 0.118715264 -0.018567190 -0.077587865 0.989718199
1341846239.050041 -0.000199149 0.002920738 0.000091646 0.119314067 -0.018680409 -0.078073561 0.989605844
1341846239.081902 -0.000199151 0.002920734 0.000091653 0.119912781 -0.018793631 -0.078559160 0.989492893
1341846239.117866 -0.000199153 0.002920731 0.000091650 0.120511442 -0.018906865 -0.079044662 0.989379346
1341846239.149976 -0.000199136 0.002920725 0.000091665 0.121110015 -0.019020101 -0.079530068 0.989265144
1341846239.181897 -0.000199118 0.002920731 0.000091662 0.121708542 -0.019133318 -0.080015339 0.989150405
1341846239.217929 -0.000199122 0.002920785 0.000091670 0.122306965 -0.019246509 -0.080500528 0.989035010
1341846239.250009 -0.000199077 0.002920853 0.000091665 0.122644998 -0.019033490 -0.081289433 0.988932729
1341846239.285917 -0.000199056 0.002920874 0.000091680 0.123243026 -0.019146906 -0.081774615 0.988816202
1341846239.318442 -0.000199031 0.002920900 0.000091697 0.123840943 -0.019260256 -0.082259722 0.988699019
1341846239.349930 -0.000199006 0.002920940 0.000091723 0.124438755 -0.019373566 -0.082744762 0.988581300
1341846239.386011 -0.000198972 0.002920941 0.000091756 0.125036493 -0.019486843 -0.083229721 0.988462925
1341846239.417983 -0.000198965 0.002920947 0.000091760 0.125634119 -0.019600086 -0.083714604 0.988343954
1341846239.450112 -0.000198955 0.002920967 0.000091770 0.126231655 -0.019713305 -0.084199421 0.988224387
1341846239.485973 -0.000199056 0.002920670 0.000091618 0.126521930 -0.019460069 -0.085259050 0.988101423
1341846239.517913 -0.000199034 0.002920702 0.000091643 0.127119064 -0.019573733 -0.085743919 0.987980545
1341846239.553979 -0.000198660 0.002921286 0.000092038 0.128104538 -0.020064343 -0.085905246 0.987829387
1341846239.585911 -0.000198399 0.002921666 0.000092339 0.128556281 -0.020075401 -0.086303696 0.987735748
1341846239.617967 -0.000198353 0.002921674 0.000092408 0.129152685 -0.020187564 -0.086787745 0.987613261
1341846239.653941 -0.000198306 0.002921619 0.000092468 0.129749373 -0.020299768 -0.087271139 0.987490118
1341846239.685852 -0.000198298 0.002921657 0.000092450 0.130346119 -0.020412123 -0.087753922 0.987366438
1341846239.717923 -0.000198309 0.002921718 0.000092486 0.130942449 -0.020525470 -0.088236012 0.987242222
1341846239.753857 -0.000198277 0.002921763 0.000092544 0.131538332 -0.020640269 -0.088716887 0.987117469
1341846239.785918 -0.000198252 0.002921812 0.000092595 0.132133558 -0.020755770 -0.089197308 0.986992300
1341846239.821950 -0.000198292 0.002921887 0.000092630 0.132728264 -0.020871894 -0.089677170 0.986866534
1341846239.854023 -0.000198239 0.002921955 0.000092690 0.133323058 -0.020991007 -0.090154104 0.986740351
1341846239.891801 -0.000198274 0.002922021 0.000092438 0.134017274 -0.021375826 -0.090302743 0.986624479
1341846239.953963 -0.000198295 0.002922130 0.000092552 0.134611517 -0.021496462 -0.090777196 0.986497402
1341846239.985997 -0.000198272 0.002922115 0.000092512 0.135123789 -0.021574313 -0.091347404 0.986373007
1341846240.022055 -0.000198351 0.002922213 0.000092468 0.135796413 -0.021739187 -0.091723159 0.986242175
1341846240.053998 -0.000198219 0.002922202 0.000092445 0.136387393 -0.021860804 -0.092195116 0.986113906
1341846240.089841 -0.000198247 0.002922115 0.000092523 0.136977866 -0.021982465 -0.092666440 0.985985160
1341846240.121795 -0.000198239 0.002922167 0.000092436 0.137567803 -0.022104235 -0.093137100 0.985855937
1341846240.159862 -0.000198261 0.002922082 0.000092498 0.138208225 -0.022145044 -0.093811460 0.985701501
1341846240.195884 -0.000198221 0.002922046 0.000092471 0.138802111 -0.022218341 -0.094149038 0.985584259
1341846240.227927 -0.000198198 0.002922052 0.000092543 0.139392346 -0.022340575 -0.094616964 0.985453367
1341846240.259887 -0.000198191 0.002922106 0.000092509 0.139982268 -0.022463471 -0.095084026 0.985321999
1341846240.290031 -0.000198170 0.002922111 0.000092457 0.140571982 -0.022586677 -0.095550127 0.985190094
1341846240.322206 -0.000198170 0.002922183 0.000092452 0.141161263 -0.022710348 -0.096015178 0.985057771
1341846240.357948 -0.000198211 0.002922347 0.000092412 0.141698524 -0.022990324 -0.096542872 0.984922528
1341846240.422212 -0.000197895 0.002922834 0.000092701 0.142286405 -0.023117162 -0.097004361 0.984789491
1341846240.458143 -0.000197893 0.002922883 0.000092685 0.142872840 -0.023246877 -0.097463593 0.984656155
1341846240.490243 -0.000198173 0.002922760 0.000092388 0.143394873 -0.023159226 -0.097886525 0.984540403
1341846240.525976 -0.000198227 0.002922702 0.000092560 0.143980891 -0.023290120 -0.098343998 0.984406173
1341846240.557894 -0.000198248 0.002922561 0.000092640 0.144566849 -0.023421533 -0.098800495 0.984271467
1341846240.590418 -0.000198367 0.002922344 0.000092389 0.145219222 -0.023717932 -0.099299252 0.984118164
1341846240.626172 -0.000198359 0.002922346 0.000092493 0.145804346 -0.023849584 -0.099753231 0.983982503
1341846240.657964 -0.000198432 0.002922483 0.000092315 0.146389425 -0.023982152 -0.100206323 0.983846366
1341846240.689825 -0.000198412 0.002922395 0.000092377 0.146974921 -0.024115887 -0.100657851 0.983709753
1341846240.725903 -0.000198404 0.002922511 0.000092279 0.147622705 -0.024251085 -0.101096667 0.983564377
1341846240.757973 -0.000198388 0.002922584 0.000092337 0.148146257 -0.024385178 -0.101562113 0.983434379
1341846240.794024 -0.000198367 0.002922266 0.000092466 0.148793668 -0.024524165 -0.101993613 0.983288527
1341846240.826068 -0.000198337 0.002922379 0.000092467 0.149406314 -0.024686949 -0.102402233 0.983149052
1341846240.858147 -0.000198299 0.002922466 0.000092481 0.149971142 -0.024806950 -0.102888502 0.983009279
1341846240.894038 -0.000198242 0.002922586 0.000092523 0.150556847 -0.024946023 -0.103333600 0.982869506
1341846240.925975 -0.000198205 0.002922673 0.000092599 0.151142687 -0.025085319 -0.103777759 0.982729256
1341846240.958080 -0.000198152 0.002922720 0.000092650 0.151728168 -0.025224371 -0.104221046 0.982588530
1341846240.994099 -0.000198134 0.002922796 0.000092729 0.152313381 -0.025363375 -0.104663782 0.982447386
1341846241.026041 -0.000198099 0.002922714 0.000092749 0.152877733 -0.025491912 -0.105126977 0.982306898
1341846241.062449 -0.000198115 0.002922727 0.000092645 0.153462514 -0.025629997 -0.105568998 0.982164741
1341846241.094372 -0.000198174 0.002922936 0.000092523 0.154047370 -0.025767067 -0.106010586 0.982021987
1341846241.126068 -0.000198113 0.002922983 0.000092686 0.154632285 -0.025903912 -0.106451839 0.981878757
1341846241.167863 -0.000198025 0.002922805 0.000092821 0.155201122 -0.026000112 -0.106886670 0.981739223
1341846241.230127 -0.000197963 0.002922756 0.000092955 0.155785784 -0.026136082 -0.107327200 0.981594920
1341846241.261868 -0.000197971 0.002922811 0.000092907 0.156370118 -0.026271865 -0.107767291 0.981450140
1341846241.295211 -0.000197924 0.002922765 0.000092997 0.156953961 -0.026407419 -0.108207256 0.981304884
1341846241.329804 -0.000197972 0.002922927 0.000092874 0.157530054 -0.026502771 -0.108732007 0.981151998
1341846241.362000 -0.000197898 0.002922891 0.000093030 0.158111066 -0.026636634 -0.109172478 0.981005967
1341846241.394012 -0.000197872 0.002922991 0.000093009 0.158691108 -0.026769901 -0.109613083 0.980859518
1341846241.430126 -0.000197859 0.002923023 0.000092994 0.159270048 -0.026902340 -0.110053979 0.980712712
1341846241.462018 -0.000197849 0.002922963 0.000093071 0.159816936 -0.027045039 -0.110490382 0.980570734
1341846241.497907 -0.000197824 0.002923108 0.000092960 0.160394326 -0.027175939 -0.110930957 0.980423093
1341846241.529930 -0.000197777 0.002923155 0.000092975 0.160971180 -0.027306741 -0.111371726 0.980274916
1341846241.562493 -0.000197709 0.002923202 0.000093044 0.161547288 -0.027437380 -0.111813068 0.980126262
1341846241.598412 -0.000197796 0.002923283 0.000093014 0.162042320 -0.027526544 -0.112328760 0.979983091
1341846241.629998 -0.000197779 0.002923298 0.000093021 0.162616253 -0.027656853 -0.112771198 0.979833484
1341846241.662234 -0.000197746 0.002923358 0.000093023 0.163188532 -0.027786173 -0.113214321 0.979683578
1341846241.698098 -0.000197736 0.002923383 0.000093002 0.163759440 -0.027914314 -0.113658145 0.979533315
1341846241.729805 -0.000197656 0.002923294 0.000093187 0.164316863 -0.028032614 -0.114107303 0.979384303
1341846241.765805 -0.000197435 0.002923855 0.000093323 0.165191039 -0.028329840 -0.114189535 0.979219139
1341846241.797970 -0.000197689 0.002923399 0.000093120 0.165452331 -0.028284537 -0.114998914 0.979081571
1341846241.830240 -0.000197635 0.002923343 0.000093212 0.166017801 -0.028409133 -0.115445562 0.978929698
1341846241.865867 -0.000197565 0.002923514 0.000093246 0.166626215 -0.028536316 -0.115857571 0.978773952
1341846241.898156 -0.000197540 0.002923511 0.000093299 0.167206228 -0.028697161 -0.116310365 0.978616595
1341846241.929917 -0.000197433 0.002923510 0.000093236 0.167790622 -0.028827207 -0.116697006 0.978466749
1341846241.965882 -0.000197323 0.002923698 0.000093063 0.168352455 -0.028951759 -0.117142834 0.978313267
1341846241.998017 -0.000197355 0.002923698 0.000093223 0.168918893 -0.029100887 -0.117608249 0.978155315
1341846242.034019 -0.000197186 0.002923749 0.000093055 0.169433877 -0.029157432 -0.118087046 0.978006899
1341846242.066365 -0.000197236 0.002923611 0.000093386 0.170038521 -0.029348411 -0.118497431 0.977846563
1341846242.097916 -0.000197260 0.002923384 0.000093595 0.170597330 -0.029472612 -0.118941829 0.977691531
1341846242.133980 -0.000197263 0.002923442 0.000093437 0.171163365 -0.029643957 -0.119350784 0.977537572
1341846242.165895 -0.000197240 0.002923396 0.000093503 0.171767741 -0.029727727 -0.119835272 0.977369726
1341846242.197924 -0.000197214 0.002923409 0.000093496 0.172325507 -0.029852830 -0.120278470 0.977213264
1341846242.234487 -0.000197220 0.002923403 0.000093461 0.172883436 -0.029977791 -0.120721050 0.977056324
1341846242.269588 -0.000197184 0.002923359 0.000093474 0.173441544 -0.030102976 -0.121162832 0.976898849
1341846242.301972 -0.000197155 0.002923384 0.000093544 0.173999339 -0.030227760 -0.121604241 0.976740956
1341846242.333996 -0.000197077 0.002923246 0.000093775 0.174556628 -0.030352138 -0.122045390 0.976582646
1341846242.366000 -0.000196806 0.002923718 0.000093764 0.175156429 -0.030588211 -0.122117862 0.976458788
1341846242.401903 -0.000197069 0.002923339 0.000093670 0.175607070 -0.030702055 -0.122619383 0.976311445
1341846242.433933 -0.000197037 0.002923328 0.000093768 0.176162958 -0.030825464 -0.123059087 0.976152062
1341846242.469883 -0.000196962 0.002923153 0.000093896 0.176718771 -0.030947501 -0.123498142 0.975992262
1341846242.501972 -0.000197006 0.002923253 0.000093732 0.177274257 -0.031068981 -0.123936474 0.975832105
1341846242.534063 -0.000196972 0.002923351 0.000093814 0.177829012 -0.031189699 -0.124374248 0.975671649
1341846242.569931 -0.000196921 0.002923419 0.000093812 0.178383231 -0.031310093 -0.124811657 0.975510716
1341846242.602000 -0.000196875 0.002923330 0.000093963 0.178937137 -0.031430468 -0.125248700 0.975349367
1341846242.634077 -0.000196866 0.002923514 0.000093931 0.179490730 -0.031550948 -0.125685558 0.975187540
1341846242.670215 -0.000196818 0.002923630 0.000093929 0.180043921 -0.031671371 -0.126122355 0.975025237
1341846242.701929 -0.000196787 0.002923680 0.000093942 0.180596724 -0.031791687 -0.126559183 0.974862516
1341846242.737996 -0.000196805 0.002923749 0.000093937 0.181146428 -0.031910270 -0.126992598 0.974700272
1341846242.769937 -0.000196810 0.002923741 0.000093950 0.181698546 -0.032030359 -0.127429098 0.974536598
1341846242.808080 -0.000196815 0.002923752 0.000093940 0.182250202 -0.032150265 -0.127865493 0.974372447
1341846242.869936 -0.000196810 0.002923852 0.000094021 0.182801276 -0.032269984 -0.128301844 0.974207878
1341846242.902131 -0.000196770 0.002923870 0.000094071 0.183351845 -0.032389406 -0.128738329 0.974042833
1341846242.938061 -0.000196766 0.002923889 0.000094047 0.183901861 -0.032508630 -0.129175022 0.973877370
1341846242.969969 -0.000196743 0.002923856 0.000094114 0.184451595 -0.032627773 -0.129611626 0.973711371
1341846243.005810 -0.000196738 0.002923832 0.000094085 0.185001135 -0.032746974 -0.130047888 0.973544955
1341846243.038095 -0.000196772 0.002923977 0.000094021 0.185550511 -0.032866154 -0.130483732 0.973378062
1341846243.070041 -0.000196731 0.002923976 0.000094182 0.186099678 -0.032985352 -0.130919322 0.973210692
1341846243.106059 -0.000196739 0.002924165 0.000094160 0.186648577 -0.033104368 -0.131354928 0.973042786
1341846243.137899 -0.000196680 0.002924114 0.000094261 0.187197223 -0.033223376 -0.131790310 0.972874463
1341846243.169985 -0.000196661 0.002924189 0.000094203 0.187745705 -0.033342399 -0.132225394 0.972705662
1341846243.206007 -0.000196626 0.002924193 0.000094280 0.188293889 -0.033461228 -0.132660285 0.972536385
1341846243.237999 -0.000196555 0.002924230 0.000094380 0.188841820 -0.033579905 -0.133095056 0.972366631
1341846243.274026 -0.000196545 0.002924239 0.000094453 0.189390227 -0.033693239 -0.133529201 0.972196519
1341846243.305879 -0.000196544 0.002924261 0.000094410 0.189937472 -0.033810496 -0.133964136 0.972025812
1341846243.338022 -0.000196544 0.002924271 0.000094372 0.190484568 -0.033927467 -0.134399012 0.971854627
1341846243.374348 -0.000196518 0.002924185 0.000094409 0.191031203 -0.034044124 -0.134833708 0.971683085
1341846243.405837 -0.000196547 0.002924279 0.000094357 0.191577345 -0.034160726 -0.135268152 0.971511006
1341846243.442193 -0.000196569 0.002924363 0.000094309 0.192122877 -0.034277447 -0.135702237 0.971338630
1341846243.473902 -0.000196481 0.002924379 0.000094274 0.192668125 -0.034394145 -0.136135980 0.971165836
1341846243.505839 -0.000196498 0.002924357 0.000094405 0.193214491 -0.034515452 -0.136561856 0.970993161
1341846243.542001 -0.000196499 0.002924434 0.000094448 0.193759158 -0.034631498 -0.136994675 0.970819473
1341846243.574058 -0.000196435 0.002924481 0.000094440 0.194303527 -0.034747295 -0.137427032 0.970645487
1341846243.605841 -0.000196383 0.002924476 0.000094488 0.194847807 -0.034863126 -0.137859046 0.970470905
1341846243.642015 -0.000196349 0.002924425 0.000094515 0.195392057 -0.034979027 -0.138290599 0.970295906
1341846243.673926 -0.000196300 0.002924446 0.000094563 0.195936278 -0.035094969 -0.138721675 0.970120430
1341846243.710095 -0.000196254 0.002924480 0.000094559 0.196480453 -0.035210978 -0.139152303 0.969944477
1341846243.741951 -0.000196308 0.002924521 0.000094596 0.197024673 -0.035326976 -0.139582500 0.969767988
1341846243.774067 -0.000196260 0.002924617 0.000094615 0.197568730 -0.035442986 -0.140012383 0.969591081
1341846243.809881 -0.000196183 0.002924560 0.000094735 0.198112130 -0.035556171 -0.140444249 0.969413638
1341846243.841971 -0.000196146 0.002924582 0.000094775 0.198656067 -0.035672255 -0.140873283 0.969235778
1341846243.874062 -0.000196157 0.002924697 0.000094630 0.199199989 -0.035788588 -0.141301706 0.969057500
1341846243.910022 -0.000196174 0.002924674 0.000094661 0.199745625 -0.035908025 -0.141721264 0.968879461
1341846243.941928 -0.000196118 0.002924622 0.000094643 0.200289875 -0.036022272 -0.142147824 0.968700349
1341846243.978045 -0.000196037 0.002924689 0.000094682 0.200834081 -0.036136206 -0.142574027 0.968520761
1341846244.009892 -0.000195968 0.002924833 0.000094658 0.201378122 -0.036249712 -0.142999858 0.968340755
1341846244.042105 -0.000195901 0.002924792 0.000094700 0.201922134 -0.036363214 -0.143425062 0.968160331
1341846244.077884 -0.000195888 0.002924726 0.000094770 0.202466190 -0.036476947 -0.143849403 0.967979431
1341846244.115904 -0.000195856 0.002924820 0.000094768 0.203010529 -0.036590587 -0.144273072 0.967798114
1341846244.151850 -0.000195793 0.002924850 0.000094873 0.203555003 -0.036704246 -0.144696012 0.967616260
1341846244.184334 -0.000195735 0.002924857 0.000094838 0.204099581 -0.036817886 -0.145118266 0.967433929
1341846244.215953 -0.000195691 0.002924817 0.000094909 0.204644307 -0.036931857 -0.145539775 0.967251182
1341846244.251877 -0.000195651 0.002924887 0.000094969 0.205188960 -0.037046250 -0.145960748 0.967068017
1341846244.283880 -0.000195686 0.002924799 0.000095170 0.205732733 -0.037160758 -0.146382108 0.966884375
1341846244.316068 -0.000195733 0.002924833 0.000095134 0.206277594 -0.037275705 -0.146801487 0.966700256
1341846244.351999 -0.000195699 0.002924851 0.000095138 0.206823826 -0.037390493 -0.147216365 0.966516018
1341846244.384040 -0.000195674 0.002924889 0.000095149 0.207368642 -0.037512407 -0.147633150 0.966331005
1341846244.419869 -0.000195661 0.002924964 0.000095032 0.207913622 -0.037638810 -0.148047775 0.966145515
1341846244.451888 -0.000195597 0.002924948 0.000095167 0.208457440 -0.037765015 -0.148462027 0.965959787
1341846244.483871 -0.000195506 0.002924982 0.000095284 0.209000573 -0.037890762 -0.148875967 0.965773821
1341846244.519923 -0.000195403 0.002924970 0.000095366 0.209543481 -0.038015965 -0.149289370 0.965587378
1341846244.551942 -0.000195296 0.002924839 0.000095452 0.210086554 -0.038140208 -0.149702236 0.965400517
1341846244.583892 -0.000195229 0.002924907 0.000095415 0.210629821 -0.038264520 -0.150114328 0.965213239
1341846244.619870 -0.000195163 0.002924970 0.000095460 0.211173296 -0.038388785 -0.150525674 0.965025485
1341846244.651850 -0.000195092 0.002924901 0.000095615 0.211716965 -0.038512591 -0.150936365 0.964837253
1341846244.683815 -0.000195113 0.002925280 0.000095155 0.212260783 -0.038635932 -0.151346311 0.964648604
1341846244.719873 -0.000195076 0.002925350 0.000095203 0.212804109 -0.038759593 -0.151755914 0.964459538
1341846244.751827 -0.000195148 0.002925435 0.000095239 0.213534147 -0.038082842 -0.151636764 0.964343905
1341846244.788300 -0.000195180 0.002925350 0.000095357 0.214264035 -0.037406057 -0.151516974 0.964227319
1341846244.820099 -0.000195183 0.002925286 0.000095417 0.214994252 -0.036729362 -0.151396349 0.964109719
1341846244.851973 -0.000195186 0.002925325 0.000095296 0.215725482 -0.036052134 -0.151274607 0.963991046
1341846244.887873 -0.000195128 0.002925222 0.000095283 0.216457352 -0.035374332 -0.151152015 0.963871300
1341846244.920072 -0.000195078 0.002925206 0.000095398 0.217185676 -0.034693893 -0.151031971 0.963751018
1341846244.952621 -0.000195112 0.002925301 0.000095187 0.217920750 -0.034016628 -0.150905639 0.963629007
1341846244.987985 -0.000195087 0.002925319 0.000095146 0.218653843 -0.033337437 -0.150780797 0.963506222
1341846245.020060 -0.000195147 0.002925539 0.000095118 0.219386712 -0.032658033 -0.150655016 0.963382602
1341846245.051869 -0.000195126 0.002925544 0.000095337 0.220119029 -0.031978510 -0.150528982 0.963258028
1341846245.088236 -0.000195075 0.002925646 0.000095379 0.220850989 -0.031298552 -0.150402740 0.963132501
1341846245.119935 -0.000195092 0.002925690 0.000095441 0.221582800 -0.030618470 -0.150276080 0.963006020
1341846245.151835 -0.000195110 0.002925585 0.000095605 0.222314432 -0.029938344 -0.150149152 0.962878644
1341846245.187889 -0.000195109 0.002925396 0.000095818 0.223045945 -0.029258141 -0.150021747 0.962750196
1341846245.219842 -0.000195239 0.002925729 0.000095571 0.223776817 -0.028578635 -0.149893746 0.962620914
1341846245.256030 -0.000195297 0.002925877 0.000095469 0.223494276 -0.027833082 -0.150146514 0.962669015
1341846245.287962 -0.000195296 0.002925693 0.000095639 0.223210573 -0.027090361 -0.150399715 0.962716520
1341846245.319885 -0.000195269 0.002925621 0.000095667 0.222843170 -0.027193531 -0.150689825 0.962753356
1341846245.355859 -0.000195261 0.002925535 0.000095721 0.222474813 -0.027301528 -0.150979817 0.962790072
1341846245.387919 -0.000195287 0.002925459 0.000095817 0.222107142 -0.027415127 -0.151268378 0.962826431
1341846245.423977 -0.000195154 0.002925498 0.000095601 0.221743330 -0.027532073 -0.151553527 0.962862074
1341846245.455822 -0.000195168 0.002925507 0.000095629 0.222684085 -0.027828353 -0.150921032 0.962735832
1341846245.487804 -0.000195290 0.002925492 0.000095759 0.223623976 -0.028125815 -0.150288224 0.962608278
1341846245.523916 -0.000195274 0.002925337 0.000095888 0.223767102 -0.027901791 -0.149560660 0.962694883
1341846245.555797 -0.000195404 0.002925417 0.000095936 0.223906249 -0.027682506 -0.148834452 0.962781370
1341846245.591988 -0.000195375 0.002925406 0.000095865 0.223883078 -0.028167173 -0.148153454 0.962877750
1341846245.623837 -0.000195334 0.002925329 0.000095766 0.223863840 -0.028650496 -0.147469878 0.962972879
1341846245.655890 -0.000195362 0.002925288 0.000095882 0.224710986 -0.028361818 -0.146729335 0.962897241
1341846245.692060 -0.000195488 0.002925390 0.000095836 0.224621072 -0.027046798 -0.146391407 0.963007450
1341846245.724517 -0.000195486 0.002925355 0.000095837 0.224502474 -0.026566457 -0.145705566 0.963152528
1341846245.760068 -0.000195487 0.002925378 0.000095650 0.224388719 -0.026087653 -0.145016417 0.963296115
1341846245.791914 -0.000195495 0.002925213 0.000095751 0.224278092 -0.025611475 -0.144324958 0.963438451
1341846245.824142 -0.000195496 0.002925203 0.000095795 0.224850923 -0.024601785 -0.142925695 0.963539839
1341846245.860005 -0.000195585 0.002925247 0.000095783 0.224213436 -0.024452476 -0.141896471 0.963844299
1341846245.891878 -0.000195580 0.002925288 0.000095723 0.223573953 -0.024302101 -0.140867606 0.964147508
1341846245.927903 -0.000195569 0.002925294 0.000095586 0.222934887 -0.024144562 -0.139839247 0.964449108
1341846245.986182 -0.000195624 0.002925249 0.000095447 0.222296402 -0.023987712 -0.138810441 0.964748979
1341846246.022057 -0.000195696 0.002925173 0.000095416 0.221658885 -0.023833666 -0.137780800 0.965047002
1341846246.053871 -0.000195768 0.002925069 0.000095345 0.221021816 -0.023680815 -0.136750489 0.965343356
1341846246.085916 -0.000195869 0.002925086 0.000095117 0.220384791 -0.023528362 -0.135719493 0.965638220
1341846246.121806 -0.000195928 0.002925137 0.000095025 0.220581770 -0.024376148 -0.135295928 0.965631664
1341846246.153949 -0.000195926 0.002925066 0.000095049 0.220778525 -0.025223559 -0.134872586 0.965624154
1341846246.222002 -0.000195951 0.002924984 0.000095075 0.220974043 -0.026069691 -0.134450257 0.965615809
1341846246.253984 -0.000195956 0.002924965 0.000095137 0.221168876 -0.026915608 -0.134028405 0.965606689
1341846246.289808 -0.000195912 0.002924799 0.000095196 0.221363172 -0.027760427 -0.133606717 0.965596676
1341846246.322001 -0.000195788 0.002924784 0.000095252 0.221556306 -0.028604282 -0.133185953 0.965585887
1341846246.353946 -0.000195884 0.002924785 0.000095365 0.220066890 -0.027181942 -0.133326158 0.965948164
1341846246.389885 -0.000195969 0.002924976 0.000095022 0.218814701 -0.024836352 -0.133524165 0.966268361
1341846246.421855 -0.000196078 0.002924910 0.000094827 0.217559144 -0.022489905 -0.133723557 0.966581702
1341846246.457915 -0.000196176 0.002924803 0.000094908 0.216303989 -0.020143609 -0.133921489 0.966887712
1341846246.489829 -0.000196209 0.002924949 0.000094796 0.215047434 -0.017797541 -0.134118706 0.967186630
1341846246.521912 -0.000196227 0.002924923 0.000094787 0.213788420 -0.015452566 -0.134314701 0.967478812
1341846246.558038 -0.000196259 0.002924946 0.000094723 0.212529063 -0.013112127 -0.134508461 0.967763901
1341846246.589826 -0.000196386 0.002924893 0.000094580 0.211268440 -0.010772484 -0.134700626 0.968042016
1341846246.622033 -0.000196508 0.002924808 0.000094567 0.210006878 -0.008433845 -0.134890437 0.968313217
1341846246.658046 -0.000196534 0.002924626 0.000094759 0.209064066 -0.008425380 -0.133608848 0.968694985
1341846246.689939 -0.000196656 0.002924846 0.000094476 0.208120540 -0.008423007 -0.132324696 0.969074309
1341846246.725903 -0.000196742 0.002924726 0.000094521 0.207175523 -0.008423642 -0.131040603 0.969451249
1341846246.757894 -0.000196840 0.002924790 0.000094378 0.206229374 -0.008425353 -0.129756153 0.969825685
1341846246.789989 -0.000196896 0.002924774 0.000094344 0.205281928 -0.008427369 -0.128471613 0.970197618
1341846246.826059 -0.000196943 0.002924646 0.000094378 0.204333499 -0.008429651 -0.127187073 0.970566988
1341846246.857869 -0.000197053 0.002924569 0.000094261 0.203384563 -0.008432888 -0.125902131 0.970933735
1341846246.893944 -0.000197102 0.002924398 0.000094353 0.202435181 -0.008436694 -0.124616660 0.971297860
1341846246.925896 -0.000197228 0.002924528 0.000094176 0.201485217 -0.008440715 -0.123330832 0.971659362
1341846246.958090 -0.000197277 0.002924447 0.000094168 0.200534701 -0.008445166 -0.122044489 0.972018361
1341846246.993936 -0.000197278 0.002924280 0.000094244 0.199583203 -0.008449346 -0.120758228 0.972374737
1341846247.026204 -0.000197386 0.002924213 0.000094188 0.198631018 -0.008454520 -0.119471967 0.972728431
1341846247.057936 -0.000197488 0.002924075 0.000094115 0.197679490 -0.008459932 -0.118185677 0.973079324
1341846247.093899 -0.000197576 0.002924026 0.000093982 0.196727484 -0.008465233 -0.116899192 0.973427534
1341846247.126028 -0.000197646 0.002923949 0.000093967 0.195774943 -0.008470392 -0.115612641 0.973773181
1341846247.162093 -0.000197731 0.002923971 0.000093817 0.194821626 -0.008475416 -0.114326082 0.974116147
1341846247.194072 -0.000197728 0.002923756 0.000093641 0.193867773 -0.008480529 -0.113039061 0.974456549
1341846247.225977 -0.000197708 0.002923627 0.000093568 0.192913175 -0.008485195 -0.111751154 0.974794447
1341846247.261953 -0.000197783 0.002923423 0.000093424 0.191959321 -0.008491845 -0.110462248 0.975129545
1341846247.293957 -0.000197841 0.002923139 0.000093109 0.191003084 -0.008497350 -0.109174661 0.975462198
1341846247.325987 -0.000197892 0.002922989 0.000092979 0.190047592 -0.008503213 -0.107884496 0.975792289
1341846247.361940 -0.000198007 0.002923072 0.000093037 0.189091519 -0.008509798 -0.106593363 0.976119757
1341846247.430187 -0.000198070 0.002923253 0.000093133 0.188135117 -0.008517618 -0.105302311 0.976444602
1341846247.462223 -0.000198172 0.002923195 0.000093227 0.187177017 -0.008527280 -0.104011878 0.976766884
1341846247.493952 -0.000198291 0.002923138 0.000093117 0.186218053 -0.008537223 -0.102721624 0.977086604
1341846247.530027 -0.000198306 0.002923006 0.000093086 0.185259253 -0.008546989 -0.101431198 0.977403522
1341846247.562209 -0.000198348 0.002922831 0.000092970 0.184300169 -0.008556585 -0.100140408 0.977717817
1341846247.594166 -0.000198429 0.002922719 0.000092777 0.183340490 -0.008566046 -0.098849408 0.978029490
1341846247.630035 -0.000198531 0.002922749 0.000092760 0.182380006 -0.008575389 -0.097558439 0.978338599
1341846247.662701 -0.000198572 0.002922773 0.000092793 0.181418717 -0.008584498 -0.096267626 0.978645027
1341846247.697913 -0.000198517 0.002922603 0.000092781 0.180456728 -0.008593488 -0.094976768 0.978948891
1341846247.730051 -0.000198600 0.002922665 0.000092748 0.179494068 -0.008602378 -0.093685791 0.979250133
1341846247.762180 -0.000198659 0.002922570 0.000092750 0.178531036 -0.008611205 -0.092394345 0.979548752
1341846247.798768 -0.000198652 0.002922378 0.000092637 0.177569166 -0.008619769 -0.091102168 0.979844511
1341846247.830259 -0.000198694 0.002922384 0.000092595 0.176607579 -0.008627662 -0.089809328 0.980137527
1341846247.865875 -0.000198738 0.002922457 0.000092626 0.175645530 -0.008634655 -0.088516369 0.980427921
1341846247.898157 -0.000198679 0.002922187 0.000092592 0.174682930 -0.008641461 -0.087223299 0.980715692
1341846247.930002 -0.000198835 0.002922129 0.000092369 0.173719943 -0.008648286 -0.085929722 0.981000841
1341846247.966006 -0.000199017 0.002922161 0.000092399 0.172756597 -0.008655486 -0.084635653 0.981283367
1341846247.998062 -0.000199054 0.002921969 0.000092311 0.171793059 -0.008663091 -0.083340816 0.981563210
1341846248.030615 -0.000199076 0.002921778 0.000092189 0.170829192 -0.008670872 -0.082045324 0.981840491
1341846248.065891 -0.000199094 0.002921782 0.000092169 0.169864833 -0.008678583 -0.080749601 0.982115090
1341846248.098211 -0.000199068 0.002921757 0.000092213 0.168899715 -0.008686024 -0.079454251 0.982387125
1341846248.133929 -0.000198870 0.002921423 0.000092244 0.167933002 -0.008692312 -0.078160517 0.982656538
1341846248.166050 -0.000198793 0.002921403 0.000092098 0.166965857 -0.008698123 -0.076867081 0.982923269
1341846248.198024 -0.000198859 0.002921404 0.000092025 0.165995806 -0.008702246 -0.075577177 0.983187556
1341846248.233930 -0.000198896 0.002921351 0.000092020 0.166928321 -0.008577147 -0.074843988 0.983086824
1341846248.265968 -0.000198902 0.002921356 0.000091956 0.167859808 -0.008447628 -0.074113272 0.982984722
1341846248.297927 -0.000198946 0.002921563 0.000092104 0.168789625 -0.008316296 -0.073385619 0.982881188
1341846248.333956 -0.000199050 0.002921584 0.000092226 0.169718832 -0.008184606 -0.072658986 0.982776284
1341846248.366013 -0.000199076 0.002921527 0.000092230 0.170647502 -0.008052683 -0.071933270 0.982669950
1341846248.402093 -0.000199118 0.002921620 0.000092231 0.171575859 -0.007920581 -0.071208254 0.982562125
1341846248.433862 -0.000199252 0.002921663 0.000092193 0.172503099 -0.007788363 -0.070485942 0.982452929
1341846248.466804 -0.000199199 0.002921589 0.000092285 0.172480792 -0.006177396 -0.071717113 0.982379198
1341846248.502139 -0.000199265 0.002921749 0.000092227 0.172456816 -0.004566399 -0.072949387 0.982301474
1341846248.534215 -0.000199446 0.002921955 0.000092330 0.172431812 -0.002955430 -0.074181631 0.982219756
1341846248.565971 -0.000199563 0.002921953 0.000092209 0.172405884 -0.001344512 -0.075413853 0.982133985
1341846248.602003 -0.000199584 0.002921927 0.000092198 0.172379091 0.000266496 -0.076646239 0.982044160
1341846248.640295 -0.000199657 0.002922039 0.000092307 0.172351226 0.001877564 -0.077878788 0.981950283
1341846248.675831 -0.000199737 0.002921934 0.000092173 0.172322333 0.003488697 -0.079111397 0.981852472
1341846248.708095 -0.000199745 0.002921820 0.000092144 0.172292441 0.005099805 -0.080344111 0.981750548
1341846248.740085 -0.000199832 0.002921831 0.000092217 0.172261506 0.006710904 -0.081576772 0.981644630
1341846248.775948 -0.000200062 0.002921763 0.000092186 0.172229424 0.008322041 -0.082809448 0.981534719
1341846248.802167 -0.000200147 0.002921742 0.000092078 0.172196940 0.009932548 -0.084041357 0.981420696
1341846248.833950 -0.000200260 0.002921875 0.000092027 0.172163814 0.011542154 -0.085272513 0.981302679
1341846248.869901 -0.000200244 0.002921912 0.000092063 0.173481807 0.011214416 -0.085769348 0.981031060
1341846248.901932 -0.000200215 0.002921917 0.000092001 0.174800456 0.010887401 -0.086265080 0.980757117
1341846248.938035 -0.000200179 0.002922038 0.000091987 0.176118165 0.010560716 -0.086760625 0.980481207
1341846248.969908 -0.000200155 0.002922138 0.000092134 0.177434742 0.010234083 -0.087256409 0.980203271
1341846249.001964 -0.000200118 0.002922273 0.000092190 0.178750217 0.009907725 -0.087752484 0.979923308
1341846249.037998 -0.000200064 0.002922366 0.000092189 0.180064946 0.009581496 -0.088248573 0.979641259
1341846249.069961 -0.000200082 0.002922593 0.000092250 0.181378976 0.009255179 -0.088744521 0.979357183
1341846249.105888 -0.000199985 0.002922673 0.000092364 0.182692349 0.008928751 -0.089240409 0.979070961
1341846249.138041 -0.000199867 0.002922746 0.000092348 0.184005171 0.008602162 -0.089736223 0.978782654
1341846249.169904 -0.000199782 0.002922828 0.000092465 0.185317472 0.008275354 -0.090231851 0.978492320
1341846249.206013 -0.000199703 0.002922815 0.000092488 0.186629266 0.007948275 -0.090727299 0.978199840
1341846249.237872 -0.000199541 0.002922783 0.000092607 0.187940478 0.007620987 -0.091222696 0.977905273
1341846249.306095 -0.000199428 0.002922867 0.000092772 0.189250961 0.007293567 -0.091718301 0.977608621
1341846249.337853 -0.000199300 0.002922842 0.000092787 0.190560549 0.006966254 -0.092213757 0.977309942
1341846249.373854 -0.000199304 0.002922894 0.000092780 0.189703509 0.007578486 -0.092917241 0.977405488
1341846249.405928 -0.000199252 0.002922848 0.000092867 0.188845962 0.008193338 -0.093620874 0.977499485
1341846249.437945 -0.000199169 0.002922703 0.000092805 0.187988162 0.008808763 -0.094324343 0.977591872
1341846249.474182 -0.000199196 0.002922693 0.000092754 0.187130108 0.009424373 -0.095027551 0.977682590
1341846249.505956 -0.000199228 0.002922769 0.000092760 0.186272025 0.010040106 -0.095730223 0.977771759
1341846249.538288 -0.000199248 0.002922720 0.000092748 0.185413823 0.010655368 -0.096432224 0.977859437
1341846249.574263 -0.000199272 0.002922731 0.000092709 0.184555560 0.011270000 -0.097133324 0.977945507
1341846249.606015 -0.000199298 0.002922791 0.000092763 0.183697656 0.011883738 -0.097832747 0.978030026
1341846249.641995 -0.000199318 0.002922742 0.000092852 0.182840481 0.012496369 -0.098530278 0.978112996
1341846249.674108 -0.000199397 0.002922817 0.000092879 0.181983545 0.013108466 -0.099226683 0.978194356
1341846249.706034 -0.000199472 0.002923019 0.000092870 0.181127220 0.013719987 -0.099921450 0.978274167
1341846249.742012 -0.000199560 0.002922949 0.000092930 0.180271149 0.014331037 -0.100614794 0.978352487
1341846249.773906 -0.000199647 0.002922949 0.000092883 0.179415271 0.014940218 -0.101307064 0.978429258
1341846249.806093 -0.000199867 0.002923049 0.000092811 0.178559899 0.015548232 -0.101998277 0.978504419
1341846249.842148 -0.000199821 0.002923052 0.000092908 0.178211644 0.014030835 -0.102110878 0.978579104
1341846249.873923 -0.000199780 0.002923005 0.000093001 0.177987427 0.011498158 -0.100941084 0.978774309
1341846249.909991 -0.000199843 0.002923090 0.000092872 0.177210674 0.007832569 -0.098680332 0.979181945
1341846249.942024 -0.000199863 0.002923077 0.000092889 0.176595658 0.004865032 -0.095996186 0.979579031
1341846249.974199 -0.000199911 0.002923044 0.000092889 0.176421836 0.003725382 -0.093997091 0.979809165
1341846250.010384 -0.000200046 0.002923073 0.000092732 0.176245943 0.002583898 -0.091998912 0.980034113
1341846250.042022 -0.000199939 0.002923080 0.000092758 0.176500827 0.000403655 -0.090716504 0.980111122
1341846250.078047 -0.000200230 0.002923112 0.000092575 0.177963600 0.000913229 -0.089941926 0.979917645
1341846250.109945 -0.000200255 0.002923116 0.000092591 0.177327022 0.002865415 -0.090212822 0.980004370
1341846250.141849 -0.000200269 0.002923188 0.000092651 0.176686481 0.004814832 -0.090484105 0.980087399
1341846250.177803 -0.000200257 0.002923106 0.000092635 0.176045835 0.006763524 -0.090754643 0.980166137
1341846250.210137 -0.000200144 0.002922950 0.000092559 0.175405771 0.008712439 -0.091023944 0.980240524
1341846250.241903 -0.000200092 0.002922922 0.000092565 0.174764931 0.010661007 -0.091292351 0.980310798
1341846250.277878 -0.000200177 0.002922901 0.000092592 0.174123451 0.012609366 -0.091559961 0.980376840
1341846250.309873 -0.000200367 0.002922948 0.000092521 0.173481300 0.014556889 -0.091826588 0.980438769
1341846250.346142 -0.000200516 0.002922919 0.000092510 0.172838435 0.016503476 -0.092092201 0.980496585
1341846250.377944 -0.000200632 0.002922821 0.000092477 0.172195196 0.018448688 -0.092356481 0.980550230
1341846250.410038 -0.000200788 0.002922841 0.000092352 0.171552435 0.020392571 -0.092618935 0.980599642
1341846250.445984 -0.000200790 0.002922863 0.000092290 0.172094896 0.020231662 -0.092541412 0.980515242
1341846250.477872 -0.000200805 0.002922833 0.000092362 0.172633395 0.020068144 -0.092462577 0.980431378
1341846250.509930 -0.000200905 0.002922926 0.000092355 0.173171356 0.019902397 -0.092383400 0.980347335
1341846250.546119 -0.000201021 0.002922980 0.000092369 0.173709348 0.019734181 -0.092303284 0.980263114
1341846250.577998 -0.000200901 0.002923048 0.000092438 0.174247012 0.019565055 -0.092222862 0.980178595
1341846250.613828 -0.000200812 0.002923208 0.000092483 0.174784541 0.019395471 -0.092141762 0.980093896
1341846250.646114 -0.000200771 0.002923154 0.000092620 0.175322071 0.019225396 -0.092060022 0.980008900
1341846250.677812 -0.000200732 0.002923264 0.000092522 0.175859690 0.019054802 -0.091977425 0.979923666
1341846250.713958 -0.000200613 0.002923349 0.000092647 0.176397070 0.018883914 -0.091894373 0.979838192
1341846250.745904 -0.000200511 0.002923411 0.000092754 0.176934391 0.018712556 -0.091810703 0.979752421
1341846250.777886 -0.000200513 0.002923553 0.000092844 0.177471384 0.018540761 -0.091726281 0.979666471
1341846250.814024 -0.000200616 0.002923738 0.000092657 0.176972240 0.018231208 -0.091343455 0.979798377
1341846250.846025 -0.000200571 0.002923778 0.000092740 0.176470712 0.017925451 -0.090959854 0.979930103
1341846250.881824 -0.000200548 0.002923682 0.000092815 0.175970331 0.017621670 -0.090576231 0.980061173
1341846250.913808 -0.000200593 0.002923687 0.000092715 0.177387968 0.017816054 -0.090530567 0.979806244
1341846250.946118 -0.000200577 0.002923735 0.000092718 0.178805485 0.018010920 -0.090484589 0.979549229
1341846250.981803 -0.000200595 0.002923726 0.000092772 0.180222422 0.018205667 -0.090438530 0.979290187
1341846251.014047 -0.000200758 0.002923836 0.000092877 0.181638807 0.018399447 -0.090392061 0.979029119
1341846251.046033 -0.000200827 0.002923883 0.000092965 0.183054671 0.018592345 -0.090345167 0.978766084
1341846251.081959 -0.000200832 0.002923857 0.000092948 0.184470370 0.018784476 -0.090297706 0.978500962
1341846251.114058 -0.000200810 0.002923811 0.000092917 0.185885847 0.018976165 -0.090249650 0.978233814
1341846251.149920 -0.000200828 0.002923835 0.000092838 0.187301040 0.019167449 -0.090201013 0.977964580
1341846251.181983 -0.000200756 0.002923791 0.000092987 0.188715756 0.019358454 -0.090152144 0.977693319
1341846251.214205 -0.000200801 0.002923771 0.000093091 0.190130442 0.019547969 -0.090102106 0.977420032
1341846251.249978 -0.000200816 0.002923810 0.000093046 0.190440521 0.017877147 -0.089676492 0.977430761
1341846251.281923 -0.000200883 0.002923805 0.000093036 0.190750122 0.016205508 -0.089250460 0.977438509
1341846251.318026 -0.000200831 0.002923829 0.000093078 0.191058233 0.014533647 -0.088824220 0.977443516
1341846251.350003 -0.000200884 0.002924030 0.000093077 0.191365257 0.012861732 -0.088397719 0.977445483
1341846251.382003 -0.000200882 0.002923949 0.000093234 0.191671506 0.011189361 -0.087970875 0.977444589
1341846251.417971 -0.000200898 0.002924039 0.000093068 0.191976845 0.009516921 -0.087543629 0.977440715
1341846251.449878 -0.000200801 0.002924129 0.000093252 0.192281231 0.007844431 -0.087116346 0.977433920
1341846251.481872 -0.000200771 0.002924295 0.000093319 0.192584828 0.006171884 -0.086688951 0.977424145
1341846251.517870 -0.000200767 0.002924401 0.000093383 0.192887679 0.004499264 -0.086261198 0.977411449
1341846251.549884 -0.000200700 0.002924662 0.000093251 0.193189740 0.002827043 -0.085833780 0.977395654
1341846251.586071 -0.000200522 0.002924616 0.000093424 0.193491504 0.001153286 -0.085404411 0.977376997
1341846251.618241 -0.000200462 0.002924606 0.000093377 0.193792373 -0.000519917 -0.084975593 0.977355301
1341846251.649917 -0.000200331 0.002924501 0.000093416 0.194092423 -0.002193110 -0.084546633 0.977330625
1341846251.686034 -0.000200073 0.002924451 0.000093319 0.194391400 -0.003865893 -0.084118031 0.977303028
1341846251.718103 -0.000199900 0.002924510 0.000093297 0.194689617 -0.005539119 -0.083689332 0.977272451
1341846251.749907 -0.000199809 0.002924446 0.000093376 0.194987819 -0.007205966 -0.083260193 0.977238774
