1341846228.090097 0.010919565 -0.00426695 -0.00175927 0.013793565 -0.0068987 -0.027949544 0.99949038
1341846228.121845 0.00958269 -0.00407335 -0.001239205 0.010578239 -0.004415441 -0.027230205 0.999563515
1341846228.157875 0.008148025 -0.004799025 -0.00140082 0.008228307 -0.004305142 -0.023799468 0.999673605
1341846228.189872 0.072724015 -0.036512075 -0.0233561 0.004027332 -0.009179381 -0.021904975 0.999709845
1341846228.225994 0.06612133 -0.038160725 -0.006958045 0.002135702 -0.008584064 -0.023174318 0.999692321
1341846228.258336 0.06131943 -0.049228034999999996 -0.00346314 0.001796826 -0.009024368 -0.0239885 0.999669909
1341846228.289941 0.009573605 -0.00722163 0.000719535 0.004761883 -0.006405049 -0.022414852 0.999716938
1341846228.326018 0.06738097 -0.041987225 -0.005439325 0.003504968 -0.009268741 -0.022231188 0.999703765
1341846228.358243 0.06179461 -0.03628954 -0.00584518 0.004289793 -0.007043131 -0.022218497 0.999719143
1341846228.389779 0.05408949 -0.037333155 -0.00600671 0.003764313 -0.00605624 -0.021371262 0.999746263
1341846228.426073 0.060726675 -0.041403560000000006 -0.010091514999999999 0.003723957 -0.005902557 -0.021423865 0.999746144
1341846228.457823 0.059695534999999994 -0.041095745 -0.01183949 0.004800809 -0.003609214 -0.021141184 0.999758482
1341846228.493915 0.052460135 -0.037076745 -0.013466520000000001 0.004389156 -0.002817995 -0.020738605 0.999771357
1341846228.525907 0.05528437 -0.038587805 -0.012958605 0.003728324 -0.004060371 -0.019700868 0.999790728
1341846228.558208 0.060890639999999996 -0.042302545 -0.01476775 0.003339901 -0.004114469 -0.018783543 0.999809504
1341846228.593899 0.04872278 -0.041994755 -0.014287919999999999 0.003618892 -0.002417471 -0.018805351 0.999813676
1341846228.626021 0.00843585 -0.007389710000000001 -0.002628175 0.005364413 -0.001423931 -0.017671259 0.999828458
1341846228.658069 0.05871379 -0.03795808 -0.016126545 0.002862529 -0.006061115 -0.016621169 0.999839425
1341846228.693942 0.061385365 -0.040937555 -0.017713305 0.001769654 -0.00540924 -0.017528627 0.999830186
1341846228.726069 0.049896055 -0.03399091 -0.01449653 0.001388726 -0.003499124 -0.017191419 0.999845147
1341846228.76209 0.050225740000000005 -0.040551199999999996 -0.01572935 0.000811601 -0.003576105 -0.015066716 0.999879777
1341846228.794 0.012823030000000001 -0.009517575 -0.00321869 0.0034253 -0.002326985 -0.01288709 0.999908388
1341846228.825934 0.054196 -0.03200372 -0.016215010000000002 0.003372085 -0.003980127 -0.012239554 0.999911487
1341846228.862015 0.05098395 -0.031792925 -0.015869255 0.003408602 -0.003995553 -0.010833856 0.999927521
1341846228.893856 0.05094575 -0.02984195 -0.0162406 0.003926691 -0.005246096 -0.010266989 0.999925852
1341846228.926548 0.05132597 -0.027087685 -0.01784593 0.004301788 -0.00527981 -0.01102296 0.999916077
1341846228.96194 0.040578224999999996 -0.019667635 -0.01324118 0.00422402 -0.003927934 -0.010793372 0.999925137
1341846228.99404 0.03880212 -0.020149439999999998 -0.013559675 0.003254014 -0.003520859 -0.010326228 0.99993521
1341846229.029897 0.039203299999999996 -0.021121375 -0.008928255 0.003127879 -0.004137368 -0.009882962 0.999937713
1341846229.06187 0.042223584999999994 -0.020377435 -0.00831642 0.004470746 -0.004234436 -0.009308035 0.999937713
1341846229.094829 0.04170224 -0.018997235 -0.01070577 0.00469375 -0.00351047 -0.008169824 0.999949455
1341846229.12993 0.0388339 -0.01745919 -0.009257615 0.004239778 -0.002917463 -0.007598956 0.999957919
1341846229.161882 0.03828466 -0.018352355 -0.010705605 0.003658295 -0.002379203 -0.008455588 0.99995476
1341846229.197882 0.036469165 -0.01901941 -0.00610917 0.00359093 -0.002471332 -0.008311384 0.999956012
1341846229.229812 0.03592837 -0.018278344999999998 -0.00423883 0.005020906 -0.00302232 -0.008113467 0.999949992
1341846229.261994 0.03626874 -0.01933684 -0.00961861 0.006182144 -0.003109516 -0.00945912 0.999931335
1341846229.29792 0.038244875 -0.019950879999999997 -0.00612311 0.006016076 -0.003531764 -0.01004256 0.999925256
1341846229.329933 0.03799925 -0.01947488 -0.008208295 0.006114084 -0.004243472 -0.01051119 0.99991709
1341846229.361996 0.037215540000000005 -0.01926956 -0.006977074999999999 0.006428606 -0.004526599 -0.009999399 0.999919116
1341846229.398029 0.03748477 -0.020211234999999998 -0.004197005 0.008881377 -0.004300659 -0.009851122 0.999902785
1341846229.430182 0.03822078 -0.020014135 -0.0060581 0.011289136 -0.004819381 -0.009521308 0.99987936
1341846229.471963 0.038216135 -0.020067515 -0.0059901 0.011806686 -0.00494763 -0.009053832 0.999877095
1341846229.498348 0.036862635000000005 -0.019306515 -0.00644797 0.012942739 -0.004232785 -0.008341072 0.999872506
1341846229.530149 0.03747683 -0.01940131 -0.0075191649999999995 0.013587246 -0.0041542 -0.006980222 0.999874711
1341846229.566064 0.036264845 -0.018778125 -0.00641287 0.01376605 -0.004550119 -0.004591491 0.999884367
1341846229.598057 0.036114365 -0.01922057 -0.005339035000000001 0.015715003 -0.003578056 -0.003130847 0.999865234
1341846229.630063 0.036291575 -0.018270695 -0.008891125 0.017078295 -0.002217624 -0.001858376 0.999849975
1341846229.665946 0.036029385000000004 -0.018223485 -0.0085844 0.016440995 -0.001771749 -0.000835734 0.999862909
1341846229.69815 0.018756015 -0.012691619999999999 -0.00748235 0.01709936 -0.00041222 -0.000255364 0.999853671
1341846229.733828 0.020284015000000002 -0.01240405 -0.00682364 0.020362474 0.000791746 0.000498044 0.999792218
1341846229.765937 0.020872105000000002 -0.011208015 -0.011502229999999999 0.020878581 0.001815499 0.001006731 0.99977994
1341846229.798002 0.034299090000000004 -0.018107805 -0.009277365000000001 0.018848913 0.001701304 0.000833926 0.99982053
1341846229.833857 0.034498049999999995 -0.01870981 -0.007430330000000001 0.018830629 0.001903825 8.1854e-05 0.999820888
1341846229.865928 0.03430309 -0.018524545 -0.00728314 0.020463541 0.002734909 -0.000319464 0.999786854
1341846229.897926 0.034781695 -0.01871492 -0.008917855 0.019928072 0.002814065 -0.000414851 0.999797404
1341846229.939857 0.033967670000000005 -0.018278655 -0.009918205 0.018053725 0.003240519 -0.0009808 0.999831319
1341846229.965948 0.03355763 -0.0180757 -0.00812677 0.017219037 0.00419759 -0.001014419 0.999842465
1341846230.002061 0.0261697 -0.015140265 -0.010696049999999999 0.015220474 0.004450355 -0.001573999 0.999873102
1341846230.033858 0.024472955 -0.01503614 -0.008927234999999999 0.012502572 0.004503261 -0.002800033 0.999907792
1341846230.065938 0.024720979999999997 -0.015890525 -0.00748132 0.012111166 0.005063085 -0.001630273 0.99991256
1341846230.103878 0.025045165 -0.015884115 -0.00820965 0.01194202 0.005768234 -0.001137144 0.999911487
1341846230.144719 0.03176176 -0.01823029 -0.006488605 0.011069219 0.005993567 -0.001291595 0.999919951
1341846230.172747 0.0321517 -0.018404615 -0.0066958 0.010899984 0.006368244 -0.000302518 0.999920309
1341846230.208544 0.031337015 -0.018072325 -0.00505643 0.011633286 0.006911775 0.001337088 0.999907553
1341846230.271971 0.030601385000000002 -0.01789691 -0.0033720350000000002 0.010685226 0.007044934 0.001781441 0.999916553
1341846230.302303 0.02099562 -0.015145734999999999 -0.008649575 0.013175119 0.008344459 0.002662416 0.99987489
1341846230.334051 0.020631870000000004 -0.01375905 -0.008294305 0.015275677 0.009054611 0.002516953 0.999839246
1341846230.370031 0.03004244 -0.017866965 -0.0058664450000000005 0.016953325 0.008482642 0.002758804 0.999816477
1341846230.401932 0.0282199 -0.015421135 -0.00723978 0.01937829 0.00987283 0.000580302 0.99976331
1341846230.437965 0.031580285 -0.01785648 -0.00408838 0.020555561 0.009754219 0.000402595 0.999741077
1341846230.46992 0.029826714999999997 -0.01576798 -0.006593379999999999 0.022229776 0.010546446 -0.001169423 0.999696553
1341846230.501933 0.029210479999999997 -0.013111295 -0.00890585 0.022460058 0.010547377 -0.002097801 0.999689937
1341846230.537834 0.02915445 -0.01339009 -0.00660522 0.021736575 0.010197307 -0.001681338 0.999710381
1341846230.569803 0.031109695 -0.015059699999999999 -0.0054084 0.023029543 0.009312179 -0.000475087 0.999691308
1341846230.601945 0.033358595 -0.01447686 -0.00766499 0.025076659 0.008174482 -0.000356369 0.999652088
1341846230.637789 0.01733795 -0.012358695000000001 -0.011555105 0.025537383 0.009488671 -0.002222592 0.999626398
1341846230.670057 0.015110745 -0.006554539999999999 -0.012794975 0.025984671 0.009452648 -0.002981271 0.999613225
1341846230.705937 0.029884955 -0.01561032 -0.006571465 0.024150625 0.006931913 -0.002065031 0.999682188
1341846230.737932 0.029521690000000003 -0.016382285 -0.00792589 0.025017697 0.006800382 -0.001862915 0.999662161
1341846230.76996 0.029183254999999998 -0.01626669 -0.00906667 0.026075654 0.006817651 -0.001319861 0.999635875
1341846230.805852 0.029580505 -0.016264165 -0.0073091449999999995 0.026417978 0.006386827 -0.00134427 0.999629736
1341846230.837804 0.027971395 -0.0177734 -0.010720899999999998 0.026162531 0.00628713 -0.002245004 0.999635458
1341846230.869829 0.027582975 -0.018210305 -0.009550379999999999 0.027136609 0.006760294 -0.002443539 0.999605894
1341846230.905851 0.02836918 -0.017148135000000002 -0.010228175 0.0277391 0.00627632 -0.002592176 0.999592125
1341846230.937917 0.02826392 -0.01614599 -0.010754054999999998 0.027737251 0.005031115 -0.003209351 0.99959749
1341846230.973933 0.027420970000000003 -0.018368595 -0.008200714999999999 0.028008578 0.004817361 -0.002762209 0.999592304
1341846231.006047 0.031188125 -0.015641855 -0.0033891800000000003 0.029957861 0.004125229 -0.001476213 0.999541521
1341846231.037936 0.03165048 -0.012309009999999999 -0.00546547 0.030632215 0.003347225 -0.001604393 0.999523818
1341846231.07431 0.02696876 -0.018522725 -0.00822912 0.029075464 0.003583279 -0.002743991 0.999567091
1341846231.106085 0.029280625 -0.019997050000000002 -0.008247909999999999 0.030193508 0.002762964 -0.001793882 0.99953866
1341846231.138083 0.02319301 -0.018385145 -0.01342059 0.031082598 0.002612382 -0.001452279 0.999512374
1341846231.174011 0.02226419 -0.01507294 -0.010414860000000001 0.031729199 0.002362923 -0.00227333 0.999491155
1341846231.205909 0.03072684 -0.02109085 -0.01041393 0.03179564 0.001411884 -0.002265168 0.999490857
1341846231.241869 0.031252300000000004 -0.018138565 -0.012732785 0.033498716 0.001655962 -0.002195995 0.999435008
1341846231.273832 0.029966214999999997 -0.01938716 -0.01242652 0.033276394 0.001540555 -0.003214174 0.999439836
1341846231.305846 0.03146178 -0.020174095000000003 -0.010337885000000002 0.034585457 0.000854276 -0.001619873 0.999400079
1341846231.341923 0.031496829999999996 -0.016956384999999997 -0.01386828 0.034857359 0.000466561 -0.001894564 0.999390423
1341846231.374263 0.028284215 -0.01577474 -0.009698785 0.033431035 0.000499414 -0.002495349 0.999437809
1341846231.410022 0.026929724999999998 -0.01641248 -0.010733035 0.032466017 0.000876122 -0.003116992 0.999467611
1341846231.442103 0.027043954999999998 -0.018233344999999998 -0.01040808 0.032168586 0.000713584 -0.002335789 0.999479473
1341846231.484245 0.02349534 -0.019010755 -0.012845805 0.031729661 -0.000794311 -0.000210961 0.999496162
1341846231.516816 0.02012613 -0.01493469 -0.015484425000000001 0.031371474 -0.000261629 -0.002092408 0.999505639
1341846231.547853 0.030882765000000003 -0.012469935 -0.014662315 0.03036998 -0.0001517 -0.003476593 0.9995327
1341846231.583898 0.022019345000000003 -0.01178028 -0.014858565 0.026980603 0.002413469 -0.005765785 0.999616504
1341846231.615993 0.022063140000000002 -0.015981969999999998 -0.01027997 0.024649946 0.004327155 -0.00859848 0.999649823
1341846231.648015 0.02054373 -0.025015435 -0.0027132600000000003 0.024945913 0.00520402 -0.01186433 0.999604881
1341846231.683822 0.01691548 -0.02047636 -0.006062825000000001 0.029612919 0.002911296 -0.013727695 0.999462962
1341846231.716153 0.020197825000000003 -0.02551652 -0.00749846 0.036092971 0.002095909 -0.012027327 0.999273896
1341846231.747846 0.021425815 -0.024993735000000003 -0.017143620000000002 0.039612468 8.8794e-05 -0.011478677 0.999149203
1341846231.783993 0.026708475 -0.025428515 -0.016280344999999998 0.040705554 -0.000852295 -0.012046158 0.999098241
1341846231.817027 0.026783885 -0.025434585 -0.01664753 0.040094592 -0.000908494 -0.010783421 0.999137282
1341846231.852317 0.026798245000000002 -0.025029885 -0.01632332 0.039510105 -0.001423152 -0.010504278 0.999162972
1341846231.883853 0.026545424999999997 -0.024979475 -0.01576853 0.036888082 -0.002583578 -0.010448794 0.999261439
1341846231.909867 0.021314519999999997 -0.023844320000000002 -0.01634944 0.035538983 -0.003500091 -0.009164067 0.999320209
1341846231.945837 0.021540539999999997 -0.023716035 -0.018808325 0.035447296 -0.004273404 -0.008542089 0.999325931
1341846231.978027 0.02175251 -0.024017564999999998 -0.02011588 0.035336766 -0.004646484 -0.008540907 0.999328196
1341846232.009966 0.025915970000000003 -0.02544528 -0.012681689999999999 0.034147091 -0.00508331 -0.008032803 0.999371588
1341846232.045845 0.025908260000000002 -0.025301215 -0.012204369999999999 0.033826347 -0.006298923 -0.007710324 0.999378145
1341846232.077961 0.026099119999999996 -0.02539256 -0.01253947 0.034587894 -0.00765653 -0.005673901 0.99935621
1341846232.109864 0.026240834999999997 -0.025438389999999998 -0.012209135000000001 0.034350261 -0.00804635 -0.006936084 0.999353409
1341846232.145999 0.0214195 -0.024496399999999998 -0.017667785000000002 0.033611909 -0.007912958 -0.008186714 0.999370098
1341846232.178314 0.021245945 -0.024758505 -0.01458796 0.03315616 -0.007759152 -0.007534615 0.999391675
1341846232.215951 0.02628004 -0.025820015 -0.01207751 0.033872101 -0.007456514 -0.007490574 0.999370277
1341846232.252037 0.026261185 -0.025802400000000003 -0.012434015 0.034882825 -0.007376274 -0.006208834 0.999344945
1341846232.283944 0.026679515 -0.025570475 -0.014942955 0.035480823 -0.007601217 -0.004425104 0.999331713
1341846232.319867 0.0266708 -0.025681465 -0.014024759999999999 0.035106793 -0.007640465 -0.003348546 0.99934876
1341846232.351854 0.021360785 -0.02430154 -0.0166649 0.03308231 -0.006871507 -0.004010206 0.999421
1341846232.383877 0.021247515 -0.02425807 -0.0167655 0.030822258 -0.006824988 -0.006651613 0.999479532
1341846232.419782 0.02632694 -0.025802210000000003 -0.011543395000000001 0.030364409 -0.007800854 -0.008282304 0.999474168
1341846232.45178 0.026156205000000002 -0.025856955 -0.010644805 0.031718072 -0.008197458 -0.008185317 0.999429822
1341846232.48417 0.025636794999999997 -0.025940545 -0.00895867 0.032400355 -0.007646901 -0.008298861 0.999411285
1341846232.519889 0.025814215 -0.025684475 -0.007773199999999999 0.033637639 -0.00797562 -0.007667146 0.9993729
1341846232.551877 0.025567254999999997 -0.025669505 -0.00779672 0.033925541 -0.008154008 -0.008422057 0.999355614
1341846232.583846 0.02611015 -0.025778540000000003 -0.010201889999999998 0.03550376 -0.00793979 -0.007796522 0.999307632
1341846232.619798 0.025911995 -0.025767295 -0.00772746 0.037226003 -0.007311477 -0.007265998 0.99925375
1341846232.651799 0.025909525 -0.02570766 -0.00837793 0.038222399 -0.006815107 -0.007291185 0.999219477
1341846232.688092 0.026103005 -0.025740785000000002 -0.010874695 0.039762046 -0.006743738 -0.007460017 0.999158561
1341846232.719804 0.026232535 -0.02563051 -0.011310475 0.042040475 -0.00599508 -0.007637158 0.999068737
1341846232.751767 0.02627397 -0.025997355 -0.009340975 0.04377611 -0.004981644 -0.009013711 0.99898833
1341846232.787894 0.026193155 -0.025951755 -0.01037042 0.045503035 -0.004091221 -0.010419802 0.998901546
1341846232.819886 0.026273545 -0.026143635 -0.00951281 0.047516134 -0.003019427 -0.01082881 0.998807192
1341846232.85585 0.0262335 -0.02613129 -0.010573570000000001 0.049609788 -0.002203238 -0.010687708 0.998709083
1341846232.887989 0.02044541 -0.01905522 -0.013667755 0.051109973 -0.001672582 -0.012099299 0.998618364
1341846232.919822 0.020218754999999998 -0.018965115 -0.01188482 0.051722445 -0.000926212 -0.012947596 0.998577178
1341846232.955993 0.02614317 -0.025116765000000003 -0.01325206 0.05264977 -0.000858258 -0.012846224 0.99853009
1341846232.987965 0.026599900000000003 -0.025032345 -0.016250675 0.052327197 -9.8343e-05 -0.011896475 0.998559117
1341846233.023868 0.026501519999999997 -0.02510987 -0.016234055 0.050889231 0.001971893 -0.01282145 0.998620093
1341846233.05588 0.025700895 -0.02514961 -0.012494769999999999 0.04982594 0.003559285 -0.012238789 0.998676598
1341846233.087872 0.025905924999999996 -0.025147525 -0.01359214 0.049091201 0.003647044 -0.014273059 0.998685658
1341846233.12406 0.025747805000000002 -0.025313179999999998 -0.01289906 0.050000966 0.003060733 -0.015506295 0.998624086
1341846233.155902 0.025784864999999997 -0.025467615 -0.01326842 0.052088119 0.00184055 -0.017108068 0.998494267
1341846233.218177 0.025142705 -0.023513484999999997 -0.017271835 0.055691984 0.000415149 -0.018506039 0.998276412
1341846233.249926 0.025175814999999997 -0.023465109999999997 -0.017402655 0.054347564 0.000499672 -0.018887635 0.998343349
1341846233.286015 0.02535009 -0.024419684999999997 -0.01543661 0.05362903 0.00134271 -0.02137723 0.998331189
1341846233.31787 0.025257255 -0.024474005 -0.015401385 0.054446954 0.002591685 -0.021622214 0.998279214
1341846233.349815 0.025144985 -0.024453130000000003 -0.01500636 0.055405762 0.002985048 -0.021564359 0.998226583
1341846233.385857 0.025040069999999998 -0.024313995 -0.01474484 0.055372741 0.002398506 -0.019976914 0.998263001
1341846233.41799 0.020289599999999998 -0.022649864999999998 -0.014095074999999999 0.055416238 0.00217823 -0.019856885 0.998263478
1341846233.453822 0.020142675 -0.02270402 -0.01371675 0.056272879 0.001247157 -0.01907032 0.998232543
1341846233.485912 0.024579950000000003 -0.023889455 -0.015045965 0.057299025 0.000161341 -0.019661305 0.998163462
1341846233.517954 0.024460095 -0.023801345 -0.014768360000000001 0.057159826 -0.000944097 -0.020810874 0.998147726
1341846233.553882 0.024740875 -0.02400875 -0.015756115 0.056959871 -0.001924541 -0.022425432 0.998122811
1341846233.585968 0.024806264999999997 -0.024264805 -0.015293049999999999 0.058170464 -0.002754797 -0.02071608 0.998087943
1341846233.621898 0.024710364999999998 -0.02429947 -0.015115860000000002 0.059253011 -0.002412015 -0.020662019 0.998026252
1341846233.654396 0.019258245 -0.01881285 -0.011912955 0.059208594 -0.001418006 -0.020610573 0.998031855
1341846233.685848 0.01936917 -0.01888047 -0.01212769 0.058233377 -0.000512701 -0.021325218 0.998075128
1341846233.721879 0.022905865 -0.022357635 -0.013931535 0.057763383 0.000164048 -0.022001697 0.998087883
1341846233.753961 0.022990089999999998 -0.022407350000000003 -0.014175044999999999 0.057246074 0.000314807 -0.021091521 0.998137236
1341846233.786032 0.023038509999999998 -0.022786575 -0.013281639999999999 0.056599777 0.000870116 -0.020256279 0.998191059
1341846233.822009 0.023005579999999998 -0.022795745 -0.01325018 0.055716265 0.001692394 -0.020320078 0.998238504
1341846233.853971 0.023606595 -0.023344725 -0.013138354999999999 0.054660443 0.001619071 -0.019443572 0.998314381
1341846233.88992 0.023635265000000003 -0.023496805 -0.01312557 0.053887997 0.001113007 -0.019600106 0.998354018
1341846233.922045 0.023631975000000003 -0.02356951 -0.01309684 0.053004641 0.000616303 -0.020283356 0.998388052
1341846233.953967 0.02352402 -0.023658224999999998 -0.01292313 0.052511904 -0.000181106 -0.019873748 0.998422563
1341846233.989945 0.023861205 -0.023841539999999998 -0.013647605 0.052152671 -0.001386842 -0.020213913 0.99843359
1341846234.021936 0.02394175 -0.023653155 -0.013694885 0.051319312 -0.002164245 -0.019886013 0.998481989
1341846234.053904 0.024251185 -0.02379945 -0.01457806 0.050647341 -0.001991189 -0.020506987 0.998504043
1341846234.089899 0.024056300000000003 -0.0237044 -0.014096454999999999 0.050615404 -0.001378367 -0.021138513 0.998493552
1341846234.121984 0.024061239999999998 -0.023538785 -0.014424395 0.050146546 -0.001110885 -0.021297282 0.998514175
1341846234.158063 0.024231159999999998 -0.023698035 -0.014749755 0.050028834 -0.001215508 -0.020821556 0.99853003
1341846234.189961 0.023981645000000003 -0.02362062 -0.014246245 0.051258463 -0.001064145 -0.020591507 0.998472631
1341846234.22213 0.024017505 -0.02350477 -0.014180705 0.050917469 -0.000448902 -0.019739928 0.998507679
1341846234.257875 0.02430869 -0.02364123 -0.014508245 0.049459856 -0.00015713 -0.019611113 0.998583555
1341846234.28982 0.02403475 -0.023646180000000003 -0.01376658 0.049090877 0.00068614 -0.019624321 0.998601317
1341846234.321998 0.024231675 -0.023784854999999997 -0.014639975 0.050268974 0.001741174 -0.021118553 0.998510897
1341846234.357904 0.0241705 -0.023852795 -0.01441523 0.050506957 0.001663144 -0.021975122 0.998480558
1341846234.389919 0.023670029999999998 -0.02357399 -0.013527575 0.051120218 0.000871001 -0.021276942 0.998465478
1341846234.425915 0.023867150000000004 -0.023534925 -0.014047440000000001 0.052267019 0.000102443 -0.019930851 0.998434305
1341846234.4578 0.0259819 -0.023711335 -0.01812855 0.051865198 -0.000682362 -0.019028738 0.998472571
1341846234.490016 0.024785935000000002 -0.023359909999999998 -0.01584696 0.048917003 -0.000971405 -0.019045994 0.998620808
1341846234.525867 0.026111095 -0.024200435 -0.018416885 0.047653209 -0.001227287 -0.019368805 0.998675406
1341846234.557961 0.026085915 -0.023857180000000002 -0.018115365 0.047459833 -0.001312423 -0.018154757 0.998707354
1341846234.5939 0.021675325 -0.021854489999999997 -0.016981485 0.046077479 -0.001359655 -0.016996371 0.99879241
1341846234.626439 0.022300419999999998 -0.02209909 -0.01833895 0.045487884 -0.002629424 -0.015366552 0.998843253
1341846234.658173 0.02549619 -0.02346923 -0.01833649 0.045233153 -0.003937479 -0.014460247 0.998864055
1341846234.694104 0.025712735 -0.023603924999999998 -0.019028665 0.044785798 -0.005075984 -0.014006577 0.998885512
1341846234.725911 0.02268452 -0.022559135 -0.018205350000000002 0.045093387 -0.006543982 -0.012892227 0.998878181
1341846234.758643 0.022594580000000003 -0.022604625000000003 -0.017998235 0.045975763 -0.007341024 -0.012914569 0.998832107
1341846234.793907 0.02592321 -0.023534480000000003 -0.019018535 0.04508489 -0.007775499 -0.0130745 0.998867333
1341846234.826106 0.02619358 -0.02373327 -0.0196053 0.044126473 -0.007574916 -0.013331681 0.998908281
1341846234.86227 0.025793045 -0.023631135 -0.01866265 0.044251166 -0.007749117 -0.013162094 0.998903692
1341846234.893971 0.024607415 -0.02251642 -0.018195235 0.045832861 -0.008281425 -0.012431788 0.998837411
1341846234.926031 0.024379534999999997 -0.022593425 -0.01762668 0.046512153 -0.008289075 -0.013222342 0.998795807
1341846234.961979 0.02466644 -0.02266733 -0.01836504 0.046920028 -0.008306291 -0.014158718 0.99876374
1341846234.994016 0.0216571 -0.020993615 -0.016984185000000002 0.047775656 -0.008448589 -0.015135058 0.998707712
1341846235.026311 0.022030744999999997 -0.020924835000000003 -0.017481095000000002 0.046426732 -0.009485095 -0.015044197 0.998763442
1341846235.061915 0.024161165 -0.021885339999999996 -0.017911260000000002 0.044502344 -0.009466547 -0.015661215 0.998841643
1341846235.094075 0.02408284 -0.02213442 -0.017788815 0.043562777 -0.009331352 -0.015956616 0.998879731
1341846235.130068 0.024198144999999997 -0.02194757 -0.01806825 0.044132389 -0.009709947 -0.015882256 0.998852253
1341846235.162449 0.02420498 -0.02192807 -0.018020309999999998 0.045300331 -0.011159646 -0.014701189 0.9988029
1341846235.193917 0.024414935 -0.022440235000000003 -0.01763022 0.046129137 -0.011754648 -0.014521904 0.99876076
1341846235.229939 0.024363205 -0.022386715 -0.017423189999999998 0.046994619 -0.011228895 -0.014600025 0.998725355
1341846235.261811 0.024191755000000002 -0.022150490000000002 -0.01777126 0.047198687 -0.011285312 -0.015550637 0.998700738
1341846235.294134 0.02416254 -0.02218204 -0.01758763 0.047994241 -0.011706269 -0.016225578 0.998647213
1341846235.32989 0.023894074999999997 -0.02193482 -0.017164145 0.048211459 -0.011614895 -0.017257102 0.99862057
1341846235.361974 0.023790815 -0.021826825 -0.017010625 0.046529155 -0.010755396 -0.019381646 0.998670995
1341846235.398097 0.023937124999999997 -0.021687965 -0.017540775 0.044266239 -0.010529668 -0.021367243 0.998735726
1341846235.429943 0.023948115 -0.02179838 -0.017762355 0.043913417 -0.010682615 -0.0212327 0.998752594
1341846235.462163 0.02399435 -0.021715215000000003 -0.017717220000000002 0.04443156 -0.010979417 -0.02139074 0.99872309
1341846235.498142 0.024579515 -0.02244424 -0.018032160000000002 0.043259051 -0.011029997 -0.023451876 0.998727739
1341846235.529989 0.024574290000000002 -0.022515479999999997 -0.018111775 0.042220503 -0.011282557 -0.024283592 0.998749495
1341846235.561921 0.023698249999999997 -0.021929495 -0.01694838 0.043732401 -0.011424814 -0.024776217 0.998670638
1341846235.597951 0.023743685 -0.021846965 -0.016990255 0.044239391 -0.011606899 -0.02475973 0.998646677
1341846235.63016 0.023830035 -0.022006349999999997 -0.01704944 0.042947128 -0.011950972 -0.02545177 0.998681605
1341846235.667679 0.023788935 -0.021973485 -0.016834625000000002 0.043616571 -0.012666336 -0.024960386 0.998656154
1341846235.705783 0.02395178 -0.022019385 -0.017173755000000002 0.045168798 -0.012911641 -0.025053924 0.998581707
1341846235.730392 0.023917090000000002 -0.02200753 -0.01706628 0.045377083 -0.012842662 -0.025973473 0.9985497
1341846235.766032 0.023898145 -0.02205972 -0.017057990000000002 0.04657102 -0.012904684 -0.02711161 0.998463631
1341846235.797942 0.023930879999999998 -0.022037430000000004 -0.01715008 0.047852188 -0.013394837 -0.026649892 0.998409033
1341846235.833964 0.02379249 -0.022068495 -0.016830805 0.048190303 -0.013241462 -0.026952811 0.998386621
1341846235.866037 0.023892175 -0.02222697 -0.01716229 0.048229292 -0.013153772 -0.025843913 0.998415232
1341846235.898007 0.023841435 -0.022138079999999997 -0.01698257 0.048522349 -0.013073318 -0.024596624 0.99843365
1341846235.934106 0.02382908 -0.02218618 -0.016971455 0.050449099 -0.012307101 -0.023359232 0.998377621
1341846235.965921 0.02285225 -0.021746059999999998 -0.018985295 0.051478721 -0.01129216 -0.023389112 0.998336315
1341846235.997897 0.02271484 -0.02179098 -0.01863146 0.050947081 -0.01044126 -0.02337932 0.998373091
1341846236.034072 0.02432662 -0.022306859999999998 -0.01801572 0.051509697 -0.009753648 -0.022479391 0.99837184
1341846236.065823 0.024320875 -0.022312905 -0.018253665000000002 0.052987713 -0.009119156 -0.023033781 0.998287857
1341846236.101989 0.024035125 -0.02179424 -0.018129515000000002 0.05223731 -0.009279143 -0.023098908 0.998324394
1341846236.134258 0.02406199 -0.02189412 -0.01825046 0.051324006 -0.009389988 -0.022569356 0.998382866
1341846236.166269 0.024016100000000002 -0.02195091 -0.018187475 0.052084532 -0.009630382 -0.022044737 0.998352945
1341846236.202022 0.02396815 -0.021751165000000003 -0.01797355 0.051558163 -0.009057238 -0.022931283 0.998365641
1341846236.233893 0.022173215000000003 -0.021186725 -0.01765646 0.04949582 -0.008522445 -0.023018481 0.99847275
1341846236.265924 0.022180545 -0.02122483 -0.01771412 0.049447466 -0.008127774 -0.02224054 0.998495996
1341846236.302018 0.024076954999999997 -0.022041780000000004 -0.018543825 0.049960453 -0.008307426 -0.021643041 0.998482108
1341846236.333756 0.02389565 -0.022015379999999998 -0.01805302 0.049931321 -0.007972909 -0.022076223 0.998476863
1341846236.369949 0.022181470000000002 -0.021141979999999998 -0.017754115 0.049536929 -0.007124541 -0.022852635 0.998485386
1341846236.401964 0.022387185 -0.021266705 -0.01815172 0.04928945 -0.006653683 -0.022548631 0.998507798
1341846236.433828 0.024299654999999996 -0.022113459999999998 -0.018271785 0.049502905 -0.006779605 -0.023074517 0.998484373
1341846236.469948 0.024363535000000002 -0.02222192 -0.018413275 0.050252825 -0.006377975 -0.023635624 0.998436451
1341846236.501946 0.02371803 -0.0235155 -0.019602725 0.050536528 -0.005726143 -0.022571834 0.998450696
1341846236.534764 0.024071935 -0.023659100000000002 -0.020306035 0.049230829 -0.005220355 -0.021395786 0.998544574
1341846236.569956 0.022766115000000003 -0.021722895000000002 -0.018793165 0.0493287 -0.004185097 -0.020032667 0.998572946
1341846236.601901 0.02555393 -0.022852125 -0.020169885000000002 0.050054919 -0.004492458 -0.017961845 0.998574853
1341846236.637896 0.02503615 -0.022569625000000003 -0.01932846 0.048967108 -0.00358765 -0.018465187 0.998623252
1341846236.669818 0.02437573 -0.022902015 -0.017192 0.04673744 -0.002369976 -0.019994745 0.998704314
1341846236.7021 0.024554915 -0.023043400000000002 -0.017656704999999998 0.04667598 -0.001018309 -0.020985868 0.998689115
1341846236.738521 0.023505969999999998 -0.022978859999999997 -0.01993177 0.051029809 -0.000199749 -0.019652568 0.998503745
1341846236.769905 0.02324681 -0.022505745 -0.019395825 0.060912047 -0.001708954 -0.016373022 0.998007357
1341846236.805999 0.02599653 -0.023283655 -0.021045015 0.062855281 -0.003341598 -0.015304995 0.997899711
1341846236.844067 0.026126675000000002 -0.023139785000000003 -0.021145755 0.06253425 -0.003174154 -0.015757155 0.99791342
1341846236.876573 0.025421214999999997 -0.02217172 -0.02092303 0.061551441 -0.002976002 -0.017448248 0.997946978
1341846236.911899 0.025029075 -0.022147075 -0.020295044999999998 0.058418103 -0.002733757 -0.019868651 0.998090804
1341846236.944484 0.026212805 -0.0237548 -0.020647890000000002 0.058355782 -0.002900934 -0.019491943 0.998101354
1341846236.975811 0.02758975 -0.023915389999999998 -0.02383966 0.060153767 -0.003425313 -0.017841509 0.998023808
1341846237.011848 0.02622364 -0.022897909999999997 -0.02188096 0.059681188 -0.002699793 -0.018081201 0.998050094
1341846237.04385 0.026445330000000003 -0.023164375 -0.022193365 0.058844097 -0.001558924 -0.018925268 0.998086572
1341846237.075882 0.023993765 -0.02197834 -0.018752485 0.060113218 -0.000869355 -0.017678011 0.998034656
1341846237.111887 0.02474398 -0.022058915 -0.02017784 0.062831871 -0.002240392 -0.016192419 0.997890294
1341846237.143863 0.022142210000000002 -0.019685155 -0.018276175000000002 0.065389551 -0.002307138 -0.015498009 0.997736871
1341846237.175838 0.02222971 -0.01959859 -0.018509515 0.064925864 -0.002554428 -0.014685922 0.997778833
1341846237.211847 0.02339003 -0.01991343 -0.021025910000000002 0.062619954 -0.002676136 -0.014669796 0.997926116
1341846237.243895 0.024548075 -0.022256735 -0.019331459999999998 0.06311921 -0.001633164 -0.015223289 0.997888565
1341846237.280228 0.024895335 -0.022178045 -0.02017128 0.064301215 -0.001518246 -0.013686743 0.997835577
1341846237.312079 0.02347251 -0.021169439999999998 -0.02063789 0.063835852 -0.002287053 -0.012671277 0.997877359
1341846237.343828 0.023357065 -0.021166405 -0.02032388 0.064180665 -0.002288356 -0.011952608 0.997864127
1341846237.379983 0.024113049999999997 -0.02115875 -0.021751405 0.063896194 -0.002032574 -0.011013188 0.997893751
1341846237.411962 0.023270884999999998 -0.020982169999999998 -0.02000874 0.062243961 -0.002005614 -0.01092532 0.997999251
1341846237.44379 0.023495705000000002 -0.020965255 -0.020340699999999996 0.060682803 -0.002216609 -0.01269325 0.998073936
1341846237.479911 0.025196265 -0.021732510000000003 -0.02159853 0.059136201 -0.001449531 -0.014679615 0.998140931
1341846237.511862 0.024628465000000002 -0.02161155 -0.020548490000000003 0.057714541 -0.001362569 -0.015787797 0.99820739
1341846237.547914 0.023922235 -0.02145022 -0.019362934999999998 0.056411751 -0.002850048 -0.015586255 0.998281837
1341846237.579956 0.023947265 -0.021438070000000004 -0.01924972 0.055736005 -0.003919594 -0.014510201 0.998332441
1341846237.611852 0.022255940000000002 -0.020396335 -0.018303025 0.055442534 -0.003873331 -0.014250284 0.998352706
1341846237.647976 0.02257866 -0.02050402 -0.01887376 0.054898869 -0.004516511 -0.01431142 0.99837923
1341846237.680417 0.024143989999999997 -0.021558189999999998 -0.01939716 0.054330345 -0.00561023 -0.013551463 0.998415291
1341846237.711902 0.02406202 -0.02165545 -0.019150689999999998 0.054773565 -0.006310006 -0.012100341 0.998405516
1341846237.74786 0.022534654999999997 -0.022216850000000003 -0.017643330000000002 0.056156758 -0.006534532 -0.011691346 0.998332143
1341846237.779848 0.02270064 -0.02219578 -0.0179395 0.056612901 -0.007009608 -0.011667138 0.998303473
1341846237.815934 0.022047825 -0.02024736 -0.017924535 0.055994362 -0.007581674 -0.011418399 0.99833709
1341846237.847966 0.0219213 -0.020215575 -0.017666385 0.054765146 -0.00865375 -0.010173277 0.998410046
1341846237.879781 0.024039224999999997 -0.021464875 -0.018985460000000003 0.053918105 -0.009314605 -0.010830645 0.998443186
1341846237.916026 0.02462594 -0.021465960000000003 -0.020385845 0.05277 -0.009902654 -0.010981398 0.998497248
1341846237.947857 0.02249053 -0.020897095 -0.018235945 0.052432861 -0.009963339 -0.011086646 0.998513222
1341846237.978064 0.022632055 -0.020886945 -0.018604565 0.052081298 -0.009624982 -0.011214815 0.998533547
1341846238.010069 0.022186900000000002 -0.020028795000000002 -0.01812994 0.05154622 -0.009394747 -0.011683198 0.998558104
1341846238.045995 0.022212955 -0.02010408 -0.018326679999999998 0.049996648 -0.009544987 -0.011661567 0.998635769
1341846238.077963 0.02200179 -0.02034101 -0.01761458 0.048874985 -0.009637961 -0.011310912 0.99869442
1341846238.109791 0.02216323 -0.020439655 -0.01793621 0.048795871 -0.00957453 -0.012021828 0.998690605
1341846238.145837 0.02211817 -0.02037493 -0.017765235 0.050216049 -0.00934281 -0.012126883 0.998621047
1341846238.177943 0.022027905 -0.02024659 -0.017638005 0.050927885 -0.008551399 -0.012725425 0.998584628
1341846238.209943 0.023725635000000002 -0.02136151 -0.018333805 0.048528589 -0.008652942 -0.013882233 0.998687863
1341846238.246227 0.023726064999999998 -0.021414870000000003 -0.018371615 0.048249144 -0.008562334 -0.013558177 0.998706639
1341846238.278227 0.021908365 -0.020128715 -0.017638345 0.04907639 -0.008087919 -0.013537725 0.998670578
1341846238.314018 0.02201898 -0.020215160000000003 -0.017939435 0.049242683 -0.007661652 -0.015096046 0.998643398
1341846238.345918 0.021884209999999998 -0.020079435 -0.017558995 0.048937682 -0.007072175 -0.016124567 0.998646617
1341846238.377978 0.021789270000000003 -0.020118215000000002 -0.01743729 0.049910866 -0.007252289 -0.015914632 0.998600602
1341846238.413879 0.021648845 -0.020239155 -0.01684343 0.051157754 -0.00805704 -0.015308565 0.998540819
1341846238.445979 0.02178882 -0.02030208 -0.017153115 0.051225636 -0.008233508 -0.016756374 0.998512626
1341846238.478188 0.021590085000000002 -0.02025307 -0.016678019999999998 0.050656084 -0.007796006 -0.017414505 0.998533905
1341846238.515328 0.021575610000000002 -0.02033517 -0.016004195 0.051486854 -0.007568194 -0.017802589 0.99848634
1341846238.545906 0.022104440000000003 -0.02040096 -0.016938465 0.052703757 -0.008447875 -0.017810585 0.998415649
1341846238.587827 0.023367085 -0.02234695 -0.019229045 0.052699946 -0.008775979 -0.017690741 0.998415172
1341846238.613933 0.023782934999999998 -0.022503295 -0.01996945 0.052503575 -0.008088034 -0.01758357 0.998433173
1341846238.645944 0.024791935 -0.023087390000000003 -0.01777653 0.050758298 -0.008026442 -0.018486759 0.998507619
1341846238.681933 0.024905345000000002 -0.0231641 -0.017957925 0.050205886 -0.008302922 -0.018247124 0.99853766
1341846238.713917 0.024956359999999997 -0.02307721 -0.018040084999999997 0.050962023 -0.008311536 -0.01699785 0.998521328
1341846238.745925 0.02173075 -0.020415644999999996 -0.016891775 0.052246526 -0.00785931 -0.016214963 0.998471677
1341846238.781932 0.021973035000000002 -0.020505125000000003 -0.01722922 0.051000647 -0.008325597 -0.016478909 0.998527944
1341846238.813869 0.025633675 -0.02334696 -0.01931362 0.049547736 -0.00870565 -0.016868427 0.998591423
1341846238.849931 0.02595792 -0.023306285000000003 -0.020123765 0.048456158 -0.00831805 -0.01704227 0.998645246
1341846238.881927 0.02548885 -0.023356855 -0.019294165 0.04881959 -0.008987791 -0.017054297 0.998621583
1341846238.914 0.022417140000000002 -0.021559505 -0.017700175 0.051569514 -0.010490237 -0.014160825 0.998513937
1341846238.949903 0.022655635 -0.02158281 -0.01798448 0.055258516 -0.012012471 -0.012664843 0.998319507
1341846238.981942 0.02462334 -0.02215356 -0.018672605000000002 0.057303093 -0.012908814 -0.013522788 0.99818182
1341846239.017941 0.025137330000000003 -0.022137425000000002 -0.019530660000000002 0.057568252 -0.012397726 -0.015659554 0.998141825
1341846239.050041 0.02479655 -0.02213794 -0.019022505000000002 0.057703651 -0.01175715 -0.017137695 0.998117507
1341846239.081902 0.024873740000000002 -0.022220415 -0.019226795 0.058116671 -0.011889327 -0.018457813 0.998068333
1341846239.117866 0.024860525 -0.02216212 -0.019109485 0.058881715 -0.011702371 -0.019944217 0.997997165
1341846239.149976 0.023922739999999998 -0.021598935 -0.018201035 0.059434619 -0.010655054 -0.020521929 0.997964323
1341846239.181897 0.02430632 -0.021514405 -0.01891799 0.058660701 -0.010623509 -0.020169025 0.998017728
1341846239.217929 0.02372262 -0.02111983 -0.018152019999999998 0.05676119 -0.010728251 -0.020430699 0.998121083
1341846239.250009 0.023836645 -0.021087150000000002 -0.018095925 0.055753093 -0.010296122 -0.020644123 0.998178065
1341846239.285917 0.023604479999999997 -0.021179814999999998 -0.01788539 0.054632485 -0.009363392 -0.021049043 0.998240769
1341846239.318442 0.02363278 -0.0211079 -0.017752395 0.053527586 -0.008935958 -0.020872571 0.998308241
1341846239.34993 0.023459285 -0.021192265 -0.017779455 0.051957428 -0.00840478 -0.019792818 0.998417795
1341846239.386011 0.023677049999999998 -0.021216735 -0.018171319999999998 0.051892154 -0.007932706 -0.019260747 0.998435497
1341846239.417983 0.023582585 -0.0215198 -0.017542585 0.052120596 -0.007984991 -0.019009015 0.998427927
1341846239.450112 0.023449805 -0.021362685 -0.01725966 0.051467031 -0.00783872 -0.019162009 0.998460054
1341846239.485973 0.023341205 -0.021082200000000002 -0.017400115 0.050413158 -0.007591922 -0.018439537 0.998529375
1341846239.517913 0.02343174 -0.021135429999999997 -0.017500515 0.049303997 -0.007204766 -0.017628068 0.998602331
1341846239.553979 0.02172459 -0.020321765 -0.016905525 0.048503015 -0.006847514 -0.017249759 0.99865061
1341846239.585911 0.021450369999999996 -0.020033605000000003 -0.016396125 0.047431692 -0.006591289 -0.01732894 0.998702407
1341846239.617967 0.023609765 -0.020977155 -0.017877535 0.047585946 -0.007077305 -0.01541437 0.998723149
1341846239.653941 0.02350076 -0.02108812 -0.017594865 0.048457943 -0.007179257 -0.015150028 0.998684585
1341846239.685852 0.02388954 -0.021031385 -0.018721445 0.048631884 -0.007636352 -0.014825133 0.998677552
1341846239.717923 0.02348233 -0.02093602 -0.017742245 0.048305742 -0.008159123 -0.013718369 0.998705089
1341846239.753857 0.021819819999999997 -0.020743789999999998 -0.0166164 0.048217151 -0.007834889 -0.014240038 0.998704672
1341846239.785918 0.021675464999999998 -0.020747035 -0.016553500000000002 0.047416605 -0.007832847 -0.014292509 0.998742282
1341846239.82195 0.02244224 -0.020574730000000003 -0.01644068 0.047468223 -0.008566097 -0.014179896 0.998735368
1341846239.854023 0.022198975 -0.020388314999999997 -0.015914035 0.04891485 -0.008712975 -0.013556764 0.998672962
1341846239.891801 0.022877815000000003 -0.020488580000000003 -0.01742622 0.048656967 -0.009178774 -0.013293013 0.998684943
1341846239.921795 0.022548745000000002 -0.020575509999999998 -0.01681385 0.047456391 -0.008916102 -0.014456108 0.998728931
1341846239.953963 0.022742054999999997 -0.020675544999999997 -0.016991384999999998 0.047786172 -0.008793074 -0.01437986 0.998715401
1341846239.985997 0.02267031 -0.0205558 -0.016764805 0.048536237 -0.009262803 -0.014739413 0.998669744
1341846240.022055 0.022327995 -0.02068258 -0.016139945 0.048381634 -0.009552717 -0.01659213 0.998645425
1341846240.053998 0.022126655000000002 -0.020575865 -0.015603285000000001 0.049179684 -0.00919349 -0.01779625 0.998589098
1341846240.089841 0.021569895 -0.020038595 -0.014971535 0.050372083 -0.009170317 -0.017472576 0.998535573
1341846240.121795 0.021477545 -0.020076974999999997 -0.01484003 0.051002312 -0.009665149 -0.017664304 0.998495579
1341846240.159862 0.02109451 -0.020100225 -0.013979815 0.052816611 -0.008895167 -0.019420179 0.998375773
1341846240.195884 0.02126477 -0.020112465000000003 -0.014459625 0.053541124 -0.008552971 -0.019619582 0.998336315
1341846240.227927 0.020576829999999997 -0.02021626 -0.01267527 0.053407721 -0.00854585 -0.019858407 0.998338759
1341846240.259887 0.02050447 -0.020153914999999998 -0.012423720000000001 0.054005839 -0.008880641 -0.019121058 0.998318076
1341846240.290031 0.01840893 -0.01882978 -0.010064004999999999 0.055145063 -0.008711196 -0.017777881 0.998282075
1341846240.322206 0.0183602 -0.01896138 -0.010096535 0.054721896 -0.009100699 -0.018299513 0.998292506
1341846240.357948 0.020610695000000002 -0.021813365 -0.01328727 0.052722491 -0.010294246 -0.017002933 0.998411417
1341846240.390055 0.02039141 -0.021827515 -0.012817765 0.053649191 -0.010607536 -0.016976569 0.998359203
1341846240.422212 0.020016984999999998 -0.019405135 -0.013424769999999999 0.0559479 -0.01026218 -0.0183335 0.998212576
1341846240.458143 0.019885195 -0.01938949 -0.013240925 0.056183156 -0.010409015 -0.019440135 0.998176932
1341846240.490243 0.019773585 -0.01938218 -0.012884545 0.055868622 -0.011431666 -0.018332276 0.99820441
1341846240.525976 0.01972134 -0.019698965 -0.01264808 0.056479815 -0.012045802 -0.019474568 0.99814111
1341846240.557894 0.020329229999999997 -0.019864445 -0.01513349 0.057494897 -0.012214198 -0.020205585 0.998066604
1341846240.590418 0.02090813 -0.020294015 -0.01446832 0.057544395 -0.012482 -0.020955889 0.998044968
1341846240.626172 0.020209389999999997 -0.020213019999999998 -0.011429960000000001 0.057987876 -0.012796811 -0.020831795 0.998017967
1341846240.657964 0.01985219 -0.020359000000000002 -0.00900745 0.058306225 -0.013412784 -0.021011394 0.997987509
1341846240.689825 0.020511445000000003 -0.0205026 -0.0122717 0.059442252 -0.013513146 -0.02216531 0.997894168
1341846240.725903 0.020718105 -0.020438065000000002 -0.01304506 0.059095103 -0.013984898 -0.021634636 0.997919917
1341846240.757973 0.020363730000000003 -0.0204887 -0.01140835 0.059278306 -0.014337334 -0.021476183 0.997907519
1341846240.794024 0.02074583 -0.020443064999999996 -0.013664985000000001 0.060608249 -0.014642821 -0.0213886 0.997825027
1341846240.826068 0.021141375 -0.020534165 -0.015599990000000001 0.061268147 -0.014666639 -0.022199027 0.997766674
1341846240.858147 0.021940509999999996 -0.02041707 -0.020112335000000002 0.060373981 -0.014681966 -0.021600792 0.997834086
1341846240.894038 0.021894785 -0.020598415 -0.02000388 0.059034422 -0.014540648 -0.021251339 0.997923791
1341846240.925975 0.020772605000000003 -0.020165825 -0.014919124999999998 0.059046756 -0.014307557 -0.020985987 0.997932076
1341846240.95808 0.02074272 -0.02023084 -0.014984985 0.058782864 -0.014292722 -0.020988174 0.997947812
1341846240.994099 0.021399460000000002 -0.020283699999999998 -0.01773021 0.058317106 -0.014463767 -0.021419607 0.997963488
1341846241.026041 0.02130797 -0.020457984999999998 -0.017398999999999998 0.059001006 -0.014566913 -0.02068034 0.997937441
1341846241.062449 0.021737819999999998 -0.020565405000000002 -0.018243205000000002 0.059881203 -0.014566586 -0.021767484 0.997861862
1341846241.094372 0.019782965 -0.020039615 -0.009666355 0.058794774 -0.01407244 -0.022286283 0.997922122
1341846241.126068 0.02138372 -0.02048373 -0.01709227 0.05812424 -0.014511119 -0.022386894 0.997952819
1341846241.167863 0.021442595000000002 -0.020569320000000002 -0.017461195 0.059472341 -0.014455788 -0.022631155 0.997868717
1341846241.194236 0.02100649 -0.020179410000000002 -0.01725935 0.05925221 -0.01402649 -0.024530761 0.997843027
1341846241.230127 0.02147014 -0.020375415 -0.015912884999999998 0.058916986 -0.014149589 -0.024539303 0.997860968
1341846241.261868 0.022113204999999997 -0.02023179 -0.00929956 0.059767172 -0.014835402 -0.023783779 0.997818708
1341846241.295211 0.023542155 -0.020335705 -0.012846005 0.059894715 -0.015316742 -0.024001511 0.997798622
1341846241.329804 0.02349776 -0.02045251 -0.012789795 0.059161995 -0.014990043 -0.024876127 0.997825801
1341846241.362 0.023337985 -0.020307310000000002 -0.01332007 0.059047919 -0.014530906 -0.025639357 0.997820079
1341846241.394012 0.02338353 -0.020279485 -0.013331574999999998 0.059122648 -0.014793154 -0.025216484 0.997822583
1341846241.430126 0.02330773 -0.020483385 -0.01267457 0.059454568 -0.014823814 -0.025943166 0.99778372
1341846241.462018 0.023245095 -0.020502779999999998 -0.012514345 0.059405629 -0.014841329 -0.026311234 0.997776747
1341846241.497907 0.022459655000000002 -0.019752674999999997 -0.01190317 0.059379552 -0.014394816 -0.026651263 0.997775853
1341846241.52993 0.02311248 -0.02044447 -0.01252037 0.059080511 -0.014533349 -0.026644684 0.997791708
1341846241.562493 0.023124859999999997 -0.020431989999999997 -0.012375355000000001 0.058871314 -0.014754726 -0.02672361 0.9977988
1341846241.598412 0.023098015 -0.02050474 -0.012385235 0.058910266 -0.014916551 -0.026390811 0.997802913
1341846241.629998 0.023194004999999997 -0.02039267 -0.012877870000000001 0.059099797 -0.014808083 -0.026477098 0.997790992
1341846241.662234 0.02322644 -0.020396805 -0.012978004999999999 0.059272956 -0.0147776 -0.026654167 0.997776508
1341846241.698098 0.023112854999999998 -0.020301544999999997 -0.012793155 0.059586309 -0.014537214 -0.026868233 0.997755587
1341846241.729805 0.023080930000000003 -0.020330405 -0.012755975 0.059377473 -0.014494685 -0.026952267 0.997766376
1341846241.765805 0.02320867 -0.020153255 -0.012584705 0.059448943 -0.014606635 -0.027177867 0.997754455
1341846241.79797 0.023296945 -0.020211299999999998 -0.01287644 0.060222182 -0.014571949 -0.026932562 0.997715175
1341846241.83024 0.023326005 -0.020427545000000002 -0.012946469999999998 0.060194481 -0.014445874 -0.0273856 0.997706354
1341846241.865867 0.022180445 -0.01843851 -0.01572878 0.060155716 -0.014226314 -0.027687049 0.997703552
1341846241.898156 0.02138183 -0.018114245 -0.013988990000000001 0.060558334 -0.01421067 -0.02781509 0.997675836
1341846241.898156 0.02138183 -0.018114245 -0.013988990000000001 0.060558334 -0.01421067 -0.02781509 0.997675836
1341846241.898156 0.02138183 -0.018114245 -0.013988990000000001 0.060558334 -0.01421067 -0.02781509 0.997675836
1341846241.898156 0.02138183 -0.018114245 -0.013988990000000001 0.060558334 -0.01421067 -0.02781509 0.997675836
1341846241.898156 0.02138183 -0.018114245 -0.013988990000000001 0.060558334 -0.01421067 -0.02781509 0.997675836
1341846241.898156 0.02138183 -0.018114245 -0.013988990000000001 0.060558334 -0.01421067 -0.02781509 0.997675836
1341846241.898156 0.02138183 -0.018114245 -0.013988990000000001 0.060558334 -0.01421067 -0.02781509 0.997675836
1341846241.898156 0.02138183 -0.018114245 -0.013988990000000001 0.060558334 -0.01421067 -0.02781509 0.997675836
1341846241.898156 0.02138183 -0.018114245 -0.013988990000000001 0.060558334 -0.01421067 -0.02781509 0.997675836
1341846241.898156 0.02138183 -0.018114245 -0.013988990000000001 0.060558334 -0.01421067 -0.02781509 0.997675836
1341846241.898156 0.02138183 -0.018114245 -0.013988990000000001 0.060558334 -0.01421067 -0.02781509 0.997675836
1341846241.898156 0.02138183 -0.018114245 -0.013988990000000001 0.060558334 -0.01421067 -0.02781509 0.997675836
1341846242.301972 0.020422645 -0.018013575 -0.018818795 0.065966949 -0.012746807 -0.029036125 0.997317791
1341846242.301972 0.020422645 -0.018013575 -0.018818795 0.065966949 -0.012746807 -0.029036125 0.997317791
1341846242.366 0.01988437 -0.017895595 -0.017794575 0.067028761 -0.012153223 -0.028147982 0.997279942
1341846242.401903 0.0183788 -0.017460785 -0.01452498 0.067127384 -0.012087489 -0.028488683 0.997264385
1341846242.401903 0.0183788 -0.017460785 -0.01452498 0.067127384 -0.012087489 -0.028488683 0.997264385
1341846242.469883 0.020004375 -0.01775856 -0.017835505 0.068134412 -0.011870369 -0.02901102 0.997183621
1341846242.501972 0.020990045 -0.018132295 -0.020080765 0.068535946 -0.01230025 -0.028437033 0.997167468
1341846242.534063 0.01968811 -0.017343825 -0.016562995 0.067855433 -0.012266169 -0.02957017 0.997181475
1341846242.569931 0.018625740000000002 -0.017055745 -0.014107060000000001 0.069057539 -0.011172729 -0.029844565 0.997103572
1341846242.602 0.022035489999999998 -0.019312135 -0.018143475 0.067802668 -0.012051464 -0.028919436 0.997206688
1341846242.634077 0.021949515 -0.019367245 -0.018111925 0.066643596 -0.012264657 -0.029083917 0.997277498
1341846242.670215 0.021960125 -0.019369375 -0.018036465 0.066253833 -0.012127751 -0.028590271 0.9973194
1341846242.701929 0.021809305 -0.019361215 -0.017884505 0.065991223 -0.011794099 -0.028979598 0.997329533
1341846242.737996 0.02179324 -0.019332850000000002 -0.01765223 0.065575376 -0.012361672 -0.028925689 0.997351706
1341846242.769937 0.023500095 -0.0210213 -0.019060030000000002 0.0659073 -0.012813895 -0.029166879 0.997317076
1341846242.80808 0.023795575000000003 -0.02098576 -0.01971238 0.066393673 -0.012840992 -0.02962181 0.997271121
1341846242.837887 0.0233731 -0.020848174999999997 -0.018808135 0.065658703 -0.012656168 -0.030037649 0.997309685
1341846242.869936 0.023308145 -0.02091573 -0.018625295 0.064957321 -0.012835321 -0.030460212 0.997340441
1341846242.902131 0.02330673 -0.02079139 -0.01841857 0.065125257 -0.012655666 -0.030435555 0.997332573
1341846242.938061 0.023323925000000002 -0.020934495 -0.018525595000000002 0.065327816 -0.01285693 -0.0315715 0.997281432
1341846242.969969 0.02234153 -0.02017007 -0.018372605 0.066505969 -0.013640257 -0.030691141 0.997220635
1341846243.00581 0.02248448 -0.020305029999999998 -0.018788725 0.06689512 -0.013908033 -0.031064766 0.997179329
1341846243.038095 0.02466869 -0.02185687 -0.02005827 0.066602625 -0.014419831 -0.030396547 0.997212231
1341846243.070041 0.024625670000000002 -0.021833820000000004 -0.019993975 0.065685481 -0.014700152 -0.030850565 0.997255027
1341846243.106059 0.024725724999999997 -0.021980175 -0.01994966 0.064584889 -0.014924237 -0.031437017 0.997305274
1341846243.137899 0.024755355 -0.022075265000000004 -0.020212519999999998 0.065039009 -0.014531109 -0.031302784 0.997285783
1341846243.169985 0.02465923 -0.022073574999999998 -0.02000676 0.065008111 -0.014781652 -0.031060833 0.997291684
1341846243.206007 0.024978355 -0.022063755 -0.02065295 0.064901985 -0.014700881 -0.031698681 0.997279763
1341846243.237999 0.024976475 -0.022117790000000002 -0.020666365 0.063704118 -0.014098226 -0.032473318 0.997340739
1341846243.274026 0.02642185 -0.023384819999999997 -0.021997785 0.063596778 -0.013857259 -0.032648347 0.997345269
1341846243.305879 0.026659435000000002 -0.023491325 -0.022339844999999997 0.064230643 -0.013989784 -0.033133022 0.997286856
1341846243.338022 0.026620745 -0.023532485 -0.022351285 0.06522873 -0.013888167 -0.03302969 0.997226834
1341846243.374348 0.026482110000000003 -0.02328788 -0.02236682 0.066140056 -0.013831674 -0.033270016 0.99715966
1341846243.405837 0.026832195 -0.022941655000000002 -0.022252155000000003 0.066540115 -0.014606765 -0.032334503 0.997152746
1341846243.442193 0.02778535 -0.023003455 -0.022462609999999997 0.06671495 -0.014977458 -0.0322535 0.997138202
1341846243.473902 0.027228205000000002 -0.023780815 -0.02278709 0.066768125 -0.014689501 -0.032474119 0.997131765
1341846243.505839 0.026229000000000002 -0.022334345 -0.025686684999999997 0.067056984 -0.014878828 -0.032756016 0.997100353
1341846243.542001 0.026559455 -0.022397035000000003 -0.026313825 0.0667568 -0.015072862 -0.032770608 0.997117102
1341846243.574058 0.026692479999999998 -0.021741405 -0.025720169999999997 0.066716708 -0.014534742 -0.032283098 0.997143626
1341846243.605841 0.027114740000000002 -0.021164405 -0.025143489999999998 0.067365229 -0.01422025 -0.032006565 0.997113466
1341846243.642015 0.027606775 -0.020614269999999997 -0.026677565 0.06818445 -0.014227375 -0.032195553 0.997051597
1341846243.673926 0.028172145 -0.019279465 -0.026082305 0.068076074 -0.014377291 -0.031851992 0.997067928
1341846243.710095 0.028365460000000002 -0.019234865 -0.024590615 0.068502717 -0.014060246 -0.032024279 0.997037709
1341846243.741951 0.028233985000000003 -0.01655346 -0.023966355 0.069108792 -0.014408334 -0.032240368 0.996983945
1341846243.774067 0.028840365 -0.018846235 -0.022535509999999998 0.067937165 -0.014642955 -0.033219419 0.997028947
1341846243.809881 0.029397445 -0.01995535 -0.0251122 0.067444369 -0.014419411 -0.032395229 0.997092724
1341846243.841971 0.02603306 -0.02273549 -0.022947179999999998 0.06720686 -0.013732317 -0.031985946 0.997131705
1341846243.874062 0.02614343 -0.022888765000000002 -0.025424105 0.067911744 -0.014463148 -0.03123299 0.997097433
1341846243.910022 0.02739609 -0.024199690000000003 -0.024664219999999997 0.068420358 -0.014665365 -0.031517826 0.997050762
1341846243.941928 0.02796065 -0.023028800000000002 -0.023545185 0.069442257 -0.013833042 -0.032427456 0.996962845
1341846243.978045 0.02795537 -0.023181565 -0.02354068 0.068204969 -0.013272259 -0.032665305 0.99704814
1341846244.009892 0.028085810000000003 -0.023064975 -0.024037615000000002 0.067422085 -0.013201705 -0.032327663 0.997113287
1341846244.042105 0.028479314999999998 -0.023367219999999998 -0.02469706 0.068445079 -0.012946256 -0.031163638 0.997084022
1341846244.077884 0.027462814999999998 -0.023112695000000003 -0.02302858 0.069025226 -0.012566237 -0.031234212 0.997046709
1341846244.115904 0.027582614999999998 -0.02306846 -0.02351602 0.068344742 -0.012660592 -0.030988758 0.997100055
1341846244.15185 0.02776758 -0.023282675 -0.023791905 0.067860879 -0.012666115 -0.030356845 0.997152388
1341846244.184334 0.027540929999999998 -0.02307931 -0.02368907 0.068967581 -0.012316143 -0.029711202 0.997100353
1341846244.215953 0.02766913 -0.023149185000000003 -0.024328675 0.068639711 -0.01228172 -0.030620817 0.997095883
1341846244.251877 0.02742246 -0.02309386 -0.024022284999999997 0.068142466 -0.012346549 -0.029738482 0.997155845
1341846244.28388 0.027312825 -0.023230439999999998 -0.023868815 0.068942033 -0.012246923 -0.030448679 0.997080684
1341846244.316068 0.027267774999999998 -0.023146855 -0.023466895 0.069697075 -0.01259053 -0.030415172 0.997024953
1341846244.351999 0.02731002 -0.022983595 -0.02381233 0.069373325 -0.012937863 -0.030403901 0.997043431
1341846244.38404 0.0273607 -0.023152655 -0.023725675 0.069798604 -0.013610484 -0.029791761 0.997023225
1341846244.419869 0.027237995 -0.023064460000000002 -0.02361044 0.069984347 -0.013581074 -0.029484266 0.997019827
1341846244.451888 0.027869205 -0.023006125 -0.024791135 0.069194898 -0.012924822 -0.030086741 0.997065663
1341846244.483871 0.027899545 -0.023104190000000004 -0.024417365 0.068159968 -0.012363815 -0.03049719 0.997131526
1341846244.519923 0.02753846 -0.023016045 -0.02383844 0.068398558 -0.011560958 -0.029910199 0.997142673
1341846244.551942 0.027997995 -0.022971344999999997 -0.02425039 0.069465928 -0.011109712 -0.028902249 0.997103691
1341846244.583892 0.029213035 -0.023035325 -0.026883789999999998 0.069850363 -0.010558742 -0.026897471 0.997138917
1341846244.61987 0.026523515 -0.022320825 -0.026230475 0.069657691 -0.010219216 -0.025359796 0.997196198
1341846244.65185 0.028415415 -0.02263739 -0.029944415000000002 0.069952704 -0.010579635 -0.024183368 0.997201085
1341846244.683815 0.030026515 -0.023510135 -0.02854433 0.070900828 -0.010255414 -0.022911163 0.997167468
1341846244.719873 0.030459985000000002 -0.02335851 -0.029761324999999998 0.070641428 -0.009859213 -0.022925925 0.997189522
1341846244.751827 0.028975530000000003 -0.024435770000000002 -0.029705785 0.069763601 -0.009409878 -0.022527363 0.997264802
1341846244.7883 0.02899207 -0.024471315 -0.029792475000000002 0.070734851 -0.009065057 -0.022116143 0.997208774
1341846244.820099 0.03375074 -0.021384220000000002 -0.023159199999999998 0.072417475 -0.009081222 -0.022996869 0.997067928
1341846244.851973 0.03039369 -0.021700345000000003 -0.02209469 0.07404229 -0.007643696 -0.023176864 0.996956468
1341846244.887873 0.033024675 -0.02170514 -0.021179235 0.075852931 -0.006946689 -0.02256812 0.996839404
1341846244.920072 0.03219173 -0.01917907 -0.020405990000000002 0.076605923 -0.005375899 -0.022235528 0.996798992
1341846244.952621 0.033307955 -0.019610625 -0.02249005 0.07720051 -0.00479245 -0.021924244 0.996762991
1341846244.987985 0.03313737 -0.020914355000000003 -0.02185135 0.07733617 -0.004436377 -0.020006504 0.996794462
1341846245.02006 0.032662465 -0.020562789999999997 -0.020554944999999998 0.076439127 -0.004104219 -0.019745041 0.996870279
1341846245.051869 0.03363139 -0.021255745 -0.02061924 0.074819669 -0.003478683 -0.02082577 0.996973515
1341846245.088236 0.034624525 -0.021904174999999998 -0.022186195 0.073442936 -0.002986552 -0.021480139 0.997063637
1341846245.119935 0.033691445 -0.021066879999999996 -0.02025008 0.073463619 -0.002434114 -0.020646302 0.99708122
1341846245.151835 0.0336516 -0.02111702 -0.020276305 0.073657513 -0.002341151 -0.021216078 0.997055173
1341846245.187889 0.0328124 -0.020513620000000003 -0.018478975 0.074633077 -0.002008931 -0.021424763 0.996978879
1341846245.219842 0.032865495 -0.020321940000000004 -0.018299445 0.07463713 -0.002102158 -0.020834057 0.996990919
1341846245.25603 0.033364155 -0.020394405 -0.019299625 0.073926941 -0.001983374 -0.021879997 0.997021675
1341846245.287962 0.03285262 -0.020059320000000002 -0.01889597 0.073818401 -0.001651785 -0.022703763 0.99701184
1341846245.319885 0.03201188 -0.019850330000000003 -0.017350975 0.073914625 -0.001291192 -0.023245992 0.996992826
1341846245.355859 0.032832400000000005 -0.020115010000000003 -0.01877995 0.073641807 -0.001931629 -0.023664914 0.997002065
1341846245.387919 0.032921109999999996 -0.020059155000000002 -0.019153495 0.073638052 -0.002213978 -0.024397833 0.996984124
1341846245.423977 0.032513694999999995 -0.021076369999999997 -0.020630904999999998 0.07363455 -0.002015301 -0.02472282 0.996976793
1341846245.455822 0.03204178 -0.020995575 -0.019983405000000003 0.074208975 -0.001636842 -0.02568979 0.996910453
1341846245.487804 0.0298654 -0.01816096 -0.01841464 0.074939243 -0.001749121 -0.025136277 0.996869743
1341846245.523916 0.029636975000000003 -0.018081225 -0.017935365 0.075034812 -0.001881663 -0.025053911 0.996864378
1341846245.555797 0.029664285 -0.01815349 -0.018107144999999998 0.074884243 -0.001577592 -0.025615241 0.996861994
1341846245.591988 0.029922709999999998 -0.018304525 -0.018302215 0.075605676 -0.001693064 -0.025733119 0.996804297
1341846245.623837 0.029510830000000002 -0.018045895 -0.017433115 0.076993719 -0.00196675 -0.024001427 0.996740699
1341846245.65589 0.03233558 -0.019983635 -0.01837891 0.076728351 -0.001947611 -0.023947332 0.996762514
1341846245.69206 0.031520105 -0.019794729999999996 -0.01713807 0.07637953 -0.000967744 -0.025563316 0.996750653
1341846245.724517 0.031757275 -0.020056035 -0.01730603 0.076571889 -0.000930208 -0.024447815 0.996763885
1341846245.760068 0.031226535 -0.01984349 -0.01642931 0.077858098 -0.00077776 -0.023957409 0.996676266
1341846245.791914 0.03219964 -0.0200547 -0.018034235 0.077861205 -0.000742309 -0.023958113 0.996676028
1341846245.824142 0.033078375 -0.020526565 -0.01943267 0.077282198 -0.000249809 -0.02378979 0.99672538
1341846245.860005 0.031101610000000002 -0.019998465 -0.01612378 0.077006862 0.000524298 -0.023945739 0.996742845
1341846245.891878 0.031777055 -0.020167575 -0.017349715 0.076129772 0.000505429 -0.023824073 0.996813178
1341846245.927903 0.031769195 -0.020238719999999998 -0.01698968 0.076607876 0.001301889 -0.02424326 0.996765673
1341846245.95992 0.031791725 -0.020317095 -0.017183515 0.077045634 0.001597797 -0.024359388 0.996728718
1341846245.986182 0.032037565000000004 -0.020021095 -0.01743959 0.077254623 0.001101553 -0.023992807 0.996722102
1341846246.022057 0.03133195 -0.020310150000000003 -0.016216345 0.078056403 0.001073808 -0.024568314 0.996645629
1341846246.053871 0.03073545 -0.020250105 -0.01515741 0.079269998 0.001075457 -0.024645109 0.996547997
1341846246.085916 0.030534504999999997 -0.01997065 -0.01535687 0.080671221 0.000200294 -0.02386074 0.996455133
1341846246.121806 0.030776240000000003 -0.01969849 -0.01582293 0.081455231 -0.001179077 -0.023859413 0.99639076
1341846246.153949 0.029899645000000002 -0.019089995 -0.014087865 0.082508072 -0.001186123 -0.026232382 0.996244371
1341846246.190063 0.03055383 -0.019253305 -0.015434735 0.083343267 -0.001157307 -0.027347656 0.99614495
1341846246.222002 0.030097679999999998 -0.01904574 -0.014573635000000001 0.082588732 -0.001088477 -0.028611684 0.996172309
1341846246.253984 0.030094384999999998 -0.01916115 -0.014636070000000001 0.082694866 -0.001203748 -0.030270237 0.996114433
1341846246.289808 0.02995643 -0.018835395 -0.013906179999999999 0.083964549 -0.000596945 -0.030322241 0.996007144
1341846246.322001 0.030461675 -0.019080295 -0.015214535000000001 0.083101377 0.000304368 -0.031681988 0.996037364
1341846246.353946 0.02958065 -0.018867870000000002 -0.014205699999999998 0.081404686 0.001445964 -0.033258371 0.996125042
1341846246.389885 0.028130225 -0.019274425 -0.01578958 0.080149561 0.002557995 -0.033530351 0.996215522
1341846246.421855 0.0277401 -0.018609285 -0.015343505 0.08077006 0.003387644 -0.032047205 0.996211648
1341846246.457915 0.028660980000000003 -0.017503345 -0.016400394999999998 0.080284588 0.003005616 -0.028962409 0.996346593
1341846246.489829 0.028845720000000002 -0.017644675 -0.017168315 0.079136238 0.003828849 -0.028519411 0.996448398
1341846246.521912 0.029032709999999996 -0.018238765 -0.018626185 0.07765124 0.005635368 -0.027321901 0.996590197
1341846246.558038 0.02766645 -0.017943105 -0.015647005 0.077493705 0.007765791 -0.028543023 0.996553957
1341846246.589826 0.027495695 -0.01951796 -0.0139023 0.077654697 0.008238514 -0.027176624 0.996575773
1341846246.622033 0.026184115 -0.018004605 -0.01481858 0.078148648 0.008322202 -0.024652161 0.996602118
1341846246.658046 0.025081735 -0.01737163 -0.014021350000000002 0.07781066 0.007973407 -0.023698047 0.99665457
1341846246.689939 0.028900185000000002 -0.018354165 -0.018511655000000002 0.077008069 0.006253234 -0.024159769 0.996718109
1341846246.725903 0.028732915 -0.018401940000000002 -0.014938255000000001 0.07684429 0.006172631 -0.024608238 0.996720314
1341846246.757894 0.027410905 -0.016937365 -0.01806636 0.076441355 0.006719447 -0.025551096 0.99672401
1341846246.789989 0.027542825 -0.018304630000000002 -0.015466835 0.075462475 0.006622049 -0.027029965 0.996760249
1341846246.826059 0.026803374999999997 -0.01948556 -0.014069684999999998 0.075260445 0.006186182 -0.02655191 0.996791184
1341846246.857869 0.02766286 -0.019938289999999997 -0.015249770000000001 0.076173484 0.005720031 -0.026343996 0.996730089
1341846246.893944 0.027801965 -0.018016340000000002 -0.01886374 0.076477908 0.005108828 -0.025144635 0.996741116
1341846246.925896 0.027877595 -0.019011715000000002 -0.01452317 0.075526632 0.004344123 -0.025260026 0.996814311
1341846246.95809 0.028555735 -0.017552705 -0.015556549999999999 0.076036304 0.004202912 -0.025155872 0.996778846
1341846246.993936 0.026609115 -0.018595 -0.01256929 0.075617522 0.004485511 -0.025837801 0.996792018
1341846247.026204 0.02722242 -0.0187125 -0.014509880000000001 0.075545758 0.004139184 -0.027920447 0.996742845
1341846247.057936 0.027303795 -0.01871716 -0.014887765 0.076526716 0.003991548 -0.028018992 0.996665776
1341846247.093899 0.028009325 -0.019055475 -0.01578835 0.077146627 0.003413352 -0.02700635 0.996648133
1341846247.126028 0.028521895 -0.018894445 -0.017504815 0.076994762 0.0025365 -0.026581107 0.996673942
1341846247.162093 0.02785257 -0.01913403 -0.015203995 0.078024536 0.002496576 -0.026888343 0.996585667
1341846247.194072 0.028079095000000002 -0.01856265 -0.01805638 0.081105173 0.00360854 -0.02417412 0.99640584
1341846247.225977 0.027801045 -0.020286685000000002 -0.011977330000000001 0.081896976 0.003706092 -0.022837896 0.996372283
1341846247.261953 0.027171894999999998 -0.023811205000000002 -0.014747185 0.084121861 0.004360744 -0.023267312 0.996174276
1341846247.293957 0.028857635 -0.022002189999999998 -0.013371655 0.088869639 0.005136921 -0.023993257 0.99574101
1341846247.325987 0.027540575 -0.01688235 -0.00860986 0.09093225 0.004778478 -0.022082524 0.99560076
1341846247.36194 0.02854517 -0.01714842 -0.014201585000000001 0.088515185 0.003213488 -0.02185896 0.995829821
1341846247.394053 0.0304712 -0.01822019 -0.013619245 0.086570285 0.002776224 -0.021139113 0.996017575
1341846247.430187 0.02796093 -0.01903973 -0.010232625 0.083982997 0.00273606 -0.022436609 0.996210814
1341846247.462223 0.028579550000000002 -0.01957556 -0.009286565 0.083331056 0.001656461 -0.023056179 0.996253788
1341846247.493952 0.029442330000000003 -0.02018274 -0.006785245 0.083723485 0.001172048 -0.02420396 0.996194363
1341846247.530027 0.030208614999999998 -0.022012435 -0.006671445 0.083914824 0.001320297 -0.023950411 0.996184289
1341846247.562209 0.029274460000000002 -0.02412347 -0.007966174999999999 0.086025886 0.001909117 -0.023674879 0.996009767
1341846247.594166 0.029657595 -0.020940974999999997 -0.007997885 0.088037446 0.001372074 -0.021892402 0.995875657
1341846247.630035 0.029802815000000003 -0.019039795 -0.007844505 0.08676973 0.000410872 -0.021337863 0.995999813
1341846247.662701 0.031120545 -0.022260445 -0.005501895000000001 0.085388355 -0.000133574 -0.020447863 0.996137917
1341846247.697913 0.03097997 -0.020886924999999997 -0.007432655 0.086320117 0.000572226 -0.018886534 0.996088266
1341846247.730051 0.0300592 -0.0201317 -0.006929625 0.085119866 -0.000387701 -0.017941188 0.996209085
1341846247.76218 0.033598245 -0.023831554999999997 -0.005829805 0.085355207 -0.001515503 -0.017067023 0.996203244
1341846247.798768 0.031252505 -0.02039144 -0.00458645 0.087920345 -0.000462436 -0.014501191 0.996021807
1341846247.830259 0.03320713 -0.01787634 -0.006824449999999999 0.087045074 -0.001266632 -0.013680886 0.996109664
1341846247.865875 0.03448453 -0.021691025000000003 -0.007165965 0.08458811 -0.00130036 -0.015154065 0.996299922
1341846247.898157 0.033887244999999996 -0.024352895 -0.005783015 0.086595222 5.2476e-05 -0.014918821 0.996131897
1341846247.930002 0.029798705 -0.019402545 -0.006308845 0.08846496 -0.000657603 -0.013257978 0.995990872
1341846247.966006 0.032552855 -0.020938245 -0.00534369 0.087185219 -0.003246875 -0.013376331 0.996097028
1341846247.998062 0.034910855 -0.02213951 -0.008426995 0.089118175 -0.003373024 -0.012420327 0.995937943
1341846248.030615 0.034271675 -0.021275785 -0.00651833 0.090587072 -0.002902484 -0.012937042 0.995800316
1341846248.065891 0.034967595000000004 -0.01740017 -0.006591785 0.08988069 -0.00290005 -0.012496015 0.995869994
1341846248.098211 0.039802674999999996 -0.019649114999999998 -0.010362405000000002 0.088895127 -0.002616633 -0.013099926 0.995951414
1341846248.133929 0.037725255 -0.02100115 -0.008117565 0.090279311 0.001863784 -0.016554052 0.99577719
1341846248.16605 0.036535155 -0.01871329 -0.005064595 0.089759484 0.003909839 -0.018230837 0.995788932
1341846248.198024 0.035924815 -0.020627060000000003 -0.002715385 0.088442467 0.003898585 -0.018896608 0.995894432
1341846248.23393 0.036527875 -0.02258365 -0.0039805150000000004 0.090199508 0.004230744 -0.019135788 0.995730877
1341846248.265968 0.035830225 -0.01859139 -0.0013270449999999998 0.091178119 0.004999547 -0.019732997 0.995626569
1341846248.297927 0.0338663 -0.020564355 -0.00325445 0.088411115 0.00515671 -0.022903573 0.995807409
1341846248.333956 0.034015375 -0.02424931 -0.0021409000000000003 0.08816538 0.004641338 -0.025477374 0.995769262
1341846248.366013 0.035651075 -0.02235061 -0.0014602249999999999 0.090366542 0.004190781 -0.024950214 0.99558717
1341846248.402093 0.035508294999999995 -0.021182925000000002 -0.007649105 0.089855991 0.003406193 -0.025183573 0.995630503
1341846248.433862 0.035686505 -0.02418712 -0.004309725 0.08963602 0.003243422 -0.025650863 0.995638967
1341846248.466804 0.03788531 -0.02113443 -0.004525164999999999 0.091242626 0.004024244 -0.025735028 0.995487988
1341846248.502139 0.0343635 -0.01601034 -0.002336975 0.090052105 0.004406791 -0.026494037 0.995574832
1341846248.534215 0.031155890000000002 -0.021478125 0.0036061950000000004 0.086822547 0.00292334 -0.025748577 0.995886743
1341846248.565971 0.036187125 -0.020414495 0.00054893 0.089190848 0.001590468 -0.024677372 0.995707572
1341846248.602003 0.033575549999999996 -0.018179425 -0.00046360499999999996 0.087972157 0.003220537 -0.025633577 0.995787919
1341846248.640295 0.03466296 -0.022792025 -0.0026029900000000003 0.086187713 0.003383241 -0.026358414 0.995924413
1341846248.675831 0.03593419 -0.02439534 0.00029774500000000003 0.088933952 0.003582763 -0.025556833 0.995703161
1341846248.708095 0.03679006 -0.022060575000000002 -0.003766275 0.090654261 0.004580375 -0.025900032 0.995535076
1341846248.740085 0.033972835 -0.023321639999999998 -0.00143847 0.089793958 0.004825067 -0.025713142 0.995616734
1341846248.775948 0.03451993 -0.02512054 -0.00128767 0.091114901 0.003802414 -0.026337473 0.995484769
1341846248.802167 0.0338697 -0.024395720000000003 -0.002243015 0.09226045 0.004160607 -0.026310904 0.995378554
1341846248.83395 0.03390896 -0.02478517 -0.001075845 0.091798797 0.004006343 -0.026780201 0.995409369
1341846248.869901 0.035275145 -0.0263411 -0.00187031 0.09309794 0.00332809 -0.026075292 0.995309889
1341846248.901932 0.035767155 -0.02467375 -0.00087558 0.095128387 0.003618935 -0.026080744 0.995116711
1341846248.938035 0.035080850000000004 -0.023142919999999997 -0.00414463 0.094702423 0.003710547 -0.025542626 0.99517101
1341846248.969908 0.03404089 -0.022137785 -0.001617575 0.094145574 0.003384061 -0.025994273 0.99521333
1341846249.001964 0.033540635 -0.025429705 -0.0009876400000000001 0.093116172 0.003526643 -0.026538037 0.995295346
1341846249.037998 0.034626995 -0.021045155000000003 -0.001873545 0.094095446 0.003152693 -0.024752017 0.995250463
1341846249.069961 0.035859065 -0.01937694 0.00010664 0.093101174 0.001537308 -0.023616666 0.995375335
1341846249.105888 0.037000025 -0.022076365 -0.00166455 0.0925676 0.002337329 -0.023942597 0.995415747
1341846249.138041 0.036843915000000005 -0.022381409999999997 -0.00046449999999999996 0.092679806 0.003348493 -0.024007563 0.995400906
1341846249.169904 0.035522055 -0.023389285 0.0009752700000000001 0.092277415 0.003482244 -0.022079207 0.995482445
1341846249.206013 0.036273115 -0.023510875 0.001078765 0.093856998 0.003979238 -0.021540165 0.995344698
1341846249.237872 0.035755595 -0.02030709 -0.002222585 0.094263144 0.005616702 -0.022352004 0.995280504
1341846249.269963 0.036350055 -0.02238926 -0.00045055999999999997 0.092504509 0.005686273 -0.022828219 0.995434344
1341846249.306095 0.036357020000000004 -0.02384786 0.0029957950000000003 0.093072377 0.005873317 -0.022407817 0.995389819
1341846249.337853 0.03694372 -0.022151195 -0.00067568 0.094132051 0.007159941 -0.022133926 0.995287895
1341846249.373854 0.037508735 -0.02121019 -0.00224887 0.092585564 0.007267433 -0.02206102 0.995433807
1341846249.405928 0.036798935 -0.023042685 0.00040617500000000005 0.091544509 0.008525457 -0.023471504 0.995487869
1341846249.437945 0.036768959999999996 -0.022700245 0.00076438 0.09268941 0.010134722 -0.024552962 0.995340705
1341846249.474182 0.036560195000000004 -0.02258088 0.00049947 0.092019625 0.010248605 -0.025261005 0.995383978
1341846249.505956 0.034737765000000004 -0.021070675 0.0053114799999999995 0.09113811 0.010474399 -0.024358843 0.995485187
1341846249.538288 0.034661965 -0.02025433 0.0036294749999999996 0.09133663 0.010800951 -0.024501868 0.995460033
1341846249.574263 0.034695575 -0.021036035 0.00567344 0.090223446 0.010752733 -0.02433929 0.99556601
1341846249.606015 0.036014875 -0.0223274 0.00311322 0.08862409 0.009446318 -0.022444177 0.995767474
1341846249.641995 0.03563959 -0.023239955 -0.000368365 0.088683456 0.008346366 -0.020166326 0.995820761
1341846249.674108 0.03524239 -0.02071185 0.000662835 0.087843448 0.007310987 -0.01900938 0.995926082
1341846249.706034 0.03541159 -0.020692179999999998 0.0023982 0.0851034 0.006321824 -0.018551756 0.996179342
1341846249.742012 0.03558496 -0.021414120000000002 0.006313995 0.085064158 0.004819023 -0.01671204 0.996223688
1341846249.773906 0.035274730000000004 -0.02125409 0.0046779 0.08563669 0.002754483 -0.01401554 0.996224105
1341846249.806093 0.033357424999999996 -0.01924983 0.000695755 0.084894627 0.000420994 -0.011654835 0.996321678
1341846249.842148 0.03403121 -0.020144034999999998 0.003131135 0.08401861 -0.001627918 -0.009901547 0.996413708
1341846249.873923 0.033855684999999996 -0.018991985 0.000263105 0.084185943 -0.003636774 -0.008879226 0.996403873
1341846249.909991 0.033847465 -0.019809745 0.0054034600000000006 0.083832517 -0.007167583 -0.006788302 0.996430933
1341846249.942024 0.034056315 -0.020108355 0.005451495000000001 0.08351481 -0.010221451 -0.003775382 0.996446967
1341846249.974199 0.03607502 -0.01822155 0.003971115 0.084184766 -0.011831119 -0.004790336 0.996368468
1341846250.010384 0.037062825 -0.016580315 0.00225471 0.084099598 -0.013589848 -0.003665262 0.996357977
1341846250.042022 0.03860182 -0.018431814999999997 0.001577235 0.083884865 -0.016049366 -0.00261903 0.996342778
1341846250.078047 0.04097627 -0.015078955 0.003787595 0.086398192 -0.016431015 -0.002180687 0.996122837
1341846250.109945 0.04264655 -0.010971850000000002 0.00131349 0.086624667 -0.015042452 -0.002799048 0.996123612
1341846250.141849 0.04216549 -0.012768350000000001 0.002185865 0.084259622 -0.013684168 -0.003646988 0.996343195
1341846250.177803 0.046249504999999996 -0.012950995 -0.0014039400000000002 0.084713221 -0.011874717 -0.002839787 0.996330559
1341846250.210137 0.04499151 -0.009747215 0.00052909 0.085620619 -0.00764748 -0.003776002 0.996291339
1341846250.241903 0.046177835 -0.00972377 -0.002299375 0.08460544 -0.005512597 -0.006933552 0.996375203
1341846250.277878 0.04549077 -0.0104074 -0.0019779199999999998 0.083825588 -0.004040029 -0.008419673 0.996436715
1341846250.309873 0.043846724999999996 -0.009132055 -0.00201272 0.08354643 -0.003463662 -0.00897644 0.996457458
1341846250.346142 0.04449085 -0.009681555 -0.00164795 0.083528623 -0.004079622 -0.009022182 0.996456206
1341846250.377944 0.04450023 -0.0097374 -0.0017376650000000002 0.084215879 -0.003938972 -0.008833292 0.996400654
1341846250.410038 0.043152445 -0.011032695 -0.001540095 0.084451444 -0.003886031 -0.009087426 0.996378601
1341846250.445984 0.044502305 -0.01101251 -0.0020286699999999998 0.085446894 -0.004088152 -0.010072586 0.996283412
1341846250.477872 0.04322387 -0.01004845 -0.003834865 0.084976651 -0.004071997 -0.01069313 0.996317267
1341846250.50993 0.03973146 -0.011678204999999999 0.00023036499999999998 0.084581412 -0.005232692 -0.009148203 0.996360898
1341846250.546119 0.044604265 -0.009323065 -0.00010722499999999999 0.085855037 -0.007653607 -0.008078433 0.996245503
1341846250.577998 0.04358735 -0.007846845 0.00093035 0.084769279 -0.006508078 -0.008987058 0.996338844
1341846250.613828 0.044538465 -0.00980685 0.00033496 0.082938664 -0.00679792 -0.00761913 0.996502399
1341846250.646114 0.042996655 -0.01049233 0.0013944900000000002 0.083317786 -0.006507023 -0.005341073 0.996487498
1341846250.677812 0.044748725 -0.00857733 0.000188925 0.083265193 -0.006619252 -0.003498599 0.9964993
1341846250.713958 0.045484685 -0.008735525000000001 1.8575e-05 0.081650034 -0.005739401 -0.003132362 0.996639669
1341846250.745904 0.04259018 -0.009953105 0.0019388399999999998 0.080839097 -0.00493062 -0.001909218 0.996713161
1341846250.777886 0.04198657 -0.007731515 0.002985515 0.08065071 -0.006679147 0.000885657 0.996719658
1341846250.814024 0.044516694999999995 -0.00862078 0.004867730000000001 0.079580255 -0.008101813 0.001493783 0.996794462
1341846250.846025 0.043724285 -0.008384025 0.003849215 0.078287221 -0.007312781 -0.000329362 0.996903956
1341846250.881824 0.042568730000000006 -0.011067245 0.007185165 0.078449257 -0.007577968 -3.768e-05 0.996889353
1341846250.913808 0.043846724999999996 -0.010341625 0.00317821 0.080476083 -0.007556902 0.0002814 0.996727884
1341846250.946118 0.043678629999999996 -0.010985595 0.0029653299999999995 0.080816336 -0.006718899 -0.000515804 0.996706247
1341846250.981803 0.044057905 -0.01015844 0.00194265 0.081798971 -0.006839063 -0.000740796 0.996625185
1341846251.014047 0.041798945 -0.011211829999999999 0.00197006 0.081656605 -0.007759252 -0.002130466 0.996628046
1341846251.046033 0.04312359 -0.011659884999999998 0.00227433 0.082443677 -0.008663706 -0.002768699 0.996554255
1341846251.081959 0.042896795 -0.011847685 0.0024654 0.084138848 -0.008038413 -0.003555365 0.996415317
1341846251.114058 0.044656169999999995 -0.012241125 0.000146135 0.085711978 -0.007843072 -0.003380503 0.996283412
1341846251.14992 0.043539980000000006 -0.011751925 0.00190588 0.086956359 -0.007241357 -0.003787179 0.996178627
1341846251.181983 0.044927115 -0.012408795 -0.000725105 0.087826423 -0.006380862 -0.006460545 0.996094406
1341846251.214205 0.044412019999999997 -0.01217725 -0.00032937 0.088602059 -0.006761764 -0.005220449 0.996030569
1341846251.249978 0.043774315 -0.011700994999999999 0.0034438900000000002 0.088885732 -0.008846919 -0.004315125 0.995993197
1341846251.281923 0.043555025000000004 -0.011999215 0.0016055099999999999 0.08979065 -0.010304854 -0.004834658 0.995895624
1341846251.318026 0.043677480000000005 -0.011549785 0.0007333700000000001 0.088881537 -0.011474849 -0.005328165 0.995961845
1341846251.350003 0.043090050000000005 -0.011454375 0.002177835 0.086701557 -0.013738846 -0.005126603 0.996126473
1341846251.382003 0.04256552 -0.011654345 0.00271597 0.087550871 -0.01568321 -0.005212406 0.996022999
1341846251.417971 0.04664511 -0.01070285 0.0016001700000000002 0.087189183 -0.017621888 -0.005712807 0.996019542
1341846251.449878 0.042049535 -0.010304885 0.00737967 0.084563673 -0.017260937 -0.007780668 0.996238172
1341846251.481872 0.043850505000000005 -0.01082735 0.004130605 0.082047634 -0.019472847 -0.007061124 0.996413171
1341846251.51787 0.041037195 -0.01001294 0.007347915 0.081127375 -0.020300038 -0.006705124 0.996474445
1341846251.549884 0.04161878 -0.010687064999999999 0.006969465 0.078972526 -0.020779375 -0.0072689 0.996633708
1341846251.586071 0.04092569 -0.010243645 0.00779396 0.078729756 -0.020317622 -0.006088683 0.996670365
1341846251.618241 0.04097455 -0.01021732 0.007736524999999999 0.07964655 -0.021003986 -0.004603119 0.99659121
1341846251.649917 0.040870699999999996 -0.010276809999999999 0.00790862 0.080241382 -0.020049905 -0.004364681 0.996564329
1341846251.686034 0.041474479999999994 -0.009523405 0.00616158 0.080946736 -0.017963674 -0.006176956 0.996537387
1341846251.718103 0.041010685 -0.010207294999999998 0.007677445 0.080770835 -0.016915087 -0.007428081 0.996561527
1341846251.749907 0.040918035000000005 -0.010271695 0.00794911 0.081273958 -0.017642695 -0.005848788 0.996518493
