1341846227.921967 0.018122638 -0.007680158 0.004131376 0.012134229 -0.013584342 -0.027217299 0.999463558
1341846227.958123 0.02438478 -0.00862973 0.008867926 0.012002031 -0.013251849 -0.027432987 0.999463737
1341846227.989985 0.018166812 -0.007489922 0.003076894 0.011144683 -0.009892889 -0.029700864 0.999447703
1341846228.021937 0.022736512 -0.013319534 0.010276058 0.010242577 -0.009934697 -0.028485904 0.999492347
1341846228.058222 0.024921612 -0.013434682 0.009676804 0.012761006 -0.01031175 -0.02728698 0.999493003
1341846228.090097 0.021059736 -0.005756636 0.002128186 0.013795232 -0.0083734 -0.028116046 0.999474406
1341846228.121845 0.021433386 -0.004479006 0.003938536 0.010886967 -0.006491919 -0.027271008 0.99954772
1341846228.157875 0.027296626 -0.006270056 0.008943968 0.008377685 -0.007483372 -0.023419712 0.999662578
1341846228.189872 0.027878518 -0.005922562 0.008558132 0.005998925 -0.008268372 -0.021470083 0.999717295
1341846228.225994 0.028702506 -0.010906236 0.01075226 0.003145318 -0.008405693 -0.022322632 0.9997105
1341846228.258336 0.029076564 -0.010900286 0.013319648 0.003782611 -0.009383067 -0.023042252 0.999683261
1341846228.289941 0.030150326 -0.01124329 0.011565654 0.00453992 -0.010110543 -0.021649735 0.999704182
1341846228.326018 0.028654162 -0.010859832 0.011785056 0.004970411 -0.008849363 -0.022213243 0.999701738
1341846228.358243 0.028906146 -0.0108273 0.011136794 0.005392327 -0.007113614 -0.022085553 0.999716222
1341846228.389779 0.03041953 -0.011221872 0.01133919 0.004956559 -0.007174477 -0.02028577 0.999756217
1341846228.426073 0.030526664 -0.0113808 0.011014632 0.005275511 -0.006317208 -0.02123181 0.99974072
1341846228.457823 0.031169614 -0.01156959 0.011038652 0.006297039 -0.004317393 -0.020786382 0.999754786
1341846228.493915 0.029118814 -0.01075139 0.010530188 0.00571124 -0.003814418 -0.019910641 0.999778152
1341846228.525907 0.030645866 -0.01133275 0.00962945 0.005016975 -0.005033974 -0.018980889 0.999794602
1341846228.558208 0.030585186 -0.011453664 0.009882208 0.004908064 -0.004432154 -0.018472293 0.999807477
1341846228.593899 0.032776948 -0.012105576 0.011152246 0.005231364 -0.004539073 -0.017658286 0.999820054
1341846228.626021 0.030604284 -0.011324872 0.008901902 0.005234332 -0.005573826 -0.016984699 0.999826491
1341846228.658069 0.031526986 -0.011691616 0.009389978 0.004184245 -0.006792678 -0.016100975 0.999838531
1341846228.693942 0.034622266 -0.012724868 0.00952487 0.003049733 -0.006696826 -0.016352911 0.999839187
1341846228.726069 0.028374298 -0.010265494 0.004583746 0.002883544 -0.00435207 -0.016646208 0.999847829
1341846228.76209 0.02807248 -0.010334582 0.004396284 0.002877667 -0.004413804 -0.014516704 0.999880731
1341846228.794 0.03734165 -0.013854722 0.009281886 0.003091454 -0.006463355 -0.012585369 0.999895155
1341846228.825934 0.029410338 -0.010598214 0.000425832 0.004626396 -0.004377549 -0.012710204 0.999898911
1341846228.862015 0.028998352 -0.010482534 0.00120543 0.00466745 -0.004256484 -0.011319277 0.999916017
1341846228.893856 0.03705065 -0.013495686 0.002696432 0.004457526 -0.006917974 -0.010101781 0.999915123
1341846228.926548 0.03729646 -0.013623176 0.00223993 0.004469493 -0.006702139 -0.010923676 0.999907851
1341846228.96194 0.036999386 -0.012439078 0.001576162 0.004476666 -0.005982002 -0.01043862 0.999917626
1341846228.99404 0.037221498 -0.012017216 0.00071303 0.003484626 -0.00605629 -0.010247714 0.99992305
1341846229.029897 0.038035926 -0.012558758 0.004082846 0.003522376 -0.006291786 -0.009977601 0.999924242
1341846229.06187 0.03858747 -0.012511776 0.00325318 0.004774159 -0.005990146 -0.009889092 0.999921739
1341846229.094829 0.03927777 -0.012160872 0.002040984 0.004657031 -0.005503634 -0.0087888 0.999935389
1341846229.12993 0.04199376 -0.013505144 0.00183378 0.004114706 -0.005361668 -0.007596461 0.999948323
1341846229.161882 0.041092172 -0.014100186 0.003300112 0.003340041 -0.004867264 -0.00845997 0.999946773
1341846229.197882 0.038904124 -0.015888436 0.004324826 0.003382416 -0.004259663 -0.008656994 0.999947727
1341846229.229812 0.0406948 -0.015825196 0.003758234 0.004667688 -0.005405414 -0.008675039 0.999936879
1341846229.261994 0.039489516 -0.01548624 0.003755652 0.00589095 -0.005450863 -0.008987948 0.999927402
1341846229.29792 0.038548228 -0.015291794 0.002021482 0.005828537 -0.005534836 -0.010251402 0.999915123
1341846229.329933 0.039006588 -0.015299272 0.00161686 0.005955176 -0.006414307 -0.010373088 0.999907911
1341846229.361996 0.03896794 -0.016328088 0.003284146 0.005721123 -0.006912556 -0.009996599 0.999909759
1341846229.398029 0.041081614 -0.018522182 0.005809808 0.007740489 -0.006998776 -0.009876069 0.999896765
1341846229.430182 0.03908069 -0.016879686 0.003876194 0.010670627 -0.006871379 -0.009421594 0.999875069
1341846229.471963 0.039058204 -0.01634594 0.002343948 0.011446544 -0.006934606 -0.008918054 0.999870658
1341846229.498348 0.041405336 -0.016291002 0.004265696 0.01244978 -0.006984644 -0.008652079 0.999860644
1341846229.530149 0.042660486 -0.016355274 0.002984708 0.013287758 -0.006982523 -0.007020159 0.999862671
1341846229.566064 0.042688922 -0.016655262 0.002547176 0.013267529 -0.006942287 -0.00549573 0.999872744
1341846229.598057 0.036453984 -0.017766622 -0.004606254 0.015030686 -0.005299362 -0.003469519 0.999866962
1341846229.630063 0.036820632 -0.017471654 -0.006144582 0.016158558 -0.003994953 -0.001966664 0.999859512
1341846229.665946 0.04569951 -0.017594676 0.001064654 0.015752722 -0.004982962 -0.001171218 0.99986279
1341846229.69815 0.045628652 -0.0177985 0.000659864 0.016716892 -0.004736067 -0.000131144 0.999849021
1341846229.733828 0.049713186 -0.019284074 0.000510304 0.01965368 -0.003776948 0.001324158 0.999798834
1341846229.765937 0.049938854 -0.01834409 -0.003506954 0.020333698 -0.002681951 0.001743134 0.999788105
1341846229.798002 0.0462518 -0.018030788 -0.001240724 0.018359412 -0.00135322 0.000690072 0.999830306
1341846229.833857 0.046287622 -0.018205148 -0.00123429 0.018511893 -0.001229641 0.00023533 0.999827862
1341846229.865928 0.045256634 -0.01765078 0.0006981 0.019981073 -0.000507234 -0.000758847 0.999799967
1341846229.897926 0.046933524 -0.018128886 -0.001137888 0.019566357 -0.000205672 -0.000375894 0.99980849
1341846229.939857 0.046691372 -0.018386908 0.000674936 0.017483633 -8.0613e-05 -0.000740755 0.999846876
1341846229.965948 0.046309288 -0.018423054 0.002594882 0.016588105 0.000857729 -0.001007042 0.999861538
1341846230.002061 0.04174029 -0.016331958 -0.002134508 0.01521938 0.002016481 -0.002097902 0.999879956
1341846230.033858 0.040028918 -0.016827272 -0.000875112 0.012218039 0.001912773 -0.003153568 0.99991858
1341846230.065938 0.040224962 -0.016787148 0.000986542 0.012042012 0.002688138 -0.002631399 0.999920428
1341846230.103878 0.041464082 -0.017230096 -0.000509386 0.011931849 0.003152929 -0.0014795 0.999922752
1341846230.144719 0.039919726 -0.0159261 -0.00224239 0.011268203 0.003625193 -0.001647646 0.999928594
1341846230.172747 0.039414682 -0.01514848 0.002343104 0.011064342 0.004209569 -0.000846173 0.999929547
1341846230.208544 0.039721842 -0.017412296 -0.001441226 0.011634249 0.004734164 0.001206369 0.999920368
1341846230.271971 0.040431202 -0.016214262 0.002384078 0.010554389 0.004626887 0.000392018 0.999933541
1341846230.302303 0.03198649 -0.014921626 -0.003263498 0.013152031 0.006068446 0.00194008 0.999893188
1341846230.334051 0.03296798 -0.01330806 -0.004167478 0.01519124 0.006180887 0.001999995 0.999863505
1341846230.370031 0.043065778 -0.018628774 0.00360551 0.01639815 0.005646074 0.001995458 0.999847591
1341846230.401932 0.04208712 -0.017755396 0.002211332 0.018434629 0.006824718 0.000443389 0.999806702
1341846230.437965 0.04346906 -0.018442222 0.00408753 0.020224724 0.006991838 0.000353455 0.999770939
1341846230.46992 0.039610166 -0.017496028 -0.001189686 0.021745056 0.008144507 -0.001034277 0.999729872
1341846230.501933 0.033648908 -0.012716708 -0.008107736 0.022294279 0.009001336 -0.002337622 0.999708176
1341846230.537834 0.034103084 -0.011065694 -0.00527693 0.021935143 0.0084497 -0.001960788 0.999721766
1341846230.569803 0.04751658 -0.009628964 0.00159888 0.023987409 0.005552493 -0.000703261 0.999696612
1341846230.601945 0.052732702 -0.006760586 -0.001153694 0.026405431 0.003664409 0.001018883 0.999644101
1341846230.637789 0.042621244 -0.01815106 -0.006146358 0.025071898 0.005194107 -0.001807471 0.999670506
1341846230.670057 0.043471512 -0.017046558 -0.00885834 0.024615478 0.004640364 -0.00188456 0.999684453
1341846230.705937 0.044578518 -0.01884386 -0.001315594 0.023274742 0.003912788 -0.003043358 0.999716818
1341846230.737932 0.045535774 -0.021000158 -0.000439884 0.023847647 0.00353991 -0.002779411 0.999705493
1341846230.76996 0.045567956 -0.021005734 8.0662e-05 0.024810504 0.00328624 -0.001619025 0.999685466
1341846230.805852 0.047409068 -0.015362882 0.004205978 0.026452944 0.002588146 -0.001338476 0.999645829
1341846230.837804 0.045348894 -0.019306724 0.001282118 0.025625497 0.002631949 -0.002626991 0.999664724
1341846230.869829 0.041015312 -0.019696404 0.00145629 0.026368802 0.004058776 -0.003214638 0.999638855
1341846230.905851 0.040504184 -0.019967986 0.002551396 0.026899068 0.003801509 -0.002586295 0.99962759
1341846230.937917 0.04156717 -0.018893942 -0.000977764 0.026866134 0.002255844 -0.003029699 0.999631941
1341846230.973933 0.040664524 -0.019971276 0.004498794 0.027440175 0.002104916 -0.003323426 0.999615729
1341846231.006047 0.041545588 -0.020906444 0.00231908 0.028524697 0.001839121 -0.001438343 0.999590337
1341846231.037936 0.042593274 -0.019293642 -0.002440486 0.028780317 0.000667844 -0.001519508 0.999584377
1341846231.07431 0.04237445 -0.020744216 0.000396644 0.028334195 0.000237407 -0.0022797 0.999595881
1341846231.106085 0.041890894 -0.020770852 0.002488106 0.029648263 0.000164707 -0.002106056 0.999558151
1341846231.138083 0.04178644 -0.020829882 0.004865298 0.03075216 -0.000463415 -0.001374564 0.999525964
1341846231.174011 0.04301877 -0.020909864 0.001814484 0.030619839 -0.001179179 -0.001824478 0.999528766
1341846231.205909 0.043060404 -0.021028718 0.001758602 0.031412229 -0.001365456 -0.002766474 0.999501765
1341846231.241869 0.044039544 -0.021031818 -0.00301877 0.032493763 -0.001339757 -0.002783102 0.999467134
1341846231.273832 0.043888792 -0.021039508 -0.002727058 0.032569505 -0.001555638 -0.003103507 0.999463439
1341846231.305846 0.042816472 -0.020679668 -0.000747806 0.034069456 -0.001592155 -0.002177667 0.999415815
1341846231.341923 0.04298162 -0.020799018 -0.001423128 0.033897225 -0.001977606 -0.002318895 0.999420702
1341846231.374263 0.04338888 -0.02076319 -0.002555938 0.03221738 -0.00261575 -0.002730065 0.999473751
1341846231.410022 0.043699152 -0.0208846 -0.003249756 0.031307429 -0.002672695 -0.003193694 0.999501109
1341846231.442103 0.042011038 -0.020292812 -0.00207674 0.031439915 -0.002473778 -0.002370976 0.999499738
1341846231.484245 0.041991144 -0.020400932 -0.001604904 0.031561747 -0.003572044 -0.001223737 0.999494672
1341846231.516816 0.042808336 -0.020609088 -0.001309124 0.030514024 -0.003919588 -0.002201575 0.999524236
1341846231.547853 0.050374486 -0.023272562 -0.00962782 0.028098844 -0.004288753 -0.002963957 0.999591529
1341846231.583898 0.05052663 -0.023357136 -0.00923401 0.025160519 -0.002436503 -0.005460258 0.999665558
1341846231.615993 0.046423502 -0.022085956 -0.000701896 0.023693515 -5.167e-05 -0.008089391 0.999686539
1341846231.648015 0.047340096 -0.021799198 -0.000883658 0.02516542 -0.000274422 -0.01033765 0.999629796
1341846231.683822 0.041045882 -0.032149584 -0.003015234 0.028362615 -0.000693862 -0.012573258 0.999518394
1341846231.716153 0.039743688 -0.032846208 -0.001930882 0.034546763 -0.001035331 -0.012216655 0.999327898
1341846231.747846 0.043080662 -0.022078942 0.002019484 0.040453613 -0.003419678 -0.011355384 0.999111056
1341846231.783993 0.043482284 -0.020707762 -0.00245025 0.041465845 -0.004411242 -0.011152623 0.999067962
1341846231.817027 0.043917566 -0.02443179 -0.003796616 0.040368605 -0.004472069 -0.011008114 0.999114215
1341846231.852317 0.042689384 -0.021818218 -0.005148916 0.039956771 -0.004633447 -0.010754004 0.999132812
1341846231.883853 0.041335564 -0.021459226 -0.007102632 0.037552807 -0.005526934 -0.01050424 0.999224186
1341846231.909867 0.040457108 -0.025520542 -0.003158016 0.035369616 -0.006540108 -0.009440144 0.999308288
1341846231.945837 0.04350197 -0.024259928 -0.00562259 0.035591584 -0.007778693 -0.008535766 0.999299705
1341846231.978027 0.04176335 -0.025547104 -0.00811983 0.035189964 -0.007707433 -0.008898243 0.999311328
1341846232.009966 0.041488982 -0.023202966 -0.00734812 0.03416691 -0.008450739 -0.008151508 0.99934715
1341846232.045845 0.042037334 -0.026388854 -0.006169544 0.032988124 -0.009842337 -0.007010338 0.999382675
1341846232.077961 0.042582992 -0.02851495 -0.004536366 0.033457458 -0.011178954 -0.006156299 0.999358654
1341846232.109864 0.044756484 -0.02998088 -0.005900484 0.033187792 -0.011972541 -0.006306849 0.999357522
1341846232.145999 0.044656344 -0.025990196 -0.005727654 0.033336326 -0.011814632 -0.007873042 0.999343336
1341846232.178314 0.045699202 -0.025321514 -0.00629561 0.032960538 -0.011823673 -0.007696915 0.999357045
1341846232.215951 0.04341812 -0.0288257 -0.005809984 0.03290417 -0.011014979 -0.007808027 0.999367297
1341846232.252037 0.043331352 -0.028982264 -0.004386774 0.03396067 -0.010948094 -0.006786669 0.999340177
1341846232.283944 0.045788996 -0.026555274 -0.005902374 0.034906138 -0.011517278 -0.004788138 0.999312758
1341846232.319867 0.044929284 -0.025313436 -0.00840343 0.034889717 -0.011215654 -0.003845826 0.999320865
1341846232.351854 0.047835066 -0.022952832 -0.010231386 0.0335375 -0.011280918 -0.00400085 0.999365807
1341846232.383877 0.046395018 -0.024198474 -0.004550116 0.031172603 -0.01083039 -0.006384355 0.999434948
1341846232.419782 0.039062776 -0.028155984 -0.005780536 0.029741835 -0.010482275 -0.009464109 0.999457836
1341846232.45178 0.042057368 -0.03132715 -0.003605102 0.030479176 -0.011543605 -0.008967922 0.999428511
1341846232.48417 0.044652254 -0.029113826 6.5754e-05 0.031981513 -0.011528301 -0.008638268 0.999384642
1341846232.519889 0.045344294 -0.027682038 -0.001551454 0.032854754 -0.012112332 -0.00749413 0.999358654
1341846232.551877 0.04488429 -0.027712532 -0.001366296 0.033060249 -0.012256227 -0.007967018 0.999346435
1341846232.583846 0.045694854 -0.028252592 -0.003982818 0.034525186 -0.012013873 -0.007343365 0.999304652
1341846232.619798 0.046088326 -0.028593622 -0.00582252 0.036372975 -0.011607866 -0.006965984 0.999246597
1341846232.651799 0.044167184 -0.027438154 -0.002624082 0.037816867 -0.010625132 -0.007241664 0.999201953
1341846232.688092 0.043763932 -0.027168936 -0.002156616 0.039407846 -0.010235745 -0.007755489 0.99914068
1341846232.719804 0.048441044 -0.030165972 -0.004509204 0.040989153 -0.010357502 -0.008187453 0.999072373
1341846232.751767 0.047970936 -0.029999022 -0.003735054 0.042990569 -0.009265912 -0.008645791 0.998995066
1341846232.787894 0.047840036 -0.030031948 -0.004687862 0.044747747 -0.008467055 -0.009967933 0.998912692
1341846232.819886 0.048455246 -0.03025317 -0.006720208 0.046739839 -0.007445453 -0.010715305 0.998821855
1341846232.85585 0.04680907 -0.029727406 -0.005761588 0.04868383 -0.006841262 -0.010955629 0.998730719
1341846232.887989 0.046440996 -0.029605748 -0.00515571 0.050210938 -0.005950919 -0.011729333 0.998652041
1341846232.919822 0.046411716 -0.029530754 -0.005096552 0.050952036 -0.005268145 -0.013049281 0.998601973
1341846232.955993 0.045554194 -0.028590442 -0.003283338 0.051942267 -0.004650861 -0.012708339 0.998558402
1341846232.987965 0.047466334 -0.02945456 -0.009210954 0.051606569 -0.004551087 -0.011906264 0.998586118
1341846233.023868 0.04801584 -0.029986764 -0.010085866 0.049945783 -0.002552016 -0.012609792 0.998669028
1341846233.05588 0.046606094 -0.029176094 -0.005579126 0.048926283 -0.001100617 -0.012145035 0.998727918
1341846233.087872 0.046818338 -0.029526636 -0.004726366 0.048055515 -0.000824661 -0.013680049 0.998750627
1341846233.12406 0.04509944 -0.028833236 0.000507566 0.049084928 -0.001187902 -0.015383527 0.998675406
1341846233.155902 0.044291228 -0.02863131 0.00292178 0.051495384 -0.002119003 -0.016633525 0.998532474
1341846233.218177 0.05013356 -0.031393494 -0.005288862 0.054721408 -0.004320139 -0.017120074 0.998345554
1341846233.249926 0.048632648 -0.026901148 -0.008103918 0.054387696 -0.003652692 -0.019361289 0.998325467
1341846233.286015 0.054889862 -0.030989508 0.00035774 0.052698031 -0.004718817 -0.019641377 0.998406172
1341846233.31787 0.049560714 -0.031161452 0.002508174 0.053118795 -0.002527313 -0.0207482 0.998369455
1341846233.349815 0.051395218 -0.029903772 -0.005179782 0.054204199 -0.002284467 -0.019865552 0.998329639
1341846233.385857 0.047483976 -0.030833796 -0.001224778 0.054407988 -0.002047601 -0.019634554 0.998323619
1341846233.41799 0.050493088 -0.03343733 -0.005446158 0.053608138 -0.00321304 -0.018948559 0.998377085
1341846233.453822 0.047533914 -0.036232244 -0.00652308 0.053669795 -0.003637137 -0.017895142 0.998391747
1341846233.485912 0.047808758 -0.034105022 -0.00571931 0.055237178 -0.004410823 -0.01868281 0.998288691
1341846233.517954 0.045315028 -0.03060475 -0.005359966 0.055913653 -0.005095759 -0.020308776 0.998216033
1341846233.553882 0.049026624 -0.03430885 -0.00803065 0.05487214 -0.006760829 -0.020243678 0.998265266
1341846233.585968 0.04453257 -0.035655248 0.002131168 0.056131002 -0.006791611 -0.019600157 0.998207927
1341846233.621898 0.051640418 -0.033253666 -0.004456054 0.057487536 -0.00814919 -0.018217282 0.998146713
1341846233.654396 0.054696716 -0.03086862 -0.002214536 0.057843488 -0.00783393 -0.018118497 0.9981305
1341846233.685848 0.048001152 -0.03194277 -0.001795464 0.056669883 -0.005455466 -0.020253427 0.998172581
1341846233.721879 0.05136859 -0.031895388 -0.00273949 0.056044728 -0.005677891 -0.019632004 0.998219073
1341846233.753961 0.050009814 -0.033479034 -0.00508947 0.055309128 -0.005275505 -0.019633932 0.998262286
1341846233.786032 0.050201554 -0.033803708 -0.002997068 0.054563329 -0.004626877 -0.018581562 0.998326659
1341846233.822009 0.05291845 -0.032569698 -0.003719694 0.054113157 -0.004393222 -0.017437719 0.998372853
1341846233.853971 0.051142604 -0.031697034 -0.003083746 0.053291168 -0.00398924 -0.017148744 0.998423815
1341846233.88992 0.051179752 -0.030847326 -0.003746158 0.052734125 -0.004132852 -0.018035864 0.998437166
1341846233.922045 0.050257436 -0.030781044 -0.00202968 0.051906459 -0.004591614 -0.018754693 0.99846524
1341846233.953967 0.04979029 -0.030373276 -0.00116335 0.051490761 -0.005231617 -0.018981373 0.998479366
1341846233.989945 0.050557244 -0.030753882 -0.003033698 0.051125959 -0.006577466 -0.01859352 0.998497427
1341846234.021936 0.052762992 -0.032295726 -0.003243158 0.049936939 -0.007917741 -0.018293902 0.998553395
1341846234.053904 0.052843034 -0.032480344 -0.003534782 0.049355552 -0.00777388 -0.019119298 0.998567998
1341846234.089899 0.051014666 -0.031068822 -0.00392217 0.049402554 -0.006750669 -0.019998742 0.998555899
1341846234.121984 0.05181967 -0.031771262 -0.0035211 0.048933677 -0.006588089 -0.020001685 0.998579979
1341846234.158063 0.05131739 -0.031717014 -0.00265148 0.048947543 -0.006481897 -0.020044347 0.998579144
1341846234.189961 0.05190248 -0.03178655 -0.003668204 0.049822755 -0.006522579 -0.01916186 0.998552918
1341846234.22213 0.05297454 -0.03231892 -0.004743324 0.049507603 -0.006269822 -0.018212486 0.998588026
1341846234.257875 0.053164896 -0.032411124 -0.004986662 0.048091892 -0.005935409 -0.018026151 0.998662591
1341846234.28982 0.050704102 -0.031313396 -0.002233314 0.047799032 -0.004737193 -0.017845614 0.998686314
1341846234.321998 0.053015206 -0.032440492 -0.004300934 0.04865266 -0.004231223 -0.018967353 0.998626709
1341846234.357904 0.052423556 -0.0323334 -0.003195388 0.04919564 -0.00404236 -0.020465117 0.998571277
1341846234.389919 0.051814518 -0.032225932 -0.00204791 0.049690157 -0.004712322 -0.020013394 0.998552978
1341846234.425915 0.053376012 -0.033118066 -0.00323712 0.050647229 -0.005822843 -0.018448465 0.998529196
1341846234.4578 0.053828854 -0.03316906 -0.003984276 0.050469894 -0.006108831 -0.018245401 0.998540223
1341846234.490016 0.053933892 -0.033275518 -0.004270404 0.047503952 -0.006597008 -0.018326724 0.998681128
1341846234.525867 0.05402724 -0.033451226 -0.004409322 0.046403129 -0.006669622 -0.017926222 0.99873966
1341846234.557961 0.053513948 -0.033193372 -0.002850752 0.046187159 -0.006743141 -0.017105596 0.998763561
1341846234.5939 0.053478398 -0.033307214 -0.002939158 0.04460327 -0.00740197 -0.016085047 0.998847842
1341846234.626439 0.054869228 -0.034174298 -0.004288682 0.043773927 -0.00858278 -0.013869759 0.998908281
1341846234.658173 0.055209406 -0.034225586 -0.00503621 0.043461144 -0.009850065 -0.013257653 0.998918593
1341846234.694104 0.05524176 -0.034327444 -0.005100186 0.043143835 -0.011077686 -0.012887617 0.998924315
1341846234.725911 0.0526922 -0.032661344 -0.00303675 0.043452583 -0.012038522 -0.011848517 0.998912692
1341846234.758643 0.053521782 -0.033078574 -0.00357942 0.044549473 -0.013079944 -0.01146979 0.99885571
1341846234.793907 0.053692128 -0.032950498 -0.003998956 0.04384201 -0.013067268 -0.011823536 0.998883069
1341846234.826106 0.053510186 -0.033160598 -0.003653042 0.042911764 -0.012835279 -0.012099491 0.998923123
1341846234.86227 0.053489544 -0.033180858 -0.00342243 0.042953003 -0.013179562 -0.012011653 0.998917937
1341846234.893971 0.053499666 -0.033127256 -0.00376334 0.044137243 -0.013841121 -0.011554056 0.998862803
1341846234.926031 0.053540304 -0.033320826 -0.003731368 0.044698641 -0.013952003 -0.012333223 0.998826921
1341846234.961979 0.054383826 -0.034069974 -0.00326781 0.045070585 -0.01412565 -0.012757571 0.998802483
1341846234.994016 0.054488696 -0.033970438 -0.00344288 0.045829166 -0.014670535 -0.013549212 0.998749673
1341846235.026311 0.05349248 -0.033004258 -0.00382011 0.044654872 -0.015126195 -0.014454554 0.99878335
1341846235.061915 0.054191142 -0.033682044 -0.003534514 0.042969756 -0.015111399 -0.014482677 0.998857081
1341846235.094075 0.054293916 -0.033842746 -0.00357308 0.04209844 -0.014910087 -0.014761959 0.998893142
1341846235.130068 0.054133464 -0.03371983 -0.003383854 0.042540874 -0.015266269 -0.014766878 0.998868942
1341846235.162449 0.054094274 -0.033837002 -0.003556096 0.043606684 -0.016598728 -0.013978161 0.998813093
1341846235.193917 0.053458444 -0.03309831 -0.003463512 0.044484407 -0.017398786 -0.012912452 0.998775065
1341846235.229939 0.054315224 -0.034002066 -0.00384728 0.045244664 -0.016812477 -0.013810555 0.998739004
1341846235.261811 0.054290988 -0.034044814 -0.00321643 0.045630772 -0.017038248 -0.014275959 0.99871105
1341846235.294134 0.05442316 -0.03393944 -0.003159836 0.046580076 -0.017505312 -0.014478184 0.998656213
1341846235.32989 0.054476864 -0.03411968 -0.003218462 0.046598934 -0.017448954 -0.015774438 0.998636663
1341846235.361974 0.054475322 -0.03377964 -0.003226428 0.04509281 -0.016802046 -0.018105846 0.998677373
1341846235.398097 0.05452602 -0.033564926 -0.003265004 0.042811412 -0.016433066 -0.019918161 0.998749435
1341846235.429943 0.053133786 -0.03275752 -0.003341034 0.042643722 -0.016243024 -0.020297771 0.998752058
1341846235.462163 0.053140476 -0.032749328 -0.003371228 0.043092877 -0.016451037 -0.020327328 0.998728752
1341846235.498142 0.053190884 -0.032644748 -0.003359332 0.042359542 -0.016388316 -0.021808388 0.998729944
1341846235.529989 0.053183674 -0.032742724 -0.00339373 0.041247953 -0.016605757 -0.023137325 0.998742938
1341846235.561921 0.053155914 -0.033024356 -0.003244194 0.042315096 -0.017009197 -0.023333857 0.998686969
1341846235.597951 0.052925664 -0.032535222 -0.003583886 0.043028168 -0.017133625 -0.02312433 0.998659253
1341846235.63016 0.052928832 -0.03255365 -0.003572756 0.041718572 -0.01740641 -0.02380803 0.998694062
1341846235.667679 0.052836944 -0.032588202 -0.003432452 0.042272542 -0.018084122 -0.023694865 0.998661399
1341846235.705783 0.052945602 -0.032235112 -0.003542984 0.043901287 -0.018408271 -0.023571532 0.998588085
1341846235.730392 0.053460434 -0.033019114 -0.003358088 0.04399446 -0.018437568 -0.024907043 0.998551071
1341846235.766032 0.053369992 -0.03336126 -0.003309776 0.045134265 -0.018417355 -0.025490381 0.998485804
1341846235.797942 0.053462486 -0.033071584 -0.003394548 0.046377305 -0.018950285 -0.02548356 0.998419046
1341846235.833964 0.053376726 -0.03286085 -0.003907638 0.046886567 -0.018700968 -0.025433395 0.998401284
1341846235.866037 0.053402618 -0.03284558 -0.003861232 0.047007922 -0.018729748 -0.024494631 0.99841851
1341846235.898007 0.053424242 -0.032929688 -0.004003776 0.047147378 -0.018547343 -0.023177892 0.998446763
1341846235.934106 0.053421814 -0.033093572 -0.003956144 0.049071442 -0.017926427 -0.022169506 0.99838829
1341846235.965921 0.054936598 -0.034274574 -0.003777096 0.05002835 -0.017167082 -0.021569222 0.99836725
1341846235.997897 0.054992822 -0.03429528 -0.004001354 0.049419474 -0.016356526 -0.021912755 0.998403728
1341846236.034072 0.054977536 -0.034295152 -0.003799264 0.049911093 -0.015469098 -0.021170201 0.99840945
1341846236.065823 0.05395804 -0.033462994 -0.003868142 0.051658362 -0.014585455 -0.021391762 0.998329163
1341846236.101989 0.053968064 -0.033309716 -0.0039408 0.050897244 -0.014767339 -0.021608504 0.998360872
1341846236.134258 0.053941182 -0.0333221 -0.003853304 0.050008789 -0.014800483 -0.021196766 0.998414159
1341846236.166269 0.053976006 -0.033388962 -0.004043508 0.050730709 -0.014984579 -0.020716816 0.998385012
1341846236.202022 0.054023896 -0.033397686 -0.003920614 0.05022724 -0.014479913 -0.021145657 0.998408914
1341846236.233893 0.054017432 -0.033323382 -0.003964868 0.048091982 -0.014210246 -0.021763068 0.998504698
1341846236.265924 0.054301574 -0.03373681 -0.003629566 0.047830321 -0.014131537 -0.020232387 0.998550594
1341846236.302018 0.054059684 -0.0333491 -0.004021228 0.04847249 -0.013917035 -0.019680442 0.998533607
1341846236.333756 0.054070014 -0.033450652 -0.003916618 0.048522849 -0.013691875 -0.02020343 0.998523831
1341846236.369949 0.053719278 -0.033197262 -0.004126338 0.048077468 -0.01300241 -0.020890143 0.998540461
1341846236.401964 0.0539513 -0.03328178 -0.004513576 0.047892321 -0.012468348 -0.021237567 0.998548865
1341846236.433828 0.053742018 -0.033226076 -0.004029914 0.048151277 -0.012227998 -0.021694105 0.998529553
1341846236.469948 0.053633318 -0.033239662 -0.004006232 0.04885301 -0.011786584 -0.021809969 0.998498261
1341846236.501946 0.054192256 -0.033565606 -0.004809136 0.049463108 -0.011109767 -0.021142295 0.998490334
1341846236.534764 0.054214432 -0.033579412 -0.004800646 0.048473619 -0.010518093 -0.02009083 0.998566985
1341846236.569956 0.05427 -0.033770498 -0.00483651 0.047806598 -0.009964242 -0.017685125 0.998650312
1341846236.601901 0.054282886 -0.033624758 -0.004815362 0.048919976 -0.009683607 -0.01656259 0.998618424
1341846236.637896 0.05424868 -0.033479374 -0.004838618 0.048031736 -0.00896538 -0.016828695 0.998663783
1341846236.669818 0.054437798 -0.033646476 -0.005168222 0.045733683 -0.007981349 -0.01833722 0.998753428
1341846236.7021 0.055462568 -0.034736428 -0.004460986 0.045237064 -0.006779773 -0.01927346 0.998767316
1341846236.738521 0.055425502 -0.035305142 -0.004908242 0.049956426 -0.005973567 -0.01841579 0.998563766
1341846236.769905 0.055397898 -0.034830428 -0.0044367 0.05937298 -0.007553135 -0.013981279 0.9981094
1341846236.805999 0.054568284 -0.033458662 -0.005054938 0.061988078 -0.008654194 -0.013143596 0.997952819
1341846236.844067 0.054525598 -0.033464688 -0.00501778 0.061542887 -0.008417843 -0.014070909 0.997969747
1341846236.876573 0.054539304 -0.033286914 -0.005158402 0.060744673 -0.007911528 -0.015858538 0.997995973
1341846236.911899 0.054459702 -0.033354572 -0.005140566 0.057551946 -0.007959043 -0.01783338 0.998151481
1341846236.944484 0.054427012 -0.033666972 -0.004908938 0.057431251 -0.008125699 -0.017434439 0.998164117
1341846236.975811 0.054427158 -0.03348196 -0.004978972 0.05946726 -0.008357804 -0.015739758 0.998071134
1341846237.011848 0.05501702 -0.033782546 -0.00556053 0.058725059 -0.00796577 -0.015859926 0.998116434
1341846237.04385 0.054987188 -0.033856612 -0.005584658 0.057964172 -0.006739801 -0.017358266 0.998144984
1341846237.075882 0.054755944 -0.033849042 -0.005153128 0.058559775 -0.006664938 -0.015865445 0.998135567
1341846237.111887 0.053076234 -0.03272232 -0.004655842 0.061623063 -0.007490459 -0.014246533 0.997969687
1341846237.143863 0.053161114 -0.032669198 -0.004772104 0.0638192 -0.007884468 -0.013829972 0.997834504
1341846237.175838 0.05444489 -0.033355788 -0.005058106 0.063290298 -0.008393051 -0.013118846 0.997873664
1341846237.211847 0.055003942 -0.03381021 -0.005469974 0.061006732 -0.008364995 -0.012853391 0.998019576
1341846237.243895 0.05497988 -0.033959474 -0.00541858 0.061708841 -0.00728784 -0.012572409 0.997988403
1341846237.280228 0.054830066 -0.033750218 -0.005465836 0.063150972 -0.006994549 -0.011535945 0.997912824
1341846237.312079 0.05485459 -0.03375668 -0.00514044 0.062470693 -0.007987528 -0.010405313 0.997960627
1341846237.343828 0.05444236 -0.033531882 -0.005428346 0.06277708 -0.007898209 -0.009925694 0.997946978
1341846237.379983 0.054552366 -0.033446364 -0.005759052 0.062588781 -0.007465653 -0.009257956 0.997968554
1341846237.411962 0.05454724 -0.033424646 -0.00583517 0.060973454 -0.007550959 -0.009573562 0.998064876
1341846237.44379 0.054580868 -0.033341356 -0.00560817 0.059390441 -0.007867016 -0.010198666 0.99815172
1341846237.479911 0.05451782 -0.033373512 -0.005569254 0.058070973 -0.00671942 -0.013137754 0.998203397
1341846237.511862 0.054395572 -0.033339452 -0.005471286 0.056540068 -0.006833764 -0.013969819 0.998279214
1341846237.547914 0.054301046 -0.033336184 -0.005333472 0.055202078 -0.008562216 -0.013378184 0.998348892
1341846237.579956 0.054486964 -0.033459116 -0.005681806 0.054457474 -0.009543735 -0.012604902 0.998390913
1341846237.611852 0.054434598 -0.033341418 -0.005421022 0.053955428 -0.009913063 -0.012085125 0.998421013
1341846237.647976 0.053469218 -0.032934978 -0.004759354 0.053541295 -0.010045894 -0.012555661 0.998436153
1341846237.680417 0.053382132 -0.032877192 -0.004467732 0.053302623 -0.010783051 -0.011990349 0.998448193
1341846237.711902 0.05341332 -0.032937658 -0.004350976 0.053674474 -0.011614318 -0.010270499 0.99843812
1341846237.74786 0.054812494 -0.033752612 -0.005255958 0.054915026 -0.01226753 -0.010202751 0.998363554
1341846237.779848 0.052410696 -0.031970814 -0.005084856 0.055840872 -0.012024831 -0.01092413 0.998307467
1341846237.815934 0.052263786 -0.031903066 -0.004950708 0.05481727 -0.012980675 -0.010082877 0.998361111
1341846237.847966 0.05236072 -0.03196587 -0.005115704 0.053348299 -0.014057059 -0.009445739 0.998432338
1341846237.879781 0.053035404 -0.032577376 -0.004512662 0.052659877 -0.014615186 -0.009272203 0.998462498
1341846237.916026 0.05301743 -0.032582652 -0.004653672 0.051572561 -0.015022686 -0.009655897 0.998509586
1341846237.947857 0.053097758 -0.032648086 -0.004699722 0.050945599 -0.015527712 -0.009786439 0.998532772
1341846237.978064 0.052677162 -0.032231916 -0.004956696 0.050938457 -0.014997281 -0.009580915 0.998543203
1341846238.010069 0.052655012 -0.032167602 -0.0048585 0.050068807 -0.014815794 -0.010245753 0.998583317
1341846238.045995 0.05267525 -0.032143746 -0.00492744 0.04860054 -0.014958351 -0.010215379 0.998654008
1341846238.077963 0.052673172 -0.032219418 -0.004838674 0.04749814 -0.015106979 -0.010460593 0.998702288
1341846238.109791 0.052645494 -0.032273632 -0.004828086 0.047575537 -0.015011164 -0.010726304 0.998697221
1341846238.145837 0.0540535 -0.033512718 -0.004465056 0.048482787 -0.015034989 -0.010457208 0.998656094
1341846238.177943 0.054133974 -0.033410664 -0.004660328 0.049222086 -0.014354466 -0.010689446 0.998627484
1341846238.209943 0.054071858 -0.033367854 -0.00446602 0.047259364 -0.014157983 -0.012343682 0.998706043
1341846238.246227 0.054005414 -0.033486814 -0.004493192 0.046835102 -0.013948655 -0.012342205 0.998728991
1341846238.278227 0.053716164 -0.033199914 -0.004582622 0.047475051 -0.013738176 -0.01227886 0.998702466
1341846238.314018 0.053807254 -0.0331789 -0.004778076 0.047670349 -0.013299312 -0.013567591 0.99868238
1341846238.345918 0.053779658 -0.033129614 -0.004732608 0.047351908 -0.012774223 -0.014615312 0.998689651
1341846238.377978 0.053683944 -0.033203032 -0.004483652 0.048215915 -0.013068508 -0.01452068 0.998645842
1341846238.413879 0.05370868 -0.033142858 -0.004605218 0.049462806 -0.013915611 -0.01395989 0.998581469
1341846238.445979 0.045727056 -0.0272195 -0.004009318 0.050386507 -0.01277197 -0.014958429 0.99853611
1341846238.478188 0.0456486 -0.027222666 -0.00372848 0.049892485 -0.012444074 -0.015829895 0.998551607
1341846238.515328 0.04561954 -0.027283024 -0.003929996 0.050253782 -0.012446121 -0.016290341 0.998526037
1341846238.545906 0.045563736 -0.027198364 -0.003712716 0.051512908 -0.013029349 -0.016392272 0.998452783
1341846238.587827 0.05434129 -0.033607208 -0.005057316 0.051322751 -0.014219433 -0.016873863 0.998438299
1341846238.613933 0.054380424 -0.033587846 -0.005154914 0.051276565 -0.013378399 -0.017142931 0.998447716
1341846238.645944 0.054354068 -0.033502388 -0.005181776 0.049748775 -0.013220811 -0.016839586 0.998532236
1341846238.681933 0.05427578 -0.033560452 -0.00492053 0.049070951 -0.013464417 -0.016432775 0.99856931
1341846238.713917 0.054309156 -0.033616468 -0.004934908 0.049696002 -0.013608119 -0.015480494 0.998551667
1341846238.745925 0.054234132 -0.03354681 -0.004939436 0.050630253 -0.01369504 -0.015043328 0.998510242
1341846238.781932 0.04557757 -0.027189284 -0.003780494 0.050321918 -0.012803367 -0.015133468 0.998536348
1341846238.813869 0.054399096 -0.033535164 -0.005020558 0.048523933 -0.013820575 -0.015659118 0.998603642
1341846238.849931 0.055184186 -0.034272954 -0.004457246 0.047294091 -0.013372488 -0.015998106 0.998663366
1341846238.881927 0.054982546 -0.034331792 -0.004146938 0.047781978 -0.014204605 -0.015588716 0.998635113
1341846238.914 0.054114294 -0.033746156 -0.004608072 0.050172225 -0.016025657 -0.013353282 0.998522699
1341846238.949903 0.053602234 -0.033432848 -0.003389756 0.053897604 -0.017477939 -0.011356154 0.998328924
1341846238.981942 0.053609106 -0.033320934 -0.00356927 0.056245003 -0.017713416 -0.01250239 0.998181581
1341846239.017941 0.053667542 -0.033245322 -0.003508806 0.056588594 -0.017221903 -0.014955545 0.998136997
1341846239.050041 0.053577776 -0.033315878 -0.003587548 0.05666158 -0.016610699 -0.016528824 0.998118401
1341846239.081902 0.053618026 -0.03328482 -0.003571932 0.057085119 -0.016712962 -0.017721875 0.998072088
1341846239.117866 0.053480186 -0.032788898 -0.005492642 0.057765819 -0.016698381 -0.018669574 0.998015881
1341846239.149976 0.053519606 -0.032725342 -0.005487768 0.058226731 -0.015835471 -0.019290548 0.997991383
1341846239.181897 0.045561138 -0.027120926 -0.003555286 0.058070127 -0.014296252 -0.019398175 0.998021662
1341846239.217929 0.045686572 -0.02719582 -0.003973268 0.056094002 -0.014673838 -0.019619439 0.998124838
1341846239.250009 0.045621656 -0.0272381 -0.003575572 0.054943454 -0.014170591 -0.019776542 0.998193026
1341846239.285917 0.05308006 -0.032656468 -0.0045785 0.053374425 -0.014669664 -0.01987455 0.998269022
1341846239.318442 0.053602398 -0.033186738 -0.003496268 0.052386053 -0.014152215 -0.01905434 0.998344779
1341846239.34993 0.05312188 -0.03268464 -0.004614692 0.050575029 -0.013793238 -0.019037714 0.998443544
1341846239.386011 0.053444858 -0.032880292 -0.004789906 0.050726723 -0.013247116 -0.017926376 0.998463809
1341846239.417983 0.053506664 -0.032851626 -0.005026556 0.050987534 -0.013356127 -0.017798906 0.998451352
1341846239.450112 0.053343434 -0.03274919 -0.004764106 0.050336935 -0.013148968 -0.018132498 0.998481095
1341846239.485973 0.053411234 -0.032716942 -0.005410176 0.049164597 -0.013026737 -0.017193614 0.998557746
1341846239.517913 0.053387836 -0.032662518 -0.00525305 0.048045199 -0.012580795 -0.016588008 0.998628199
1341846239.553979 0.053613198 -0.03285963 -0.004795606 0.047033273 -0.012534106 -0.016276149 0.998682082
1341846239.585911 0.05274349 -0.03224742 -0.005083262 0.046167154 -0.012390128 -0.016025161 0.998728335
1341846239.617967 0.052716244 -0.03234768 -0.00498363 0.046346448 -0.012203002 -0.015143809 0.998736084
1341846239.653941 0.052677072 -0.03232288 -0.004966628 0.047377754 -0.012302656 -0.014621493 0.998694241
1341846239.685852 0.052658226 -0.032323338 -0.005005684 0.047442343 -0.012618657 -0.013830571 0.998698533
1341846239.717923 0.05273958 -0.032297846 -0.004468562 0.047120035 -0.013054848 -0.01361337 0.998711169
1341846239.753857 0.052801576 -0.032394178 -0.00462654 0.047067031 -0.013135058 -0.012992434 0.998720884
1341846239.785918 0.052691694 -0.032283008 -0.004570356 0.046503108 -0.013199675 -0.013182826 0.998743951
1341846239.82195 0.052723478 -0.032413766 -0.004514574 0.045980662 -0.013828568 -0.013143471 0.998760104
1341846239.854023 0.053668216 -0.033289586 -0.003865534 0.047301266 -0.0142401 -0.012273035 0.998703778
1341846239.891801 0.053729642 -0.03313011 -0.003890776 0.04721367 -0.014422313 -0.01264627 0.998700619
1341846239.921795 0.053779792 -0.03323879 -0.004056824 0.045841683 -0.014308281 -0.012833288 0.9987638
1341846239.953963 0.054001364 -0.033635534 -0.004079368 0.046190653 -0.014191165 -0.013203018 0.998744547
1341846239.985997 0.05397078 -0.03334228 -0.003934504 0.046957992 -0.014824371 -0.013266411 0.998698771
1341846240.022055 0.05411771 -0.033439354 -0.00426328 0.046770815 -0.015337757 -0.014466138 0.998683095
1341846240.053998 0.048103724 -0.029023552 -0.003268956 0.048068348 -0.014099953 -0.015681082 0.998621404
1341846240.089841 0.04821964 -0.029123672 -0.003503432 0.049218453 -0.014151798 -0.015670309 0.99856478
1341846240.121795 0.053934328 -0.033468482 -0.00390529 0.04921535 -0.015452432 -0.016366929 0.998534501
1341846240.159862 0.054028776 -0.033497002 -0.004041644 0.050825704 -0.015183063 -0.0174255 0.998440087
1341846240.195884 0.053961534 -0.03336563 -0.004014604 0.051840212 -0.014634078 -0.0177483 0.998390436
1341846240.227927 0.053407486 -0.03289437 -0.003977692 0.05182926 -0.014746705 -0.017030405 0.998401821
1341846240.259887 0.05368292 -0.03301613 -0.004434818 0.052396938 -0.015181356 -0.017094744 0.998364568
1341846240.290031 0.053563654 -0.032939616 -0.004165096 0.053177632 -0.01523091 -0.015937515 0.99834168
1341846240.322206 0.053777042 -0.03314983 -0.004564784 0.052841865 -0.01574878 -0.016133014 0.998348355
1341846240.357948 0.053652152 -0.03307334 -0.004378922 0.051850673 -0.016179305 -0.015457833 0.998404145
1341846240.390055 0.053790684 -0.033216096 -0.004459694 0.052670073 -0.016747419 -0.015558098 0.998350322
1341846240.422212 0.053334638 -0.032841884 -0.004497444 0.054412235 -0.016294906 -0.016818946 0.998243928
1341846240.458143 0.053241014 -0.032673228 -0.00433381 0.054612618 -0.016491247 -0.01721588 0.998223007
1341846240.490243 0.053604544 -0.03297238 -0.00431396 0.054248642 -0.017590636 -0.016310317 0.998239279
1341846240.525976 0.053522334 -0.033002068 -0.003810412 0.054908987 -0.018227538 -0.017079283 0.998178899
1341846240.557894 0.05328931 -0.03274525 -0.003138772 0.056278422 -0.018102944 -0.018914217 0.99807179
1341846240.590418 0.052399668 -0.032231338 -0.000737968 0.056550626 -0.018181844 -0.019012872 0.998053074
1341846240.626172 0.051431972 -0.032540716 -0.001460502 0.056775294 -0.018386435 -0.01995148 0.998018265
1341846240.657964 0.050791424 -0.032625332 0.001996368 0.057198789 -0.018967498 -0.019746283 0.99798727
1341846240.689825 0.05170609 -0.033126932 -0.000434582 0.058008693 -0.019163251 -0.020179678 0.997928143
1341846240.725903 0.052297726 -0.032468766 -0.001899862 0.057805438 -0.019642819 -0.020258376 0.997928977
1341846240.757973 0.052073862 -0.032814964 -0.000932888 0.058060054 -0.019993089 -0.020475496 0.997902811
1341846240.794024 0.052616722 -0.032269378 0.004527474 0.059788648 -0.020500692 -0.019987222 0.99780035
1341846240.826068 0.048026792 -0.029104068 -0.002097666 0.060872141 -0.019266874 -0.02078695 0.99774313
1341846240.858147 0.049059506 -0.030127792 -0.00662097 0.059680376 -0.019320602 -0.020408962 0.997821867
1341846240.894038 0.053168918 -0.031758134 -0.005034052 0.058366798 -0.020231897 -0.019572983 0.997898281
1341846240.925975 0.051723782 -0.031709314 -0.000576538 0.058229327 -0.019796319 -0.020337012 0.997899711
1341846240.95808 0.051008124 -0.031686536 -0.00042672 0.057931472 -0.019736275 -0.019469509 0.997935534
1341846240.994099 0.046215628 -0.026701772 -0.006459002 0.057714779 -0.018913833 -0.019757982 0.997958362
1341846241.026041 0.045662214 -0.027927964 -0.004828728 0.058427919 -0.018898876 -0.019651745 0.997919261
1341846241.062449 0.053192698 -0.031974938 -0.004975262 0.059205629 -0.020078082 -0.019715456 0.997849166
1341846241.094372 0.052518732 -0.031347852 -0.004501346 0.057948209 -0.019743731 -0.020779936 0.997908056
1341846241.126068 0.051003602 -0.031572424 -0.001306566 0.057543613 -0.01982427 -0.0205782 0.997933984
1341846241.167863 0.051052448 -0.03232862 -0.001917014 0.058521412 -0.019575469 -0.021135833 0.997870445
1341846241.194236 0.050655634 -0.031324382 -0.005706004 0.058691856 -0.019355902 -0.022311306 0.997839093
1341846241.230127 0.047434508 -0.02954519 0.001582188 0.058758091 -0.018528366 -0.023113921 0.997832656
1341846241.261868 0.053890496 -0.030855594 -0.004334304 0.059250038 -0.020116597 -0.021971827 0.997798562
1341846241.261868 0.053890496 -0.030855594 -0.004334304 0.059250038 -0.020116597 -0.021971827 0.997798562
1341846241.261868 0.053890496 -0.030855594 -0.004334304 0.059250038 -0.020116597 -0.021971827 0.997798562
1341846241.261868 0.053890496 -0.030855594 -0.004334304 0.059250038 -0.020116597 -0.021971827 0.997798562
1341846241.261868 0.053890496 -0.030855594 -0.004334304 0.059250038 -0.020116597 -0.021971827 0.997798562
1341846241.261868 0.053890496 -0.030855594 -0.004334304 0.059250038 -0.020116597 -0.021971827 0.997798562
1341846241.261868 0.053890496 -0.030855594 -0.004334304 0.059250038 -0.020116597 -0.021971827 0.997798562
1341846241.261868 0.053890496 -0.030855594 -0.004334304 0.059250038 -0.020116597 -0.021971827 0.997798562
1341846241.261868 0.053890496 -0.030855594 -0.004334304 0.059250038 -0.020116597 -0.021971827 0.997798562
1341846241.261868 0.053890496 -0.030855594 -0.004334304 0.059250038 -0.020116597 -0.021971827 0.997798562
1341846241.261868 0.053890496 -0.030855594 -0.004334304 0.059250038 -0.020116597 -0.021971827 0.997798562
1341846241.629998 0.051696024 -0.031603228 -0.000687532 0.058201913 -0.019077897 -0.026022827 0.997783244
1341846241.629998 0.051696024 -0.031603228 -0.000687532 0.058201913 -0.019077897 -0.026022827 0.997783244
1341846241.629998 0.051696024 -0.031603228 -0.000687532 0.058201913 -0.019077897 -0.026022827 0.997783244
1341846241.629998 0.051696024 -0.031603228 -0.000687532 0.058201913 -0.019077897 -0.026022827 0.997783244
1341846241.629998 0.051696024 -0.031603228 -0.000687532 0.058201913 -0.019077897 -0.026022827 0.997783244
1341846241.629998 0.051696024 -0.031603228 -0.000687532 0.058201913 -0.019077897 -0.026022827 0.997783244
1341846241.629998 0.051696024 -0.031603228 -0.000687532 0.058201913 -0.019077897 -0.026022827 0.997783244
1341846241.629998 0.051696024 -0.031603228 -0.000687532 0.058201913 -0.019077897 -0.026022827 0.997783244
1341846241.629998 0.051696024 -0.031603228 -0.000687532 0.058201913 -0.019077897 -0.026022827 0.997783244
1341846241.629998 0.051696024 -0.031603228 -0.000687532 0.058201913 -0.019077897 -0.026022827 0.997783244
1341846241.629998 0.051696024 -0.031603228 -0.000687532 0.058201913 -0.019077897 -0.026022827 0.997783244
1341846241.629998 0.051696024 -0.031603228 -0.000687532 0.058201913 -0.019077897 -0.026022827 0.997783244
1341846241.629998 0.051696024 -0.031603228 -0.000687532 0.058201913 -0.019077897 -0.026022827 0.997783244
1341846241.629998 0.051696024 -0.031603228 -0.000687532 0.058201913 -0.019077897 -0.026022827 0.997783244
1341846241.629998 0.051696024 -0.031603228 -0.000687532 0.058201913 -0.019077897 -0.026022827 0.997783244
1341846241.629998 0.051696024 -0.031603228 -0.000687532 0.058201913 -0.019077897 -0.026022827 0.997783244
1341846241.629998 0.051696024 -0.031603228 -0.000687532 0.058201913 -0.019077897 -0.026022827 0.997783244
1341846241.629998 0.051696024 -0.031603228 -0.000687532 0.058201913 -0.019077897 -0.026022827 0.997783244
1341846241.629998 0.051696024 -0.031603228 -0.000687532 0.058201913 -0.019077897 -0.026022827 0.997783244
1341846241.629998 0.051696024 -0.031603228 -0.000687532 0.058201913 -0.019077897 -0.026022827 0.997783244
1341846241.629998 0.051696024 -0.031603228 -0.000687532 0.058201913 -0.019077897 -0.026022827 0.997783244
1341846241.629998 0.051696024 -0.031603228 -0.000687532 0.058201913 -0.019077897 -0.026022827 0.997783244
1341846242.366 0.052881238 -0.032491132 -0.004372352 0.065687366 -0.01763643 -0.027482877 0.997305751
1341846242.401903 0.052303926 -0.032476708 -0.002971988 0.06572818 -0.018046068 -0.027243944 0.997302294
1341846242.433933 0.053027552 -0.032665924 -0.004566388 0.065586209 -0.018024029 -0.027540209 0.997303903
1341846242.469883 0.053286496 -0.03263837 -0.005184242 0.066729695 -0.017434843 -0.027636368 0.997235894
1341846242.501972 0.053324748 -0.0326089 -0.005183334 0.067235619 -0.017767107 -0.027893802 0.997188866
1341846242.534063 0.053327292 -0.032604888 -0.005181208 0.066235363 -0.017989563 -0.028061975 0.9972471
1341846242.569931 0.051905338 -0.032965016 -0.008168892 0.065827996 -0.01725862 -0.028319836 0.997279704
1341846242.602 0.053853736 -0.0350544 -0.005567242 0.065703794 -0.017511727 -0.027822332 0.997297466
1341846242.634077 0.049914886 -0.031395524 -0.01081704 0.065393709 -0.016918965 -0.027806496 0.99732852
1341846242.670215 0.052073084 -0.03085778 -0.006804622 0.064972125 -0.017105555 -0.027754115 0.997354388
1341846242.701929 0.049140782 -0.029159052 -0.008722144 0.06520354 -0.016440421 -0.028243767 0.997336686
1341846242.737996 0.048355706 -0.030840248 -0.009999802 0.064260915 -0.016715892 -0.028251207 0.997393072
1341846242.769937 0.04909322 -0.031474102 -0.010714826 0.064747639 -0.017279781 -0.027954457 0.997360349
1341846242.80808 0.051972606 -0.028625592 -0.00847646 0.06586986 -0.017783063 -0.02863271 0.997258782
1341846242.837887 0.061153748 -0.03227641 -0.007047552 0.064578801 -0.018941194 -0.029103836 0.997308254
1341846242.869936 0.059080728 -0.035953778 -0.010063096 0.063141577 -0.018764725 -0.029774582 0.997383833
1341846242.902131 0.048361092 -0.030883506 -0.008265646 0.063971817 -0.017161887 -0.029484138 0.997368395
1341846242.938061 0.046126612 -0.02732782 -0.013212952 0.0649736 -0.016989222 -0.030327644 0.997281313
1341846242.969969 0.045897838 -0.02749488 -0.007707646 0.0658594 -0.017559996 -0.030778047 0.997199535
1341846243.00581 0.052643478 -0.032192238 -0.005290246 0.065824285 -0.019106356 -0.029585948 0.997209489
1341846243.038095 0.063983918 -0.040910148 -0.00577263 0.064159058 -0.021298306 -0.029247817 0.997283578
1341846243.070041 0.049324162 -0.029357328 -0.013124846 0.064790785 -0.019305272 -0.029994613 0.997261107
1341846243.106059 0.050057042 -0.032330372 -0.012071118 0.06322588 -0.019567752 -0.030982627 0.997326255
1341846243.137899 0.049449004 -0.03045327 -0.006991468 0.06404905 -0.019179776 -0.030298021 0.997302294
1341846243.169985 0.050697476 -0.029935848 -0.006916046 0.064232931 -0.019578025 -0.029992802 0.997291982
1341846243.206007 0.050507858 -0.029340998 -0.012859016 0.064023741 -0.019391716 -0.030531002 0.997292757
1341846243.237999 0.05000196 -0.028990268 -0.01241541 0.063297465 -0.018753154 -0.031166678 0.997331619
1341846243.274026 0.050839308 -0.029353288 -0.011976818 0.063068405 -0.018463621 -0.031576015 0.997338653
1341846243.305879 0.052444526 -0.030312256 -0.015650178 0.063509226 -0.018854741 -0.032059144 0.997287989
1341846243.338022 0.052064046 -0.029937116 -0.01389933 0.064616837 -0.018861072 -0.031609919 0.997231066
1341846243.374348 0.050237112 -0.028695016 -0.014908898 0.065709412 -0.018381337 -0.031961504 0.997157395
1341846243.405837 0.051478144 -0.029377162 -0.017586436 0.065740161 -0.019285662 -0.031521536 0.997152269
1341846243.442193 0.051260858 -0.0291016 -0.009695036 0.066215947 -0.01941902 -0.031998795 0.997103035
1341846243.473902 0.052812584 -0.026858786 -0.011628882 0.066862926 -0.019566791 -0.031663239 0.99706763
1341846243.505839 0.050185214 -0.02770387 -0.012186928 0.066605754 -0.019294202 -0.032078933 0.997076929
1341846243.542001 0.051580444 -0.027070464 -0.014646246 0.066439748 -0.019790962 -0.031739239 0.997089088
1341846243.574058 0.051436036 -0.026864462 -0.012651904 0.066412747 -0.019314731 -0.031503376 0.997107744
1341846243.605841 0.050155516 -0.031007398 -0.01287937 0.065891914 -0.018627064 -0.031566996 0.997153401
1341846243.642015 0.052120902 -0.028244318 -0.012529222 0.067282639 -0.018930083 -0.030847877 0.997077286
1341846243.673926 0.051070724 -0.028717018 -0.015501994 0.066706806 -0.018688941 -0.031481251 0.997100711
1341846243.710095 0.052129704 -0.029454236 -0.014917676 0.067035913 -0.018499264 -0.031537853 0.997080386
1341846243.741951 0.05006624 -0.026562296 -0.012058806 0.06775409 -0.018609567 -0.031486858 0.99703145
1341846243.774067 0.050916712 -0.028906758 -0.01439728 0.066393942 -0.01880974 -0.032027096 0.997101963
1341846243.809881 0.051385562 -0.029379632 -0.016363108 0.0660033 -0.018618211 -0.032008488 0.997132063
1341846243.841971 0.050745226 -0.03004977 -0.01460741 0.066295341 -0.018597802 -0.030977499 0.997145653
1341846243.874062 0.051512826 -0.02998089 -0.014330974 0.067000069 -0.019416491 -0.030104915 0.997109652
1341846243.910022 0.053008172 -0.030557248 -0.014338982 0.067575313 -0.01960643 -0.030414233 0.997057736
1341846243.941928 0.05481685 -0.030779074 -0.018552234 0.068261079 -0.019135172 -0.031149914 0.996997476
1341846243.978045 0.052994154 -0.025362648 -0.01828254 0.068329789 -0.018125413 -0.031773277 0.996991992
1341846244.009892 0.05161474 -0.029912324 -0.015700608 0.066557072 -0.017748833 -0.031596083 0.997124255
1341846244.042105 0.052745786 -0.029960338 -0.013538762 0.067692965 -0.017632563 -0.03021254 0.997092724
1341846244.077884 0.052139286 -0.029906284 -0.015046148 0.068315879 -0.017451556 -0.030181123 0.997054398
1341846244.115904 0.052212742 -0.02715476 -0.015383916 0.068213426 -0.017606372 -0.029607143 0.997075915
1341846244.15185 0.052745536 -0.028814028 -0.01457473 0.067290142 -0.017644756 -0.028898789 0.997158766
1341846244.184334 0.05109872 -0.02929599 -0.013725556 0.068306908 -0.017162476 -0.028768947 0.997101784
1341846244.215953 0.053167596 -0.027078912 -0.015514482 0.068547614 -0.017422726 -0.028759772 0.997081041
1341846244.251877 0.052736674 -0.027544468 -0.01365413 0.067710385 -0.017416243 -0.028855652 0.99713558
1341846244.28388 0.052422434 -0.030849048 -0.014549794 0.06799338 -0.017414335 -0.028887728 0.997115433
1341846244.316068 0.04087434 -0.026334934 -0.013607062 0.068786994 -0.015276712 -0.029419689 0.997080445
1341846244.351999 0.040760626 -0.025950352 -0.014020152 0.068698101 -0.015555218 -0.0294498 0.997081399
1341846244.38404 0.044481334 -0.019638194 -0.010776482 0.070473723 -0.017053505 -0.028092667 0.996972144
1341846244.419869 0.05298556 -0.029277676 -0.01369615 0.069424413 -0.018698515 -0.028261211 0.997011483
1341846244.451888 0.05549563 -0.029423828 -0.012747922 0.068654969 -0.018546227 -0.028589839 0.997058272
1341846244.483871 0.055133428 -0.029059608 -0.014777976 0.067687087 -0.017769255 -0.029094765 0.997123957
1341846244.519923 0.056059938 -0.030123836 -0.013451018 0.067703351 -0.017344313 -0.028460147 0.997148693
1341846244.551942 0.05487486 -0.031619656 -0.01404162 0.068226941 -0.016263699 -0.027660342 0.997153699
1341846244.583892 0.054842972 -0.029195232 -0.011727016 0.069161177 -0.015682708 -0.025969723 0.997144103
1341846244.61987 0.05479376 -0.032154412 -0.016571818 0.068302825 -0.015449597 -0.0243477 0.997247815
1341846244.65185 0.051177364 -0.034980644 -0.015540166 0.068124473 -0.014632895 -0.023860062 0.997284114
1341846244.683815 0.056431096 -0.03114096 -0.010686088 0.070218399 -0.015513272 -0.021411853 0.997181177
1341846244.719873 0.05452291 -0.02688793 -0.009992726 0.070816755 -0.014508081 -0.022370242 0.997132957
1341846244.751827 0.054526184 -0.02969663 -0.011239618 0.069751523 -0.01378641 -0.022620607 0.997212589
1341846244.7883 0.018314508 -0.008820826 0.006730344 0.075105205 -0.005589386 -0.022953825 0.99689573
1341846244.820099 0.016789454 -0.006306656 0.006072702 0.076203033 -0.004619379 -0.023465041 0.996805489
1341846244.851973 0.057304554 -0.032039158 -0.01052708 0.072718084 -0.012532617 -0.021986345 0.99703145
1341846244.887873 0.062178164 -0.034515336 -0.01198963 0.073976673 -0.012209285 -0.021903666 0.996944666
1341846244.920072 0.055877484 -0.033554338 -0.009877174 0.074172795 -0.009674232 -0.023314424 0.99692589
1341846244.952621 0.056832098 -0.034152016 -0.007456274 0.074967697 -0.009115126 -0.02239603 0.99689281
1341846244.987985 0.056222084 -0.030355318 -0.008306106 0.076420598 -0.008057034 -0.02109242 0.996820033
1341846245.02006 0.057096892 -0.028546422 -0.00796318 0.075791739 -0.008412136 -0.020859461 0.996869981
1341846245.051869 0.059607666 -0.031266254 -0.009210574 0.073470674 -0.008162689 -0.021447476 0.997033298
1341846245.088236 0.059241302 -0.030350656 -0.005699924 0.072608329 -0.00731844 -0.021742469 0.997096658
1341846245.119935 0.059794866 -0.031279084 -0.00630836 0.072192989 -0.007190078 -0.021450294 0.997134089
1341846245.151835 0.058076776 -0.031644106 -0.003402898 0.07247258 -0.006672538 -0.022067465 0.99710393
1341846245.187889 0.056364748 -0.031156698 -0.001543264 0.073384017 -0.006079155 -0.022342103 0.997034907
1341846245.219842 0.051450852 -0.026481916 -0.00761595 0.073525935 -0.00566528 -0.021538302 0.997044563
1341846245.25603 0.051753334 -0.02618141 -0.006017182 0.07302279 -0.005693789 -0.022138558 0.997068286
1341846245.287962 0.053427972 -0.027006568 -0.005986534 0.07260488 -0.005739789 -0.022823457 0.997083068
1341846245.319885 0.051424858 -0.028496356 -0.00622326 0.072171628 -0.005027902 -0.02410421 0.997088253
1341846245.355859 0.050596438 -0.02759658 -0.007106268 0.072269268 -0.005462999 -0.024109291 0.997078776
1341846245.387919 0.04881154 -0.029617434 -0.006350692 0.07161694 -0.005345517 -0.024971358 0.997105241
1341846245.423977 0.051027212 -0.028814364 -0.00584076 0.072149329 -0.005640349 -0.02504866 0.997063279
1341846245.455822 0.04913716 -0.02861341 -0.005702282 0.072684161 -0.004849065 -0.026171912 0.996999741
1341846245.487804 0.049260818 -0.028248346 -0.00421067 0.07326664 -0.005080947 -0.025841892 0.996964574
1341846245.523916 0.05040437 -0.028546266 -0.005011822 0.073199525 -0.005375919 -0.025929596 0.996965706
1341846245.555797 0.050330788 -0.028966686 -0.005131254 0.072966456 -0.005158049 -0.026320076 0.996973693
1341846245.591988 0.04921117 -0.0292765 -0.003100588 0.073595501 -0.005119218 -0.025816798 0.996940792
1341846245.623837 0.048560976 -0.029174238 -0.003875298 0.074903369 -0.005173663 -0.024574103 0.996874571
1341846245.65589 0.048718284 -0.028021584 -0.005712712 0.075119339 -0.004971557 -0.024652375 0.996857405
1341846245.69206 0.047436002 -0.025546878 -0.004408648 0.07518734 -0.00391735 -0.025831811 0.996827126
1341846245.724517 0.048400004 -0.028973842 -0.003079404 0.074802063 -0.004036071 -0.025314473 0.996868849
1341846245.760068 0.047828898 -0.028960782 -0.002605702 0.075973026 -0.003877714 -0.02425834 0.996807218
1341846245.791914 0.048532616 -0.028140562 -0.004820324 0.076280914 -0.003694167 -0.024748817 0.996772349
1341846245.824142 0.049313854 -0.029239426 -0.003772406 0.075679034 -0.003175187 -0.024405748 0.996828437
1341846245.860005 0.049074598 -0.027913852 -0.004631626 0.075481847 -0.002710913 -0.023771694 0.996860087
1341846245.891878 0.049113032 -0.027904492 -0.004380266 0.074573606 -0.002519572 -0.024443194 0.996912718
1341846245.927903 0.047913366 -0.02914259 -0.000996372 0.074785918 -0.001634312 -0.024359491 0.996900737
1341846245.95992 0.04856709 -0.028560378 -0.004045248 0.075548783 -0.001268433 -0.02430724 0.996845007
1341846245.986182 0.048898752 -0.028443742 -0.004438798 0.075605072 -0.00174372 -0.024534643 0.996834457
1341846246.022057 0.045900368 -0.029316176 -0.000271578 0.076211415 -0.00137346 -0.024432153 0.996791363
1341846246.053871 0.047291658 -0.028501302 -0.003428856 0.077466466 -0.001891471 -0.024398178 0.996694624
1341846246.085916 0.048261054 -0.028216402 -0.005251308 0.078855969 -0.002898059 -0.023335643 0.996608675
1341846246.121806 0.048768434 -0.028064204 -0.004284168 0.07967823 -0.004285901 -0.023725804 0.996529043
1341846246.153949 0.048003658 -0.029138408 -0.002538818 0.080271006 -0.004361662 -0.025519423 0.996436834
1341846246.190063 0.048653484 -0.028276614 -0.00437801 0.081425779 -0.004253139 -0.026747465 0.996311367
1341846246.222002 0.048181682 -0.027960826 -0.00710586 0.080648586 -0.004091677 -0.028031981 0.996339977
1341846246.253984 0.047978572 -0.028763134 -0.00556826 0.080449037 -0.004264557 -0.029532248 0.996312022
1341846246.289808 0.046813224 -0.028736166 -0.004907774 0.081615217 -0.00359552 -0.029811561 0.996211469
1341846246.322001 0.048722844 -0.02659664 -0.007756092 0.081514724 -0.002784387 -0.031327754 0.996175766
1341846246.353946 0.046075542 -0.025482812 -0.008284524 0.080117047 -0.00111217 -0.033232063 0.996230721
1341846246.389885 0.042471468 -0.02718905 -0.006935898 0.078604311 0.000471317 -0.033379424 0.996346831
1341846246.421855 0.043711562 -0.028740828 -0.006018032 0.078699023 0.000646112 -0.031706572 0.996393859
1341846246.457915 0.043546264 -0.025562092 -0.007563426 0.078770541 0.000776382 -0.029684974 0.996450424
1341846246.489829 0.052338202 -0.029400274 -0.00458347 0.076884218 -0.000846969 -0.027931364 0.996648312
1341846246.521912 0.051471792 -0.027781074 -0.005007084 0.07607168 0.001039538 -0.027125016 0.996732771
1341846246.558038 0.0502586 -0.028274486 -0.004126818 0.07526011 0.002955995 -0.027720589 0.996774137
1341846246.589826 0.048723002 -0.02998651 -0.002537304 0.075491846 0.003760074 -0.026676798 0.996782422
1341846246.622033 0.042130712 -0.028203958 -0.006262786 0.076057389 0.005389693 -0.024507832 0.996787608
1341846246.658046 0.04393563 -0.02534903 -0.005777982 0.076069511 0.004438179 -0.022959234 0.996828258
1341846246.689939 0.043759306 -0.024914256 -0.00527345 0.075741298 0.003817884 -0.023866644 0.996834517
1341846246.725903 0.044951112 -0.024363732 -0.005072238 0.075778209 0.003304879 -0.024513474 0.996817827
1341846246.757894 0.04643879 -0.024031016 -0.007022484 0.074920386 0.003056167 -0.025495669 0.996858835
1341846246.789989 0.044845856 -0.025967014 -0.006253128 0.073848575 0.00341382 -0.025991958 0.996924818
1341846246.826059 0.050449856 -0.02901107 -0.003271636 0.073302239 0.001465309 -0.025862219 0.996973276
1341846246.857869 0.045014408 -0.026821314 -0.00328048 0.074855417 0.00260743 -0.02598148 0.996852458
1341846246.893944 0.046696064 -0.02537002 -0.007129582 0.075105779 0.001520274 -0.024734933 0.996867597
1341846246.925896 0.045339442 -0.027391766 -0.008283616 0.073956773 0.001176905 -0.024410244 0.996961951
1341846246.95809 0.046283268 -0.026719568 -0.005905672 0.074234016 0.000856795 -0.024211543 0.996946514
1341846246.993936 0.046870626 -0.025945326 -0.006242934 0.074271731 0.000595304 -0.024907978 0.996926725
1341846247.026204 0.046936498 -0.02638535 -0.006232672 0.074163288 0.000379681 -0.02667518 0.996889234
1341846247.057936 0.044548038 -0.026798996 -0.004526986 0.074995935 0.000847506 -0.027169069 0.996813297
1341846247.093899 0.04423543 -0.028241514 -0.007086304 0.075395599 0.000527389 -0.02677995 0.996793866
1341846247.126028 0.049519908 -0.02917932 -0.003570304 0.075215295 -0.001489764 -0.027183035 0.996795654
1341846247.162093 0.048447706 -0.03156738 0.001361508 0.075723812 -0.001561668 -0.025930317 0.996790349
1341846247.194072 0.05035235 -0.031924982 0.000766376 0.078548364 -0.000858313 -0.024242222 0.996615112
1341846247.225977 0.04961124 -0.031982102 -0.00213945 0.079689912 -0.00037474 -0.022332393 0.996569455
1341846247.261953 0.05401484 -0.033485286 0.001247712 0.082146592 -0.001046483 -0.022763165 0.996359706
1341846247.293957 0.053980362 -0.032424946 0.001879658 0.087234162 0.00013603 -0.022801433 0.995926857
1341846247.325987 0.052313224 -0.029213026 -0.00220137 0.088717602 0.000165589 -0.022675414 0.995798647
1341846247.36194 0.04947215 -0.025981288 -0.003934204 0.087214962 -0.000549771 -0.022050451 0.995945275
1341846247.394053 0.052608046 -0.028679606 -0.003645232 0.084725574 -0.001304428 -0.022019418 0.99616015
1341846247.430187 0.051222734 -0.027534436 -0.00409518 0.082609281 -0.001631466 -0.022892509 0.996317685
1341846247.462223 0.05302966 -0.030188032 -0.00083577 0.081297047 -0.002955264 -0.023738163 0.9964028
1341846247.493952 0.053481824 -0.030196192 0.001493878 0.081785411 -0.003365784 -0.024558961 0.996341646
1341846247.530027 0.05361043 -0.03259845 0.001911402 0.082077153 -0.003298625 -0.024278343 0.996324778
1341846247.562209 0.053891126 -0.033739902 0.003522002 0.084145211 -0.003036639 -0.023173667 0.996179402
1341846247.594166 0.048820834 -0.028760382 -0.003522488 0.086601481 -0.001977843 -0.021784127 0.996002853
1341846247.630035 0.04922327 -0.028079574 -0.005698716 0.08518213 -0.002987916 -0.021998411 0.996118009
1341846247.662701 0.050294862 -0.03079485 -5.1554e-05 0.083846807 -0.003570234 -0.020854715 0.996254027
1341846247.697913 0.048889176 -0.0294573 -0.002121048 0.084859051 -0.002492173 -0.019688437 0.996195316
1341846247.730051 0.048142132 -0.029559368 -0.003615404 0.083405748 -0.003462649 -0.018360008 0.996340513
1341846247.76218 0.051075968 -0.030878636 0.000814596 0.083941631 -0.004549038 -0.017470483 0.996307135
1341846247.798768 0.05009136 -0.029284712 -0.000549546 0.086261615 -0.00394301 -0.015882276 0.996138096
1341846247.830259 0.050224632 -0.02668803 -0.003535678 0.085379861 -0.003990449 -0.015759049 0.99621588
1341846247.865875 0.051635418 -0.030064558 -0.000199442 0.082953528 -0.004294428 -0.016107008 0.996414006
1341846247.898157 0.050148406 -0.0315607 0.001856296 0.085159257 -0.002745864 -0.015459114 0.996243656
1341846247.930002 0.04813423 -0.026857838 -0.004109316 0.086940952 -0.003772324 -0.014595562 0.996099412
1341846247.966006 0.049603134 -0.029327028 5.8792e-05 0.085602239 -0.006193269 -0.013905169 0.996213078
1341846247.998062 0.050452452 -0.03147953 0.003218232 0.087347306 -0.006197975 -0.012924871 0.996074796
1341846248.030615 0.052598198 -0.02974214 -0.001300508 0.089084275 -0.006038649 -0.013740752 0.995911002
1341846248.065891 0.05289482 -0.028337612 -0.00318705 0.087981515 -0.006051727 -0.013959206 0.996005952
1341846248.098211 0.052817762 -0.027897598 0.001925916 0.087426007 -0.005067608 -0.014698228 0.996049702
1341846248.133929 0.053452104 -0.02797329 0.002924284 0.089150421 -0.001299505 -0.017082119 0.995870829
1341846248.16605 0.053329576 -0.026380838 -0.001179274 0.088600136 0.000891115 -0.019633772 0.995873392
1341846248.198024 0.051770866 -0.028110862 0.001086844 0.087123513 0.001068056 -0.019855229 0.995999038
1341846248.23393 0.053555648 -0.031566006 0.003461784 0.088466093 0.000931623 -0.020201294 0.995873868
1341846248.265968 0.053895824 -0.027989106 0.0002224 0.089581147 0.001732189 -0.021768274 0.995740116
1341846248.297927 0.051965042 -0.029969822 2.3792e-05 0.086833566 0.00173677 -0.023607191 0.995941579
1341846248.333956 0.05149459 -0.031632844 0.001745224 0.086762682 0.00131606 -0.025692055 0.995896816
1341846248.366013 0.050849106 -0.030720328 0.00227845 0.088827483 0.001532454 -0.026488066 0.995693564
1341846248.402093 0.052211198 -0.029405324 -0.000205696 0.088640191 0.000371869 -0.025656164 0.995733142
1341846248.433862 0.05157106 -0.029929848 0.001722788 0.088510305 0.00012242 -0.025501631 0.995748758
1341846248.466804 0.051834408 -0.030586092 0.000267722 0.089426905 0.001356886 -0.027005924 0.995626271
1341846248.502139 0.050697454 -0.025619244 -0.001529118 0.088493459 0.001689539 -0.028492367 0.995667756
1341846248.534215 0.051431208 -0.030213866 0.001347094 0.085194841 -0.000724176 -0.026597932 0.996008992
1341846248.565971 0.05120502 -0.03059402 0.002122602 0.087134168 -0.000996832 -0.026163243 0.99585247
1341846248.602003 0.05275295 -0.02916691 -0.000795568 0.086304829 -7.2103e-05 -0.027778033 0.995881438
1341846248.640295 0.05252473 -0.032286718 0.002031876 0.084457465 9.737e-06 -0.027284753 0.996053457
1341846248.675831 0.053938448 -0.032715958 0.00578149 0.087347716 0.000228386 -0.026709091 0.995819747
1341846248.708095 0.054475878 -0.030239656 0.002239538 0.089242883 0.001192488 -0.027183002 0.995638192
1341846248.740085 0.051875778 -0.031222296 0.003307086 0.088521302 0.001474385 -0.026940344 0.995708823
1341846248.775948 0.053330344 -0.03188438 0.005082958 0.089887381 0.000261207 -0.02685672 0.995589733
1341846248.802167 0.051755798 -0.031340838 0.002474376 0.091161244 0.001008672 -0.02723762 0.995463073
1341846248.83395 0.051414624 -0.033305864 0.000817012 0.090236343 0.000975273 -0.027365558 0.995543897
1341846248.869901 0.050775602 -0.032246716 0.00368517 0.091872066 0.000628254 -0.026773045 0.995410621
1341846248.901932 0.049652774 -0.033060722 0.001831336 0.093303345 0.001094393 -0.026583971 0.995282173
1341846248.938035 0.050883998 -0.031691228 -9.332e-05 0.093200304 0.000918305 -0.026508635 0.995293975
1341846248.969908 0.052322722 -0.03016591 0.00326846 0.092842653 3.6197e-05 -0.026905365 0.995317221
1341846249.001964 0.052717994 -0.03086532 0.0047285 0.092326209 -4.855e-05 -0.02703044 0.995361865
1341846249.037998 0.051312764 -0.029292616 0.002391392 0.092792138 0.000355898 -0.026478229 0.995333314
1341846249.069961 0.051380642 -0.029971204 0.000457006 0.091000162 -0.000711412 -0.025967713 0.995512009
1341846249.105888 0.054405886 -0.031382744 0.003624238 0.090708092 -0.000875311 -0.025891738 0.9955405
1341846249.138041 0.0531388 -0.030674652 0.002316576 0.091084354 0.000545071 -0.025687877 0.995511651
1341846249.169904 0.05194994 -0.033326298 0.003621816 0.090288177 0.000768589 -0.024384405 0.995616853
1341846249.206013 0.054085552 -0.03259008 0.006160384 0.092197478 0.000797418 -0.023716409 0.995457947
1341846249.237872 0.052244082 -0.030046444 0.001850778 0.092628486 0.002573977 -0.024140108 0.99540472
1341846249.269963 0.053166892 -0.03220256 0.002761526 0.090617634 0.002435767 -0.023823023 0.99559778
1341846249.306095 0.05177794 -0.032604884 0.003286788 0.091207601 0.003048866 -0.02403193 0.995537221
1341846249.337853 0.053397112 -0.030382522 0.004384326 0.092926122 0.004152363 -0.023849947 0.995378673
1341846249.373854 0.052801598 -0.03110248 0.000635838 0.090927079 0.004499544 -0.024338989 0.995549917
1341846249.405928 0.055167426 -0.033284292 0.005254628 0.089770906 0.004998715 -0.025117734 0.995633125
1341846249.437945 0.056629394 -0.032734792 0.0063519 0.091091082 0.006400232 -0.025517082 0.995495021
1341846249.474182 0.058983654 -0.031089174 0.007603708 0.090801857 0.005742467 -0.026084397 0.995510757
1341846249.505956 0.059494134 -0.033892504 0.007937372 0.088871092 0.005370176 -0.025407175 0.995704532
1341846249.538288 0.059088924 -0.0334825 0.00940452 0.088942125 0.005727403 -0.02557835 0.995691836
1341846249.574263 0.05931009 -0.032581598 0.006937672 0.088309936 0.005778365 -0.025600022 0.995747268
1341846249.606015 0.059100452 -0.03262448 0.008167724 0.087077841 0.004949905 -0.023798602 0.995904922
1341846249.641995 0.055499442 -0.034957874 0.006798844 0.086786188 0.004332684 -0.02161715 0.995982945
1341846249.674108 0.057503794 -0.03271005 0.002184292 0.085848704 0.002909603 -0.020638734 0.996090114
1341846249.706034 0.058997832 -0.030526924 0.007770834 0.083803624 0.001758421 -0.020239523 0.996275127
1341846249.742012 0.05671442 -0.032590826 0.006151792 0.082951702 0.000628216 -0.018506425 0.996381521
1341846249.773906 0.055879916 -0.03287024 0.005026554 0.083509773 -0.001260785 -0.015995488 0.996377766
1341846249.806093 0.056939018 -0.02884056 0.006481418 0.083474167 -0.004355784 -0.013423354 0.996410012
1341846249.842148 0.054170352 -0.028497252 0.00325946 0.082902454 -0.005389043 -0.011984893 0.996471047
1341846249.873923 0.051854994 -0.031522934 0.002206078 0.082108736 -0.006768507 -0.010693549 0.99654299
1341846249.909991 0.052297552 -0.026216472 0.002543042 0.083144985 -0.010383506 -0.008070044 0.996450663
1341846249.942024 0.053121172 -0.02632258 0.003247354 0.082607783 -0.013679369 -0.00555158 0.996472776
1341846249.974199 0.055379234 -0.02613124 0.0036564 0.083297275 -0.015463678 -0.00666577 0.996382475
1341846250.010384 0.058731638 -0.026914988 0.002747242 0.08260867 -0.017656878 -0.00683011 0.996402264
1341846250.042022 0.060538914 -0.028864798 0.003237108 0.082243033 -0.020266147 -0.005157316 0.996392906
1341846250.078047 0.060743298 -0.027742084 0.003204204 0.084415145 -0.020784996 -0.004092257 0.996205509
1341846250.109945 0.057490818 -0.025033308 -0.000185938 0.084896505 -0.018614745 -0.00496241 0.996203542
1341846250.141849 0.06209585 -0.024446684 0.000956542 0.083022222 -0.017857535 -0.006601983 0.996365845
1341846250.177803 0.069697462 -0.026301006 0.000105622 0.082407527 -0.017132405 -0.006759499 0.996428549
1341846250.210137 0.062539406 -0.021530662 0.00598571 0.084721997 -0.011722014 -0.007918154 0.996304214
1341846250.241903 0.061278906 -0.023513378 0.002843988 0.083278365 -0.009285574 -0.009890467 0.996433973
1341846250.277878 0.06434203 -0.020748532 -0.002446622 0.082990222 -0.008247556 -0.012092301 0.996442854
1341846250.309873 0.063437112 -0.02015448 -0.000605072 0.082634002 -0.007556203 -0.013089795 0.996465385
1341846250.346142 0.06440293 -0.020895014 -0.00233167 0.082335889 -0.008162383 -0.012731589 0.996489882
1341846250.377944 0.063129112 -0.021089534 -0.001792022 0.082951456 -0.008291002 -0.011797239 0.996449292
1341846250.410038 0.062737472 -0.021135558 8.6966e-05 0.083624579 -0.008108946 -0.012357375 0.99638772
1341846250.445984 0.062991924 -0.020545856 -0.000757642 0.084835358 -0.008047801 -0.013245998 0.996274412
1341846250.477872 0.063857042 -0.019379692 -0.0026345 0.08447586 -0.008346931 -0.013897216 0.996293664
1341846250.50993 0.063741878 -0.021812686 -0.002032684 0.083452456 -0.010155081 -0.012400265 0.996382833
1341846250.546119 0.06507454 -0.0193508 -0.000215588 0.08505097 -0.011942676 -0.011774692 0.99623543
1341846250.577998 0.066231362 -0.020727726 -0.003299678 0.083338261 -0.011443201 -0.012519022 0.996376991
1341846250.613828 0.06527137 -0.0168729 0.000170262 0.082725815 -0.010713936 -0.012562912 0.996435583
1341846250.646114 0.06485761 -0.021575212 -0.000778812 0.082162872 -0.011186878 -0.009589296 0.996509969
1341846250.677812 0.061774202 -0.02128771 -0.001722962 0.082143955 -0.010569412 -0.007050891 0.996539474
1341846250.713958 0.065700188 -0.020762414 -0.002817174 0.080741771 -0.01032676 -0.006762205 0.996658623
1341846250.745904 0.06413991 -0.020410484 -0.003137052 0.07977999 -0.009467557 -0.005179155 0.99675405
1341846250.777886 0.06487172 -0.018878132 -0.001750972 0.079789825 -0.011459872 -0.002707558 0.996742129
1341846250.814024 0.067068286 -0.018268102 -0.002837524 0.078915596 -0.012579906 -0.002576305 0.996798575
1341846250.846025 0.067122028 -0.018449106 -0.004406458 0.077294841 -0.012148818 -0.003718103 0.996927321
1341846250.881824 0.06576211 -0.019305904 -0.000884814 0.077189662 -0.01182337 -0.00355369 0.996940017
1341846250.913808 0.06750495 -0.018655202 -0.001285052 0.079496518 -0.012415204 -0.00280986 0.996753871
1341846250.946118 0.066927008 -0.020821042 -0.003355292 0.079708189 -0.011855179 -0.003167122 0.996742725
1341846250.981803 0.06653057 -0.019353104 -0.003827284 0.080802739 -0.011509215 -0.003954966 0.996655822
1341846251.014047 0.062820778 -0.020945278 0.000702672 0.080647528 -0.011785643 -0.005869382 0.996655703
1341846251.046033 0.065366246 -0.021116932 -0.000228562 0.081414565 -0.013434776 -0.006319144 0.996569753
1341846251.081959 0.067283176 -0.021314358 0.000907446 0.082889058 -0.013475626 -0.00656294 0.996446073
1341846251.114058 0.066506288 -0.021798206 0.001729968 0.084693141 -0.01289478 -0.006922744 0.996299624
1341846251.14992 0.065727756 -0.02096471 6.0902e-05 0.086228773 -0.012260078 -0.007354722 0.996172786
1341846251.181983 0.064442172 -0.021792158 -0.000686772 0.086703472 -0.011142254 -0.008277806 0.99613744
1341846251.214205 0.065972216 -0.021481252 -0.000879952 0.087737001 -0.011067973 -0.009856958 0.99603343
1341846251.249978 0.063052826 -0.021718378 -0.001713332 0.087815464 -0.012511869 -0.008450373 0.996022344
1341846251.281923 0.063594438 -0.0236422 -0.00249284 0.088074565 -0.014078636 -0.008744021 0.995976031
1341846251.318026 0.06516689 -0.020442524 -0.004702878 0.088217482 -0.015441227 -0.008767648 0.99594295
1341846251.350003 0.065752238 -0.02006609 -0.004906734 0.086090304 -0.017980469 -0.008598498 0.996087968
1341846251.382003 0.063284918 -0.021429866 0.00010205 0.086360343 -0.019850332 -0.008115968 0.996033132
1341846251.417971 0.064887524 -0.020379084 -0.003803778 0.086595371 -0.020669939 -0.009407104 0.995984733
1341846251.449878 0.065317854 -0.019577614 -0.004948962 0.083831012 -0.021509411 -0.010585635 0.996191561
1341846251.481872 0.061004392 -0.020285052 -0.004675722 0.081366546 -0.022192834 -0.011021742 0.996376157
1341846251.51787 0.064604476 -0.019800564 -0.004632646 0.080168568 -0.024630347 -0.009662498 0.996430099
1341846251.549884 0.064930194 -0.020132124 -0.004613674 0.07831604 -0.025027921 -0.01030064 0.99656111
1341846251.586071 0.061625324 -0.02323644 -0.002464398 0.077164024 -0.024107534 -0.009746729 0.996679246
1341846251.618241 0.061946436 -0.021855578 -0.00203368 0.078169443 -0.024812995 -0.008331582 0.996596396
1341846251.649917 0.063681654 -0.021267152 -0.001328778 0.079070866 -0.02477012 -0.007161773 0.99653548
1341846251.686034 0.064605042 -0.020986922 -0.002695588 0.079602487 -0.022820206 -0.008684523 0.996527612
1341846251.718103 0.064092346 -0.02093848 -0.002356226 0.079692885 -0.021311732 -0.010585598 0.996535361
1341846251.749907 0.063372218 -0.021400872 -0.001205188 0.080086172 -0.021659857 -0.009620946 0.996506155
