1341846226.81792 0.0 0.0 0.0 0.0 0.0 0.0 1.0
1341846226.850323 0.0127713516 0.0030593304 0.0036094379999999995 0.001110404 -0.000625932 -0.002152735 0.999996841
1341846226.881894 0.019202299199999998 0.005139904 0.0054565588 0.001561142 0.000393432 -0.003262306 0.999993384
1341846226.91798 0.006729954 0.0011111828 0.003552724 0.000508806 -0.000186578 -0.00314143 0.999994934
1341846226.95 0.011521336399999998 -0.0083377308 0.0173373872 0.001042682 -0.002668989 -0.002268513 0.999993324
1341846226.985981 0.013666357599999998 -0.0018863291999999998 0.013104408799999998 0.003133069 -0.003424697 -0.003024908 0.999984622
1341846227.017919 -0.0006171508 0.007486578399999999 0.0053307492 0.003177352 -0.003329693 -0.003585549 0.999982953
1341846227.05004 0.007519758399999999 -0.0059186792 0.0088437412 0.00248039 -0.004304285 -0.004409736 0.999977946
1341846227.085982 0.0140839692 -0.0011109588 0.009682682799999998 0.003387136 -0.00439137 -0.004966245 0.999972284
1341846227.118052 0.014227508399999998 -0.0020150816 0.013910604399999998 0.003743005 -0.004266695 -0.005079481 0.999970973
1341846227.149935 0.0156972144 -0.0060971596 0.007415702 0.004075808 -0.004798339 -0.004936623 0.999967992
1341846227.186053 0.0030001664 0.011999369199999999 0.0046622212 0.004659199 -0.005070373 -0.006117225 0.999957561
1341846227.218443 0.014465149999999998 0.0028358456 0.0162211252 0.003217836 -0.006026133 -0.007505536 0.999948502
1341846227.253944 0.026333748 -0.008705426799999999 0.018627797999999997 0.003956198 -0.006225202 -0.009087327 0.999931514
1341846227.285981 0.012497155999999999 -0.0099903468 0.0076163611999999995 0.0050952 -0.006188226 -0.010226361 0.9999156
1341846227.320064 0.010242716399999999 -0.008403676399999999 0.0058626875999999994 0.005227255 -0.007747069 -0.011282842 0.999892652
1341846227.353969 0.0097587 -0.0038536343999999996 0.0006469539999999999 0.005966738 -0.0094316 -0.013517627 0.999846339
1341846227.385846 -4.6062799999999995e-05 0.008963961999999999 -0.0025315499999999996 0.005919692 -0.011338318 -0.015015463 0.99980545
1341846227.418015 -0.0004300324 0.0085289288 -0.0023059036 0.004435276 -0.014934667 -0.016734103 0.999738634
1341846227.453997 0.0009034312 0.008805173999999999 -0.00109557 0.003108982 -0.017603822 -0.020375045 0.999632597
1341846227.485981 0.00027753319999999996 0.0073857559999999985 -0.00018735079999999997 0.002179827 -0.018323975 -0.023381129 0.999556303
1341846227.521976 -0.0005811652 0.0081469136 0.00041719719999999997 0.002503374 -0.019935112 -0.023940183 0.99951148
1341846227.55398 -0.0006166635999999999 0.0080204068 -0.00045022319999999993 0.004450898 -0.022387018 -0.024690745 0.999434531
1341846227.586047 -0.0005920096 0.008235404799999999 -0.0010044608 0.005767728 -0.022660958 -0.027967291 0.999335289
1341846227.622081 -0.0004955608 0.008174594399999999 -0.0007080863999999999 0.005190557 -0.021908775 -0.031436518 0.999252141
1341846227.653945 -0.0006096356 0.0080976448 0.000250012 0.005305116 -0.022389794 -0.030886889 0.999257982
1341846227.686038 -0.0005652863999999999 0.0081652536 0.0002611196 0.008723454 -0.023000373 -0.031233834 0.999209344
1341846227.721966 -0.000779282 0.0083749708 5.25644e-05 0.010913778 -0.020460514 -0.032863319 0.999190807
1341846227.75413 -0.000619794 0.008163442 0.00010726239999999999 0.012046779 -0.017461991 -0.032843467 0.999235332
1341846227.789951 -0.00065394 0.008091955199999999 -0.0001473724 0.01347038 -0.015408733 -0.031414974 0.999296844
1341846227.82192 -0.0005824336 0.0082050192 -0.000243082 0.013922972 -0.013385689 -0.03091301 0.999335468
1341846227.854275 -0.0005651015999999999 0.008165441199999998 0.00025667599999999995 0.014109441 -0.011420928 -0.031078286 0.999352098
1341846227.889935 -0.00044545199999999994 0.008247299199999999 -2.73028e-05 0.01448053 -0.009654897 -0.030588822 0.999380529
1341846227.921967 -0.0004401768 0.008162604799999999 0.00014784559999999998 0.014653546 -0.008971344 -0.029832624 0.999407232
1341846227.958123 -0.000348068 0.008229967199999999 -0.0001518468 0.014615652 -0.007402495 -0.030692054 0.999394596
1341846227.989985 -0.0005612236 0.0081667936 0.0002285836 0.013552534 -0.005092979 -0.032383293 0.999370635
1341846228.021937 -0.0005633655999999999 0.0082238576 0.00037729159999999996 0.014143768 -0.004304448 -0.031762876 0.999386072
1341846228.058222 -0.0005849928 0.0082023844 0.00041280959999999997 0.016703742 -0.004207039 -0.031035142 0.99936986
1341846228.090097 -0.0005832652 0.008175067599999999 0.0001578556 0.0157183 -0.002727921 -0.031644896 0.999371886
1341846228.121845 -0.000614096 0.0081728612 0.0001506708 0.012438716 -0.000570524 -0.030348234 0.99946183
1341846228.157875 -0.0005829403999999999 0.008196118 0.0002598484 0.010347243 -0.000999708 -0.026358074 0.999598503
1341846228.189872 -0.0005886496 0.0081681544 0.0002037812 0.007921297 -0.001481881 -0.024797184 0.999660015
1341846228.225994 -0.0005673668 0.0081874156 0.000309834 0.006395761 -0.001384031 -0.025995847 0.999640644
1341846228.258336 -0.0005689264 0.008234427599999998 0.0004067336 0.007373853 -0.002174116 -0.026435025 0.999620974
1341846228.289941 -0.0005683468 0.0082257924 0.00035287559999999993 0.00779557 -0.002566193 -0.02582065 0.999632895
1341846228.326018 -0.000558362 0.0081585896 0.0002936388 0.008139328 -0.001828164 -0.026443964 0.99961549
1341846228.358243 -0.0005691811999999999 0.008162112 0.00027336399999999995 0.008701152 0.000200915 -0.025679866 0.999632359
1341846228.389779 -0.0005619264 0.008158357199999999 0.0002753772 0.008234803 0.000165762 -0.024560014 0.999664426
1341846228.426073 -0.0005781524 0.0081684456 0.00031053399999999995 0.008748895 0.001399102 -0.025366141 0.999638975
1341846228.493915 -0.00057596 0.0081728752 0.0002654736 0.008982996 0.003448508 -0.023740875 0.999671876
1341846228.525907 -0.0005701164 0.0081673676 0.0003095876 0.008302939 0.002711948 -0.022999018 0.999697328
1341846228.558208 -0.0005612516 0.008158320799999999 0.0002785468 0.008356545 0.003293797 -0.022748046 0.999700904
1341846228.593899 -0.0005734764 0.0081698372 0.000304416 0.008831178 0.003579023 -0.021533413 0.999722719
1341846228.626021 -0.0005699231999999999 0.0081597964 0.00027275359999999997 0.008540158 0.001927614 -0.020597951 0.999749482
1341846228.658069 -0.0005656363999999999 0.008160991999999999 0.0002841888 0.00753592 0.001048185 -0.020033889 0.999770343
1341846228.693942 -0.0005820136 0.0081663232 0.0002760212 0.00657564 0.002118439 -0.021051915 0.999754488
1341846228.726069 -0.0005809411999999999 0.008161129199999999 0.0003135916 0.005905942 0.003408375 -0.020894833 0.999758422
1341846228.76209 -0.0005956972 0.008179197599999998 0.00029243199999999997 0.006231843 0.003528851 -0.01890257 0.999795675
1341846228.794 -0.0005818819999999999 0.008170570799999999 0.000311752 0.007104972 0.002813258 -0.017317194 0.999820828
1341846228.825934 -0.0005907076 0.0081762156 0.0003164812 0.008109852 0.003554349 -0.017555242 0.999806702
1341846228.862015 -0.0005656728 0.0081639712 0.0002541532 0.007989006 0.003148696 -0.015809702 0.999838173
1341846228.893856 -0.0005615876 0.0081616472 0.00025317039999999996 0.008275019 0.001953817 -0.015448903 0.999844551
1341846228.926548 -0.0005629372 0.0081558204 0.0002493736 0.008359049 0.002190496 -0.01620942 0.999831259
1341846228.96194 -0.0005768112 0.008161622 0.00021565039999999998 0.007945566 0.003098481 -0.015660467 0.999840975
1341846228.99404 -0.0005509223999999999 0.0081684764 0.000286146 0.006990846 0.002931719 -0.015224526 0.99985534
1341846229.029897 -0.0005601064 0.0081455976 0.0002817724 0.007065774 0.002906962 -0.015430454 0.999851763
1341846229.06187 -0.0005591235999999999 0.008152606 0.0002338616 0.008372515 0.003398286 -0.015436117 0.999840021
1341846229.094829 -0.000551362 0.0081655084 0.00023395399999999998 0.008441741 0.003856406 -0.014067678 0.999857962
1341846229.12993 -0.0005648551999999999 0.0081658388 0.0002503844 0.007903748 0.004433769 -0.013027856 0.999874055
1341846229.161882 -0.0005728548 0.008162826 0.00023873079999999996 0.007334599 0.005080402 -0.014054746 0.999861419
1341846229.197882 -0.0005668935999999999 0.0081645396 0.000252224 0.008003178 0.004839808 -0.014090122 0.999856949
1341846229.229812 -0.000554414 0.0081702068 0.0002340156 0.009286488 0.0040481 -0.014603017 0.999842048
1341846229.261994 -0.0005614923999999999 0.0081678016 0.00024620679999999995 0.010273504 0.003941312 -0.015344268 0.999821723
1341846229.29792 -0.0005418252 0.008174625199999999 0.0002062844 0.010419393 0.003493981 -0.015754774 0.999815524
1341846229.329933 -0.0005473047999999999 0.0081702264 0.0002125956 0.010216628 0.002644864 -0.015688894 0.999821246
1341846229.361996 -0.0005502364 0.008171534 0.0002415784 0.010357607 0.002260193 -0.015949648 0.999816597
1341846229.398029 -0.0005670727999999999 0.0081649764 0.000266658 0.012877369 0.00282449 -0.016363481 0.999779165
1341846229.430182 -0.0005800283999999999 0.008169856799999998 0.00023901079999999998 0.015522939 0.002580666 -0.015563312 0.999755025
1341846229.471963 -0.0005773683999999999 0.0081688292 0.00022074919999999997 0.016088802 0.002419274 -0.014662466 0.999760151
1341846229.530149 -0.0005823019999999999 0.0081687564 0.0002157904 0.017939527 0.003320992 -0.012712664 0.99975276
1341846229.566064 -0.00059024 0.0081681656 0.00023151239999999996 0.018061021 0.003429127 -0.011156093 0.999768794
1341846229.630063 -0.0005813751999999999 0.008168465199999999 0.00019034119999999997 0.021098332 0.005523057 -0.008540852 0.999725699
1341846229.665946 -0.0005651352 0.008165936799999999 0.0002497404 0.020734154 0.005976863 -0.007633836 0.999737978
1341846229.69815 -0.0005672323999999999 0.0081673228 0.00025316199999999997 0.021338789 0.006482034 -0.008451793 0.999715567
1341846229.733828 -0.0005643315999999999 0.0081656036 0.0002570764 0.024850925 0.007932406 -0.006657068 0.999637544
1341846229.765937 -0.0005676775999999999 0.0081640328 0.0002429952 0.025146797 0.009325137 -0.006402474 0.999619782
1341846229.798002 -0.0005640544 0.008161952399999998 0.00023411359999999997 0.023220398 0.009379048 -0.005958025 0.999668598
1341846229.833857 -0.0005681816 0.0081648084 0.00025788559999999995 0.023408853 0.009465308 -0.006638034 0.999659121
1341846229.865928 -0.0005665771999999999 0.008165819199999999 0.00026307399999999997 0.025102304 0.010163357 -0.007382879 0.999605954
1341846229.897926 -0.0005662187999999999 0.008161417599999998 0.0002292612 0.024522537 0.010615957 -0.007844947 0.999612093
1341846229.939857 -0.0005642672 0.008162781199999998 0.000242256 0.022625178 0.010635252 -0.00751478 0.999659181
1341846229.965948 -0.0005675152 0.008168801199999999 0.00025235839999999997 0.021707866 0.011523681 -0.007488601 0.999669909
1341846230.002061 -0.0005628111999999999 0.0081657912 0.00025674879999999995 0.019947251 0.011411073 -0.008838824 0.999696851
1341846230.033858 -0.000561372 0.008166720799999999 0.00026496399999999997 0.017267056 0.011198444 -0.009112115 0.99974668
1341846230.065938 -0.0005635616 0.00816662 0.00026408199999999996 0.017308135 0.011736101 -0.008724653 0.999743283
1341846230.103878 -0.0005650232 0.008165864 0.0002497124 0.01681079 0.012968073 -0.007763849 0.999744475
1341846230.144719 -0.0005660703999999999 0.008165519599999999 0.00024774679999999997 0.016112734 0.01351369 -0.008011483 0.999746799
1341846230.172747 -0.0005650204 0.0081661888 0.0002483992 0.015763711 0.013618541 -0.006791302 0.999759912
1341846230.208544 -0.0005651548 0.0081657968 0.000250852 0.016697226 0.014186038 -0.005103075 0.999746919
1341846230.271971 -0.0005650847999999999 0.0081656288 0.0002518656 0.015435591 0.01427499 -0.00553707 0.999763608
1341846230.334051 -0.0005649224 0.0081653236 0.00025001479999999996 0.019467311 0.014577351 -0.00396057 0.999696374
1341846230.370031 -0.00056476 0.0081658668 0.0002496844 0.021556534 0.015469095 -0.005328072 0.999633729
1341846230.401932 -0.000564256 0.008165766 0.0002503844 0.023488067 0.016573254 -0.005981756 0.99956882
1341846230.437965 -0.0005640908 0.0081672108 0.0002509668 0.025373854 0.017136356 -0.007964252 0.99949944
1341846230.46992 -0.0005647683999999999 0.008165836 0.0002505972 0.026394412 0.01776729 -0.008778986 0.999455154
1341846230.501933 -0.000564018 0.0081663988 0.000251692 0.026316753 0.017695906 -0.00837716 0.999461949
1341846230.537834 -0.0005643679999999999 0.008166054399999999 0.00025257679999999996 0.025558569 0.017494526 -0.008139825 0.999487102
1341846230.569803 -0.0005650932 0.008165950799999998 0.00025003439999999997 0.027275523 0.017090369 -0.007688906 0.999452233
1341846230.601945 -0.0005651883999999999 0.008165724 0.0002514372 0.028802162 0.016713889 -0.006941288 0.999421239
1341846230.637789 -0.0005650652 0.008166046 0.00024983 0.030136244 0.015974211 -0.007863033 0.999387205
1341846230.670057 -0.0005650596 0.0081661076 0.0002499448 0.02973876 0.015109607 -0.008463857 0.999407649
1341846230.705937 -0.0005650792 0.0081659228 0.0002496452 0.028691621 0.014595656 -0.00907423 0.999440551
1341846230.737932 -0.0005651772 0.0081658892 0.0002495416 0.029448871 0.015262309 -0.008872128 0.999410391
1341846230.76996 -0.0005652668 0.0081659928 0.0002496452 0.030501058 0.014810871 -0.00865318 0.999387503
1341846230.805852 -0.0005652332 0.0081659956 0.0002496564 0.030951036 0.014163607 -0.00854204 0.999384046
1341846230.837804 -0.000565208 0.0081660264 0.0002497208 0.031400576 0.013515728 -0.008430998 0.999379933
1341846230.869829 -0.0005651603999999999 0.0081659928 0.000249606 0.031850323 0.012870735 -0.008320077 0.999375165
1341846230.905851 -0.0005649364 0.0081659284 0.0002498076 0.032327559 0.012655601 -0.008304728 0.999362707
1341846230.937917 -0.0005649559999999999 0.0081659648 0.000249802 0.032777127 0.012014327 -0.008194161 0.999356866
1341846230.973933 -0.0005649196 0.0081659564 0.0002499 0.033226665 0.011373241 -0.008083615 0.999350429
1341846231.006047 -0.0005649279999999999 0.0081659144 0.000249802 0.033676643 0.01073342 -0.007973013 0.999343336
1341846231.037936 -0.0005649336 0.008165925599999999 0.0002497768 0.034126725 0.010094482 -0.007862393 0.999335587
1341846231.07431 -0.0005649139999999999 0.008165950799999998 0.0002498524 0.034576476 0.009456932 -0.007751763 0.999327242
1341846231.106085 -0.0005648944 0.0081658836 0.0002498272 0.035026789 0.008821748 -0.007641097 0.999318242
1341846231.138083 -0.0005648019999999999 0.00816578 0.000249788 0.035576545 0.008275432 -0.007505931 0.999304473
1341846231.174011 -0.0005649168 0.0081657828 0.0002496816 0.035872295 0.0087735 -0.007486757 0.999289811
1341846231.205909 -0.0005649336 0.0081657296 0.0002497292 0.036170796 0.009267851 -0.007468348 0.999274731
1341846231.241869 -0.0005648916 0.008165799599999999 0.0002497432 0.037520841 0.009165406 -0.007681816 0.999224305
1341846231.273832 -0.0005648999999999999 0.008165869599999999 0.0002496452 0.038870435 0.009062719 -0.007895497 0.999171972
1341846231.305846 -0.0005650036 0.0081658892 0.00024958079999999995 0.040219747 0.008959451 -0.008109353 0.999117792
1341846231.341923 -0.0005651212 0.0081661272 0.0002496452 0.04002624 0.008256464 -0.008456315 0.999128759
1341846231.374263 -0.0005651072 0.0081661328 0.00024967319999999997 0.038130037 0.007766273 -0.008961115 0.99920243
1341846231.410022 -0.000565054 0.0081660152 0.0002498188 0.036234654 0.007276476 -0.009465958 0.999271989
1341846231.442103 -0.0005649419999999999 0.008165654 0.00024966480000000003 0.03471715 0.007188338 -0.009876511 0.999322534
1341846231.484245 -0.0005649279999999999 0.008165060399999998 0.0002497992 0.032694373 0.006319756 -0.010307459 0.999392271
1341846231.516816 -0.0005649111999999999 0.0081650072 0.0002498076 0.030804409 0.005831834 -0.010812123 0.999449909
1341846231.547853 -0.0005645696 0.0081650044 0.000249424 0.029045047 0.005432451 -0.011244663 0.999500096
1341846231.583898 -0.0005643764 0.0081651108 0.0002493176 0.027155388 0.004945518 -0.011749068 0.999549985
1341846231.615993 -0.000563836 0.0081648868 0.00024980479999999996 0.025134021 0.004409356 -0.012324586 0.999598384
1341846231.648015 -0.0005637855999999999 0.0081642596 0.0002483964 0.023938753 0.004573253 -0.012914432 0.999619544
1341846231.683822 -0.0005643764 0.0081640524 0.00024952759999999997 0.022874735 0.004786003 -0.013433106 0.99963665
1341846231.716153 -0.0005645136 0.0081631816 0.0002493792 0.021679491 0.004949618 -0.014022782 0.999654353
1341846231.716153 -0.0005645136 0.0081631816 0.0002493792 0.021679491 0.004949618 -0.014022782 0.999654353
1341846231.783993 -0.0005647208 0.0081656512 0.0002497572 0.044508398 0.00455524 -0.020515848 0.99878794
1341846231.817027 -0.000564732 0.008165682 0.00024980479999999996 0.044509329 0.004556894 -0.020515649 0.99878788
1341846231.852317 -0.0005647935999999999 0.008165822 0.00024977399999999997 0.04451083 0.004559921 -0.020514982 0.99878782
1341846231.909867 -0.0005650427999999999 0.0081663736 0.000249844 0.042865746 0.003497086 -0.019869005 0.998877108
1341846231.945837 -0.0005650596 0.008166317599999999 0.0002497768 0.042317949 0.00308197 -0.018522438 0.998927712
1341846231.978027 -0.0005650512 0.0081662588 0.00024970959999999996 0.041770414 0.002666625 -0.017175792 0.998976052
1341846232.009966 -0.0005649308 0.0081663008 0.00024968719999999997 0.041019905 0.001595661 -0.016016634 0.999028683
1341846232.045845 -0.0005650652 0.0081663232 0.000249746 0.040279541 0.000519468 -0.01501042 0.999075592
1341846232.077961 -0.0005651436 0.008166379199999999 0.0002495388 0.040737744 -0.000464211 -0.013619388 0.999076962
1341846232.109864 -0.0005650427999999999 0.0081664436 0.0002495892 0.041194618 -0.001448189 -0.012229727 0.999075234
1341846232.145999 -0.0005649588 0.0081665752 0.0002496844 0.041648794 -0.002431419 -0.010841064 0.999070525
1341846232.178314 -0.0005649419999999999 0.0081664128 0.0002501044 0.040609404 -0.002192332 -0.01023348 0.999120295
1341846232.215951 -0.0005650427999999999 0.0081663064 0.0002503144 0.040455509 -0.001441431 -0.010555984 0.999124527
1341846232.252037 -0.000565138 0.0081662028 0.0002502612 0.040302187 -0.000690961 -0.0108788 0.999128044
1341846232.283944 -0.0005652696 0.008166082399999998 0.0002504432 0.040150601 5.8041e-05 -0.011201946 0.999130845
1341846232.319867 -0.0005653451999999999 0.0081660656 0.0002504572 0.039999224 0.000805699 -0.011525095 0.999132931
1341846232.351854 -0.0005652444 0.0081661328 0.0002497936 0.039669968 0.00044489 -0.011893635 0.999141991
1341846232.383877 -0.0005652163999999999 0.0081661384 0.0002497936 0.037846532 -7.2851e-05 -0.0124774 0.999205649
1341846232.419782 -0.0005652528 0.0081660852 0.00024989159999999996 0.036022991 -0.000590673 -0.013061169 0.999265432
1341846232.45178 -0.0005652696 0.008165096799999999 0.0002499728 0.034307621 -0.000980101 -0.013565476 0.999318779
1341846232.48417 -0.0005651968 0.008165021199999999 0.00025002879999999996 0.03428131 -0.001345818 -0.01445403 0.999306798
1341846232.519889 -0.00056518 0.0081649512 0.0002499728 0.034255378 -0.001711431 -0.015342523 0.999293864
1341846232.551877 -0.0005648188 0.008164822399999999 0.0002499168 0.034213159 -0.002059434 -0.016217263 0.99928087
1341846232.583846 -0.0005647628 0.008164702 0.0002499028 0.03418817 -0.002425171 -0.017106017 0.999266088
1341846232.619798 -0.0005646172 0.0081645088 0.0002497432 0.034163412 -0.002790825 -0.017994819 0.999250352
1341846232.619798 -0.0005646172 0.0081645088 0.0002497432 0.034163412 -0.002790825 -0.017994819 0.999250352
1341846232.619798 -0.0005646172 0.0081645088 0.0002497432 0.034163412 -0.002790825 -0.017994819 0.999250352
1341846232.619798 -0.0005646172 0.0081645088 0.0002497432 0.034163412 -0.002790825 -0.017994819 0.999250352
1341846232.619798 -0.0005646172 0.0081645088 0.0002497432 0.034163412 -0.002790825 -0.017994819 0.999250352
1341846232.619798 -0.0005646172 0.0081645088 0.0002497432 0.034163412 -0.002790825 -0.017994819 0.999250352
1341846232.819886 -0.0005646732 0.008165085599999998 0.0002500372 0.051159117 0.002509258 -0.018529756 0.998515487
1341846232.819886 -0.0005646732 0.008165085599999998 0.0002500372 0.051159117 0.002509258 -0.018529756 0.998515487
1341846232.887989 -0.0005642923999999999 0.0081655028 0.0002502276 0.057146624 0.002289133 -0.018672567 0.998188555
1341846232.887989 -0.0005642923999999999 0.0081655028 0.0002502276 0.057146624 0.002289133 -0.018672567 0.998188555
1341846232.887989 -0.0005642923999999999 0.0081655028 0.0002502276 0.057146624 0.002289133 -0.018672567 0.998188555
1341846232.887989 -0.0005642923999999999 0.0081655028 0.0002502276 0.057146624 0.002289133 -0.018672567 0.998188555
1341846233.023868 -0.0005649644 0.008165528 0.000250418 0.058161981 0.008702395 -0.016923048 0.998125792
1341846233.05588 5.236e-06 0.0085432732 -0.0020337912 0.057326194 0.010621515 -0.018981339 0.99811852
1341846233.087872 -0.0006305935999999999 0.0081280864 0.0005053859999999999 0.056326196 0.011368319 -0.020856522 0.998129785
1341846233.12406 -0.0005694836 0.008162736399999999 0.000268632 0.05684901 0.010268965 -0.021979664 0.998088002
1341846233.12406 -0.0005694836 0.008162736399999999 0.000268632 0.05684901 0.010268965 -0.021979664 0.998088002
1341846233.12406 -0.0005694836 0.008162736399999999 0.000268632 0.05684901 0.010268965 -0.021979664 0.998088002
1341846233.12406 -0.0005694836 0.008162736399999999 0.000268632 0.05684901 0.010268965 -0.021979664 0.998088002
1341846233.12406 -0.0005694836 0.008162736399999999 0.000268632 0.05684901 0.010268965 -0.021979664 0.998088002
1341846233.31787 -0.001130248 0.007634964399999999 0.0021336476 0.062134895 0.010111002 -0.027875328 0.997627199
1341846233.349815 -0.001853656 0.037360792 -0.038427071199999996 0.065689817 0.010301565 -0.033101093 0.997237682
1341846233.385857 -0.0005787348 0.008164953999999999 0.0003782996 0.062624946 0.009008586 -0.030530224 0.997529387
1341846233.41799 0.0184648268 -0.0284286408 0.10136085959999999 0.060643714 0.006481758 -0.024306554 0.997842431
1341846233.41799 0.0184648268 -0.0284286408 0.10136085959999999 0.060643714 0.006481758 -0.024306554 0.997842431
1341846233.485912 -0.0005646424 0.0081685352 0.0002474248 0.063826799 0.006436819 -0.026149327 0.997597575
1341846233.517954 -0.0031998596 0.022500867199999997 -0.038831825199999996 0.064794675 0.006025058 -0.027104165 0.997512281
1341846233.553882 -0.0005649139999999999 0.0081653516 0.0002693236 0.063538581 0.004761248 -0.029578833 0.997529566
1341846233.553882 -0.0005649139999999999 0.0081653516 0.0002693236 0.063538581 0.004761248 -0.029578833 0.997529566
1341846233.621898 -0.0005641467999999999 0.0081624592 0.0002522016 0.065572292 0.004039295 -0.027138734 0.997470498
1341846233.654396 -0.0005653984 0.0081663624 0.000250348 0.065897115 0.005355174 -0.026330967 0.997464538
1341846233.685848 -0.000565292 0.008166297999999999 0.0002502528 0.065104865 0.005943448 -0.0265269 0.997508049
1341846233.721879 -0.0005653479999999999 0.0081662756 0.0002503788 0.064312644 0.006531899 -0.026722817 0.997550547
1341846233.753961 -0.0005653676 0.008166199999999998 0.0002503032 0.06352073 0.007119915 -0.026918748 0.997591972
1341846233.822009 -0.0005650399999999999 0.008165693199999999 0.00025100039999999995 0.06279856 0.008462876 -0.026908556 0.997627497
1341846233.853971 -0.0005650204 0.0081657576 0.0002510088 0.061800059 0.008502577 -0.026655337 0.99769628
1341846233.88992 -0.0005650092 0.008165620399999999 0.0002508128 0.060801797 0.008539999 -0.026402129 0.997764051
1341846233.922045 -0.0005649476 0.0081656288 0.0002509444 0.060017098 0.007529686 -0.026454458 0.997818351
1341846233.953967 -0.0005649448 0.0081656148 0.0002509388 0.05923235 0.006519382 -0.026506746 0.997870922
1341846233.989945 -0.0005649559999999999 0.0081656232 0.0002509164 0.058447585 0.005509041 -0.026558993 0.997921944
1341846234.021936 -0.0005649279999999999 0.008165631599999999 0.0002509948 0.057662759 0.004498719 -0.026611196 0.997971237
1341846234.053904 -0.0005649364 0.0081655644 0.0002509584 0.057369705 0.004823386 -0.026733357 0.997983336
1341846234.089899 -0.000564886 0.0081655392 0.0002510676 0.057079885 0.005152584 -0.02685556 0.997995079
1341846234.158063 -0.0005648776 0.0081654608 0.0002510984 0.056791723 0.00548581 -0.026977433 0.998006403
1341846234.189961 -0.0005648972 0.0081652564 0.0002509808 0.056506265 0.005820188 -0.027099127 0.99801743
1341846234.22213 -0.0005651968 0.008165998399999999 0.00025028919999999996 0.056615673 0.006162277 -0.027099827 0.998009145
1341846234.257875 -0.0005651828 0.0081661132 0.0002503368 0.056328289 0.006500094 -0.027220387 0.998019993
1341846234.28982 -0.0005651855999999999 0.0081660572 0.00025027519999999996 0.055870291 0.007419919 -0.027132198 0.998041749
1341846234.321998 -0.0005652276 0.0081659172 0.00025049079999999997 0.055416208 0.008340566 -0.027044082 0.998062134
1341846234.357904 -0.0005652863999999999 0.008165925599999999 0.00025053 0.056162674 0.008622263 -0.027172185 0.998014569
1341846234.389919 -0.0005653003999999999 0.008166018 0.0002505524 0.057217021 0.007969814 -0.027150379 0.997960687
1341846234.425915 -0.0005652976 0.008165987199999999 0.0002505748 0.058272939 0.007315314 -0.027127858 0.997905195
1341846234.4578 -0.000565208 0.008166102 0.00025036199999999996 0.059326887 0.006660844 -0.027105082 0.997848332
1341846234.490016 -0.0005652611999999999 0.0081662196 0.000250502 0.056494273 0.006285621 -0.027013965 0.998017609
1341846234.525867 -0.0005652836 0.0081660348 0.00025036759999999997 0.054844331 0.006551437 -0.026249101 0.998128295
1341846234.557961 -0.0005652528 0.008165998399999999 0.0002504292 0.053979654 0.006392882 -0.025281059 0.998201489
1341846234.5939 -0.0005652863999999999 0.008166048799999999 0.0002505104 0.053113725 0.006230121 -0.024312261 0.998273015
1341846234.658173 -0.0005652499999999999 0.008166048799999999 0.00025053559999999996 0.05199397 0.003953778 -0.022976685 0.998375177
1341846234.694104 -0.0005652135999999999 0.0081659452 0.0002506028 0.05087588 0.001681062 -0.021640588 0.998469114
1341846234.725911 -0.0005651912 0.008165987199999999 0.0002504348 0.051171631 0.000344427 -0.020094788 0.998487651
1341846234.758643 -0.000565208 0.0081660264 0.00025045439999999997 0.052405622 -0.000351968 -0.018642969 0.998451769
1341846234.793907 -0.0005652248 0.0081660964 0.00025039839999999996 0.052602291 -0.00015524 -0.017521765 0.998461783
1341846234.826106 -0.0005652948 0.0081661272 0.0002505244 0.051639382 0.000342284 -0.016981753 0.998521328
1341846234.86227 -0.0005653367999999999 0.0081660768 0.0002505384 0.051431041 0.000149496 -0.016754044 0.998535991
1341846234.893971 -0.0005653396 0.00816599 0.00025073999999999995 0.052194543 -0.000466015 -0.016734838 0.998496592
1341846234.926031 -0.0005652192 0.0081660264 0.0002504376 0.052958526 -0.001078885 -0.016716484 0.99845618
1341846234.961979 -0.0005652444 0.0081660656 0.0002504572 0.053730618 -0.000905208 -0.017166346 0.998407483
1341846234.994016 -0.0005653396 0.0081660852 0.0002505524 0.054502137 -0.000732811 -0.01761676 0.998357952
1341846235.026311 -0.0005653648 0.0081661384 0.0002505944 0.053386848 -0.001614796 -0.018660817 0.998398185
1341846235.061915 -0.0005652668 0.008166104799999999 0.0002504684 0.051535346 -0.001631305 -0.02007645 0.998468041
1341846235.094075 -0.0005653003999999999 0.0081659676 0.0002506616 0.049687278 -0.001647871 -0.021492114 0.998532176
1341846235.130068 -0.0005652668 0.0081659284 0.0002506252 0.049964126 -0.002236536 -0.022551425 0.99849385
1341846235.162449 -0.0005652611999999999 0.0081659284 0.0002505944 0.051066659 -0.003448162 -0.023293149 0.998417616
1341846235.193917 -0.0005651491999999999 0.0081659648 0.000250418 0.052169543 -0.004659201 -0.024034232 0.998338103
1341846235.229939 -0.00056469 0.008165998399999999 0.000250656 0.053268559 -0.0057228 -0.024374215 0.99826628
1341846235.261811 -0.0005647096 0.008166023599999999 0.000250712 0.053882491 -0.005845585 -0.024869593 0.998220444
1341846235.294134 -0.0005647096 0.0081659816 0.0002506924 0.054496508 -0.005966262 -0.025364675 0.998173892
1341846235.32989 -0.0005647012 0.0081660376 0.0002506392 0.055109929 -0.006085427 -0.025859622 0.998126805
1341846235.361974 -0.000564718 0.008166415599999999 0.0002505216 0.055006385 -0.005844649 -0.027031358 0.998102903
1341846235.398097 -0.0005646984 0.0081666424 0.0002506252 0.05561525 -0.005961364 -0.027526421 0.998054981
1341846235.462163 -0.0005647067999999999 0.008166659199999999 0.000250642 0.056223739 -0.006077896 -0.028021436 0.998006403
1341846235.498142 -0.0005644323999999999 0.008167796 0.00025062799999999997 0.056841746 -0.006223977 -0.028909694 0.99794513
1341846235.529989 -0.0005644492 0.0081678828 0.00025065879999999996 0.0574494 -0.00634045 -0.029404739 0.997895181
1341846235.561921 -0.0005644632 0.008167829599999999 0.00025057759999999997 0.058056895 -0.006456919 -0.029899763 0.997844517
1341846235.597951 -0.0005644771999999999 0.0081678464 0.00025057759999999997 0.058664154 -0.006573358 -0.030394772 0.997793317
1341846235.63016 -0.0005645276 0.0081680032 0.000250726 0.059271116 -0.006689853 -0.030889694 0.997741461
1341846235.667679 -0.0005647151999999999 0.0081686164 0.0002509416 0.059828296 -0.007135755 -0.031273447 0.997693121
1341846235.705783 -0.0005647348 0.0081685492 0.000250922 0.060435113 -0.007252261 -0.031768043 0.997640133
1341846235.730392 -0.0005647292 0.0081685828 0.0002508996 0.061041798 -0.007368728 -0.032262653 0.997586429
1341846235.766032 -0.0005647208 0.008168538 0.0002509416 0.061648428 -0.00748518 -0.032757264 0.997532129
1341846235.797942 -0.000564746 0.0081685016 0.000250908 0.062254988 -0.00760168 -0.033251844 0.997477233
1341846235.833964 -0.0005647292 0.008168504399999998 0.00025088 0.06286148 -0.007718184 -0.033746351 0.997421682
1341846235.866037 -0.0005646984 0.0081685324 0.00025088 0.06346786 -0.007834763 -0.034240715 0.997365534
1341846235.898007 -0.0005646704 0.0081685268 0.0002509416 0.064074129 -0.007951374 -0.034734882 0.997308731
1341846235.934106 -0.0005641943999999999 0.008167866 0.00025117119999999997 0.064822525 -0.008264716 -0.034695894 0.9972592
1341846235.965921 -0.0005641104 0.008167798799999999 0.0002511404 0.065428719 -0.008380536 -0.035189558 0.997201383
1341846235.997897 -0.0005640348 0.0081678436 0.0002511768 0.066034786 -0.008496188 -0.035683103 0.997142911
1341846236.034072 -0.0005639451999999999 0.0081678688 0.0002512412 0.066640779 -0.008611752 -0.036176484 0.997083783
1341846236.065823 -0.0005638723999999999 0.0081677708 0.0002512188 0.067246713 -0.008727299 -0.036669694 0.997024119
1341846236.101989 -0.0005631528 0.0081677736 0.0002515128 0.067841262 -0.008546499 -0.037224375 0.996964812
1341846236.134258 -0.0005631332 0.0081678772 0.0002515744 0.06844683 -0.008662041 -0.037717458 0.996903896
1341846236.166269 -0.0005631136 0.0081678688 0.0002516024 0.069052324 -0.008777603 -0.038210362 0.996842384
1341846236.202022 -0.00056308 0.0081679276 0.0002515688 0.069657713 -0.008893149 -0.038703125 0.996780217
1341846236.233893 -0.0005630324 0.0081680816 0.0002516556 0.070263006 -0.009008678 -0.039195742 0.996717453
1341846236.265924 -0.0005624639999999999 0.0081689748 0.000252154 0.070711121 -0.009220016 -0.039846726 0.996657968
1341846236.302018 -0.0005624444 0.008168986 0.0002521624 0.071316287 -0.009335641 -0.040338948 0.996594012
1341846236.333756 -0.0005624276 0.0081690224 0.0002521372 0.071921341 -0.00945118 -0.040831026 0.9965294
1341846236.369949 -0.0005623688 0.008169056 0.00025220999999999995 0.072526276 -0.009566623 -0.04132298 0.996464193
1341846236.401964 -0.0005622959999999999 0.008169081199999999 0.0002522688 0.073131129 -0.009682026 -0.041814819 0.99639827
1341846236.433828 -0.000562268 0.008169081199999999 0.00025229679999999995 0.073735908 -0.009797411 -0.042306535 0.996331871
1341846236.469948 -0.0005616995999999999 0.0081693668 0.00025275039999999996 0.074351043 -0.009652455 -0.042927939 0.996260941
1341846236.501946 -0.0005616436 0.008169358399999998 0.0002527672 0.074955545 -0.009767754 -0.043419562 0.99619323
1341846236.534764 -0.0005615819999999999 0.0081694284 0.0002528036 0.075559974 -0.009882994 -0.043911066 0.996124923
1341846236.569956 -0.0005614896 0.0081694648 0.0002529072 0.07616438 -0.009998192 -0.044402424 0.996055961
1341846236.601901 -0.0005614448 0.0081694256 0.0002529212 0.076768756 -0.010113345 -0.044893637 0.995986342
1341846236.637896 -0.0005603668 0.0081698736 0.000253442 0.077443533 -0.01040799 -0.045247741 0.995915055
1341846236.669818 -0.0005612376 0.008169616 0.000253036 0.077977285 -0.010343565 -0.045875661 0.995845318
1341846236.7021 -0.0005611872 0.008169658 0.000253176 0.078581415 -0.010458622 -0.046366517 0.995773911
1341846236.738521 -0.0005593196 0.0081696888 0.0002541308 0.079416074 -0.010829841 -0.046668634 0.995689631
1341846236.769905 -0.0005593728 0.008169299599999999 0.00025395159999999997 0.080020353 -0.010944637 -0.04715912 0.995616913
1341846236.805999 -0.0005597536 0.0081682104 0.0002528988 0.080920242 -0.011167424 -0.047570992 0.995522082
1341846236.844067 -0.0005597563999999999 0.008168255199999998 0.0002529128 0.081524357 -0.011281716 -0.048061289 0.995447934
1341846236.876573 -0.0005597283999999999 0.0081683168 0.0002528708 0.08212842 -0.011395963 -0.048551541 0.995373189
1341846236.911899 -0.0005597536 0.0081684512 0.0002529996 0.082732417 -0.011510189 -0.049041748 0.995297849
1341846236.944484 -0.0005597452 0.0081685016 0.0002530332 0.083336346 -0.011624411 -0.049531873 0.995221853
1341846236.975811 -0.00055972 0.0081684484 0.0002529716 0.083940215 -0.011738626 -0.050021905 0.995145261
1341846237.011848 -0.0005596975999999999 0.008168490399999999 0.0002530164 0.084543996 -0.011852826 -0.050511837 0.995068014
1341846237.04385 -0.0005596415999999999 0.008168538 0.00025305 0.085147709 -0.011966996 -0.051001679 0.99499017
1341846237.075882 -0.0005589499999999999 0.0081695908 0.00025369119999999997 0.085455768 -0.01194628 -0.051781625 0.99492377
1341846237.111887 -0.0005589891999999999 0.008169512399999999 0.0002536464 0.086059287 -0.012060821 -0.052271299 0.994844735
1341846237.143863 -0.0005590087999999999 0.0081694452 0.00025361839999999997 0.086662769 -0.012175371 -0.052760892 0.994765103
1341846237.175838 -0.000559006 0.0081695152 0.00025361279999999996 0.087266169 -0.012289928 -0.053250384 0.994684875
1341846237.211847 -0.0005590732 0.0081699324 0.0002533776 0.088012248 -0.012683682 -0.053358044 0.994608402
1341846237.243895 -0.0005589163999999999 0.008169658 0.0002537164 0.088472828 -0.012518959 -0.054229107 0.994522512
1341846237.280228 -0.0005589948 0.008169904399999999 0.0002533832 0.08921922 -0.012911974 -0.054336272 0.994444966
1341846237.312079 -0.0005590339999999999 0.0081699548 0.0002534112 0.08982262 -0.013026074 -0.054825194 0.994362354
1341846237.343828 -0.0005587232 0.0081701956 0.0002535904 0.09073431 -0.013212311 -0.054691926 0.994284451
1341846237.379983 -0.0005586896 0.008170234799999999 0.0002536016 0.091337673 -0.01332582 -0.055180632 0.994200647
1341846237.411962 -0.0005586867999999999 0.0081703188 0.0002535876 0.091940925 -0.013439273 -0.055669274 0.994116306
1341846237.44379 -0.0005584656 0.008171184 0.0002538984 0.092454575 -0.013408916 -0.056417767 0.99402684
1341846237.479911 -0.0005583032 0.008171408 0.00025403279999999996 0.092724554 -0.013151934 -0.057416309 0.993947923
1341846237.511862 -0.0005584068 0.008171318399999999 0.0002539124 0.093660273 -0.013636026 -0.057394914 0.99385494
1341846237.547914 -0.0005584768 0.008171408 0.0002539292 0.094262965 -0.013749595 -0.057883397 0.993768036
1341846237.579956 -0.0005585747999999999 0.0081726288 0.0002543044 0.094528869 -0.013777622 -0.058890868 0.993683219
1341846237.611852 -0.0005585468 0.0081728192 0.000254366 0.09500619 -0.013965593 -0.059341367 0.993608236
1341846237.647976 -0.000558558 0.0081728472 0.0002543968 0.09560845 -0.014079799 -0.059829626 0.993519604
1341846237.680417 -0.0005585636 0.008172878 0.00025439399999999996 0.096210599 -0.014194033 -0.060317818 0.993430316
1341846237.711902 -0.0005586419999999999 0.008173404399999999 0.00025463479999999995 0.09716095 -0.014497 -0.060331121 0.993332624
1341846237.74786 -0.0005586504 0.008173384799999999 0.00025463199999999997 0.097763114 -0.014610804 -0.060819097 0.993242145
1341846237.779848 -0.0005586559999999999 0.008173396 0.0002546208 0.098365225 -0.014724621 -0.061307006 0.993151009
1341846237.815934 -0.00055867 0.008173454799999999 0.00025460399999999996 0.098967277 -0.014838461 -0.061794851 0.993059278
1341846237.847966 -0.0005587036 0.0081735192 0.0002546432 0.099569254 -0.014952313 -0.062282633 0.99296689
1341846237.879781 -0.000559006 0.0081744348 0.0002546964 0.100440361 -0.015244911 -0.062352054 0.99287039
1341846237.916026 -0.0005590227999999999 0.008174487999999999 0.0002546964 0.101042263 -0.015358406 -0.062839635 0.992776811
1341846237.947857 -0.0005590172 0.0081745216 0.000254702 0.101644039 -0.015471908 -0.063327163 0.992682636
1341846237.978064 -0.0005589976 0.0081745524 0.0002547384 0.102245718 -0.015585405 -0.063814655 0.992587864
1341846238.010069 -0.0005589751999999999 0.008174586 0.0002547664 0.102847323 -0.015698887 -0.064302087 0.992492437
1341846238.045995 -0.0005587792 0.008175851599999999 0.00025511919999999995 0.103272356 -0.015601207 -0.065070443 0.992399752
1341846238.077963 -0.0005587735999999999 0.008175916 0.0002551332 0.103873558 -0.015714923 -0.065557852 0.992303133
1341846238.109791 -0.0005587595999999999 0.0081759356 0.0002551528 0.104474604 -0.015828613 -0.066045217 0.992205918
1341846238.145837 -0.0005587372 0.008175896399999999 0.0002551948 0.105075553 -0.015942248 -0.066532522 0.992108047
1341846238.177943 -0.0005587204 0.008175888 0.00025515 0.105676398 -0.016055813 -0.067019783 0.99200964
1341846238.209943 -0.0005583872 0.0081765208 0.00025548599999999997 0.105967887 -0.015883321 -0.067906283 0.991921008
1341846238.246227 -0.0005583704 0.0081765572 0.0002555112 0.106568359 -0.015997237 -0.068393558 0.991821349
1341846238.278227 -0.0005583535999999999 0.0081765544 0.0002555196 0.107168734 -0.016111134 -0.068880767 0.991721094
1341846238.345918 -0.0005583172 0.0081765796 0.00025552239999999997 0.107769035 -0.016224984 -0.069367945 0.991620243
1341846238.377978 -0.0005583255999999999 0.0081765656 0.0002555364 0.108369231 -0.01633879 -0.069855079 0.991518736
1341846238.413879 -0.0005583424 0.0081765348 0.000255514 0.108969353 -0.016452575 -0.070342168 0.991416633
1341846238.445979 -0.0005583535999999999 0.0081765432 0.0002555 0.109569356 -0.016566323 -0.07082919 0.991313934
1341846238.478188 -0.0005583312 0.0081765852 0.0002555056 0.110169269 -0.016680028 -0.071316198 0.991210639
1341846238.515328 -0.0005583255999999999 0.0081765852 0.000255528 0.110769056 -0.0167937 -0.071803145 0.991106689
1341846238.545906 -0.0005583395999999999 0.0081765768 0.00025552239999999997 0.111368731 -0.016907347 -0.072290033 0.991002142
1341846238.587827 -0.0005583367999999999 0.0081765684 0.00025552239999999997 0.111968301 -0.017020956 -0.072776876 0.990897
1341846238.645944 -0.0005578496 0.008177153599999999 0.0002559676 0.112165511 -0.016725309 -0.073597245 0.990819156
1341846238.681933 -0.0005578412 0.0081771984 0.00025599 0.112764649 -0.016839301 -0.07408417 0.990712941
1341846238.713917 -0.0005578244 0.008177189999999999 0.0002560208 0.113363661 -0.016953291 -0.074571021 0.99060607
1341846238.745925 -0.0005578132 0.008177189999999999 0.0002560124 0.113962561 -0.017067276 -0.075057812 0.990498662
1341846238.781932 -0.0005578272 0.0081772432 0.0002560152 0.114561394 -0.017181253 -0.075544544 0.990390599
1341846238.813869 -0.000557802 0.008177302 0.000256032 0.115160115 -0.017295219 -0.076031215 0.99028194
1341846238.849931 -0.0005577824 0.0081773608 0.0002560348 0.115758747 -0.017409179 -0.076517813 0.990172625
1341846238.881927 -0.0005581716 0.0081769632 0.0002557548 0.116761036 -0.017929452 -0.076669239 0.990033925
1341846238.914 -0.00055755 0.0081782288 0.00025673199999999997 0.117517501 -0.018340809 -0.076616101 0.989941001
1341846238.949903 -0.000557578 0.008178150399999999 0.0002567208 0.118116409 -0.018453995 -0.077102035 0.989829898
1341846239.017941 -0.0005576396 0.0081780552 0.00025662279999999997 0.118715264 -0.01856719 -0.077587865 0.989718199
1341846239.050041 -0.0005576172 0.0081780664 0.00025660879999999997 0.119314067 -0.018680409 -0.078073561 0.989605844
1341846239.081902 -0.0005576228 0.0081780552 0.0002566284 0.119912781 -0.018793631 -0.07855916 0.989492893
1341846239.117866 -0.0005576284 0.0081780468 0.00025662 0.120511442 -0.018906865 -0.079044662 0.989379346
1341846239.149976 -0.0005575808 0.00817803 0.00025666199999999995 0.121110015 -0.019020101 -0.079530068 0.989265144
1341846239.181897 -0.0005575304 0.0081780468 0.0002566536 0.121708542 -0.019133318 -0.080015339 0.989150405
1341846239.217929 -0.0005575416 0.008178198 0.00025667599999999995 0.122306965 -0.019246509 -0.080500528 0.98903501
1341846239.250009 -0.0005574156 0.0081783884 0.00025666199999999995 0.122644998 -0.01903349 -0.081289433 0.988932729
1341846239.285917 -0.0005573568 0.0081784472 0.000256704 0.123243026 -0.019146906 -0.081774615 0.988816202
1341846239.318442 -0.0005572868 0.00817852 0.0002567516 0.123840943 -0.019260256 -0.082259722 0.988699019
1341846239.34993 -0.0005572168 0.008178632 0.0002568244 0.124438755 -0.019373566 -0.082744762 0.9885813
1341846239.386011 -0.0005571215999999999 0.0081786348 0.00025691679999999994 0.125036493 -0.019486843 -0.083229721 0.988462925
1341846239.417983 -0.000557102 0.0081786516 0.00025692799999999996 0.125634119 -0.019600086 -0.083714604 0.988343954
1341846239.450112 -0.000557074 0.0081787076 0.00025695599999999997 0.126231655 -0.019713305 -0.084199421 0.988224387
1341846239.485973 -0.0005573568 0.008177876 0.0002565304 0.12652193 -0.019460069 -0.08525905 0.988101423
1341846239.517913 -0.0005572951999999999 0.0081779656 0.0002566004 0.127119064 -0.019573733 -0.085743919 0.987980545
1341846239.553979 -0.000556248 0.008179600799999999 0.0002577064 0.128104538 -0.020064343 -0.085905246 0.987829387
1341846239.585911 -0.0005555172 0.0081806648 0.00025854919999999997 0.128556281 -0.020075401 -0.086303696 0.987735748
1341846239.617967 -0.0005553883999999999 0.0081806872 0.0002587424 0.129152685 -0.020187564 -0.086787745 0.987613261
1341846239.653941 -0.0005552568 0.0081805332 0.0002589104 0.129749373 -0.020299768 -0.087271139 0.987490118
1341846239.685852 -0.0005552344 0.0081806396 0.00025885999999999997 0.130346119 -0.020412123 -0.087753922 0.987366438
1341846239.717923 -0.0005552652 0.008180810399999999 0.0002589608 0.130942449 -0.02052547 -0.088236012 0.987242222
1341846239.753857 -0.0005551756 0.0081809364 0.0002591232 0.131538332 -0.020640269 -0.088716887 0.987117469
1341846239.785918 -0.0005551056 0.0081810736 0.00025926599999999997 0.132133558 -0.02075577 -0.089197308 0.9869923
1341846239.82195 -0.0005552176 0.0081812836 0.000259364 0.132728264 -0.020871894 -0.08967717 0.986866534
1341846239.854023 -0.0005550692 0.008181474 0.000259532 0.133323058 -0.020991007 -0.090154104 0.986740351
1341846239.891801 -0.0005551671999999999 0.0081816588 0.00025882639999999995 0.134017274 -0.021375826 -0.090302743 0.986624479
1341846239.953963 -0.0005552259999999999 0.008181964 0.0002591456 0.134611517 -0.021496462 -0.090777196 0.986497402
1341846239.985997 -0.0005551616 0.008181922 0.00025903359999999997 0.135123789 -0.021574313 -0.091347404 0.986373007
1341846240.022055 -0.0005553828 0.0081821964 0.0002589104 0.135796413 -0.021739187 -0.091723159 0.986242175
1341846240.053998 -0.0005550132 0.0081821656 0.00025884599999999997 0.136387393 -0.021860804 -0.092195116 0.986113906
1341846240.089841 -0.0005550916 0.008181922 0.00025906439999999996 0.136977866 -0.021982465 -0.09266644 0.98598516
1341846240.121795 -0.0005550692 0.008182067599999999 0.00025882079999999994 0.137567803 -0.022104235 -0.0931371 0.985855937
1341846240.159862 -0.0005551308 0.0081818296 0.00025899439999999994 0.138208225 -0.022145044 -0.09381146 0.985701501
1341846240.195884 -0.0005550188 0.0081817288 0.00025891879999999996 0.138802111 -0.022218341 -0.094149038 0.985584259
1341846240.227927 -0.0005549543999999999 0.0081817456 0.0002591204 0.139392346 -0.022340575 -0.094616964 0.985453367
1341846240.259887 -0.0005549347999999999 0.0081818968 0.0002590252 0.139982268 -0.022463471 -0.095084026 0.985321999
1341846240.290031 -0.0005548759999999999 0.008181910799999999 0.0002588796 0.140571982 -0.022586677 -0.095550127 0.985190094
1341846240.322206 -0.0005548759999999999 0.0081821124 0.0002588656 0.141161263 -0.022710348 -0.096015178 0.985057771
1341846240.357948 -0.0005549907999999999 0.008182571599999999 0.00025875359999999995 0.141698524 -0.022990324 -0.096542872 0.984922528
1341846240.422212 -0.000554106 0.008183935199999999 0.0002595628 0.142286405 -0.023117162 -0.097004361 0.984789491
1341846240.458143 -0.0005541004 0.008184072399999999 0.000259518 0.14287284 -0.023246877 -0.097463593 0.984656155
1341846240.490243 -0.0005548844 0.008183728 0.00025868639999999997 0.143394873 -0.023159226 -0.097886525 0.984540403
1341846240.525976 -0.0005550356 0.0081835656 0.00025916799999999994 0.143980891 -0.02329012 -0.098343998 0.984406173
1341846240.557894 -0.0005550943999999999 0.0081831708 0.00025939199999999995 0.144566849 -0.023421533 -0.098800495 0.984271467
1341846240.590418 -0.0005554275999999999 0.0081825632 0.0002586892 0.145219222 -0.023717932 -0.099299252 0.984118164
1341846240.626172 -0.0005554052 0.0081825688 0.0002589804 0.145804346 -0.023849584 -0.099753231 0.983982503
1341846240.657964 -0.0005556096 0.0081829524 0.000258482 0.146389425 -0.023982152 -0.100206323 0.983846366
1341846240.689825 -0.0005555536 0.008182706 0.0002586556 0.146974921 -0.024115887 -0.100657851 0.983709753
1341846240.725903 -0.0005555312 0.0081830308 0.0002583812 0.147622705 -0.024251085 -0.101096667 0.983564377
1341846240.757973 -0.0005554863999999999 0.0081832352 0.00025854359999999996 0.148146257 -0.024385178 -0.101562113 0.983434379
1341846240.794024 -0.0005554275999999999 0.0081823448 0.0002589048 0.148793668 -0.024524165 -0.101993613 0.983288527
1341846240.826068 -0.0005553436 0.0081826612 0.00025890759999999994 0.149406314 -0.024686949 -0.102402233 0.983149052
1341846240.858147 -0.0005552371999999999 0.0081829048 0.00025894679999999997 0.149971142 -0.02480695 -0.102888502 0.983009279
1341846240.894038 -0.0005550775999999999 0.0081832408 0.00025906439999999996 0.150556847 -0.024946023 -0.1033336 0.982869506
1341846240.925975 -0.000554974 0.0081834844 0.0002592772 0.151142687 -0.025085319 -0.103777759 0.982729256
1341846240.95808 -0.0005548256 0.008183616 0.00025942 0.151728168 -0.025224371 -0.104221046 0.98258853
1341846240.994099 -0.0005547752 0.0081838288 0.0002596412 0.152313381 -0.025363375 -0.104663782 0.982447386
1341846241.026041 -0.0005546772 0.008183599199999999 0.0002596972 0.152877733 -0.025491912 -0.105126977 0.982306898
1341846241.062449 -0.000554722 0.0081836356 0.000259406 0.153462514 -0.025629997 -0.105568998 0.982164741
1341846241.094372 -0.0005548872 0.0081842208 0.00025906439999999996 0.15404737 -0.025767067 -0.106010586 0.982021987
1341846241.126068 -0.0005547163999999999 0.008184352399999999 0.00025952079999999996 0.154632285 -0.025903912 -0.106451839 0.981878757
1341846241.167863 -0.0005544699999999999 0.008183853999999999 0.0002598988 0.155201122 -0.026000112 -0.10688667 0.981739223
1341846241.230127 -0.0005542963999999999 0.0081837168 0.00026027399999999995 0.155785784 -0.026136082 -0.1073272 0.98159492
1341846241.261868 -0.0005543188 0.0081838708 0.0002601396 0.156370118 -0.026271865 -0.107767291 0.98145014
1341846241.295211 -0.0005541872 0.008183741999999999 0.0002603916 0.156953961 -0.026407419 -0.108207256 0.981304884
1341846241.329804 -0.0005543216 0.0081841956 0.00026004719999999997 0.157530054 -0.026502771 -0.108732007 0.981151998
1341846241.362 -0.0005541144 0.0081840948 0.00026048399999999995 0.158111066 -0.026636634 -0.109172478 0.981005967
1341846241.394012 -0.0005540416 0.0081843748 0.0002604252 0.158691108 -0.026769901 -0.109613083 0.980859518
1341846241.430126 -0.0005540052 0.008184464399999999 0.00026038319999999995 0.159270048 -0.02690234 -0.110053979 0.980712712
1341846241.462018 -0.0005539771999999999 0.0081842964 0.0002605988 0.159816936 -0.027045039 -0.110490382 0.980570734
1341846241.497907 -0.0005539072 0.0081847024 0.000260288 0.160394326 -0.027175939 -0.110930957 0.980423093
1341846241.52993 -0.0005537755999999999 0.008184834 0.00026032999999999997 0.16097118 -0.027306741 -0.111371726 0.980274916
1341846241.562493 -0.0005535852 0.0081849656 0.0002605232 0.161547288 -0.02743738 -0.111813068 0.980126262
1341846241.598412 -0.0005538288 0.0081851924 0.00026043919999999996 0.16204232 -0.027526544 -0.11232876 0.979983091
1341846241.629998 -0.0005537812 0.0081852344 0.0002604588 0.162616253 -0.027656853 -0.112771198 0.979833484
1341846241.662234 -0.0005536887999999999 0.0081854024 0.00026046439999999994 0.163188532 -0.027786173 -0.113214321 0.979683578
1341846241.698098 -0.0005536607999999999 0.0081854724 0.0002604056 0.16375944 -0.027914314 -0.113658145 0.979533315
1341846241.729805 -0.0005534368 0.0081852232 0.00026092359999999997 0.164316863 -0.028032614 -0.114107303 0.979384303
1341846241.765805 -0.000552818 0.008186793999999999 0.0002613044 0.165191039 -0.02832984 -0.114189535 0.979219139
1341846241.79797 -0.0005535291999999999 0.0081855172 0.00026073599999999996 0.165452331 -0.028284537 -0.114998914 0.979081571
1341846241.83024 -0.0005533779999999999 0.0081853604 0.0002609936 0.166017801 -0.028409133 -0.115445562 0.978929698
1341846241.865867 -0.0005531819999999999 0.0081858392 0.0002610888 0.166626215 -0.028536316 -0.115857571 0.978773952
1341846241.898156 -0.000553112 0.0081858308 0.0002612372 0.167206228 -0.028697161 -0.116310365 0.978616595
1341846241.929917 -0.0005528124 0.008185828 0.00026106079999999997 0.167790622 -0.028827207 -0.116697006 0.978466749
1341846241.965882 -0.0005525044 0.0081863544 0.00026057639999999997 0.168352455 -0.028951759 -0.117142834 0.978313267
1341846241.998017 -0.000552594 0.0081863544 0.0002610244 0.168918893 -0.029100887 -0.117608249 0.978155315
1341846242.034019 -0.0005521208 0.008186497199999998 0.00026055399999999997 0.169433877 -0.029157432 -0.118087046 0.978006899
1341846242.066365 -0.0005522607999999999 0.0081861108 0.00026148079999999997 0.170038521 -0.029348411 -0.118497431 0.977846563
1341846242.097916 -0.0005523279999999999 0.008185475199999999 0.000262066 0.17059733 -0.029472612 -0.118941829 0.977691531
1341846242.13398 -0.0005523364 0.0081856376 0.0002616236 0.171163365 -0.029643957 -0.119350784 0.977537572
1341846242.165895 -0.0005522719999999999 0.0081855088 0.0002618084 0.171767741 -0.029727727 -0.119835272 0.977369726
1341846242.197924 -0.0005521991999999999 0.0081855452 0.0002617888 0.172325507 -0.02985283 -0.12027847 0.977213264
1341846242.234487 -0.000552216 0.0081855284 0.00026169079999999997 0.172883436 -0.029977791 -0.12072105 0.977056324
1341846242.269588 -0.0005521151999999999 0.008185405199999999 0.0002617272 0.173441544 -0.030102976 -0.121162832 0.976898849
1341846242.301972 -0.000552034 0.008185475199999999 0.00026192319999999997 0.173999339 -0.03022776 -0.121604241 0.976740956
1341846242.333996 -0.0005518156 0.0081850888 0.00026257 0.174556628 -0.030352138 -0.12204539 0.976582646
1341846242.366 -0.0005510567999999999 0.0081864104 0.0002625392 0.175156429 -0.030588211 -0.122117862 0.976458788
1341846242.401903 -0.0005517931999999999 0.008185349199999999 0.000262276 0.17560707 -0.030702055 -0.122619383 0.976311445
1341846242.433933 -0.0005517036 0.0081853184 0.0002625504 0.176162958 -0.030825464 -0.123059087 0.976152062
1341846242.469883 -0.0005514935999999999 0.0081848284 0.00026290879999999996 0.176718771 -0.030947501 -0.123498142 0.975992262
1341846242.501972 -0.0005516168 0.008185108399999998 0.0002624496 0.177274257 -0.031068981 -0.123936474 0.975832105
1341846242.534063 -0.0005515216 0.008185382799999998 0.0002626792 0.177829012 -0.031189699 -0.124374248 0.975671649
1341846242.569931 -0.0005513788 0.008185573199999999 0.0002626736 0.178383231 -0.031310093 -0.124811657 0.975510716
1341846242.602 -0.00055125 0.008185323999999999 0.00026309639999999996 0.178937137 -0.031430468 -0.1252487 0.975349367
1341846242.634077 -0.0005512248 0.0081858392 0.0002630068 0.17949073 -0.031550948 -0.125685558 0.97518754
1341846242.670215 -0.0005510904 0.008186164 0.00026300119999999997 0.180043921 -0.031671371 -0.126122355 0.975025237
1341846242.701929 -0.0005510036 0.008186304 0.00026303759999999997 0.180596724 -0.031791687 -0.126559183 0.974862516
1341846242.737996 -0.000551054 0.008186497199999998 0.0002630236 0.181146428 -0.03191027 -0.126992598 0.974700272
1341846242.769937 -0.0005510679999999999 0.0081864748 0.00026305999999999996 0.181698546 -0.032030359 -0.127429098 0.974536598
1341846242.80808 -0.0005510819999999999 0.0081865056 0.00026303199999999996 0.182250202 -0.032150265 -0.127865493 0.974372447
1341846242.869936 -0.0005510679999999999 0.0081867856 0.0002632588 0.182801276 -0.032269984 -0.128301844 0.974207878
1341846242.902131 -0.000550956 0.008186836 0.0002633988 0.183351845 -0.032389406 -0.128738329 0.974042833
1341846242.938061 -0.0005509448 0.008186889199999998 0.0002633316 0.183901861 -0.03250863 -0.129175022 0.97387737
1341846242.969969 -0.0005508804 0.0081867968 0.0002635192 0.184451595 -0.032627773 -0.129611626 0.973711371
1341846243.00581 -0.0005508664 0.0081867296 0.000263438 0.185001135 -0.032746974 -0.130047888 0.973544955
1341846243.038095 -0.0005509616 0.0081871356 0.0002632588 0.185550511 -0.032866154 -0.130483732 0.973378062
1341846243.070041 -0.0005508468 0.0081871328 0.0002637096 0.186099678 -0.032985352 -0.130919322 0.973210692
1341846243.106059 -0.0005508692 0.008187661999999998 0.000263648 0.186648577 -0.033104368 -0.131354928 0.973042786
1341846243.137899 -0.000550704 0.008187519199999998 0.00026393079999999995 0.187197223 -0.033223376 -0.13179031 0.972874463
1341846243.169985 -0.0005506507999999999 0.0081877292 0.0002637684 0.187745705 -0.033342399 -0.132225394 0.972705662
1341846243.206007 -0.0005505528 0.008187740399999999 0.000263984 0.188293889 -0.033461228 -0.132660285 0.972536385
1341846243.237999 -0.000550354 0.008187844 0.000264264 0.18884182 -0.033579905 -0.133095056 0.972366631
1341846243.274026 -0.000550326 0.0081878692 0.0002644684 0.189390227 -0.033693239 -0.133529201 0.972196519
1341846243.305879 -0.0005503232 0.0081879308 0.00026434799999999997 0.189937472 -0.033810496 -0.133964136 0.972025812
1341846243.338022 -0.0005503232 0.008187958799999999 0.00026424159999999995 0.190484568 -0.033927467 -0.134399012 0.971854627
1341846243.374348 -0.0005502504 0.008187718 0.0002643452 0.191031203 -0.034044124 -0.134833708 0.971683085
1341846243.405837 -0.0005503315999999999 0.0081879812 0.0002641996 0.191577345 -0.034160726 -0.135268152 0.971511006
1341846243.442193 -0.0005503932 0.0081882164 0.0002640652 0.192122877 -0.034277447 -0.135702237 0.97133863
1341846243.473902 -0.0005501468 0.0081882612 0.0002639672 0.192668125 -0.034394145 -0.13613598 0.971165836
1341846243.505839 -0.0005501944 0.0081881996 0.00026433399999999997 0.193214491 -0.034515452 -0.136561856 0.970993161
1341846243.542001 -0.0005501972 0.0081884152 0.0002644544 0.193759158 -0.034631498 -0.136994675 0.970819473
1341846243.574058 -0.000550018 0.0081885468 0.000264432 0.194303527 -0.034747295 -0.137427032 0.970645487
1341846243.605841 -0.0005498724 0.0081885328 0.00026456639999999996 0.194847807 -0.034863126 -0.137859046 0.970470905
1341846243.642015 -0.0005497772 0.00818839 0.000264642 0.195392057 -0.034979027 -0.138290599 0.970295906
1341846243.673926 -0.00054964 0.0081884488 0.00026477639999999996 0.195936278 -0.035094969 -0.138721675 0.97012043
1341846243.710095 -0.0005495112 0.008188544 0.0002647652 0.196480453 -0.035210978 -0.139152303 0.969944477
1341846243.741951 -0.0005496623999999999 0.008188658799999998 0.0002648688 0.197024673 -0.035326976 -0.1395825 0.969767988
1341846243.774067 -0.000549528 0.0081889276 0.000264922 0.19756873 -0.035442986 -0.140012383 0.969591081
1341846243.809881 -0.0005493124 0.008188767999999999 0.000265258 0.19811213 -0.035556171 -0.140444249 0.969413638
1341846243.841971 -0.0005492088 0.0081888296 0.00026536999999999996 0.198656067 -0.035672255 -0.140873283 0.969235778
1341846243.874062 -0.0005492396 0.0081891516 0.00026496399999999997 0.199199989 -0.035788588 -0.141301706 0.9690575
1341846243.910022 -0.0005492871999999999 0.008189087199999999 0.00026505079999999997 0.199745625 -0.035908025 -0.141721264 0.968879461
1341846243.941928 -0.0005491304 0.0081889416 0.00026500039999999996 0.200289875 -0.036022272 -0.142147824 0.968700349
1341846243.978045 -0.0005489036 0.008189129199999999 0.00026510959999999996 0.200834081 -0.036136206 -0.142574027 0.968520761
1341846244.009892 -0.0005487104 0.0081895324 0.0002650424 0.201378122 -0.036249712 -0.142999858 0.968340755
1341846244.042105 -0.0005485228 0.008189417599999999 0.00026515999999999996 0.201922134 -0.036363214 -0.143425062 0.968160331
1341846244.077884 -0.0005484864 0.0081892328 0.000265356 0.20246619 -0.036476947 -0.143849403 0.967979431
1341846244.115904 -0.0005483968 0.008189496 0.0002653504 0.203010529 -0.036590587 -0.144273072 0.967798114
1341846244.15185 -0.0005482203999999999 0.00818958 0.00026564439999999997 0.203555003 -0.036704246 -0.144696012 0.96761626
1341846244.184334 -0.0005480579999999999 0.0081895996 0.0002655464 0.204099581 -0.036817886 -0.145118266 0.967433929
1341846244.215953 -0.0005479348 0.0081894876 0.00026574519999999997 0.204644307 -0.036931857 -0.145539775 0.967251182
1341846244.251877 -0.0005478228 0.0081896836 0.0002659132 0.20518896 -0.03704625 -0.145960748 0.967068017
1341846244.28388 -0.0005479208 0.0081894372 0.000266476 0.205732733 -0.037160758 -0.146382108 0.966884375
1341846244.316068 -0.0005480524 0.0081895324 0.00026637519999999997 0.206277594 -0.037275705 -0.146801487 0.966700256
1341846244.351999 -0.0005479571999999999 0.0081895828 0.0002663864 0.206823826 -0.037390493 -0.147216365 0.966516018
1341846244.38404 -0.0005478872 0.0081896892 0.0002664172 0.207368642 -0.037512407 -0.14763315 0.966331005
1341846244.419869 -0.0005478508 0.0081898992 0.00026608959999999994 0.207913622 -0.03763881 -0.148047775 0.966145515
1341846244.451888 -0.0005476715999999999 0.0081898544 0.0002664676 0.20845744 -0.037765015 -0.148462027 0.965959787
1341846244.483871 -0.0005474168 0.0081899496 0.00026679519999999997 0.209000573 -0.037890762 -0.148875967 0.965773821
1341846244.519923 -0.0005471283999999999 0.008189915999999998 0.0002670248 0.209543481 -0.038015965 -0.14928937 0.965587378
1341846244.551942 -0.0005468287999999999 0.008189549199999998 0.00026726559999999997 0.210086554 -0.038140208 -0.149702236 0.965400517
1341846244.583892 -0.0005466411999999999 0.008189739599999999 0.000267162 0.210629821 -0.03826452 -0.150114328 0.965213239
1341846244.61987 -0.0005464563999999999 0.008189915999999998 0.00026728799999999997 0.211173296 -0.038388785 -0.150525674 0.965025485
1341846244.65185 -0.0005462576 0.0081897228 0.00026772199999999997 0.211716965 -0.038512591 -0.150936365 0.964837253
1341846244.683815 -0.0005463164 0.008190784 0.000266434 0.212260783 -0.038635932 -0.151346311 0.964648604
1341846244.719873 -0.0005462128 0.00819098 0.0002665684 0.212804109 -0.038759593 -0.151755914 0.964459538
1341846244.751827 -0.0005464144 0.008191218 0.0002666692 0.213534147 -0.038082842 -0.151636764 0.964343905
1341846244.7883 -0.000546504 0.00819098 0.0002669996 0.214264035 -0.037406057 -0.151516974 0.964227319
1341846244.820099 -0.0005465124 0.0081908008 0.0002671676 0.214994252 -0.036729362 -0.151396349 0.964109719
1341846244.851973 -0.0005465207999999999 0.00819091 0.0002668288 0.215725482 -0.036052134 -0.151274607 0.963991046
1341846244.887873 -0.0005463584 0.0081906216 0.0002667924 0.216457352 -0.035374332 -0.151152015 0.9638713
1341846244.920072 -0.0005462183999999999 0.0081905768 0.00026711439999999996 0.217185676 -0.034693893 -0.151031971 0.963751018
1341846244.952621 -0.0005463136 0.008190842799999999 0.00026652359999999994 0.21792075 -0.034016628 -0.150905639 0.963629007
1341846244.987985 -0.0005462436 0.0081908932 0.0002664088 0.218653843 -0.033337437 -0.150780797 0.963506222
1341846245.02006 -0.0005464116 0.008191509199999999 0.0002663304 0.219386712 -0.032658033 -0.150655016 0.963382602
1341846245.051869 -0.0005463528 0.0081915232 0.0002669436 0.220119029 -0.03197851 -0.150528982 0.963258028
1341846245.088236 -0.00054621 0.0081918088 0.0002670612 0.220850989 -0.031298552 -0.15040274 0.963132501
1341846245.119935 -0.0005462576 0.008191931999999999 0.0002672348 0.2215828 -0.03061847 -0.15027608 0.96300602
1341846245.151835 -0.0005463079999999999 0.008191638 0.000267694 0.222314432 -0.029938344 -0.150149152 0.962878644
1341846245.187889 -0.0005463051999999999 0.0081911088 0.0002682904 0.223045945 -0.029258141 -0.150021747 0.962750196
1341846245.219842 -0.0005466691999999999 0.0081920412 0.00026759879999999997 0.223776817 -0.028578635 -0.149893746 0.962620914
1341846245.25603 -0.0005468316 0.008192455599999999 0.0002673132 0.223494276 -0.027833082 -0.150146514 0.962669015
1341846245.287962 -0.0005468287999999999 0.0081919404 0.00026778919999999995 0.223210573 -0.027090361 -0.150399715 0.96271652
1341846245.319885 -0.0005467531999999999 0.0081917388 0.0002678676 0.22284317 -0.027193531 -0.150689825 0.962753356
1341846245.355859 -0.0005467308 0.008191498 0.00026801879999999997 0.222474813 -0.027301528 -0.150979817 0.962790072
1341846245.387919 -0.0005468035999999999 0.0081912852 0.00026828759999999996 0.222107142 -0.027415127 -0.151268378 0.962826431
1341846245.423977 -0.0005464312 0.0081913944 0.0002676828 0.22174333 -0.027532073 -0.151553527 0.962862074
1341846245.455822 -0.0005464704 0.0081914196 0.0002677612 0.222684085 -0.027828353 -0.150921032 0.962735832
1341846245.487804 -0.000546812 0.008191377599999999 0.0002681252 0.223623976 -0.028125815 -0.150288224 0.962608278
1341846245.523916 -0.0005467671999999999 0.0081909436 0.0002684864 0.223767102 -0.027901791 -0.14956066 0.962694883
1341846245.555797 -0.0005471311999999999 0.0081911676 0.00026862079999999996 0.223906249 -0.027682506 -0.148834452 0.96278137
1341846245.591988 -0.00054705 0.0081911368 0.000268422 0.223883078 -0.028167173 -0.148153454 0.96287775
1341846245.623837 -0.0005469352 0.0081909212 0.0002681448 0.22386384 -0.028650496 -0.147469878 0.962972879
1341846245.65589 -0.0005470135999999999 0.008190806399999999 0.0002684696 0.224710986 -0.028361818 -0.146729335 0.962897241
1341846245.69206 -0.0005473664 0.008191091999999999 0.00026834079999999994 0.224621072 -0.027046798 -0.146391407 0.96300745
1341846245.724517 -0.0005473607999999999 0.008190994 0.0002683436 0.224502474 -0.026566457 -0.145705566 0.963152528
1341846245.760068 -0.0005473635999999999 0.0081910584 0.00026781999999999994 0.224388719 -0.026087653 -0.145016417 0.963296115
1341846245.791914 -0.000547386 0.0081905964 0.0002681028 0.224278092 -0.025611475 -0.144324958 0.963438451
1341846245.824142 -0.0005473887999999999 0.008190568399999999 0.000268226 0.224850923 -0.024601785 -0.142925695 0.963539839
1341846245.860005 -0.0005476379999999999 0.0081906916 0.00026819239999999997 0.224213436 -0.024452476 -0.141896471 0.963844299
1341846245.891878 -0.0005476239999999999 0.008190806399999999 0.0002680244 0.223573953 -0.024302101 -0.140867606 0.964147508
1341846245.927903 -0.0005475932 0.0081908232 0.0002676408 0.222934887 -0.024144562 -0.139839247 0.964449108
1341846245.986182 -0.0005477472 0.0081906972 0.00026725159999999997 0.222296402 -0.023987712 -0.138810441 0.964748979
1341846246.022057 -0.0005479488 0.0081904844 0.00026716479999999997 0.221658885 -0.023833666 -0.1377808 0.965047002
1341846246.053871 -0.0005481504 0.0081901932 0.000266966 0.221021816 -0.023680815 -0.136750489 0.965343356
1341846246.085916 -0.0005484331999999999 0.0081902408 0.0002663276 0.220384791 -0.023528362 -0.135719493 0.96563822
1341846246.121806 -0.0005485984 0.0081903836 0.00026607 0.22058177 -0.024376148 -0.135295928 0.965631664
1341846246.153949 -0.0005485927999999999 0.0081901848 0.0002661372 0.220778525 -0.025223559 -0.134872586 0.965624154
1341846246.222002 -0.0005486628 0.0081899552 0.00026620999999999996 0.220974043 -0.026069691 -0.134450257 0.965615809
1341846246.253984 -0.0005486768 0.008189901999999999 0.00026638359999999996 0.221168876 -0.026915608 -0.134028405 0.965606689
1341846246.289808 -0.0005485535999999999 0.0081894372 0.00026654879999999997 0.221363172 -0.027760427 -0.133606717 0.965596676
1341846246.322001 -0.0005482063999999999 0.0081893952 0.0002667056 0.221556306 -0.028604282 -0.133185953 0.965585887
1341846246.353946 -0.0005484751999999999 0.008189398 0.000267022 0.22006689 -0.027181942 -0.133326158 0.965948164
1341846246.389885 -0.0005487131999999999 0.0081899328 0.0002660616 0.218814701 -0.024836352 -0.133524165 0.966268361
1341846246.421855 -0.0005490184 0.008189748 0.0002655156 0.217559144 -0.022489905 -0.133723557 0.966581702
1341846246.457915 -0.0005492928 0.0081894484 0.00026574239999999994 0.216303989 -0.020143609 -0.133921489 0.966887712
1341846246.489829 -0.0005493852 0.0081898572 0.0002654288 0.215047434 -0.017797541 -0.134118706 0.96718663
1341846246.521912 -0.0005494355999999999 0.008189784399999999 0.0002654036 0.21378842 -0.015452566 -0.134314701 0.967478812
1341846246.558038 -0.0005495252 0.0081898488 0.00026522439999999997 0.212529063 -0.013112127 -0.134508461 0.967763901
1341846246.589826 -0.0005498807999999999 0.0081897004 0.000264824 0.21126844 -0.010772484 -0.134700626 0.968042016
1341846246.622033 -0.0005502224 0.0081894624 0.0002647876 0.210006878 -0.008433845 -0.134890437 0.968313217
1341846246.658046 -0.0005502952 0.0081889528 0.00026532519999999997 0.209064066 -0.00842538 -0.133608848 0.968694985
1341846246.689939 -0.0005506367999999999 0.0081895688 0.00026453279999999994 0.20812054 -0.008423007 -0.132324696 0.969074309
1341846246.725903 -0.0005508776 0.0081892328 0.0002646588 0.207175523 -0.008423642 -0.131040603 0.969451249
1341846246.757894 -0.000551152 0.008189412 0.0002642584 0.206229374 -0.008425353 -0.129756153 0.969825685
1341846246.789989 -0.0005513088 0.0081893672 0.0002641632 0.205281928 -0.008427369 -0.128471613 0.970197618
1341846246.826059 -0.0005514404 0.0081890088 0.0002642584 0.204333499 -0.008429651 -0.127187073 0.970566988
1341846246.857869 -0.0005517484 0.0081887932 0.00026393079999999995 0.203384563 -0.008432888 -0.125902131 0.970933735
1341846246.893944 -0.0005518856 0.008188314399999999 0.00026418839999999997 0.202435181 -0.008436694 -0.12461666 0.97129786
1341846246.925896 -0.0005522384 0.0081886784 0.0002636928 0.201485217 -0.008440715 -0.123330832 0.971659362
1341846246.95809 -0.0005523755999999999 0.0081884516 0.00026367039999999995 0.200534701 -0.008445166 -0.122044489 0.972018361
1341846246.993936 -0.0005523784 0.008187983999999999 0.0002638832 0.199583203 -0.008449346 -0.120758228 0.972374737
1341846247.026204 -0.0005526808 0.0081877964 0.00026372639999999996 0.198631018 -0.00845452 -0.119471967 0.972728431
1341846247.057936 -0.0005529663999999999 0.00818741 0.000263522 0.19767949 -0.008459932 -0.118185677 0.973079324
1341846247.093899 -0.0005532128 0.0081872728 0.00026314959999999994 0.196727484 -0.008465233 -0.116899192 0.973427534
1341846247.126028 -0.0005534088 0.008187057199999999 0.0002631076 0.195774943 -0.008470392 -0.115612641 0.973773181
1341846247.162093 -0.0005536468 0.0081871188 0.0002626876 0.194821626 -0.008475416 -0.114326082 0.974116147
1341846247.194072 -0.0005536383999999999 0.0081865168 0.00026219479999999994 0.193867773 -0.008480529 -0.113039061 0.974456549
1341846247.225977 -0.0005535824 0.0081861556 0.00026199039999999995 0.192913175 -0.008485195 -0.111751154 0.974794447
1341846247.261953 -0.0005537923999999999 0.0081855844 0.0002615872 0.191959321 -0.008491845 -0.110462248 0.975129545
1341846247.293957 -0.0005539548 0.008184789199999999 0.0002607052 0.191003084 -0.00849735 -0.109174661 0.975462198
1341846247.325987 -0.0005540975999999999 0.0081843692 0.0002603412 0.190047592 -0.008503213 -0.107884496 0.975792289
1341846247.36194 -0.0005544195999999999 0.008184601599999999 0.00026050359999999997 0.189091519 -0.008509798 -0.106593363 0.976119757
1341846247.430187 -0.000554596 0.008185108399999998 0.0002607724 0.188135117 -0.008517618 -0.105302311 0.976444602
1341846247.462223 -0.0005548816 0.008184946 0.00026103559999999994 0.187177017 -0.00852728 -0.104011878 0.976766884
1341846247.493952 -0.0005552147999999999 0.0081847864 0.0002607276 0.186218053 -0.008537223 -0.102721624 0.977086604
1341846247.530027 -0.0005552568 0.0081844168 0.00026064079999999997 0.185259253 -0.008546989 -0.101431198 0.977403522
1341846247.562209 -0.0005553743999999999 0.0081839268 0.00026031599999999997 0.184300169 -0.008556585 -0.100140408 0.977717817
1341846247.594166 -0.0005556011999999999 0.008183613199999999 0.00025977559999999995 0.18334049 -0.008566046 -0.098849408 0.97802949
1341846247.630035 -0.0005558868 0.0081836972 0.000259728 0.182380006 -0.008575389 -0.097558439 0.978338599
1341846247.662701 -0.0005560016 0.0081837644 0.0002598204 0.181418717 -0.008584498 -0.096267626 0.978645027
1341846247.697913 -0.0005558475999999999 0.0081832884 0.00025978679999999997 0.180456728 -0.008593488 -0.094976768 0.978948891
1341846247.730051 -0.0005560799999999999 0.008183461999999999 0.00025969439999999996 0.179494068 -0.008602378 -0.093685791 0.979250133
1341846247.76218 -0.0005562452 0.008183196 0.00025969999999999997 0.178531036 -0.008611205 -0.092394345 0.979548752
1341846247.798768 -0.0005562256 0.0081826584 0.0002593836 0.177569166 -0.008619769 -0.091102168 0.979844511
1341846247.830259 -0.0005563431999999999 0.0081826752 0.00025926599999999997 0.176607579 -0.008627662 -0.089809328 0.980137527
1341846247.865875 -0.0005564664 0.0081828796 0.00025935279999999997 0.17564553 -0.008634655 -0.088516369 0.980427921
1341846247.898157 -0.0005563012 0.0081821236 0.0002592576 0.17468293 -0.008641461 -0.087223299 0.980715692
1341846247.930002 -0.000556738 0.008181961199999999 0.0002586332 0.173719943 -0.008648286 -0.085929722 0.981000841
1341846247.966006 -0.0005572476 0.0081820508 0.00025871719999999996 0.172756597 -0.008655486 -0.084635653 0.981283367
1341846247.998062 -0.0005573511999999999 0.008181513199999999 0.0002584708 0.171793059 -0.008663091 -0.083340816 0.98156321
1341846248.030615 -0.0005574127999999999 0.008180978399999999 0.00025812919999999997 0.170829192 -0.008670872 -0.082045324 0.981840491
1341846248.065891 -0.0005574632 0.008180989599999999 0.0002580732 0.169864833 -0.008678583 -0.080749601 0.98211509
1341846248.098211 -0.0005573904 0.0081809196 0.0002581964 0.168899715 -0.008686024 -0.079454251 0.982387125
1341846248.133929 -0.000556836 0.0081799844 0.0002582832 0.167933002 -0.008692312 -0.078160517 0.982656538
1341846248.16605 -0.0005566204 0.0081799284 0.0002578744 0.166965857 -0.008698123 -0.076867081 0.982923269
1341846248.198024 -0.0005568051999999999 0.008179931199999999 0.00025767 0.165995806 -0.008702246 -0.075577177 0.983187556
1341846248.23393 -0.0005569088 0.0081797828 0.000257656 0.166928321 -0.008577147 -0.074843988 0.983086824
1341846248.265968 -0.0005569255999999999 0.0081797968 0.0002574768 0.167859808 -0.008447628 -0.074113272 0.982984722
1341846248.297927 -0.0005570487999999999 0.0081803764 0.00025789119999999996 0.168789625 -0.008316296 -0.073385619 0.982881188
1341846248.333956 -0.0005573399999999999 0.008180435199999999 0.00025823279999999995 0.169718832 -0.008184606 -0.072658986 0.982776284
1341846248.366013 -0.0005574127999999999 0.0081802756 0.000258244 0.170647502 -0.008052683 -0.07193327 0.98266995
1341846248.402093 -0.0005575304 0.008180536 0.0002582468 0.171575859 -0.007920581 -0.071208254 0.982562125
1341846248.433862 -0.0005579055999999999 0.0081806564 0.0002581404 0.172503099 -0.007788363 -0.070485942 0.982452929
1341846248.466804 -0.0005577571999999999 0.0081804492 0.00025839799999999996 0.172480792 -0.006177396 -0.071717113 0.982379198
1341846248.502139 -0.000557942 0.008180897199999999 0.0002582356 0.172456816 -0.004566399 -0.072949387 0.982301474
1341846248.534215 -0.0005584488 0.008181474 0.000258524 0.172431812 -0.00295543 -0.074181631 0.982219756
1341846248.565971 -0.0005587763999999999 0.0081814684 0.0002581852 0.172405884 -0.001344512 -0.075413853 0.982133985
1341846248.602003 -0.0005588351999999999 0.008181395599999999 0.0002581544 0.172379091 0.000266496 -0.076646239 0.98204416
1341846248.640295 -0.0005590396 0.0081817092 0.0002584596 0.172351226 0.001877564 -0.077878788 0.981950283
1341846248.675831 -0.0005592635999999999 0.0081814152 0.0002580844 0.172322333 0.003488697 -0.079111397 0.981852472
1341846248.708095 -0.000559286 0.008181095999999999 0.0002580032 0.172292441 0.005099805 -0.080344111 0.981750548
1341846248.740085 -0.0005595295999999999 0.0081811268 0.0002582076 0.172261506 0.006710904 -0.081576772 0.98164463
1341846248.775948 -0.0005601736 0.0081809364 0.0002581208 0.172229424 0.008322041 -0.082809448 0.981534719
1341846248.802167 -0.0005604115999999999 0.0081808776 0.00025781839999999996 0.17219694 0.009932548 -0.084041357 0.981420696
1341846248.83395 -0.000560728 0.00818125 0.0002576756 0.172163814 0.011542154 -0.085272513 0.981302679
1341846248.869901 -0.0005606831999999999 0.0081813536 0.0002577764 0.173481807 0.011214416 -0.085769348 0.98103106
1341846248.901932 -0.000560602 0.0081813676 0.0002576028 0.174800456 0.010887401 -0.08626508 0.980757117
1341846248.938035 -0.0005605012 0.0081817064 0.0002575636 0.176118165 0.010560716 -0.086760625 0.980481207
1341846248.969908 -0.000560434 0.008181986399999999 0.0002579752 0.177434742 0.010234083 -0.087256409 0.980203271
1341846249.001964 -0.0005603304 0.0081823644 0.00025813199999999995 0.178750217 0.009907725 -0.087752484 0.979923308
1341846249.037998 -0.0005601791999999999 0.0081826248 0.00025812919999999997 0.180064946 0.009581496 -0.088248573 0.979641259
1341846249.069961 -0.0005602296 0.0081832604 0.0002583 0.181378976 0.009255179 -0.088744521 0.979357183
1341846249.105888 -0.0005599579999999999 0.0081834844 0.0002586192 0.182692349 0.008928751 -0.089240409 0.979070961
1341846249.138041 -0.0005596275999999999 0.0081836888 0.0002585744 0.184005171 0.008602162 -0.089736223 0.978782654
1341846249.169904 -0.0005593896 0.0081839184 0.000258902 0.185317472 0.008275354 -0.090231851 0.97849232
1341846249.206013 -0.0005591684 0.008183882 0.0002589664 0.186629266 0.007948275 -0.090727299 0.97819984
1341846249.237872 -0.0005587147999999999 0.008183792399999999 0.0002592996 0.187940478 0.007620987 -0.091222696 0.977905273
1341846249.306095 -0.0005583984 0.0081840276 0.0002597616 0.189250961 0.007293567 -0.091718301 0.977608621
1341846249.337853 -0.00055804 0.0081839576 0.0002598036 0.190560549 0.006966254 -0.092213757 0.977309942
1341846249.373854 -0.0005580512 0.008184103199999999 0.000259784 0.189703509 0.007578486 -0.092917241 0.977405488
1341846249.405928 -0.0005579055999999999 0.0081839744 0.0002600276 0.188845962 0.008193338 -0.093620874 0.977499485
1341846249.437945 -0.0005576731999999999 0.008183568399999999 0.000259854 0.187988162 0.008808763 -0.094324343 0.977591872
1341846249.474182 -0.0005577488 0.0081835404 0.0002597112 0.187130108 0.009424373 -0.095027551 0.97768259
1341846249.505956 -0.0005578384 0.0081837532 0.000259728 0.186272025 0.010040106 -0.095730223 0.977771759
1341846249.538288 -0.0005578943999999999 0.008183616 0.00025969439999999996 0.185413823 0.010655368 -0.096432224 0.977859437
1341846249.574263 -0.0005579616 0.0081836468 0.00025958519999999996 0.18455556 0.01127 -0.097133324 0.977945507
1341846249.606015 -0.0005580343999999999 0.0081838148 0.0002597364 0.183697656 0.011883738 -0.097832747 0.978030026
1341846249.641995 -0.0005580903999999999 0.0081836776 0.0002599856 0.182840481 0.012496369 -0.098530278 0.978112996
1341846249.674108 -0.0005583116 0.008183887599999998 0.0002600612 0.181983545 0.013108466 -0.099226683 0.978194356
1341846249.706034 -0.0005585216 0.008184453199999999 0.00026003599999999995 0.18112722 0.013719987 -0.09992145 0.978274167
1341846249.742012 -0.000558768 0.0081842572 0.000260204 0.180271149 0.014331037 -0.100614794 0.978352487
1341846249.773906 -0.0005590116 0.0081842572 0.0002600724 0.179415271 0.014940218 -0.101307064 0.978429258
1341846249.806093 -0.0005596275999999999 0.0081845372 0.0002598708 0.178559899 0.015548232 -0.101998277 0.978504419
1341846249.842148 -0.0005594988 0.0081845456 0.00026014239999999996 0.178211644 0.014030835 -0.102110878 0.978579104
1341846249.873923 -0.0005593839999999999 0.008184414 0.00026040279999999997 0.177987427 0.011498158 -0.100941084 0.978774309
1341846249.909991 -0.0005595604 0.008184652 0.00026004159999999996 0.177210674 0.007832569 -0.098680332 0.979181945
1341846249.942024 -0.0005596163999999999 0.0081846156 0.0002600892 0.176595658 0.004865032 -0.095996186 0.979579031
1341846249.974199 -0.0005597508 0.0081845232 0.0002600892 0.176421836 0.003725382 -0.093997091 0.979809165
1341846250.010384 -0.0005601288 0.0081846044 0.0002596496 0.176245943 0.002583898 -0.091998912 0.980034113
1341846250.042022 -0.0005598291999999999 0.008184624 0.00025972239999999996 0.176500827 0.000403655 -0.090716504 0.980111122
1341846250.078047 -0.000560644 0.008184713599999999 0.00025921 0.1779636 0.000913229 -0.089941926 0.979917645
1341846250.109945 -0.000560714 0.0081847248 0.00025925479999999994 0.177327022 0.002865415 -0.090212822 0.98000437
1341846250.141849 -0.0005607532 0.0081849264 0.0002594228 0.176686481 0.004814832 -0.090484105 0.980087399
1341846250.177803 -0.0005607196 0.0081846968 0.000259378 0.176045835 0.006763524 -0.090754643 0.980166137
1341846250.210137 -0.0005604032 0.00818426 0.0002591652 0.175405771 0.008712439 -0.091023944 0.980240524
1341846250.241903 -0.0005602576 0.0081841816 0.000259182 0.174764931 0.010661007 -0.091292351 0.980310798
1341846250.277878 -0.0005604955999999999 0.008184122799999999 0.0002592576 0.174123451 0.012609366 -0.091559961 0.98037684
1341846250.309873 -0.0005610276 0.008184254399999999 0.0002590588 0.1734813 0.014556889 -0.091826588 0.980438769
1341846250.346142 -0.0005614448 0.008184173199999999 0.00025902799999999996 0.172838435 0.016503476 -0.092092201 0.980496585
1341846250.377944 -0.0005617696 0.008183898799999999 0.0002589356 0.172195196 0.018448688 -0.092356481 0.98055023
1341846250.410038 -0.0005622064 0.008183954799999999 0.00025858559999999997 0.171552435 0.020392571 -0.092618935 0.980599642
1341846250.445984 -0.000562212 0.008184016399999999 0.00025841199999999996 0.172094896 0.020231662 -0.092541412 0.980515242
1341846250.477872 -0.000562254 0.0081839324 0.0002586136 0.172633395 0.020068144 -0.092462577 0.980431378
1341846250.50993 -0.000562534 0.0081841928 0.000258594 0.173171356 0.019902397 -0.0923834 0.980347335
1341846250.546119 -0.0005628588 0.008184344 0.0002586332 0.173709348 0.019734181 -0.092303284 0.980263114
1341846250.577998 -0.0005625227999999999 0.0081845344 0.00025882639999999995 0.174247012 0.019565055 -0.092222862 0.980178595
1341846250.613828 -0.0005622736 0.0081849824 0.0002589524 0.174784541 0.019395471 -0.092141762 0.980093896
1341846250.646114 -0.0005621587999999999 0.0081848312 0.000259336 0.175322071 0.019225396 -0.092060022 0.9800089
1341846250.677812 -0.0005620495999999999 0.0081851392 0.0002590616 0.17585969 0.019054802 -0.091977425 0.979923666
1341846250.713958 -0.0005617164 0.0081853772 0.00025941159999999996 0.17639707 0.018883914 -0.091894373 0.979838192
1341846250.745904 -0.0005614308 0.0081855508 0.0002597112 0.176934391 0.018712556 -0.091810703 0.979752421
1341846250.777886 -0.0005614364 0.0081859484 0.00025996319999999995 0.177471384 0.018540761 -0.091726281 0.979666471
1341846250.814024 -0.0005617247999999999 0.0081864664 0.00025943959999999997 0.17697224 0.018231208 -0.091343455 0.979798377
1341846250.846025 -0.0005615988 0.0081865784 0.00025967199999999996 0.176470712 0.017925451 -0.090959854 0.979930103
1341846250.881824 -0.0005615344 0.008186309599999999 0.00025988199999999996 0.175970331 0.01762167 -0.090576231 0.980061173
1341846250.913808 -0.0005616604 0.0081863236 0.00025960199999999994 0.177387968 0.017816054 -0.090530567 0.979806244
1341846250.946118 -0.0005616155999999999 0.008186457999999999 0.0002596104 0.178805485 0.01801092 -0.090484589 0.979549229
1341846250.981803 -0.0005616659999999999 0.0081864328 0.0002597616 0.180222422 0.018205667 -0.09043853 0.979290187
1341846251.014047 -0.0005621223999999999 0.0081867408 0.00026005559999999996 0.181638807 0.018399447 -0.090392061 0.979029119
1341846251.046033 -0.0005623156 0.0081868724 0.00026030199999999996 0.183054671 0.018592345 -0.090345167 0.978766084
1341846251.081959 -0.0005623296 0.008186799600000001 0.0002602544 0.18447037 0.018784476 -0.090297706 0.978500962
1341846251.114058 -0.000562268 0.0081866708 0.0002601676 0.185885847 0.018976165 -0.09024965 0.978233814
1341846251.14992 -0.0005623183999999999 0.008186737999999999 0.00025994639999999997 0.18730104 0.019167449 -0.090201013 0.97796458
1341846251.181983 -0.0005621167999999999 0.008186614799999999 0.0002603636 0.188715756 0.019358454 -0.090152144 0.977693319
1341846251.214205 -0.0005622428 0.008186558799999999 0.0002606548 0.190130442 0.019547969 -0.090102106 0.977420032
1341846251.249978 -0.0005622848 0.008186668 0.0002605288 0.190440521 0.017877147 -0.089676492 0.977430761
1341846251.281923 -0.0005624724 0.008186654 0.0002605008 0.190750122 0.016205508 -0.08925046 0.977438509
1341846251.318026 -0.0005623268 0.0081867212 0.0002606184 0.191058233 0.014533647 -0.08882422 0.977443516
1341846251.350003 -0.0005624752 0.008187284 0.0002606156 0.191365257 0.012861732 -0.088397719 0.977445483
1341846251.382003 -0.0005624695999999999 0.008187057199999999 0.00026105519999999996 0.191671506 0.011189361 -0.087970875 0.977444589
1341846251.417971 -0.0005625144 0.0081873092 0.00026059039999999997 0.191976845 0.009516921 -0.087543629 0.977440715
1341846251.449878 -0.0005622428 0.0081875612 0.00026110559999999996 0.192281231 0.007844431 -0.087116346 0.97743392
1341846251.481872 -0.0005621587999999999 0.008188026 0.0002612932 0.192584828 0.006171884 -0.086688951 0.977424145
1341846251.51787 -0.0005621475999999999 0.0081883228 0.0002614724 0.192887679 0.004499264 -0.086261198 0.977411449
1341846251.549884 -0.0005619599999999999 0.0081890536 0.0002611028 0.19318974 0.002827043 -0.08583378 0.977395654
1341846251.586071 -0.0005614616 0.0081889248 0.0002615872 0.193491504 0.001153286 -0.085404411 0.977376997
1341846251.618241 -0.0005612935999999999 0.0081888968 0.0002614556 0.193792373 -0.000519917 -0.084975593 0.977355301
1341846251.649917 -0.0005609268 0.0081886028 0.0002615648 0.194092423 -0.00219311 -0.084546633 0.977330625
1341846251.686034 -0.0005602043999999999 0.008188462799999999 0.0002612932 0.1943914 -0.003865893 -0.084118031 0.977303028
1341846251.718103 -0.00055972 0.008188628 0.0002612316 0.194689617 -0.005539119 -0.083689332 0.977272451
1341846251.749907 -0.0005594651999999999 0.0081884488 0.00026145279999999996 0.194987819 -0.007205966 -0.083260193 0.977238774
