1341846228.090097 0.0270815886 -0.015519547800000002 -0.010151053200000001 0.010886787 -0.010910113 -0.028568117 0.999473035
1341846228.121845 0.02433258 -0.013723803000000001 -0.0084564702 0.008026773 -0.008146076 -0.028244294 0.99953562
1341846228.157875 0.018799963200000002 -0.014808331800000001 -0.0055715544 0.005643194 -0.006970321 -0.024414863 0.999661684
1341846228.189872 0.025055602200000002 -0.0133112448 -0.007376589000000001 0.003778071 -0.009243965 -0.02216142 0.99970454
1341846228.225994 0.0227813796 -0.017246943 -0.0048672594 0.001035199 -0.008595249 -0.02382637 0.999678612
1341846228.258336 0.021817035 -0.022197087 -0.0048716586 0.00038975 -0.009182972 -0.024664095 0.999653518
1341846228.289941 0.023391838800000002 -0.0223488252 -0.0059136138 0.001000265 -0.009898301 -0.023426518 0.999676049
1341846228.326018 0.032409648000000006 -0.0249447582 -0.0075266532 0.000870249 -0.011420148 -0.023408359 0.999660373
1341846228.358243 0.0317783124 -0.024041916 -0.009120344399999999 0.001439319 -0.00942174 -0.023577819 0.999676585
1341846228.389779 0.0267645978 -0.022083525 -0.007629566400000001 0.0016177 -0.007758151 -0.022617752 0.999712765
1341846228.426073 0.0336211308 -0.028152133200000002 -0.009862954200000001 0.000410418 -0.008867265 -0.022641998 0.999704242
1341846228.457823 0.0326827746 -0.024861069000000003 -0.009467451 0.002267465 -0.006380276 -0.022012131 0.999734759
1341846228.493915 0.0297179946 -0.021888511200000002 -0.010019809800000001 0.002348697 -0.005578274 -0.021261131 0.999755621
1341846228.525907 0.027725855400000003 -0.025835171400000002 -0.0104747292 0.00053017 -0.005987034 -0.021070445 0.999759912
1341846228.558208 0.0330910524 -0.0280616292 -0.0117898902 2.636e-06 -0.006829645 -0.019954156 0.999777555
1341846228.593899 0.026785157400000002 -0.0236151666 -0.0086167746 0.0015771 -0.004688904 -0.019497219 0.999797642
1341846228.626021 0.0241908732 -0.0224530002 -0.009629571600000001 0.001620971 -0.005488377 -0.018505223 0.999812424
1341846228.658069 0.029992555800000004 -0.023374683 -0.011509146 0.000469081 -0.008024464 -0.017490273 0.999814749
1341846228.693942 0.033115852800000005 -0.023190488999999998 -0.011681064 -0.000286845 -0.00800074 -0.018168829 0.999802887
1341846228.726069 0.0296940582 -0.0255389976 -0.0107539092 -0.001702093 -0.005903365 -0.018398359 0.999811828
1341846228.76209 0.0250360992 -0.0252958014 -0.0097127172 -0.00166232 -0.004681445 -0.016960064 0.999843836
1341846228.794 0.0353973906 -0.030063992400000003 -0.0126129186 -0.001764237 -0.007830954 -0.014362733 0.999864638
1341846228.825934 0.038226936600000004 -0.0286673994 -0.014223284999999999 -0.000552066 -0.007786982 -0.013928562 0.999872506
1341846228.862015 0.032144103 -0.028984806 -0.0141018318 -0.000690158 -0.006191523 -0.013389654 0.999890924
1341846228.893856 0.0350799984 -0.028447579799999997 -0.0154828602 -0.000160585 -0.008199307 -0.012282928 0.999890924
1341846228.926548 0.0397480104 -0.0280609722 -0.0169402374 -3.9717e-05 -0.009258722 -0.012701998 0.99987644
1341846228.96194 0.0377915976 -0.026686845 -0.0156331602 -4.8669e-05 -0.007928343 -0.012704154 0.999887884
1341846228.99404 0.0352020924 -0.025807482 -0.01672947 -0.000780073 -0.007130085 -0.012136378 0.999900639
1341846229.029897 0.0350402076 -0.028601575200000003 -0.0128078604 -0.001347152 -0.007416429 -0.012376036 0.999894977
1341846229.06187 0.040123067400000004 -0.031164064199999997 -0.015986169 -0.000836627 -0.008414082 -0.011635953 0.999896526
1341846229.094829 0.0402245982 -0.028287404999999998 -0.0175061988 -0.00013691 -0.007776834 -0.010446734 0.999915183
1341846229.12993 0.0394829514 -0.0269632476 -0.016452730800000002 -0.000271358 -0.006931817 -0.009722367 0.999928653
1341846229.161882 0.041528406600000005 -0.0297262008 -0.0174862044 -0.001499776 -0.006920916 -0.010401331 0.999920845
1341846229.197882 0.038742973199999996 -0.031208950800000003 -0.015798303 -0.001517085 -0.006205258 -0.011137909 0.999917567
1341846229.229812 0.0401492286 -0.0333496854 -0.01582389 -0.000886991 -0.007168652 -0.010686846 0.999916792
1341846229.261994 0.0402342912 -0.0312199668 -0.016723063800000004 0.00079503 -0.007625027 -0.011099497 0.999908984
1341846229.29792 0.039353500799999996 -0.0289216566 -0.017166717 0.001540487 -0.007682907 -0.012305028 0.999893606
1341846229.329933 0.037437606 -0.030911218199999996 -0.017979087600000002 0.001074504 -0.007925448 -0.012454987 0.999890447
1341846229.361996 0.039782125800000005 -0.0336362652 -0.0172092852 0.000317616 -0.008983914 -0.012005023 0.999887526
1341846229.398029 0.0381088566 -0.0404468838 -0.016457247 0.000916602 -0.008275556 -0.012847566 0.999882817
1341846229.430182 0.0388385334 -0.0340736472 -0.0172007622 0.005234305 -0.008756785 -0.011578912 0.99988091
1341846229.471963 0.0403654176 -0.033240834 -0.0187554402 0.006170333 -0.009269672 -0.011132092 0.999876022
1341846229.498348 0.0398259792 -0.034769133 -0.01821447 0.006701708 -0.008615261 -0.010925159 0.999880731
1341846229.530149 0.0400454784 -0.034707654 -0.018946882800000002 0.00744815 -0.008400668 -0.009311472 0.999893606
1341846229.566064 0.040713472800000004 -0.0365254974 -0.0198617418 0.007136419 -0.008433209 -0.008453889 0.999903262
1341846229.598057 0.0410832306 -0.036849609000000005 -0.0200630772 0.008958939 -0.007800906 -0.006846854 0.999906003
1341846229.630063 0.0414365922 -0.0361155852 -0.020696533200000002 0.010477593 -0.006533699 -0.004403695 0.99991405
1341846229.665946 0.0408297924 -0.0346953798 -0.0210161142 0.01016702 -0.005828966 -0.004054089 0.99992311
1341846229.69815 0.0428152842 -0.0384251886 -0.020371365000000002 0.010049883 -0.006012212 -0.002970127 0.999926984
1341846229.733828 0.040329127799999996 -0.0410330376 -0.020192445 0.012297451 -0.004017313 -0.002753392 0.99991256
1341846229.765937 0.0368407314 -0.0365812272 -0.02382219 0.014025369 -0.001838694 -0.002846776 0.999895871
1341846229.798002 0.040106930400000004 -0.0349548732 -0.0225918378 0.012753585 -0.002418363 -0.002078139 0.999913573
1341846229.833857 0.037731409199999996 -0.035245506600000004 -0.019169879400000003 0.012496107 -0.001669703 -0.003118148 0.999915659
1341846229.865928 0.038319821999999996 -0.034011396 -0.0194248908 0.014347242 -0.000956873 -0.003259665 0.999891281
1341846229.897926 0.042182987400000004 -0.0364667814 -0.0251156178 0.013475968 -0.001414245 -0.003426601 0.999902308
1341846229.939857 0.0417570732 -0.0362186658 -0.0242611506 0.011608113 -0.001113964 -0.004031998 0.999923885
1341846229.965948 0.041621342400000004 -0.0393527934 -0.0207780714 0.00981554 -0.000530493 -0.003522428 0.999945462
1341846230.002061 0.0412270506 -0.0352633338 -0.0237144042 0.009083237 4.838e-05 -0.004789845 0.99994725
1341846230.033858 0.040449445199999996 -0.035119556999999996 -0.021729384 0.006336603 -0.000299286 -0.005040533 0.999967158
1341846230.065938 0.0395977464 -0.0369140652 -0.01880064 0.00574323 0.000621197 -0.004542205 0.999972999
1341846230.103878 0.037329496200000006 -0.0347280696 -0.018794871 0.006300122 0.002120496 -0.004165094 0.999969244
1341846230.144719 0.040003628400000005 -0.0353971926 -0.0210766842 0.005232572 0.001593965 -0.003907653 0.99997741
1341846230.172747 0.039160017000000005 -0.035210286 -0.019412485200000003 0.004876787 0.002224557 -0.003193323 0.999980509
1341846230.208544 0.039111717600000005 -0.035109689400000005 -0.019553328 0.005803318 0.002927643 -0.001596141 0.999977589
1341846230.271971 0.039267687600000004 -0.0367512228 -0.018638649 0.004224202 0.002866014 -0.001396722 0.999985993
1341846230.302303 0.0403355412 -0.0372504312 -0.0208070028 0.006389934 0.002529985 0.000458161 0.999976277
1341846230.334051 0.0398644614 -0.035645526 -0.0209493018 0.008586189 0.003098511 0.000555015 0.999958158
1341846230.370031 0.0406971036 -0.037347957 -0.0216716598 0.010306782 0.003904608 -0.000555354 0.999939084
1341846230.401932 0.0406614744 -0.0373648284 -0.0217390266 0.012152215 0.004884779 -0.00194127 0.999912322
1341846230.437965 0.0393455862 -0.0349230384 -0.0205159914 0.014443494 0.005742091 -0.003236675 0.999873936
1341846230.46992 0.0372681144 -0.0347105808 -0.019111343399999998 0.015832094 0.006732625 -0.003975527 0.999844074
1341846230.501933 0.037256389200000004 -0.0346399038 -0.019156518 0.015649915 0.00687766 -0.004736522 0.999842644
1341846230.537834 0.0402393348 -0.036450909 -0.0214450974 0.014413774 0.005597276 -0.004201659 0.999871612
1341846230.569803 0.040686267600000006 -0.0373384656 -0.0216858384 0.015642056 0.00492739 -0.004161015 0.99985683
1341846230.601945 0.040602573 -0.0373001526 -0.021747762 0.017665531 0.004086186 -0.004852318 0.999823809
1341846230.637789 0.0405749196 -0.0371103066 -0.0218406384 0.018918281 0.003822298 -0.005045874 0.99980098
1341846230.670057 0.0406557738 -0.037015695 -0.022496234400000002 0.01835596 0.003331122 -0.005418007 0.999811292
1341846230.705937 0.040698829799999996 -0.0370287234 -0.0222784704 0.017291192 0.002506884 -0.006277277 0.999827623
1341846230.737932 0.0400938318 -0.0368907768 -0.0215136342 0.018246474 0.002387419 -0.005959927 0.999812901
1341846230.76996 0.040664129400000006 -0.03687193800000001 -0.0227781126 0.0193347 0.002001453 -0.004314252 0.999801755
1341846230.805852 0.0395086734 -0.037546597800000005 -0.0201269754 0.019365994 0.002017516 -0.004960607 0.999798119
1341846230.837804 0.043636971600000005 -0.0394910586 -0.024983811 0.019000551 0.00054176 -0.005761841 0.999802709
1341846230.869829 0.040587642 -0.0371855988 -0.019865124 0.020559378 0.001882441 -0.006064493 0.999768496
1341846230.905851 0.0406441764 -0.037873398600000004 -0.0193524228 0.021045875 0.001458972 -0.005451282 0.999762595
1341846230.937917 0.0418373712 -0.038322018000000006 -0.0215709192 0.020652929 -0.000114105 -0.00584716 0.999769628
1341846230.973933 0.0368025426 -0.0350473554 -0.0158805828 0.022211501 0.000894578 -0.005230865 0.99973923
1341846231.006047 0.042228477 -0.038881124999999996 -0.0217113228 0.022402721 -0.000647573 -0.004757425 0.999737501
1341846231.037936 0.045562131 -0.039949394400000005 -0.0279618876 0.022119012 -0.002314574 -0.004705577 0.999741614
1341846231.07431 0.0423659916 -0.0363025026 -0.0220293756 0.02279391 -0.001985579 -0.005472975 0.999723256
1341846231.106085 0.0400390164 -0.0458499024 -0.0237678948 0.021801237 -0.001623955 -0.005267861 0.999747097
1341846231.138083 0.043888986000000005 -0.0421711218 -0.0244057536 0.023680864 -0.003276815 -0.004225434 0.999705315
1341846231.174011 0.0449593146 -0.041144536800000006 -0.025967584800000002 0.023802055 -0.003942719 -0.005073697 0.999696016
1341846231.205909 0.0424548162 -0.045659804400000004 -0.0223310628 0.023733091 -0.003465527 -0.005452441 0.999697447
1341846231.241869 0.0449063082 -0.0404563716 -0.0253830726 0.026076861 -0.003776591 -0.005229264 0.999639153
1341846231.273832 0.0422530524 -0.0430373754 -0.0239210568 0.025575599 -0.003274542 -0.005717237 0.999651194
1341846231.305846 0.043753705200000007 -0.0430088166 -0.0233246412 0.026936797 -0.004092111 -0.00549224 0.999613643
1341846231.341923 0.0444438522 -0.040294722600000006 -0.0266065812 0.027376717 -0.004542109 -0.005336255 0.999600649
1341846231.374263 0.0420797934 -0.0411080508 -0.0255639978 0.025508029 -0.004694944 -0.00544701 0.99964875
1341846231.410022 0.041798817 -0.0421310232 -0.025610686200000003 0.024418358 -0.004536322 -0.006273336 0.999671817
1341846231.442103 0.0410964822 -0.0414954234 -0.0244624734 0.024616225 -0.00455887 -0.005393132 0.999672055
1341846231.484245 0.0406364688 -0.0389574126 -0.0230017518 0.025308535 -0.005462119 -0.003969414 0.999656856
1341846231.516816 0.0427248108 -0.0395460144 -0.0251630082 0.02425787 -0.006310565 -0.004352571 0.999676347
1341846231.547853 0.047768914800000006 -0.0444912066 -0.029390308200000003 0.021022307 -0.006206006 -0.005857757 0.999742568
1341846231.583898 0.0473938614 -0.045175075200000005 -0.028449550800000004 0.017724782 -0.004338389 -0.008751344 0.999795198
1341846231.615993 0.0458617068 -0.040079926800000006 -0.0247745268 0.01724688 -0.002222543 -0.011522104 0.999782383
1341846231.648015 0.0381504474 -0.0496607004 -0.0206013708 0.016669814 -0.000288156 -0.014372036 0.999757707
1341846231.683822 0.0373926294 -0.0593859114 -0.020952419400000002 0.019140305 -0.001782396 -0.016925821 0.999671936
1341846231.716153 0.039466976400000006 -0.057058002000000003 -0.0212687064 0.026197057 -0.00326027 -0.016070137 0.999522328
1341846231.747846 0.040564737000000003 -0.047916192600000004 -0.020818774800000002 0.032567304 -0.005060015 -0.014907098 0.999345541
1341846231.783993 0.043153182000000005 -0.045835482600000005 -0.0253556424 0.033450048 -0.006720103 -0.014683603 0.999309897
1341846231.817027 0.0448778358 -0.048536677800000004 -0.0271507014 0.032345936 -0.006979777 -0.014259324 0.999350607
1341846231.852317 0.041513391 -0.039874437 -0.0228831246 0.033983342 -0.006597714 -0.013931235 0.99930352
1341846231.883853 0.0417288222 -0.0384426972 -0.024949749599999998 0.03170222 -0.007843398 -0.013459583 0.999375939
1341846231.909867 0.0404078472 -0.0407659356 -0.0236631438 0.029677844 -0.008622437 -0.01238977 0.999445558
1341846231.945837 0.0411932592 -0.041373748800000006 -0.025338897000000003 0.029466717 -0.009521912 -0.01129379 0.999456584
1341846231.978027 0.0434020014 -0.0441078984 -0.0263330946 0.02869782 -0.010373523 -0.011858137 0.999463975
1341846232.009966 0.0428029902 -0.0432008658 -0.0250013844 0.027664887 -0.010714835 -0.011448037 0.999494255
1341846232.045845 0.045234962999999996 -0.0430872174 -0.0202729302 0.027191162 -0.012672612 -0.010106313 0.999498844
1341846232.077961 0.044279407800000004 -0.042913063800000005 -0.017802077399999998 0.028092012 -0.013730198 -0.008960364 0.99947089
1341846232.109864 0.0452504214 -0.0412637274 -0.021479495400000003 0.028202292 -0.014248125 -0.010201318 0.999448597
1341846232.145999 0.047161360799999996 -0.0440688276 -0.023054670000000003 0.027098957 -0.014696979 -0.0105025 0.999469519
1341846232.178314 0.047086453800000004 -0.044199743400000005 -0.022784184 0.026544126 -0.014494893 -0.010245548 0.999490023
1341846232.215951 0.0462832974 -0.044487084600000004 -0.0213533892 0.027074305 -0.01387521 -0.010412453 0.99948287
1341846232.252037 0.0460787742 -0.044406370800000004 -0.020874756600000002 0.028242996 -0.013821232 -0.009338195 0.999461889
1341846232.283944 0.0466177284 -0.044533953 -0.021374667 0.02866327 -0.013904622 -0.007647618 0.999463141
1341846232.319867 0.0481635558 -0.0436819932 -0.024964542 0.028604401 -0.01429964 -0.006470995 0.999467552
1341846232.351854 0.048616551 -0.043537986 -0.0251205138 0.026760178 -0.013973471 -0.007226052 0.999518096
1341846232.383877 0.048439290600000004 -0.044752644 -0.023584554 0.024285505 -0.013753982 -0.009636806 0.999563992
1341846232.419782 0.046698966 -0.0451331514 -0.0205691652 0.023610968 -0.014242921 -0.011438306 0.999554336
1341846232.45178 0.0469711692 -0.0454388544 -0.0209149506 0.024785312 -0.014856628 -0.011433392 0.999517024
1341846232.48417 0.045769325400000005 -0.043236327600000006 -0.020470275000000003 0.026444124 -0.014200601 -0.011435634 0.999484003
1341846232.519889 0.048501702 -0.0471219534 -0.020955810600000003 0.02626444 -0.015119672 -0.010792869 0.999482393
1341846232.551877 0.0462631068 -0.0466426494 -0.0174848688 0.02681208 -0.014909853 -0.011018743 0.999468565
1341846232.583846 0.0454691196 -0.0463120128 -0.015447792600000001 0.028258495 -0.014687735 -0.010424496 0.999438345
1341846232.619798 0.0475008786 -0.046867194 -0.019005426 0.030136429 -0.014157162 -0.01074393 0.999387801
1341846232.651799 0.0484383906 -0.0469777302 -0.02122848 0.031234598 -0.013983965 -0.009980823 0.999364436
1341846232.688092 0.047665787400000006 -0.046736865 -0.019474385400000002 0.032764774 -0.013662264 -0.010180758 0.999317825
1341846232.719804 0.047455378199999995 -0.046429993800000006 -0.0187723152 0.034993634 -0.012890304 -0.01099546 0.999243915
1341846232.751767 0.0482278212 -0.0464458896 -0.019916658 0.0368037 -0.01205196 -0.011735284 0.999180913
1341846232.787894 0.051071369400000004 -0.048990387600000004 -0.0204139044 0.037899293 -0.011830305 -0.012299996 0.999135852
1341846232.819886 0.053327961 -0.0480206646 -0.020270136600000002 0.040118456 -0.011165808 -0.013108526 0.999046564
1341846232.85585 0.049251956400000005 -0.049236633 -0.021872232000000002 0.041810784 -0.009663532 -0.014038141 0.998980165
1341846232.887989 0.0473725818 -0.0504912276 -0.023715855 0.042951442 -0.008262008 -0.015491278 0.998922884
1341846232.919822 0.047150613 -0.0490584078 -0.0218255292 0.043808609 -0.007783875 -0.015780466 0.998884976
1341846232.955993 0.0474992028 -0.0469407366 -0.0209349504 0.045394365 -0.007788346 -0.015651107 0.998816192
1341846232.987965 0.0523500084 -0.0449488206 -0.0243621972 0.045605417 -0.008164576 -0.014656396 0.998818636
1341846233.023868 0.052208424 -0.0487998792 -0.026762200200000003 0.043066353 -0.006203381 -0.016140563 0.998922586
1341846233.05588 0.049948677 -0.049412205 -0.0230018724 0.041987699 -0.004363388 -0.016706383 0.998968899
1341846233.087872 0.0484300458 -0.048694599 -0.0208184274 0.041424058 -0.003633017 -0.017173652 0.998987436
1341846233.12406 0.0480796434 -0.0530368146 -0.0201677166 0.041084904 -0.004200933 -0.018634195 0.998973072
1341846233.155902 0.0488052432 -0.0539460702 -0.0196414776 0.042996675 -0.005584761 -0.019423844 0.99887079
1341846233.218177 0.051116004 -0.046803283200000004 -0.0246946428 0.048633691 -0.007149283 -0.020536354 0.998579979
1341846233.249926 0.0501693354 -0.044401100400000004 -0.0222400674 0.048039664 -0.006912786 -0.021840312 0.998582721
1341846233.286015 0.0553518594 -0.050748215400000005 -0.0245315898 0.045450199 -0.007782681 -0.023452919 0.998660922
1341846233.31787 0.053698062600000006 -0.0517735944 -0.021515513400000002 0.045644633 -0.006235506 -0.022780351 0.998678505
1341846233.349815 0.0510069528 -0.0517753404 -0.02188638 0.04692303 -0.005097955 -0.022955053 0.998621702
1341846233.385857 0.050279680800000004 -0.0523320066 -0.024436017 0.046783745 -0.005447846 -0.022601588 0.998634458
1341846233.41799 0.052840110600000004 -0.0552022344 -0.0253828224 0.045862932 -0.006755854 -0.022060618 0.998681247
1341846233.453822 0.0542937168 -0.0552217014 -0.026716314600000002 0.046384275 -0.007860987 -0.021046925 0.998670995
1341846233.485912 0.0542996316 -0.0563868522 -0.0247153266 0.047425624 -0.008602141 -0.021726014 0.998601437
1341846233.517954 0.053039138400000005 -0.053713465200000005 -0.023137817400000003 0.04806643 -0.009370526 -0.023402052 0.998525977
1341846233.553882 0.052494588 -0.0545292486 -0.0224802486 0.04765217 -0.010176292 -0.024284331 0.998516917
1341846233.585968 0.0524792862 -0.0543416292 -0.0224612064 0.048968617 -0.011142395 -0.023338484 0.998465419
1341846233.621898 0.0494486028 -0.050242590000000004 -0.023293647 0.051014114 -0.010327471 -0.022090076 0.998400211
1341846233.654396 0.0515210814 -0.051976728 -0.023548856400000002 0.050487418 -0.009940809 -0.022514813 0.998421371
1341846233.685848 0.0514077714 -0.0522145602 -0.0234825372 0.049485162 -0.008874435 -0.023759574 0.998452783
1341846233.721879 0.0493504632 -0.0502222824 -0.023128218 0.049323667 -0.007888233 -0.023411306 0.99847728
1341846233.753961 0.0526276062 -0.053813502 -0.022963743000000002 0.048097953 -0.008498999 -0.023719251 0.998524785
1341846233.786032 0.0526762422 -0.053998698600000006 -0.023200641 0.047240179 -0.007804315 -0.022568457 0.998598099
1341846233.822009 0.050013770400000004 -0.0510017112 -0.0230571684 0.047373328 -0.006476395 -0.02215796 0.998610437
1341846233.853971 0.050717723400000005 -0.0518009058 -0.0229807674 0.046173558 -0.006514113 -0.021830607 0.998673618
1341846233.88992 0.0506686644 -0.0519956244 -0.0225792 0.04530564 -0.006714066 -0.022451334 0.998698294
1341846233.922045 0.0498685662 -0.05129476560000001 -0.0215272998 0.044847049 -0.007130633 -0.023069657 0.99870199
1341846233.953967 0.049974368400000004 -0.051552594 -0.021956813999999998 0.044099167 -0.007845485 -0.022558866 0.998741627
1341846233.989945 0.0507397374 -0.0530804196 -0.022414176 0.043420136 -0.009307958 -0.022800772 0.998753309
1341846234.021936 0.0505559286 -0.0524856204 -0.0217979802 0.042667858 -0.010088733 -0.022344317 0.998788476
1341846234.053904 0.05092585920000001 -0.0523584 -0.0227145942 0.042031437 -0.009988288 -0.022961609 0.998802483
1341846234.089899 0.0517001814 -0.053999073 -0.0235633968 0.04143656 -0.009670694 -0.023391312 0.998820484
1341846234.121984 0.0511174458 -0.053659180800000005 -0.022406076 0.04122559 -0.009166411 -0.023776704 0.998824835
1341846234.158063 0.0501846102 -0.05235903 -0.0220454172 0.041464642 -0.009046826 -0.023337746 0.998826385
1341846234.189961 0.05069593620000001 -0.052639354799999996 -0.0229512276 0.042450473 -0.009120256 -0.02242545 0.998805225
1341846234.22213 0.0620594028 -0.0625356558 -0.026070168600000002 0.039921965 -0.010977896 -0.022861749 0.998880863
1341846234.257875 0.061926895800000006 -0.062408473199999995 -0.0260468388 0.038531311 -0.010497739 -0.022797767 0.998942137
1341846234.28982 0.0507255678 -0.0524635398 -0.021967516800000003 0.040353041 -0.007520115 -0.021589659 0.998923898
1341846234.321998 0.0508508334 -0.052580453400000005 -0.0226538028 0.041332778 -0.006532839 -0.022972178 0.998859942
1341846234.357904 0.0556605882 -0.056741943600000004 -0.025177053600000002 0.040888447 -0.007600754 -0.024676602 0.99883002
1341846234.389919 0.0552367746 -0.056604427199999995 -0.0240753564 0.041365813 -0.008191877 -0.024435753 0.998811603
1341846234.425915 0.0508593024 -0.0528828552 -0.021573221400000002 0.04340668 -0.008109163 -0.022090418 0.99878031
1341846234.4578 0.0612397062 -0.06145428420000001 -0.027360251999999998 0.041171443 -0.010816774 -0.022417 0.998842001
1341846234.490016 0.0614088738 -0.061353579600000006 -0.0278570718 0.03834226 -0.011259904 -0.02262635 0.998944998
1341846234.525867 0.0524497086 -0.0538894278 -0.023953554 0.038965221 -0.009331778 -0.02138916 0.998968065
1341846234.557961 0.053055549 -0.0539790714 -0.023771732400000002 0.038763419 -0.0095333 -0.020662639 0.998989284
1341846234.5939 0.057191234400000006 -0.05760385920000001 -0.026980999199999998 0.036233973 -0.011149977 -0.020209933 0.999076724
1341846234.626439 0.0568707498 -0.057645941400000004 -0.0260750934 0.035436247 -0.012054599 -0.018112635 0.999135077
1341846234.658173 0.05672310120000001 -0.057336368400000004 -0.0258120792 0.035366334 -0.01312739 -0.017401962 0.999136627
1341846234.694104 0.052906968 -0.053848755000000005 -0.023321412 0.035863616 -0.013485054 -0.016936189 0.999122202
1341846234.725911 0.057892577400000006 -0.0593525106 -0.0253522296 0.034527488 -0.016136883 -0.01636976 0.999139369
1341846234.758643 0.0579647772 -0.0591010146 -0.0266174154 0.035684094 -0.016927093 -0.015434081 0.999100566
1341846234.793907 0.055049751 -0.055471642200000004 -0.0250239636 0.035935652 -0.016226728 -0.015410647 0.999103546
1341846234.826106 0.0582506928 -0.0591119982 -0.0261422136 0.034182094 -0.016759748 -0.016243204 0.999143064
1341846234.86227 0.058016006999999994 -0.059089868999999996 -0.026736766199999998 0.034130558 -0.016938182 -0.015977964 0.999146104
1341846234.893971 0.055710048600000006 -0.0566738964 -0.0239060106 0.035937235 -0.017171131 -0.015173419 0.999091327
1341846234.926031 0.0557360208 -0.05667497639999999 -0.0240717384 0.036537264 -0.017215723 -0.016079282 0.999054611
1341846234.961979 0.0569581704 -0.0579463704 -0.024621006600000002 0.036602847 -0.017436119 -0.016589792 0.999040067
1341846234.994016 0.05713793820000001 -0.058144230000000005 -0.0252994986 0.037300564 -0.017995169 -0.017465901 0.998989403
1341846235.026311 0.0570130884 -0.0574945722 -0.0261233604 0.036398064 -0.01876555 -0.018376803 0.998992145
1341846235.061915 0.0576455328 -0.0585584028 -0.025680024000000003 0.034546755 -0.018782647 -0.018752476 0.999050617
1341846235.094075 0.0580514112 -0.0586693332 -0.025260597000000003 0.033588972 -0.018680781 -0.019051602 0.999079466
1341846235.130068 0.058124521799999995 -0.059073775200000005 -0.0262736262 0.033800188 -0.019026322 -0.018765772 0.99907124
1341846235.162449 0.056835774000000006 -0.0585120276 -0.0245243646 0.035168216 -0.020105632 -0.018014174 0.999016762
1341846235.193917 0.057406266000000004 -0.0587476332 -0.0246855438 0.035858266 -0.021083063 -0.017285382 0.998984933
1341846235.229939 0.05794435080000001 -0.05923586160000001 -0.025342741800000002 0.036611475 -0.020606307 -0.017825574 0.998958051
1341846235.261811 0.05784848280000001 -0.059230704599999996 -0.0247911822 0.036861524 -0.020744972 -0.01850846 0.998933613
1341846235.294134 0.057194359199999996 -0.058403754 -0.0244569258 0.038115852 -0.020874845 -0.018837638 0.998877645
1341846235.32989 0.05815662839999999 -0.058873213800000004 -0.0257621562 0.038069163 -0.021152882 -0.019858999 0.998853803
1341846235.361974 0.05869018620000001 -0.05801428260000001 -0.0266574114 0.036825292 -0.020607967 -0.021719305 0.998873115
1341846235.398097 0.0583839918 -0.0580151016 -0.0259953732 0.034407817 -0.020123787 -0.023926549 0.998918772
1341846235.429943 0.057773723400000004 -0.058583809800000004 -0.0246115818 0.033841092 -0.020177685 -0.024001524 0.998935223
1341846235.462163 0.0577689822 -0.0586315134 -0.024506083799999998 0.034340352 -0.020399863 -0.02397464 0.998914301
1341846235.498142 0.062285023800000006 -0.06199931520000001 -0.026188695 0.032959085 -0.021197328 -0.025601318 0.998903871
1341846235.529989 0.0620126262 -0.0621536958 -0.025999383600000002 0.031844806 -0.021330118 -0.027236983 0.998893917
1341846235.561921 0.057651755400000004 -0.0588632958 -0.0244404828 0.033512846 -0.020974301 -0.027193952 0.998848081
1341846235.597951 0.0622888938 -0.062212014 -0.026426764800000002 0.033628117 -0.022055533 -0.027419815 0.998814702
1341846235.63016 0.0623726928 -0.062153629200000005 -0.0272590398 0.032182332 -0.022431117 -0.028017808 0.998837411
1341846235.667679 0.06199647120000001 -0.06252469919999999 -0.0252146988 0.032656368 -0.023043912 -0.027626794 0.998818934
1341846235.705783 0.061916382000000006 -0.0624215286 -0.0252088236 0.034215029 -0.02335953 -0.027556827 0.998761356
1341846235.730392 0.060418427399999995 -0.060470289 -0.0261214632 0.034890208 -0.022884302 -0.028868135 0.998712003
1341846235.766032 0.06000967260000001 -0.06048689040000001 -0.0251899956 0.036135543 -0.022877499 -0.029495541 0.998649538
1341846235.797942 0.0601071912 -0.060502172400000005 -0.0253257858 0.037288904 -0.023415098 -0.029257184 0.998601675
1341846235.833964 0.0619612686 -0.0630990738 -0.0267736158 0.037093531 -0.023635862 -0.029408203 0.998599291
1341846235.866037 0.061700302799999995 -0.0626723748 -0.0266275872 0.03733201 -0.02352529 -0.028653851 0.998614967
1341846235.898007 0.0611173314 -0.062812836 -0.0248611356 0.037399095 -0.023291592 -0.027140934 0.998660207
1341846235.934106 0.0616019526 -0.0631573596 -0.0256982418 0.039231181 -0.022717226 -0.026184965 0.998628676
1341846235.965921 0.0625069026 -0.06254934300000001 -0.0262258344 0.040761888 -0.02203011 -0.025542885 0.99859935
1341846235.997897 0.0633411576 -0.0639425016 -0.027237274199999998 0.040052209 -0.021269685 -0.025800033 0.998637974
1341846236.034072 0.0628070148 -0.0638939736 -0.025788411 0.040231433 -0.020225588 -0.025335349 0.99866432
1341846236.065823 0.06263926920000001 -0.0636687756 -0.0260301384 0.04188377 -0.019540204 -0.025240859 0.998612463
1341846236.101989 0.061503400800000003 -0.061296710399999996 -0.0280717542 0.041588239 -0.019494809 -0.02540235 0.998621583
1341846236.134258 0.0612299574 -0.06162902280000001 -0.027414341999999998 0.040536717 -0.019533325 -0.025266828 0.998667479
1341846236.166269 0.0611613594 -0.06161877000000001 -0.027004185 0.041204732 -0.019622574 -0.024404502 0.998659849
1341846236.202022 0.0615371634 -0.0613263294 -0.028148864399999998 0.040947959 -0.019214952 -0.025075298 0.998661757
1341846236.233893 0.0630031446 -0.063609714 -0.026938629 0.038390987 -0.019186791 -0.025581311 0.998750985
1341846236.265924 0.061042584600000005 -0.06193358820000001 -0.026678169 0.038468357 -0.018559506 -0.024446001 0.998788297
1341846236.302018 0.061144803000000005 -0.062044952400000006 -0.0264813138 0.038871877 -0.018506287 -0.023772908 0.998789966
1341846236.333756 0.06138819360000001 -0.06211253160000001 -0.027165051000000003 0.038949393 -0.018362625 -0.024297088 0.998776972
1341846236.369949 0.061378920000000003 -0.061889238000000006 -0.0274958946 0.038648911 -0.017755128 -0.024975579 0.998782873
1341846236.401964 0.061230412799999995 -0.061659882 -0.0273429828 0.038499452 -0.017051183 -0.024991646 0.998800516
1341846236.433828 0.061207326 -0.06187853520000001 -0.0267695982 0.038696468 -0.016831828 -0.02559215 0.998781383
1341846236.469948 0.0625661136 -0.0637641072 -0.0272129796 0.03908015 -0.01678119 -0.025718022 0.998764098
1341846236.501946 0.0630895788 -0.06371399700000001 -0.029011422600000003 0.03972996 -0.016112309 -0.025037773 0.99876678
1341846236.534764 0.0633638142 -0.063856296 -0.0293557392 0.038790055 -0.01565852 -0.024440508 0.998825729
1341846236.569956 0.062629272 -0.064081494 -0.027968736600000002 0.038057636 -0.014779268 -0.022054212 0.998922825
1341846236.601901 0.06359975640000001 -0.06416136360000001 -0.0276926076 0.03906434 -0.014780516 -0.020751484 0.998911858
1341846236.637896 0.0629071218 -0.0628898688 -0.028993428 0.038437746 -0.013940184 -0.021160044 0.998939633
1341846236.669818 0.063001161 -0.06298605360000001 -0.029322097200000004 0.036264088 -0.013099017 -0.022219928 0.999009311
1341846236.7021 0.06206196420000001 -0.0636914538 -0.0272798946 0.0356691 -0.011420869 -0.023569787 0.999020398
1341846236.738521 0.0630539388 -0.06628459319999999 -0.0315505368 0.039267931 -0.010983487 -0.022536721 0.998914123
1341846236.769905 0.0616292244 -0.0633335202 -0.0270452682 0.049583867 -0.012061475 -0.017629726 0.998541534
1341846236.805999 0.0622586448 -0.0627824592 -0.0277778178 0.05209928 -0.013335193 -0.01733214 0.998402417
1341846236.844067 0.0635317812 -0.06364010340000001 -0.029866719600000004 0.051447757 -0.013439112 -0.018513456 0.998413622
1341846236.876573 0.0636208236 -0.06345503100000001 -0.0305010576 0.05071833 -0.013104158 -0.019892659 0.998428881
1341846236.911899 0.0619145514 -0.062394055200000006 -0.0279705942 0.047929082 -0.012718692 -0.022416923 0.998518169
1341846236.944484 0.0621083664 -0.063872442 -0.0289129284 0.047265075 -0.012898348 -0.021982629 0.99855715
1341846236.975811 0.0624231972 -0.06344015039999999 -0.029026674000000002 0.049423095 -0.013081037 -0.020197198 0.998488009
1341846237.011848 0.063404793 -0.0631511154 -0.0308780892 0.048878092 -0.012820547 -0.0204452 0.998513162
1341846237.04385 0.0626641614 -0.063208629 -0.029016864 0.047950707 -0.011480433 -0.021577315 0.998550594
1341846237.075882 0.0621889398 -0.0633957462 -0.028616830200000002 0.048627421 -0.011252112 -0.020407984 0.99854511
1341846237.111887 0.062058177 -0.06332212620000001 -0.0280275876 0.051314361 -0.012498166 -0.018302338 0.99843657
1341846237.143863 0.0622542798 -0.06311438280000001 -0.0284482962 0.053719219 -0.012920895 -0.017742686 0.998314798
1341846237.175838 0.054224586 -0.0538443666 -0.0277618482 0.055538263 -0.011314284 -0.017208939 0.998244107
1341846237.211847 0.0546113376 -0.054169534799999995 -0.0277441182 0.053275838 -0.011315293 -0.016792007 0.998374522
1341846237.243895 0.053802813600000006 -0.0544024278 -0.0264512538 0.053898085 -0.009962242 -0.016807338 0.998355269
1341846237.280228 0.053927415000000006 -0.0539206956 -0.0274433832 0.055400331 -0.00967133 -0.015672136 0.998294353
1341846237.312079 0.0540117342 -0.054071355599999996 -0.0269409078 0.054781027 -0.010586034 -0.015045578 0.998328924
1341846237.343828 0.053790035400000005 -0.054019962000000005 -0.026486379 0.055105537 -0.010662498 -0.014035863 0.998324931
1341846237.379983 0.0544858308 -0.0538459488 -0.0278349066 0.054971844 -0.010471021 -0.013505905 0.99834162
1341846237.411962 0.053981712 -0.053432739 -0.0272132856 0.053599358 -0.010296463 -0.013681827 0.998415709
1341846237.44379 0.054481579200000005 -0.053565894 -0.027648612 0.051811423 -0.01056526 -0.014866443 0.998490334
1341846237.479911 0.062408505600000004 -0.0627589962 -0.029097243000000002 0.048367675 -0.011393541 -0.017578194 0.9986099
1341846237.511862 0.061788969 -0.0627650928 -0.028521862199999998 0.046941727 -0.0112715 -0.018848399 0.998656154
1341846237.547914 0.061669101600000005 -0.0625882608 -0.0282162258 0.045590904 -0.012808282 -0.018259589 0.998711169
1341846237.579956 0.0617651856 -0.0627939 -0.028112059800000002 0.044671666 -0.013903575 -0.017128406 0.998758078
1341846237.611852 0.06205534020000001 -0.06328835099999999 -0.0290595294 0.044106804 -0.01432852 -0.016980631 0.998779714
1341846237.647976 0.0622477674 -0.063280512 -0.029756761200000002 0.043514285 -0.014859083 -0.017023658 0.998797238
1341846237.680417 0.062044597800000004 -0.0632996694 -0.029347248599999997 0.043273631 -0.015532599 -0.016152719 0.998811901
1341846237.711902 0.061658661600000005 -0.063486747 -0.028315125000000003 0.043577515 -0.016186111 -0.014920105 0.99880749
1341846237.74786 0.061646536800000006 -0.06322408560000001 -0.0277424496 0.045097388 -0.016649397 -0.014784377 0.998734415
1341846237.779848 0.061565347799999996 -0.06297453900000001 -0.028325428200000002 0.04578254 -0.016808672 -0.015223313 0.998694003
1341846237.815934 0.061627620599999995 -0.062768565 -0.029026942200000003 0.044821884 -0.017739194 -0.014444179 0.998733044
1341846237.847966 0.061420580999999995 -0.062633295 -0.028309130999999998 0.04351037 -0.018860858 -0.013459223 0.998784244
1341846237.879781 0.0625993452 -0.0634611186 -0.0287297982 0.042621773 -0.019384038 -0.013843845 0.998807311
1341846237.916026 0.0628255296 -0.0637647786 -0.030372768000000005 0.041389041 -0.01975598 -0.014274741 0.998845756
1341846237.947857 0.0624814362 -0.0637147692 -0.0288569844 0.040950913 -0.020175951 -0.014088003 0.998858094
1341846237.978064 0.0627833844 -0.06352702019999999 -0.029685934799999997 0.040693436 -0.019959362 -0.013983183 0.998874426
1341846238.010069 0.0627755328 -0.06364041120000001 -0.029940849000000002 0.039813932 -0.019887254 -0.014553023 0.998903155
1341846238.045995 0.06289841880000001 -0.0635700564 -0.0301768866 0.038505174 -0.019870443 -0.014308561 0.998958349
1341846238.077963 0.0625847472 -0.0634265658 -0.029187808200000002 0.037393369 -0.019978737 -0.01417433 0.999000311
1341846238.109791 0.0625620762 -0.0638233776 -0.029069335800000002 0.037206627 -0.019947268 -0.014667152 0.999000847
1341846238.145837 0.0624361194 -0.0640035414 -0.028399550399999998 0.038403522 -0.019648306 -0.014765983 0.998960018
1341846238.177943 0.0627540156 -0.063379044 -0.029380350599999997 0.039522506 -0.018966282 -0.015313504 0.998921275
1341846238.209943 0.0628580844 -0.0634858632 -0.0296307252 0.037494846 -0.018878231 -0.016494883 0.99898231
1341846238.246227 0.06243745320000001 -0.0635149782 -0.0285633864 0.037050899 -0.018655363 -0.016651247 0.99900049
1341846238.278227 0.0569825982 -0.05807979 -0.0263409696 0.0388017 -0.017286006 -0.015976515 0.998969674
1341846238.314018 0.0655056594 -0.0661770234 -0.029615932799999998 0.037267372 -0.018701347 -0.017279662 0.99898088
1341846238.345918 0.0653488776 -0.0663152112 -0.0292996296 0.036823228 -0.018130742 -0.019193504 0.998972952
1341846238.377978 0.06502436460000001 -0.0667511298 -0.0289109142 0.037586018 -0.018320069 -0.019070951 0.998943448
1341846238.413879 0.06509258640000001 -0.0664488792 -0.0285904512 0.038926516 -0.019243211 -0.018120252 0.998892426
1341846238.445979 0.0657186408 -0.0665579916 -0.030451577400000002 0.039018489 -0.019526387 -0.019049255 0.998866081
1341846238.478188 0.06543563399999999 -0.06651743580000001 -0.028936247399999997 0.038580153 -0.019123305 -0.020105185 0.998870194
1341846238.515328 0.0648969318 -0.0664716708 -0.0285181182 0.038920186 -0.019062545 -0.02034379 0.998853326
1341846238.545906 0.0650807982 -0.0664614918 -0.028866996000000002 0.040081259 -0.019628685 -0.020342285 0.998796463
1341846238.587827 0.0654395238 -0.0665138826 -0.0294569586 0.04074185 -0.019647574 -0.020538094 0.998765349
1341846238.613933 0.0653793552 -0.06643267200000001 -0.0293030388 0.040770892 -0.018831447 -0.021003067 0.998770237
1341846238.645944 0.065280636 -0.0661634244 -0.0294130476 0.039405584 -0.018552853 -0.021115964 0.998827875
1341846238.681933 0.0650072322 -0.06662848680000001 -0.0286579422 0.038517304 -0.018765178 -0.020873617 0.998863637
1341846238.713917 0.06485900580000001 -0.06651734220000001 -0.028136383199999997 0.039192587 -0.018787805 -0.019795936 0.998858869
1341846238.745925 0.059995677600000005 -0.0625506102 -0.026419041 0.040917628 -0.017630367 -0.018688506 0.998832166
1341846238.781932 0.060366031199999996 -0.062577432 -0.027191736 0.039974034 -0.018252172 -0.019062994 0.998852074
1341846238.813869 0.0604978956 -0.06227255880000001 -0.026513616599999998 0.03913483 -0.017892588 -0.019439995 0.998884559
1341846238.849931 0.05985780660000001 -0.0624651804 -0.0256279806 0.037798129 -0.017191414 -0.020062054 0.998936057
1341846238.881927 0.0588026052 -0.062057050200000005 -0.0254121552 0.038279567 -0.017809687 -0.020025438 0.998907626
1341846238.914 0.0586896768 -0.06242433120000001 -0.0253835712 0.040432625 -0.019598408 -0.017267438 0.998840809
1341846238.949903 0.0586522998 -0.062266363199999994 -0.0247430844 0.043905426 -0.021158127 -0.01523242 0.998695433
1341846238.981942 0.0590839758 -0.0620775486 -0.025595262 0.046384498 -0.021683564 -0.015853019 0.998562455
1341846239.017941 0.0596219454 -0.061269305399999995 -0.026970814800000003 0.047033079 -0.021486172 -0.01860645 0.998488843
1341846239.050041 0.0593260704 -0.061300578599999996 -0.0268333056 0.047141571 -0.020784784 -0.02047332 0.998462081
1341846239.081902 0.0591091344 -0.0613131048 -0.0265001562 0.047560431 -0.020891108 -0.021528168 0.998417795
1341846239.117866 0.0592397244 -0.061486236 -0.0262972476 0.048198443 -0.0207606 -0.022707567 0.998363793
1341846239.149976 0.0595032318 -0.0617635548 -0.0273552516 0.04851706 -0.020018604 -0.023276802 0.998350382
1341846239.181897 0.059153873399999994 -0.061061983199999996 -0.0271175364 0.04822284 -0.019656803 -0.023265788 0.998372138
1341846239.217929 0.059521282200000004 -0.061180583399999995 -0.027959607 0.046229336 -0.020116188 -0.023333626 0.998455644
1341846239.250009 0.0592864884 -0.0611956242 -0.027417699 0.045085773 -0.019550713 -0.023364754 0.998518467
1341846239.285917 0.06003485100000001 -0.0614826738 -0.0277498782 0.043996755 -0.018980354 -0.023499232 0.998574913
1341846239.318442 0.058616787600000005 -0.060338599199999995 -0.0265846518 0.043135688 -0.017947936 -0.023374742 0.998634458
1341846239.34993 0.0586434492 -0.060600884400000006 -0.026532162 0.041441403 -0.017618986 -0.022857478 0.998724043
1341846239.386011 0.058559583600000006 -0.0605990412 -0.0260972406 0.041487273 -0.017021516 -0.022117099 0.998749197
1341846239.417983 0.058820817600000005 -0.0607190364 -0.0273281832 0.041584417 -0.017086841 -0.02189457 0.998748899
1341846239.450112 0.0596667924 -0.061880526 -0.0252071514 0.040816534 -0.017325515 -0.021656953 0.998781681
1341846239.485973 0.0594572454 -0.061506378 -0.0263890944 0.039804831 -0.017025534 -0.021277107 0.998835802
1341846239.517913 0.0537251292 -0.053445193200000005 -0.0269770158 0.040481526 -0.015342906 -0.020597028 0.998850167
1341846239.553979 0.0535858362 -0.0533036106 -0.026567676000000002 0.039589543 -0.015157428 -0.020141605 0.998898029
1341846239.585911 0.0536316318 -0.0532475118 -0.0267228558 0.038477819 -0.01522932 -0.019544691 0.99895221
1341846239.617967 0.0531537912 -0.0531159534 -0.0249822738 0.038769662 -0.015077504 -0.018639021 0.998960555
1341846239.653941 0.0531154764 -0.0532157076 -0.025514225999999997 0.039648097 -0.015082911 -0.018052951 0.998936772
1341846239.685852 0.0536618052 -0.0531718092 -0.0265383918 0.039879654 -0.015515297 -0.017705249 0.998927116
1341846239.717923 0.0530540604 -0.052867583999999995 -0.0249626052 0.039599333 -0.015888954 -0.017048584 0.998943806
1341846239.753857 0.0640197432 -0.0654390198 -0.0280088712 0.036626458 -0.018402942 -0.01724186 0.999010801
1341846239.785918 0.064312821 -0.06518461860000001 -0.0287184654 0.03624329 -0.018483672 -0.017197415 0.999024034
1341846239.82195 0.0636431742 -0.065619252 -0.027619214399999998 0.03544854 -0.018872622 -0.017038412 0.999047995
1341846239.854023 0.0634280472 -0.06507387 -0.026768457 0.037144743 -0.019223994 -0.016597264 0.998987138
1341846239.891801 0.063467577 -0.0648572022 -0.0270806544 0.037149731 -0.019381385 -0.016963156 0.998977721
1341846239.921795 0.058866615000000004 -0.061189556400000004 -0.0256052016 0.036730863 -0.018140685 -0.017530249 0.999006748
1341846239.953963 0.058334203800000005 -0.061167259800000005 -0.0239955786 0.037067693 -0.017904269 -0.017589808 0.998997509
1341846239.985997 0.0585120744 -0.0607319784 -0.0240179886 0.037875336 -0.018492466 -0.017564962 0.998956919
1341846240.022055 0.064101906 -0.0651171618 -0.0276356574 0.036619086 -0.02031574 -0.018965857 0.998942733
1341846240.053998 0.06403054500000001 -0.0655090254 -0.0278039646 0.037296623 -0.020000955 -0.019914895 0.99890554
1341846240.089841 0.052830180000000004 -0.0531241092 -0.0249992766 0.041411038 -0.017338391 -0.019956902 0.99879235
1341846240.121795 0.0527854212 -0.053180856 -0.0243118566 0.041994151 -0.017991588 -0.020382658 0.998747885
1341846240.159862 0.0528476112 -0.053593939800000004 -0.0249879798 0.043395542 -0.017581381 -0.021058891 0.998681247
1341846240.195884 0.05863121820000001 -0.0610018218 -0.024613662600000003 0.042472385 -0.018418094 -0.021573409 0.998694897
1341846240.227927 0.0581061294 -0.0609893154 -0.0245007414 0.042618375 -0.018568246 -0.021359665 0.998690486
1341846240.259887 0.0577123272 -0.060852416400000005 -0.022985357400000003 0.04309928 -0.019030059 -0.020693183 0.998675168
1341846240.290031 0.0577434402 -0.0606815928 -0.022640922 0.043888062 -0.019190861 -0.019567482 0.998660445
1341846240.322206 0.058813219800000004 -0.060838219799999996 -0.024685731 0.043634586 -0.019723885 -0.019592458 0.998660684
1341846240.357948 0.053427069 -0.053460765 -0.0259993134 0.044445112 -0.01885418 -0.019756425 0.998638511
1341846240.390055 0.052862547600000004 -0.0535799376 -0.024764988600000003 0.045038983 -0.019222371 -0.018879533 0.998621821
1341846240.422212 0.0584338482 -0.06059869920000001 -0.0240869772 0.044943396 -0.020243561 -0.020083994 0.998582482
1341846240.458143 0.0579256164 -0.0603933354 -0.023708311200000002 0.045373622 -0.020430285 -0.021021461 0.998539865
1341846240.490243 0.0609933114 -0.06156343620000001 -0.0253895454 0.044957966 -0.022013504 -0.020639565 0.99853301
1341846240.525976 0.060048296999999994 -0.0621681534 -0.025159014 0.045154255 -0.022465572 -0.020944914 0.998507738
1341846240.557894 0.060670179000000005 -0.0634007556 -0.023670765 0.046183772 -0.022643112 -0.022117557 0.998431325
1341846240.590418 0.0538967916 -0.0599846544 -0.0215905284 0.047296032 -0.021098152 -0.023088874 0.998391092
1341846240.626172 0.0533810358 -0.0598465206 -0.021615003 0.047607817 -0.021604013 -0.023148498 0.998364091
1341846240.657964 0.0521534862 -0.0615756528 -0.0198100836 0.047582377 -0.021870513 -0.023435976 0.998352826
1341846240.689825 0.0613034028 -0.06307311780000001 -0.0269352342 0.048063762 -0.024287883 -0.024072921 0.99825871
1341846240.725903 0.05948973900000001 -0.0641893248 -0.030006190800000002 0.047620893 -0.023993379 -0.024133917 0.998285592
1341846240.757973 0.0592879644 -0.06462049680000001 -0.0264698046 0.047661237 -0.024433579 -0.024096288 0.998273909
1341846240.794024 0.059720241599999994 -0.065193651 -0.0264551328 0.04900267 -0.024841851 -0.024230208 0.998195589
1341846240.826068 0.0636911928 -0.0660547404 -0.0293922126 0.049473993 -0.025622535 -0.023909669 0.998160362
1341846240.858147 0.061362934200000004 -0.060764479200000006 -0.028051664400000002 0.050129991 -0.024908347 -0.024040753 0.9981426
1341846240.894038 0.0598499334 -0.061133954399999996 -0.029096659800000004 0.04886758 -0.024423329 -0.024038354 0.998217225
1341846240.925975 0.0569698452 -0.05945463 -0.0258798852 0.048933301 -0.023580009 -0.024024943 0.99823463
1341846240.95808 0.0565464042 -0.059158085400000004 -0.027110383199999998 0.048552975 -0.023521179 -0.023369765 0.998270094
1341846240.994099 0.054377094599999995 -0.0486396684 -0.028295605799999998 0.050596602 -0.023048304 -0.023206487 0.998183489
1341846241.026041 0.0453940668 -0.0541270314 -0.020879441999999998 0.050399464 -0.02116657 -0.023714498 0.998223186
1341846241.062449 0.0536393556 -0.0588217014 -0.0249228018 0.050138563 -0.022848064 -0.023893557 0.998194993
1341846241.094372 0.053431297200000005 -0.058400474400000006 -0.027415938600000002 0.048945528 -0.022548825 -0.025056751 0.998232484
1341846241.126068 0.051069400200000004 -0.06024691980000001 -0.0249975666 0.047843747 -0.02207759 -0.025814947 0.998277068
1341846241.167863 0.0509754492 -0.059057978399999995 -0.025204104 0.049322888 -0.022011589 -0.025464533 0.998215556
1341846241.194236 0.0519050088 -0.0546662754 -0.0238999014 0.050590079 -0.02235681 -0.026037626 0.998129725
1341846241.230127 0.0549593478 -0.0581387778 -0.0249908922 0.049154874 -0.022804856 -0.027140586 0.998161852
1341846241.261868 0.0541081854 -0.060131653199999996 -0.0267630156 0.049250804 -0.022876885 -0.027108844 0.998156369
1341846241.295211 0.055556928 -0.05901840900000001 -0.028283693399999997 0.049904484 -0.023304524 -0.02753596 0.998102307
1341846241.329804 0.049725379800000004 -0.0586608372 -0.023474914200000002 0.049386539 -0.021864805 -0.027954202 0.998149037
1341846241.362 0.0518591844 -0.0570531942 -0.0250600446 0.04919228 -0.021902367 -0.029112099 0.998124659
1341846241.394012 0.0537742404 -0.055278487800000005 -0.0220559022 0.049771123 -0.022131747 -0.028944876 0.99809581
1341846241.430126 0.0558428616 -0.054182325600000004 -0.023798849400000002 0.050334044 -0.022819065 -0.029261103 0.998042881
1341846241.462018 0.05757206039999999 -0.0627526476 -0.027198502200000002 0.048501723 -0.023236765 -0.029539635 0.998115718
1341846241.497907 0.052161764400000005 -0.0604560798 -0.026539821 0.048804719 -0.021988885 -0.029332351 0.998135328
1341846241.52993 0.0490849416 -0.056691604799999996 -0.023515515 0.049436919 -0.021514552 -0.029761082 0.99810189
1341846241.562493 0.0507069396 -0.058348882799999995 -0.0275178258 0.04854193 -0.021865787 -0.030176738 0.998125732
1341846241.598412 0.05007446820000001 -0.058341459600000006 -0.0258956766 0.048679363 -0.021912908 -0.029790357 0.998129606
1341846241.629998 0.0505910718 -0.0596098764 -0.0256237596 0.048715275 -0.021758398 -0.030217675 0.998118401
1341846241.662234 0.048532168800000004 -0.0574191018 -0.0261189522 0.049304705 -0.021221261 -0.030081861 0.998105109
1341846241.698098 0.0496939878 -0.0574913538 -0.0280263834 0.049682163 -0.021259865 -0.02995321 0.998089433
1341846241.729805 0.0499740606 -0.0575989362 -0.028571175000000004 0.049509179 -0.021232419 -0.029989924 0.998097479
1341846241.765805 0.049573053 -0.057268791 -0.0277558488 0.049520612 -0.021238031 -0.030462116 0.998082519
1341846241.79797 0.047655689400000006 -0.05636510100000001 -0.0231173172 0.05032856 -0.021049302 -0.030230707 0.998053133
1341846241.83024 0.0478216134 -0.0538057026 -0.0255259782 0.050984301 -0.020957567 -0.03018957 0.998023033
1341846241.865867 0.0473470182 -0.053105076 -0.024994402199999998 0.051035229 -0.020841317 -0.03034259 0.998018205
1341846241.898156 0.0458666082 -0.046342373400000005 -0.0214444044 0.052845348 -0.020779092 -0.029943617 0.997937381
1341846241.929917 0.0411895746 -0.0558228744 -0.025881946200000002 0.05175072 -0.019218991 -0.031691805 0.997972012
1341846241.965882 0.0454486302 -0.0556493094 -0.0268885602 0.051397104 -0.020079169 -0.031798497 0.997969985
1341846241.998017 0.050634111600000004 -0.053220978 -0.0208283184 0.051692236 -0.021605026 -0.031732418 0.997924924
1341846242.034019 0.0449047278 -0.0534860712 -0.026215524 0.052037232 -0.020171216 -0.031547353 0.997942924
1341846242.066365 0.051834155400000005 -0.0527008608 -0.0206724816 0.052614834 -0.02209251 -0.030962169 0.997890234
1341846242.097916 0.044798202 -0.0591600564 -0.0259978086 0.052162461 -0.020380357 -0.030946575 0.997950912
1341846242.13398 0.0429555204 -0.0556387812 -0.027370395 0.05346325 -0.019944064 -0.02940893 0.997937381
1341846242.165895 0.0475653096 -0.0576460224 -0.0275901444 0.053743448 -0.020404881 -0.030944426 0.997866571
1341846242.197924 0.043659117 -0.0533556522 -0.0312522282 0.054890841 -0.019327665 -0.032150581 0.997787476
1341846242.234487 0.0482940792 -0.059361282 -0.027908533800000003 0.054758854 -0.020650817 -0.03083794 0.997809589
1341846242.269588 0.049414058999999996 -0.0569965464 -0.026111039399999997 0.056461498 -0.020841269 -0.0306502 0.997716546
1341846242.301972 0.049242951 -0.0536224572 -0.025473650400000002 0.056615181 -0.020573262 -0.031101558 0.99769944
1341846242.333996 0.0502885386 -0.053576434799999996 -0.0270055206 0.056675103 -0.020235218 -0.031516321 0.997689903
1341846242.366 0.0436642578 -0.051511086000000005 -0.0265246866 0.057957474 -0.019037349 -0.030499283 0.997671425
1341846242.401903 0.0499837302 -0.049608747 -0.02579076 0.058448803 -0.020369681 -0.03102283 0.997600317
1341846242.433933 0.0515050272 -0.0540529146 -0.0272360106 0.057507444 -0.020628542 -0.031560283 0.997632861
1341846242.469883 0.0501232374 -0.0558249264 -0.0262361034 0.058443043 -0.019881438 -0.031289697 0.997602165
1341846242.501972 0.0492783984 -0.0525223332 -0.0274491324 0.059491672 -0.019864816 -0.031446394 0.997535586
1341846242.534063 0.0497433402 -0.0508605174 -0.029187395999999997 0.058980938 -0.020022111 -0.032038111 0.997543931
1341846242.569931 0.0510723774 -0.055352035800000005 -0.029619279 0.057769503 -0.019792505 -0.032759145 0.997596025
1341846242.602 0.051591535200000004 -0.0510670494 -0.0283884156 0.058863983 -0.019736338 -0.032270536 0.997549057
1341846242.634077 0.0526616838 -0.0528978114 -0.0296924094 0.057753138 -0.020144271 -0.031515259 0.99763
1341846242.670215 0.052950555 -0.054145062 -0.028500341399999997 0.056925379 -0.02004631 -0.03156447 0.997677982
1341846242.701929 0.0516160674 -0.053599548600000005 -0.0274364658 0.056937821 -0.019673016 -0.031639308 0.997682333
1341846242.737996 0.0496048464 -0.050623252199999996 -0.028536742799999997 0.056878094 -0.019649006 -0.031873409 0.997678757
1341846242.769937 0.050625448200000006 -0.0528337908 -0.0288216468 0.057021592 -0.020230869 -0.031740334 0.9976632
1341846242.80808 0.051436668600000006 -0.0486931446 -0.0268971912 0.058614783 -0.020306099 -0.032134805 0.997556686
1341846242.837887 0.0508774644 -0.0472419054 -0.0265757922 0.05802495 -0.020126665 -0.032693617 0.997576654
1341846242.869936 0.0496231092 -0.050397031800000006 -0.028961748000000002 0.056529924 -0.020044222 -0.033221357 0.997646689
1341846242.902131 0.049620531600000004 -0.05055606 -0.0295110072 0.056503706 -0.01992338 -0.033574365 0.997638822
1341846242.938061 0.047453715 -0.0485056404 -0.0284736672 0.05743796 -0.019656627 -0.033809975 0.997582793
1341846242.969969 0.0481985154 -0.0539095212 -0.030027920399999998 0.057044618 -0.020512661 -0.034111723 0.997577846
1341846243.00581 0.050758961400000004 -0.0525637638 -0.029559592800000003 0.058093674 -0.021234497 -0.033895306 0.997509539
1341846243.038095 0.0488529576 -0.0549210996 -0.0312891354 0.057304941 -0.021396024 -0.033345431 0.997570276
1341846243.070041 0.048200238 -0.0548014032 -0.031245668999999997 0.056266017 -0.021551687 -0.03384671 0.997609198
1341846243.106059 0.0497097342 -0.0553154688 -0.0307177614 0.055124704 -0.02194107 -0.034631804 0.997637451
1341846243.137899 0.0480004542 -0.0542840958 -0.030519806400000002 0.055733133 -0.021166304 -0.034385916 0.997628868
1341846243.169985 0.047332261800000004 -0.0546618096 -0.030539601 0.055780802 -0.02131849 -0.033786483 0.997643471
1341846243.206007 0.0492454476 -0.055266705000000006 -0.0315263934 0.055520717 -0.021694206 -0.034419764 0.997628212
1341846243.237999 0.0484934364 -0.0540225558 -0.031029309 0.054857887 -0.020970689 -0.03520174 0.997653067
1341846243.274026 0.0487897884 -0.0546283692 -0.030456057600000003 0.054450065 -0.020703951 -0.035552718 0.997668505
1341846243.305879 0.0479501856 -0.0548009334 -0.030517318800000002 0.0551451 -0.020541318 -0.036247738 0.997608721
1341846243.338022 0.0491692122 -0.055918632600000004 -0.031982526000000004 0.055753253 -0.020849012 -0.03598851 0.997577906
1341846243.374348 0.0482400882 -0.054392945399999997 -0.0323616636 0.057139456 -0.020536507 -0.035781927 0.997513413
1341846243.405837 0.0485886726 -0.054324774000000006 -0.031428151200000004 0.057394795 -0.021279199 -0.035279147 0.997501075
1341846243.442193 0.050815060200000005 -0.0543064608 -0.0315097236 0.057614118 -0.022047989 -0.035312098 0.997470558
1341846243.473902 0.0503490096 -0.0548275806 -0.031726247400000004 0.057862889 -0.021696849 -0.035396721 0.997460902
1341846243.505839 0.049667346 -0.0526651812 -0.0312934932 0.058324702 -0.021864083 -0.035331842 0.997432649
1341846243.542001 0.050445676800000006 -0.0531336294 -0.0322952076 0.057840768 -0.022292739 -0.03552546 0.997444451
1341846243.574058 0.049703020199999996 -0.0525253806 -0.030628355400000005 0.05797584 -0.021696962 -0.034729946 0.99747777
1341846243.605841 0.0501984576 -0.05470956 -0.0328239414 0.057788737 -0.021243561 -0.034998912 0.997488976
1341846243.642015 0.0512730702 -0.052416432 -0.031644738000000006 0.059202228 -0.021443438 -0.035064772 0.997399509
1341846243.673926 0.052510923 -0.0553769082 -0.0337640022 0.058007028 -0.021618705 -0.035393484 0.997454345
1341846243.710095 0.049456128599999996 -0.056714076 -0.0327345246 0.058056135 -0.020661525 -0.035358377 0.997473001
1341846243.741951 0.0491383476 -0.0555589458 -0.0331184088 0.058550075 -0.020916315 -0.035381638 0.997438014
1341846243.774067 0.05011614 -0.0552615156 -0.0327284478 0.057866246 -0.021232607 -0.036022186 0.997448266
1341846243.809881 0.051926121 -0.057901851000000004 -0.0359199054 0.056746516 -0.021327673 -0.036356777 0.997498453
1341846243.841971 0.0522512388 -0.055894095000000005 -0.031872666599999995 0.057726108 -0.021636814 -0.035077695 0.997481346
1341846243.874062 0.0505399194 -0.0556459398 -0.0313309242 0.058641143 -0.021775141 -0.034336679 0.997450769
1341846243.910022 0.0526030668 -0.056545848 -0.031844878199999996 0.059115529 -0.022213433 -0.034988884 0.997390449
1341846243.941928 0.0553187646 -0.0568475028 -0.034645127399999996 0.059807207 -0.022028744 -0.035344992 0.997340739
1341846243.978045 0.052765848000000004 -0.051204429 -0.0328761648 0.060056247 -0.020860706 -0.035892222 0.997331381
1341846244.009892 0.0502357896 -0.0557590248 -0.0326400588 0.057980798 -0.020089254 -0.03544677 0.997485936
1341846244.042105 0.0513278622 -0.056133390600000006 -0.0310028724 0.05894186 -0.020012692 -0.034263175 0.997472525
1341846244.077884 0.051567516 -0.0543590388 -0.0311054238 0.060148496 -0.020032018 -0.033777364 0.997416615
1341846244.115904 0.051635574 -0.0535048128 -0.032371326000000006 0.059710734 -0.019967141 -0.033837829 0.997442245
1341846244.15185 0.051907752 -0.0538181154 -0.031215006 0.058990717 -0.020082936 -0.033334401 0.997499645
1341846244.184334 0.0518701302 -0.0547291566 -0.0317293362 0.059794873 -0.019934958 -0.032950014 0.997467518
1341846244.215953 0.0552249 -0.0501806376 -0.0361805616 0.060695484 -0.020334939 -0.032902274 0.997406602
1341846244.251877 0.054320013 -0.0507454398 -0.0341099028 0.059791245 -0.020215778 -0.032995313 0.997460604
1341846244.28388 0.053398956600000005 -0.055151497800000004 -0.0347396904 0.059613872 -0.020070678 -0.033355761 0.997462153
1341846244.316068 0.0536079438 -0.0512716014 -0.0316344096 0.061275933 -0.020489845 -0.033124402 0.997360647
1341846244.351999 0.0545088006 -0.0479320938 -0.0323602524 0.061740201 -0.020844847 -0.033116993 0.997324884
1341846244.38404 0.051472728 -0.0517543938 -0.031797936 0.061189912 -0.020860713 -0.032382749 0.997382522
1341846244.419869 0.0549587952 -0.0508615866 -0.031909905 0.06178803 -0.021896051 -0.031589322 0.997348964
1341846244.451888 0.0570066048 -0.0470724858 -0.032821866 0.061971076 -0.021587616 -0.032360565 0.997319579
1341846244.483871 0.05981871960000001 -0.050265657000000005 -0.0291022668 0.060378261 -0.02155897 -0.032458741 0.997414708
1341846244.519923 0.0574291116 -0.0523405188 -0.031656151800000004 0.059764892 -0.020323893 -0.032261405 0.997483969
1341846244.551942 0.058269421800000006 -0.0541967922 -0.0317968074 0.060308073 -0.019801028 -0.03179561 0.997476757
1341846244.583892 0.058851896400000006 -0.054023418000000004 -0.0314423766 0.060839966 -0.019243892 -0.030234372 0.997503936
1341846244.61987 0.0584863182 -0.0560620314 -0.033835644000000005 0.060151652 -0.019073769 -0.028272191 0.997606456
1341846244.65185 0.0610261218 -0.0559109682 -0.0326216664 0.060602214 -0.019424357 -0.026987024 0.997608006
1341846244.683815 0.0593955936 -0.0536236686 -0.0306785862 0.06218031 -0.019160418 -0.025502412 0.997555077
1341846244.719873 0.0604221156 -0.0484740414 -0.028202238 0.063310914 -0.018824963 -0.025126863 0.997499883
1341846244.751827 0.0608544612 -0.053066835 -0.030173120999999997 0.061629668 -0.018205266 -0.025803037 0.997599423
1341846244.7883 0.0615459618 -0.059432165999999995 -0.032000520600000006 0.061116152 -0.017948998 -0.026208431 0.997625053
1341846244.820099 0.06450208380000001 -0.0578341656 -0.033976688399999996 0.062034052 -0.018005673 -0.026488006 0.997560024
1341846244.851973 0.06312648600000001 -0.0626660982 -0.0341017056 0.062724777 -0.016843921 -0.026480312 0.997537315
1341846244.887873 0.06649225019999999 -0.0602560602 -0.0344991492 0.064993523 -0.016265986 -0.026237495 0.997408092
1341846244.920072 0.06730822439999999 -0.061207353000000006 -0.0350657658 0.064905994 -0.015233171 -0.026476787 0.997423768
1341846244.952621 0.0667461474 -0.0642872124 -0.0353136456 0.064885125 -0.014290931 -0.026056362 0.997450113
1341846244.987985 0.0649875312 -0.061460848799999995 -0.033939781200000005 0.066267446 -0.013389698 -0.024489053 0.997411489
1341846245.02006 0.068046309 -0.0565635636 -0.03541301820000001 0.066429444 -0.013925877 -0.023028644 0.997428119
1341846245.051869 0.06800988420000001 -0.0577265292 -0.0340848342 0.064566948 -0.01311667 -0.024277553 0.997531772
1341846245.088236 0.0669917646 -0.05755580639999999 -0.033774224400000004 0.063476473 -0.012167502 -0.024933593 0.997597575
1341846245.119935 0.0670557276 -0.0567682704 -0.0322038684 0.063492849 -0.011857704 -0.024897221 0.997601211
1341846245.151835 0.06644064420000001 -0.0572555808 -0.0320750622 0.06353353 -0.011584517 -0.025135206 0.997595847
1341846245.187889 0.066241584 -0.06006789 -0.0311609052 0.0638154 -0.01127253 -0.025553765 0.997570753
1341846245.219842 0.06684132599999999 -0.054495873 -0.0308741976 0.065079056 -0.011495435 -0.02463452 0.997509718
1341846245.25603 0.06831173339999999 -0.0543416112 -0.029931813 0.064539105 -0.01178545 -0.025084713 0.997530222
1341846245.287962 0.0685454076 -0.055536462 -0.0311892354 0.063965827 -0.011439495 -0.026128357 0.997544408
1341846245.319885 0.0661017798 -0.059745159000000006 -0.0314424504 0.063046388 -0.010785713 -0.027875172 0.997562945
1341846245.355859 0.0654010326 -0.059482357199999995 -0.032178441599999996 0.062943198 -0.011160782 -0.027776949 0.997568071
1341846245.387919 0.06559151760000001 -0.0607061556 -0.0307018512 0.062627286 -0.01163813 -0.028230011 0.997569799
1341846245.423977 0.06545682359999999 -0.060504138000000006 -0.030878944199999998 0.063008837 -0.01126486 -0.028761262 0.997534871
1341846245.455822 0.06337727280000001 -0.05841098820000001 -0.0294396786 0.064018644 -0.010522271 -0.029699802 0.997451186
1341846245.487804 0.0632712186 -0.0580357476 -0.0293505912 0.064437315 -0.010674635 -0.02904631 0.997441828
1341846245.523916 0.0639935316 -0.0578240748 -0.030523665600000003 0.064650439 -0.010902757 -0.029158618 0.997422278
1341846245.555797 0.0639525204 -0.0581011272 -0.0303760368 0.064352751 -0.010667011 -0.029140139 0.99744463
1341846245.591988 0.0599104314 -0.055581363 -0.0274784598 0.065764174 -0.009880297 -0.029029131 0.997363865
1341846245.623837 0.0630395964 -0.0579467448 -0.0289002798 0.066368826 -0.010982197 -0.027886519 0.997344911
1341846245.65589 0.0665604252 -0.059249010600000006 -0.0315482832 0.066093549 -0.011596038 -0.027595505 0.997364342
1341846245.69206 0.0614664666 -0.054678909600000006 -0.0303234786 0.066771954 -0.00964744 -0.028863767 0.997304022
1341846245.724517 0.064016892 -0.0588980376 -0.0287707824 0.065920778 -0.010094726 -0.028606838 0.997363627
1341846245.760068 0.0634647528 -0.05874240960000001 -0.0288546372 0.067137145 -0.009803055 -0.027705848 0.997310817
1341846245.791914 0.0650399814 -0.0582805332 -0.0316440216 0.067383476 -0.009871832 -0.027755603 0.997292161
1341846245.824142 0.0638390484 -0.05847159240000001 -0.0295814664 0.066975042 -0.008908881 -0.027666247 0.997331202
1341846245.860005 0.06123637440000001 -0.0587792556 -0.0273188574 0.066560715 -0.007878881 -0.02738514 0.997375369
1341846245.891878 0.0614131992 -0.0596785338 -0.028462753799999997 0.065389924 -0.00780596 -0.028062372 0.997434616
1341846245.927903 0.06107535360000001 -0.059128587 -0.0256731246 0.065970927 -0.006937779 -0.027918523 0.997406781
1341846245.95992 0.061330539600000004 -0.0579935772 -0.0261635706 0.067006834 -0.006782115 -0.027327036 0.997355163
1341846245.986182 0.0637856388 -0.05717146680000001 -0.0299875086 0.067113198 -0.007696407 -0.027289255 0.997342408
1341846246.022057 0.062342328600000003 -0.0577186308 -0.028253635200000002 0.067707933 -0.007527653 -0.027962968 0.99728483
1341846246.053871 0.0620699652 -0.057663363599999996 -0.0278553186 0.068887755 -0.00757127 -0.027918696 0.997204959
1341846246.085916 0.0632535426 -0.058427899199999994 -0.0284629176 0.069993369 -0.008813431 -0.026737295 0.997150123
1341846246.121806 0.0631968606 -0.06107136480000001 -0.025447986 0.07036797 -0.010043799 -0.027921475 0.99707967
1341846246.153949 0.0627071562 -0.061825534200000004 -0.024440733 0.071082741 -0.010260228 -0.029851776 0.996970832
1341846246.190063 0.063853218 -0.061017847199999996 -0.026960225400000003 0.072017401 -0.010227138 -0.030434692 0.996886432
1341846246.222002 0.0642757932 -0.0605833776 -0.028531771199999997 0.071481898 -0.010337716 -0.031879153 0.996878743
1341846246.253984 0.0625977018 -0.061421291999999995 -0.0250667226 0.071389191 -0.010090108 -0.033851914 0.996822894
1341846246.289808 0.059098399200000006 -0.056362680000000005 -0.0261851058 0.07360933 -0.008816034 -0.033628076 0.996681035
1341846246.322001 0.060632368199999995 -0.05557824 -0.0290444472 0.073176689 -0.008047429 -0.03457804 0.996686876
1341846246.353946 0.0646700436 -0.0606878622 -0.028773981 0.070307545 -0.008073221 -0.036692206 0.996817648
1341846246.389885 0.059669193599999996 -0.0561910392 -0.0276378696 0.070178971 -0.006204669 -0.035864688 0.99687016
1341846246.421855 0.057625108200000004 -0.054569898000000006 -0.0258645384 0.070967875 -0.005161249 -0.034383673 0.996872425
1341846246.457915 0.058389732 -0.053860343399999996 -0.027701170200000003 0.070565514 -0.00520473 -0.032336745 0.996969283
1341846246.489829 0.0612747972 -0.056311354800000005 -0.0293482746 0.068722293 -0.005202687 -0.030674459 0.99715054
1341846246.521912 0.0603271728 -0.0556830216 -0.028727517600000002 0.067810185 -0.003169515 -0.030254994 0.997234344
1341846246.558038 0.06483407399999999 -0.059805342000000004 -0.029376927 0.066153377 -0.002666042 -0.030556025 0.997337937
1341846246.589826 0.0629892846 -0.0606285648 -0.025988376599999998 0.066648267 -0.001735283 -0.030075369 0.997321665
1341846246.622033 0.05945805 -0.0562600386 -0.0270372114 0.067789964 -0.001022388 -0.027478984 0.997320592
1341846246.658046 0.058431400200000004 -0.0537659532 -0.027767997000000003 0.067752488 -0.001322185 -0.026193583 0.997357368
1341846246.689939 0.057881889 -0.0543215124 -0.026627193 0.067285784 -0.001791057 -0.027377626 0.997356474
1341846246.725903 0.058934737800000005 -0.0546138126 -0.027491189399999998 0.067013822 -0.002372697 -0.027525363 0.997369468
1341846246.757894 0.059686264800000007 -0.0540862146 -0.028754128800000004 0.066343836 -0.00251305 -0.028143387 0.997396708
1341846246.789989 0.058427746200000005 -0.054049644 -0.027181989 0.065775678 -0.00219372 -0.029423647 0.997398138
1341846246.826059 0.05656411980000001 -0.0545199444 -0.024016968 0.065805539 -0.002107924 -0.029380102 0.997397602
1341846246.857869 0.057900544199999994 -0.0541502028 -0.0266235786 0.066767447 -0.00269867 -0.029037762 0.997342288
1341846246.893944 0.0590343804 -0.0536971338 -0.028350610199999998 0.06675785 -0.003605117 -0.028295571 0.997361422
1341846246.925896 0.0577359108 -0.0540355104 -0.0259742808 0.066079579 -0.004007247 -0.02799747 0.997413397
1341846246.95809 0.057709308599999995 -0.053794143 -0.026435235600000002 0.066241413 -0.003968565 -0.028177507 0.99739778
1341846246.993936 0.0584195652 -0.0536197014 -0.0277973082 0.06614574 -0.004393487 -0.028700896 0.997387409
1341846247.026204 0.05881545180000001 -0.0533462238 -0.028569063600000003 0.066052437 -0.004613191 -0.030625796 0.997335374
1341846247.057936 0.057323205 -0.0545827086 -0.0254314098 0.066907793 -0.004299914 -0.031335842 0.99725771
1341846247.093899 0.0575566776 -0.0538756578 -0.0264354264 0.067782551 -0.004864179 -0.030368995 0.99722594
1341846247.126028 0.05864517180000001 -0.05350295880000001 -0.0280561446 0.067584284 -0.005757451 -0.030105179 0.99724263
1341846247.162093 0.0561387258 -0.054687951000000005 -0.0235137726 0.06829752 -0.005360673 -0.029451953 0.997215748
1341846247.194072 0.057924711000000004 -0.0541633248 -0.0265392252 0.071471423 -0.004633693 -0.027642546 0.997048795
1341846247.225977 0.05709857040000001 -0.0542118906 -0.024585024599999998 0.072705813 -0.004220407 -0.026184777 0.997000694
1341846247.261953 0.056502838799999996 -0.054672287400000005 -0.0238404348 0.075475521 -0.003580241 -0.026955305 0.996776819
1341846247.293957 0.0562887918 -0.0545550444 -0.023660370000000003 0.080096401 -0.002464661 -0.026200447 0.996439695
1341846247.325987 0.0585377298 -0.0530374572 -0.0279516006 0.081218772 -0.003622547 -0.025481725 0.996363938
1341846247.36194 0.0596312532 -0.0539622198 -0.028019687400000003 0.078838408 -0.005076839 -0.025170373 0.996556699
1341846247.394053 0.062153884799999996 -0.052902885600000005 -0.032431923 0.076921903 -0.005535728 -0.025029361 0.996707559
1341846247.430187 0.058450771799999995 -0.0530736714 -0.0276786108 0.074732699 -0.005569045 -0.025461921 0.996862948
1341846247.462223 0.05699660580000001 -0.054123102 -0.0241199856 0.073838562 -0.006099487 -0.026954148 0.996887207
1341846247.493952 0.0586193904 -0.0540954144 -0.026095383 0.074165389 -0.006792687 -0.027665231 0.996838987
1341846247.530027 0.0585724302 -0.054209260800000006 -0.025420550400000002 0.074898839 -0.006552298 -0.027655421 0.996785998
1341846247.562209 0.054472654800000006 -0.054867247200000004 -0.0195630174 0.077393852 -0.005491462 -0.026405727 0.996635735
1341846247.594166 0.057081612600000005 -0.0542618424 -0.0233947368 0.078854345 -0.00632751 -0.025442323 0.996541321
1341846247.630035 0.0613817694 -0.054970362 -0.0277200072 0.077074409 -0.008223915 -0.025066704 0.996676266
1341846247.662701 0.0601825068 -0.055544220000000005 -0.0250691382 0.075962372 -0.008339122 -0.024261445 0.996780574
1341846247.697913 0.060724971 -0.0552711924 -0.025964429400000003 0.076905362 -0.007590789 -0.022873079 0.996747136
1341846247.730051 0.0600798456 -0.0552375594 -0.0251248824 0.075465567 -0.008528216 -0.021838048 0.996872783
1341846247.76218 0.0603304038 -0.057463646400000006 -0.0225739062 0.075831078 -0.009209191 -0.020570017 0.996865928
1341846247.798768 0.06267717540000001 -0.0565503876 -0.027407799 0.077696279 -0.009262418 -0.018953726 0.996753812
1341846247.830259 0.06354756 -0.0561933108 -0.030036859200000002 0.076455243 -0.009567449 -0.018312046 0.996858895
1341846247.865875 0.06150802860000001 -0.056803098600000004 -0.025651206 0.074770316 -0.008975947 -0.018873522 0.99698174
1341846247.898157 0.061338438 -0.05705251020000001 -0.024825385800000002 0.077142276 -0.007782759 -0.017962439 0.9968279
1341846247.930002 0.0631285848 -0.055977732 -0.0288040878 0.078187108 -0.009625806 -0.017493438 0.996738732
1341846247.966006 0.0613046556 -0.05699257020000001 -0.0248734332 0.077165574 -0.011393006 -0.016905921 0.99680984
1341846247.998062 0.0618560712 -0.0567229536 -0.0255503952 0.079377599 -0.011247545 -0.015964048 0.996653259
1341846248.030615 0.0630301482 -0.0555354468 -0.0275688666 0.080952056 -0.01097223 -0.01679734 0.996516049
1341846248.065891 0.0643440276 -0.054824657400000004 -0.029685596400000003 0.079664208 -0.011071676 -0.016835365 0.996618092
1341846248.098211 0.063830385 -0.0559817856 -0.027016155000000003 0.078636035 -0.010124613 -0.017556958 0.996697366
1341846248.133929 0.0621740214 -0.055135636200000004 -0.027096478200000003 0.080599554 -0.005847808 -0.020173982 0.996525228
1341846248.16605 0.06389125200000001 -0.05551393860000001 -0.028173051 0.079795055 -0.003926086 -0.022562413 0.996548176
1341846248.198024 0.0631723788 -0.0565688538 -0.0258309198 0.078391075 -0.00407572 -0.023063065 0.996647537
1341846248.23393 0.0632321928 -0.0567459198 -0.025486610399999998 0.080401376 -0.003852175 -0.023023129 0.996489167
1341846248.265968 0.06413967720000001 -0.055902627 -0.027208737 0.081028737 -0.003211751 -0.024245368 0.996411681
1341846248.297927 0.062224419600000004 -0.0569267154 -0.0243450432 0.078467146 -0.003190423 -0.026658941 0.99655509
1341846248.333956 0.0627143112 -0.057292104600000004 -0.0250492428 0.078753211 -0.003852626 -0.028886884 0.996468067
1341846248.366013 0.062879589 -0.058495968 -0.0246321396 0.08022701 -0.003712078 -0.029653782 0.996328533
1341846248.402093 0.06345590940000001 -0.0582130224 -0.025435638 0.079826668 -0.004643962 -0.028935632 0.996377885
1341846248.433862 0.062328972600000004 -0.0588593124 -0.0232666128 0.079913788 -0.004905926 -0.028865181 0.996371686
1341846248.466804 0.0634690854 -0.0583001064 -0.025839167399999998 0.080930449 -0.003796814 -0.030417277 0.996248245
1341846248.502139 0.0636828768 -0.057391011000000006 -0.0262460646 0.079053953 -0.003858023 -0.031216223 0.996374011
1341846248.534215 0.0610487406 -0.0588366288 -0.021565697400000004 0.076502658 -0.005399132 -0.030001497 0.996603251
1341846248.565971 0.0642747204 -0.059250789000000005 -0.025773195600000003 0.07843224 -0.006554888 -0.029562073 0.996459484
1341846248.602003 0.0675249336 -0.057600934199999995 -0.0316451376 0.077491321 -0.005948005 -0.030492781 0.996508837
1341846248.640295 0.0612984402 -0.057762008999999996 -0.023025159 0.076553464 -0.004710662 -0.030433668 0.99658978
1341846248.675831 0.06350819220000001 -0.060277732199999996 -0.0227290806 0.078924716 -0.004719518 -0.029520631 0.996432185
1341846248.708095 0.06425152560000001 -0.0600540624 -0.0255298482 0.080233768 -0.003729561 -0.030084068 0.996315002
1341846248.740085 0.0634920984 -0.0599718132 -0.024039754200000003 0.079775728 -0.003782477 -0.030073039 0.996351898
1341846248.775948 0.0630543492 -0.0602920278 -0.022406148 0.081312202 -0.004521728 -0.030345077 0.996216357
1341846248.802167 0.0639590382 -0.060116907600000005 -0.0251754408 0.082482375 -0.00446013 -0.030364266 0.996119857
1341846248.83395 0.0643396968 -0.0609655914 -0.022875733800000003 0.081826478 -0.00458108 -0.030619061 0.996165633
1341846248.869901 0.06378088500000001 -0.061346143799999996 -0.021224010600000003 0.083313353 -0.004880357 -0.030196531 0.996053815
1341846248.901932 0.064504116 -0.0610482096 -0.023436765000000002 0.084914632 -0.004874543 -0.029693559 0.995933771
1341846248.938035 0.064382733 -0.0609811884 -0.0230916366 0.084523939 -0.004670093 -0.030121276 0.99595511
1341846248.969908 0.06455480940000001 -0.061170901199999995 -0.0241220376 0.083508477 -0.00524741 -0.030460488 0.996027589
1341846249.001964 0.0648744552 -0.0612889326 -0.0248634504 0.083013378 -0.005319224 -0.030661294 0.996062458
1341846249.037998 0.06483844620000001 -0.0610951698 -0.025247574 0.083262175 -0.005257925 -0.030097893 0.996059179
1341846249.069961 0.0649123488 -0.061001775 -0.0252520362 0.081764989 -0.006299548 -0.028970633 0.996210575
1341846249.105888 0.0654639246 -0.0613126566 -0.025465941 0.081637338 -0.005905447 -0.028939763 0.996224344
1341846249.138041 0.06515204399999999 -0.061290259199999995 -0.0248429538 0.081899799 -0.004722183 -0.028949613 0.996208847
1341846249.169904 0.0644293962 -0.061100325 -0.0236538108 0.081687048 -0.004613609 -0.02731847 0.996272862
1341846249.206013 0.063756108 -0.061226791200000005 -0.021960907199999997 0.083337225 -0.004047593 -0.026408559 0.996163249
1341846249.237872 0.06553357380000001 -0.06103232459999999 -0.0256341744 0.083287515 -0.003072614 -0.026742717 0.996161938
1341846249.269963 0.06511851 -0.0611830386 -0.024485387400000003 0.081749119 -0.002794446 -0.027449312 0.996270955
1341846249.306095 0.0632529198 -0.0600637662 -0.0227718702 0.082835853 -0.002153703 -0.027010808 0.99619478
1341846249.337853 0.0658279674 -0.061285276799999996 -0.0262016172 0.083556265 -0.001225341 -0.027233684 0.996130109
1341846249.373854 0.0690705162 -0.060517421999999994 -0.0278308296 0.082029372 -0.00163743 -0.027462257 0.996250093
1341846249.405928 0.0688764528 -0.060923817000000005 -0.026737938 0.081039228 -0.000648538 -0.028281458 0.99630934
1341846249.437945 0.0650018808 -0.061145722799999996 -0.024856866 0.082173236 0.001930911 -0.029044617 0.996192873
1341846249.474182 0.06511187700000001 -0.06095277 -0.0254472498 0.081641749 0.00197151 -0.029260537 0.996230185
1341846249.505956 0.0655687242 -0.0612743346 -0.0252714708 0.080138385 0.001658387 -0.028632648 0.996371031
1341846249.538288 0.06711289200000001 -0.06096170880000001 -0.024211209600000002 0.080252841 0.001602736 -0.029217279 0.996344924
1341846249.574263 0.0677620404 -0.06039322920000001 -0.0249056226 0.079711474 0.001610498 -0.029287277 0.996386349
1341846249.606015 0.0662979708 -0.060795117 -0.026234073 0.0781819 0.000799601 -0.027126698 0.996569633
1341846249.641995 0.0649085328 -0.061487287200000004 -0.024159317399999998 0.078426071 -0.000139708 -0.024920704 0.996608377
1341846249.674108 0.0680870034 -0.0587128788 -0.028292302800000002 0.077560723 -0.001766764 -0.023607772 0.996706486
1341846249.706034 0.0680570028 -0.058674589199999995 -0.027515034 0.074809842 -0.002724544 -0.023449097 0.996918321
1341846249.742012 0.0669991464 -0.0605606526 -0.0263861604 0.07425569 -0.003864826 -0.022098849 0.996986866
1341846249.773906 0.06888353940000001 -0.060692293800000005 -0.028246748399999997 0.074775368 -0.006271213 -0.019144686 0.99699688
1341846249.806093 0.068557986 -0.0573536088 -0.029786652 0.074454091 -0.00931171 -0.016239941 0.997048736
1341846249.842148 0.0686687886 -0.0574340814 -0.029692758599999997 0.073775597 -0.01117848 -0.01512995 0.997097433
1341846249.873923 0.06879553020000001 -0.0574815906 -0.0297146952 0.073678866 -0.012988597 -0.013556408 0.9971053
1341846249.909991 0.06851355660000001 -0.05746015980000001 -0.030566592 0.073406152 -0.016575668 -0.010791627 0.997105956
1341846249.942024 0.0688048704 -0.057399688799999994 -0.031259410200000004 0.072947375 -0.019425318 -0.009155811 0.997104585
1341846249.974199 0.06871114800000001 -0.057254050800000005 -0.0316349262 0.073450737 -0.020686394 -0.010146779 0.997032642
1341846250.010384 0.0682265268 -0.0573457896 -0.0307658736 0.073111139 -0.021926181 -0.010435857 0.997028112
1341846250.042022 0.06857562960000001 -0.057218378400000006 -0.030843331200000004 0.073227361 -0.024411052 -0.008331285 0.99698168
1341846250.078047 0.0690717564 -0.0570063222 -0.031494753 0.075131908 -0.024655767 -0.007331062 0.996841788
1341846250.109945 0.0701923914 -0.057644843400000007 -0.033759657 0.074791141 -0.023192106 -0.009017177 0.996888697
1341846250.141849 0.07023991859999999 -0.0575990568 -0.0333522738 0.072926506 -0.021927942 -0.009729746 0.997048795
1341846250.177803 0.0695846556 -0.057130106400000005 -0.0327004164 0.073261015 -0.019762868 -0.008734372 0.997078717
1341846250.210137 0.0691568442 -0.056564897399999994 -0.0331212672 0.074026242 -0.015951836 -0.009459815 0.997083843
1341846250.241903 0.0909817632 -0.0351646416 -0.025270896600000002 0.07765609 -0.017566161 -0.011449842 0.996759713
1341846250.277878 0.0901852758 -0.035843634000000006 -0.024033033000000002 0.077134401 -0.016256044 -0.013399967 0.996798098
1341846250.309873 0.0685729674 -0.056485236599999995 -0.032296851 0.071699373 -0.011366993 -0.015541014 0.997240424
1341846250.346142 0.0684451386 -0.056491821000000005 -0.032505127200000004 0.071701713 -0.011624515 -0.015646409 0.997235656
1341846250.377944 0.0843364962 -0.059013962999999996 -0.044486652599999996 0.071369097 -0.014612505 -0.016921097 0.997199357
1341846250.410038 0.0848348388 -0.058628691 -0.0447516576 0.071788117 -0.014657035 -0.016746171 0.997171581
1341846250.445984 0.068123898 -0.057514667400000004 -0.0316375938 0.073983915 -0.011645603 -0.016688844 0.997051775
1341846250.477872 0.068780475 -0.056696319 -0.032654201400000006 0.073573224 -0.011940747 -0.017210897 0.997069836
1341846250.50993 0.0685498932 -0.05704046100000001 -0.032858109 0.072943866 -0.013673119 -0.015534408 0.997121334
1341846250.546119 0.0874861218 -0.0350262432 -0.022522375799999998 0.078949772 -0.019076431 -0.013090671 0.996610105
1341846250.577998 0.0877098978 -0.0348230592 -0.0234365814 0.077730097 -0.018360564 -0.013927416 0.996708035
1341846250.613828 0.0680693616 -0.0571825368 -0.031195161 0.071086563 -0.014043275 -0.015610464 0.997249126
1341846250.646114 0.068730768 -0.0567830754 -0.0324278262 0.071513988 -0.014456751 -0.013131302 0.997248352
1341846250.677812 0.0698331024 -0.057876303600000005 -0.033589575 0.07077457 -0.01419147 -0.01114085 0.997329175
1341846250.713958 0.0786299634 -0.0622447848 -0.039680037 0.068253458 -0.014835763 -0.011319925 0.997493446
1341846250.745904 0.078248385 -0.062466006600000006 -0.0391631688 0.067396402 -0.014394226 -0.00950605 0.997577131
1341846250.777886 0.078687504 -0.061837443000000006 -0.040051814399999996 0.066947572 -0.016119959 -0.00727386 0.997599721
1341846250.814024 0.07904822040000001 -0.0616396644 -0.0408120372 0.066265486 -0.017303035 -0.006624698 0.99763
1341846250.846025 0.0894597174 -0.046209308399999996 -0.0360503316 0.068264 -0.019057484 -0.006534155 0.997463822
1341846250.881824 0.089918496 -0.0464360022 -0.036380460600000004 0.068401955 -0.019438297 -0.006037465 0.997450173
1341846250.913808 0.08942796 -0.046312867800000004 -0.035884992600000006 0.070408709 -0.019300558 -0.005845752 0.997314394
1341846250.946118 0.0904586058 -0.046101591 -0.0363854394 0.070981801 -0.018921062 -0.006619439 0.997276127
1341846250.981803 0.0783649602 -0.06223060800000001 -0.039816009000000006 0.068445757 -0.016080862 -0.008467623 0.997489274
1341846251.014047 0.0885489336 -0.0431654868 -0.0303154722 0.072750434 -0.019804355 -0.007671719 0.997124016
1341846251.046033 0.0900047016 -0.0429328566 -0.0305336772 0.073633797 -0.020973768 -0.00771085 0.997034967
1341846251.081959 0.0790155702 -0.062531037 -0.0386108514 0.070657998 -0.017976027 -0.010619123 0.997282088
1341846251.114058 0.08796351420000001 -0.0352268226 -0.022495033799999998 0.079005785 -0.019707907 -0.008403229 0.996643901
1341846251.14992 0.08788522680000001 -0.035014203 -0.022494204 0.080474988 -0.019242322 -0.008889603 0.996531248
1341846251.181983 0.0874752912 -0.0356381694 -0.0208791954 0.081023544 -0.018061299 -0.010055564 0.99649781
1341846251.214205 0.0886075056 -0.037651586400000006 -0.0244992528 0.081607632 -0.018457437 -0.010891764 0.996434093
1341846251.249978 0.0887741172 -0.037638342 -0.025108443 0.081797868 -0.02065012 -0.009659368 0.996388137
1341846251.281923 0.0887580036 -0.0375825168 -0.0249010596 0.0825321 -0.02204203 -0.009592351 0.996298432
1341846251.318026 0.0840611214 -0.0589949928 -0.044718858 0.076426029 -0.021588067 -0.013145934 0.996754825
1341846251.350003 0.0837356148 -0.058164125399999995 -0.044999202599999996 0.074592598 -0.023798322 -0.013066467 0.996844471
1341846251.382003 0.08457438960000001 -0.0385664238 -0.0229069008 0.079978719 -0.026731197 -0.009928769 0.996388614
1341846251.417971 0.08595818100000001 -0.0376889418 -0.024957545400000003 0.080284253 -0.027609464 -0.011390138 0.99632442
1341846251.449878 0.08574110280000001 -0.037251223199999996 -0.025407225 0.077395529 -0.028364219 -0.012770625 0.996515095
1341846251.481872 0.0858221388 -0.0418872204 -0.031216732199999996 0.073766686 -0.029836886 -0.01359794 0.996736348
1341846251.51787 0.08410533120000001 -0.0297222048 -0.0253714266 0.075251728 -0.031352811 -0.011385143 0.996606529
1341846251.549884 0.0849450564 -0.0284664996 -0.019684422000000003 0.074083291 -0.0320528 -0.010974886 0.996676385
1341846251.586071 0.08301434220000001 -0.0321107328 -0.020450475 0.072491162 -0.031201795 -0.010846153 0.99682188
1341846251.618241 0.0814651794 -0.0309660624 -0.0201731886 0.07358627 -0.0316731 -0.008848524 0.99674648
1341846251.649917 0.08683281540000001 -0.0360561852 -0.023221355399999997 0.073093638 -0.032107048 -0.008576518 0.996771216
1341846251.686034 0.0870893424 -0.0349761222 -0.0223109568 0.073925033 -0.030039899 -0.010257786 0.996758461
1341846251.718103 0.0827504136 -0.0365307048 -0.025777002599999998 0.073500469 -0.02761773 -0.012082561 0.996839464
1341846251.749907 0.08110491119999999 -0.035588541599999995 -0.0244140804 0.074212186 -0.027963763 -0.010980939 0.996789873
