1341846227.586047 0.010150820 -0.000287174 0.002581012 0.005310132 -0.027440475 -0.026015555 0.999270737
1341846227.622081 0.009889930 -0.000279172 0.001872223 0.004792960 -0.026567006 -0.029555149 0.999198496
1341846227.653945 0.009589283 -0.000484943 0.003794674 0.004556481 -0.026703067 -0.030294677 0.999173880
1341846227.686038 0.016269408 -0.001515483 0.004147938 0.007536747 -0.030653786 -0.030382557 0.999039769
1341846227.721966 0.016776571 -0.001318924 0.003108361 0.009728236 -0.028557990 -0.031687487 0.999042392
1341846227.754130 0.016716575 -0.001358086 0.003224988 0.010642788 -0.025652042 -0.032322798 0.999091566
1341846227.789951 0.016733414 -0.001302736 0.003115463 0.012112332 -0.023701295 -0.031520575 0.999148607
1341846227.821920 0.013940975 -0.003766112 0.001899566 0.011364408 -0.020784128 -0.028887866 0.999301970
1341846227.854275 0.015973043 -0.002054609 0.005413192 0.012554365 -0.019702779 -0.030069992 0.999274731
1341846227.889935 0.015093394 -0.002524912 0.004173673 0.012673600 -0.017400052 -0.029738506 0.999325871
1341846227.921967 0.017082842 -0.002498785 0.002975700 0.012892434 -0.017197005 -0.028540881 0.999361515
1341846227.958123 0.017270146 -0.002278974 0.002497276 0.013167616 -0.015939115 -0.029668383 0.999345958
1341846227.989985 0.016233530 -0.004559195 0.001695751 0.010813450 -0.013525939 -0.029398432 0.999417782
1341846228.021937 0.016073732 -0.003154305 0.005679418 0.011747788 -0.012434715 -0.031025494 0.999372184
1341846228.058222 0.016340090 -0.003054846 0.005049102 0.014272561 -0.012317859 -0.029741475 0.999379814
1341846228.090097 0.017114362 -0.001152776 0.002325879 0.014670114 -0.011200717 -0.029884402 0.999382913
1341846228.121845 0.020761847 -0.001877283 0.002489802 0.011085585 -0.010916251 -0.028901180 0.999461174
1341846228.157875 0.021287929 -0.004878956 0.002595459 0.007433020 -0.011597690 -0.025096482 0.999590099
1341846228.189872 0.017510017 -0.002294404 0.002254719 0.006225749 -0.010377161 -0.023494704 0.999650717
1341846228.225994 0.026687775 -0.005712285 0.004538390 0.003140514 -0.014533807 -0.023669994 0.999609232
1341846228.258336 0.020660393 -0.004823719 0.005889399 0.004286554 -0.012446392 -0.024851745 0.999604464
1341846228.289941 0.020055348 -0.003884278 0.005206111 0.005166556 -0.012567337 -0.024472335 0.999608159
1341846228.326018 0.026897572 -0.004846806 0.005730477 0.005411775 -0.014834340 -0.023899529 0.999589622
1341846228.358243 0.033078231 -0.006640709 0.006239748 0.004889800 -0.016188055 -0.023137074 0.999589264
1341846228.389779 0.030553963 -0.008989174 0.004780466 0.003447613 -0.014596505 -0.021936167 0.999646842
1341846228.426073 0.026732994 -0.006148512 0.006091564 0.005116954 -0.011962476 -0.022782143 0.999655783
1341846228.457823 0.031126618 -0.008441745 0.004166319 0.005044379 -0.012116188 -0.021624656 0.999679983
1341846228.493915 0.027131798 -0.006613208 0.003958219 0.005229818 -0.009893828 -0.021584325 0.999704421
1341846228.525907 0.026906054 -0.007876380 0.004224073 0.003886681 -0.010654722 -0.020818457 0.999718964
1341846228.558208 0.022059901 -0.006917974 0.003139350 0.004262718 -0.008292278 -0.018770859 0.999780297
1341846228.593899 0.019000391 -0.007455249 0.002632751 0.004361299 -0.006377618 -0.018300520 0.999802709
1341846228.626021 0.026131727 -0.009988355 0.002123956 0.003055357 -0.010907818 -0.018339859 0.999767661
1341846228.658069 0.028607523 -0.008719437 0.002960535 0.002646068 -0.013117926 -0.017432967 0.999758482
1341846228.693942 0.032217827 -0.008636426 0.003003879 0.001852630 -0.014019529 -0.017956290 0.999738753
1341846228.726069 0.032679711 -0.010336083 0.002734803 0.000361951 -0.012971980 -0.017598651 0.999760926
1341846228.762090 0.030709453 -0.009834059 0.004171713 0.000611984 -0.012099168 -0.016410174 0.999791920
1341846228.794000 0.032508761 -0.010456892 0.003989520 0.001178597 -0.013391363 -0.014801403 0.999800086
1341846228.825934 0.032905255 -0.010443110 0.002610719 0.002169119 -0.012895019 -0.013974718 0.999816835
1341846228.862015 0.032449588 -0.010429244 0.002889214 0.002185910 -0.012657785 -0.012675429 0.999837160
1341846228.893856 0.032355905 -0.010350652 0.002691594 0.002502829 -0.013861576 -0.012422138 0.999823630
1341846228.926548 0.024613073 -0.005356503 -0.000303100 0.004800745 -0.010396414 -0.013095743 0.999848664
1341846228.961940 0.024512136 -0.004542883 -0.000095429 0.004861990 -0.009475606 -0.013005381 0.999858677
1341846228.994040 0.032278169 -0.009582933 0.000969809 0.001600318 -0.012961380 -0.012148836 0.999840915
1341846229.029897 0.034478266 -0.010804096 0.002774054 0.001134753 -0.013973255 -0.012049777 0.999829113
1341846229.061870 0.036013547 -0.011892978 0.001862153 0.001813623 -0.014412567 -0.011468578 0.999828696
1341846229.094829 0.034088202 -0.009609871 0.001269992 0.002858779 -0.013044551 -0.010436590 0.999856353
1341846229.129930 0.035881601 -0.010064431 0.001831853 0.002066596 -0.013033665 -0.009812037 0.999864757
1341846229.161882 0.036381718 -0.010767631 0.001598186 0.001348154 -0.012809142 -0.010392796 0.999863029
1341846229.197882 0.027139883 -0.007751825 0.000552998 0.002905084 -0.008678112 -0.011181770 0.999895632
1341846229.229812 0.024364354 -0.011463028 -0.000109462 0.002514197 -0.007907646 -0.009620740 0.999919295
1341846229.261994 0.025200117 -0.009618011 -0.000755968 0.004574212 -0.008757593 -0.009976412 0.999901414
1341846229.297920 0.035414107 -0.011444219 0.000925019 0.003823539 -0.013513486 -0.012228293 0.999826610
1341846229.329933 0.034277093 -0.011233794 0.000666460 0.003860263 -0.013672697 -0.012582270 0.999819875
1341846229.361996 0.035915364 -0.012827767 0.001470387 0.003096975 -0.014964520 -0.012004478 0.999811172
1341846229.398029 0.036294632 -0.016533906 0.002282987 0.003675405 -0.014876474 -0.011808729 0.999812841
1341846229.430182 0.033270851 -0.014925115 0.000763290 0.007216949 -0.013830799 -0.011385913 0.999813497
1341846229.471963 0.035778601 -0.013168087 0.001552702 0.008726220 -0.015008176 -0.010838908 0.999790549
1341846229.498348 0.035827462 -0.013593761 0.001448245 0.009528487 -0.014526922 -0.010155399 0.999797523
1341846229.530149 0.034716580 -0.012388744 0.000664451 0.010894145 -0.013635796 -0.009380357 0.999803662
1341846229.566064 0.026840381 -0.011626599 -0.000904864 0.011318581 -0.010194397 -0.006751157 0.999861181
1341846229.598057 0.026740987 -0.011625685 -0.001087918 0.013218591 -0.009442252 -0.005168134 0.999854684
1341846229.630063 0.034793369 -0.012480376 0.000239281 0.014081123 -0.011600845 -0.004552814 0.999823213
1341846229.665946 0.036453106 -0.013695745 -0.000135798 0.012919442 -0.011929869 -0.003581730 0.999838948
1341846229.698150 0.036309402 -0.013900469 0.000222037 0.013498131 -0.011525009 -0.002733128 0.999838769
1341846229.733828 0.034868628 -0.012987476 0.000341807 0.016984578 -0.009289444 -0.002726781 0.999808908
1341846229.765937 0.035136621 -0.013044771 -0.002104505 0.017575637 -0.008276396 -0.001673066 0.999809861
1341846229.798002 0.035042502 -0.012977491 -0.001958468 0.015769528 -0.008035483 -0.001875467 0.999841630
1341846229.833857 0.034722425 -0.013394811 -0.000218750 0.015644332 -0.007692669 -0.002370949 0.999845207
1341846229.865928 0.026752271 -0.011553804 -0.002116393 0.018213317 -0.003248555 -0.001474450 0.999827743
1341846229.897926 0.027014989 -0.011363980 -0.002994995 0.017983545 -0.003075722 -0.001225688 0.999832809
1341846229.939857 0.026961317 -0.011362105 -0.002401711 0.016011160 -0.002936170 -0.001853219 0.999865770
1341846229.965948 0.037007902 -0.013563410 -0.000121884 0.013843649 -0.006717624 -0.003285200 0.999876201
1341846230.002061 0.033658393 -0.011197122 -0.000685531 0.013207155 -0.004738989 -0.004498441 0.999891460
1341846230.033858 0.033749633 -0.012623028 -0.000754143 0.009784467 -0.005170384 -0.005127733 0.999925613
1341846230.065938 0.033729102 -0.013051016 0.000290897 0.009354499 -0.004409573 -0.004311000 0.999937236
1341846230.103878 0.034425102 -0.012110051 0.000083656 0.009701864 -0.003871263 -0.003688556 0.999938667
1341846230.144719 0.033739153 -0.012235224 -0.000550855 0.008796961 -0.003563389 -0.003603083 0.999948502
1341846230.172747 0.033015206 -0.013528775 0.000098720 0.007811596 -0.002864724 -0.002597093 0.999962032
1341846230.208544 0.032988623 -0.012449168 0.000581265 0.009247060 -0.002119550 -0.001053332 0.999954462
1341846230.271971 0.034592051 -0.014403700 0.000609291 0.007081576 -0.002979846 -0.000799079 0.999970138
1341846230.302303 0.024510326 -0.012476791 -0.001351562 0.010564501 0.001680031 0.001644543 0.999941409
1341846230.334051 0.025938069 -0.010701127 -0.001218982 0.013089444 0.001504788 0.001940433 0.999911308
1341846230.370031 0.036779251 -0.015838871 0.000599538 0.012473619 -0.002415975 -0.000022329 0.999919295
1341846230.401932 0.036939524 -0.014041563 0.000579890 0.015413472 -0.001428179 -0.001666713 0.999878824
1341846230.437965 0.025898190 -0.013190958 -0.001443220 0.017537277 0.003976069 -0.000981462 0.999837816
1341846230.469920 0.024978148 -0.012125422 -0.002980273 0.019365843 0.004820799 -0.001883342 0.999799073
1341846230.501933 0.023295535 -0.009746186 -0.002662454 0.020242967 0.005695140 -0.003450358 0.999772906
1341846230.537834 0.025001233 -0.009370293 -0.002197004 0.019749306 0.004495936 -0.002878178 0.999790728
1341846230.569803 0.036994558 -0.011449454 0.000317114 0.020239646 -0.001399363 -0.003993649 0.999786198
1341846230.601945 0.037327621 -0.011587019 -0.000130651 0.022016710 -0.002324933 -0.003961414 0.999747038
1341846230.637789 0.036240239 -0.011148689 0.000433606 0.023272883 -0.002238538 -0.004028694 0.999718547
1341846230.670057 0.039476831 -0.014302548 -0.002092831 0.021471264 -0.004156244 -0.004380562 0.999751210
1341846230.705937 0.038798936 -0.011346983 -0.000606926 0.021674242 -0.004632590 -0.005361203 0.999739945
1341846230.737932 0.036605857 -0.008968351 0.002074414 0.023815673 -0.003703815 -0.004732747 0.999698281
1341846230.769960 0.037772391 -0.009276357 0.001535026 0.024791509 -0.004656848 -0.003453889 0.999675810
1341846230.805852 0.037910316 -0.007991625 0.002407030 0.025590815 -0.005034117 -0.003934175 0.999652088
1341846230.837804 0.035259794 -0.006388881 0.001814065 0.026435548 -0.004390801 -0.004567791 0.999630451
1341846230.869829 0.035117202 -0.006710459 0.002708545 0.027168175 -0.003710490 -0.005492009 0.999608874
1341846230.905851 0.038712207 -0.007090646 0.001945185 0.027603557 -0.005860035 -0.004221868 0.999592841
1341846230.937917 0.040334772 -0.015450859 -0.000531947 0.023597874 -0.007913042 -0.003960107 0.999682367
1341846230.973933 0.043254051 -0.015354770 -0.000048555 0.024427943 -0.009446114 -0.003519928 0.999650776
1341846231.006047 0.040743168 -0.017084511 -0.000451429 0.024828050 -0.008312309 -0.003322970 0.999651670
1341846231.037936 0.043817390 -0.016862292 -0.004064929 0.024706146 -0.010803955 -0.003032964 0.999631763
1341846231.074310 0.041996051 -0.019956283 -0.002923249 0.023263007 -0.010425209 -0.003499904 0.999668896
1341846231.106085 0.039848920 -0.017879166 0.000720400 0.025501369 -0.009601796 -0.003422032 0.999622822
1341846231.138083 0.042368516 -0.022936804 -0.003531705 0.024157906 -0.011507642 -0.002864196 0.999637842
1341846231.174011 0.041153777 -0.023296459 -0.003838245 0.023941334 -0.011381571 -0.003564185 0.999642193
1341846231.205909 0.041528225 -0.021266036 -0.001418246 0.025737338 -0.011591547 -0.003903766 0.999593914
1341846231.241869 0.042202067 -0.019055130 -0.002912358 0.027910843 -0.011692799 -0.003703856 0.999535143
1341846231.273832 0.040048260 -0.020954352 -0.002367326 0.027112508 -0.010913012 -0.004300550 0.999563575
1341846231.305846 0.042964648 -0.021470809 -0.003152526 0.028325176 -0.012635969 -0.003472402 0.999512851
1341846231.341923 0.043092102 -0.018997880 -0.003486195 0.029290205 -0.013161578 -0.003405397 0.999478459
1341846231.374263 0.041195914 -0.017941955 -0.003625545 0.028033501 -0.012774863 -0.003718045 0.999518394
1341846231.410022 0.040655915 -0.017910860 -0.001404299 0.027257252 -0.012481336 -0.004652773 0.999539673
1341846231.442103 0.041008931 -0.020825133 -0.002586349 0.026008623 -0.012858303 -0.003465593 0.999572992
1341846231.484245 0.041527372 -0.021061175 -0.002548740 0.026010558 -0.014168942 -0.002096061 0.999559045
1341846231.516816 0.042548690 -0.019843571 -0.002752965 0.025576610 -0.014952444 -0.002566416 0.999557734
1341846231.547853 0.043319140 -0.016519526 -0.002701319 0.025015054 -0.013963324 -0.004676520 0.999578595
1341846231.583898 0.045090880 -0.019035084 -0.003583199 0.020778360 -0.012889210 -0.007091634 0.999675870
1341846231.615993 0.044995565 -0.023250289 -0.001847449 0.017326377 -0.010954536 -0.009914309 0.999740720
1341846231.648015 0.031982105 -0.023668218 -0.000962304 0.018735811 -0.005241275 -0.011352266 0.999746263
1341846231.683822 0.042004012 -0.031290647 -0.000106029 0.020397581 -0.011690417 -0.013364412 0.999634266
1341846231.716153 0.044045843 -0.030396344 -0.001423964 0.027253337 -0.013449949 -0.012125529 0.999464512
1341846231.747846 0.040737629 -0.029343180 -0.003208142 0.031421091 -0.013348685 -0.011858457 0.999346733
1341846231.783993 0.034108955 -0.020656053 -0.003618819 0.035806343 -0.011422141 -0.012310389 0.999217629
1341846231.817027 0.034274071 -0.021125434 -0.002844438 0.035296965 -0.011465365 -0.011693679 0.999242663
1341846231.852317 0.032596439 -0.021221157 -0.005357072 0.034546804 -0.010832802 -0.012139126 0.999270618
1341846231.883853 0.032267995 -0.020604264 -0.004637853 0.032574050 -0.011810495 -0.012007043 0.999327421
1341846231.909867 0.032628324 -0.020629451 -0.002566158 0.031002440 -0.013326630 -0.010068817 0.999379754
1341846231.945837 0.033734608 -0.021705624 -0.003152031 0.030430743 -0.014445122 -0.009246103 0.999389768
1341846231.978027 0.034145691 -0.022324787 -0.005188598 0.029928770 -0.015003207 -0.009227514 0.999396861
1341846232.009966 0.033555172 -0.020806471 -0.003611035 0.029404668 -0.015274659 -0.009194055 0.999408603
1341846232.045845 0.034032915 -0.022713957 -0.001649652 0.028065884 -0.016902210 -0.008134089 0.999430060
1341846232.077961 0.033207178 -0.022280484 -0.000941012 0.028940152 -0.017712813 -0.006927218 0.999400139
1341846232.109864 0.034093522 -0.022146199 -0.002808597 0.028761728 -0.018725893 -0.007461902 0.999383032
1341846232.145999 0.036393415 -0.021948056 -0.002562707 0.028479125 -0.019313140 -0.008890243 0.999368250
1341846232.178314 0.037596192 -0.021786775 -0.002215635 0.028147468 -0.019610507 -0.008728329 0.999373317
1341846232.215951 0.037212472 -0.021745943 -0.001830365 0.028554127 -0.019173270 -0.008482849 0.999372363
1341846232.252037 0.036811575 -0.022046564 -0.000555181 0.029730150 -0.018832527 -0.007389012 0.999353230
1341846232.283944 0.035410993 -0.020659704 -0.000602683 0.030743420 -0.018722273 -0.005050599 0.999339163
1341846232.319867 0.038794536 -0.023173623 -0.003183097 0.029402588 -0.019767245 -0.004720919 0.999361038
1341846232.351854 0.040727481 -0.025956474 -0.006486672 0.026214147 -0.020079484 -0.004869470 0.999442816
1341846232.383877 0.039440915 -0.022697259 -0.002264844 0.025448686 -0.019385675 -0.007629228 0.999459028
1341846232.419782 0.035809744 -0.022345001 -0.001730589 0.025110541 -0.018934712 -0.009505506 0.999460161
1341846232.451780 0.037093006 -0.026360476 -0.001316410 0.024755286 -0.019800877 -0.009280856 0.999454319
1341846232.484170 0.038566839 -0.023421882 -0.001345541 0.026830690 -0.020082435 -0.009301730 0.999394953
1341846232.519889 0.038266201 -0.023610028 -0.001568490 0.027616151 -0.020208605 -0.008553480 0.999377668
1341846232.551877 0.045751806 -0.024765626 -0.000414080 0.027575893 -0.023643561 -0.009595314 0.999293983
1341846232.583846 0.045737743 -0.026750438 -0.001322693 0.028120082 -0.023495447 -0.008932952 0.999288440
1341846232.619798 0.045950342 -0.024860000 -0.002808089 0.030608481 -0.022969676 -0.008474817 0.999231577
1341846232.651799 0.045789417 -0.024624005 -0.002267271 0.031890739 -0.022430440 -0.008048522 0.999207258
1341846232.688092 0.045568615 -0.023903534 -0.001013642 0.033957347 -0.022062464 -0.008667558 0.999142170
1341846232.719804 0.045664225 -0.024399845 -0.001671432 0.035691250 -0.021355009 -0.009554364 0.999089003
1341846232.751767 0.039501488 -0.023500988 -0.001881303 0.037747160 -0.017710764 -0.009339949 0.999086678
1341846232.787894 0.045138929 -0.024007939 -0.000782787 0.039442342 -0.019412974 -0.010854110 0.998974264
1341846232.819886 0.046308856 -0.024303542 -0.002459613 0.041083928 -0.018710252 -0.011031797 0.998919547
1341846232.855850 0.046151806 -0.025540125 -0.001478622 0.042693969 -0.018104455 -0.012263832 0.998848855
1341846232.887989 0.046486083 -0.023969395 -0.001185215 0.044945795 -0.017430810 -0.012950480 0.998753369
1341846232.919822 0.039509527 -0.023236908 -0.000170488 0.046016932 -0.013744986 -0.013204797 0.998758793
1341846232.955993 0.039181400 -0.023067635 -0.000913763 0.046964176 -0.013309612 -0.013304095 0.998719275
1341846232.987965 0.039243121 -0.022987265 -0.001352192 0.046796963 -0.012838440 -0.013371141 0.998732388
1341846233.023868 0.039863568 -0.021818263 -0.001503849 0.045970406 -0.011140019 -0.013368396 0.998791218
1341846233.055880 0.039244834 -0.022532964 0.000455328 0.044530921 -0.009578395 -0.013674679 0.998868465
1341846233.087872 0.037836783 -0.024185417 0.000221125 0.042856839 -0.008687481 -0.014813043 0.998933613
1341846233.124060 0.043941513 -0.025165493 0.001506801 0.043224473 -0.011967393 -0.017000105 0.998849034
1341846233.155902 0.036414441 -0.026285449 0.000455025 0.044915479 -0.009783085 -0.016874917 0.998800337
1341846233.218177 0.037306145 -0.023628175 -0.002063787 0.050298318 -0.011250300 -0.018196639 0.998505056
1341846233.249926 0.037547112 -0.023406489 -0.001851601 0.049027316 -0.011290776 -0.020067075 0.998531997
1341846233.286015 0.040641818 -0.022421945 0.000313900 0.048498988 -0.012258411 -0.021286029 0.998521149
1341846233.317870 0.040005449 -0.024444165 0.000771260 0.048117656 -0.010855929 -0.021582952 0.998549461
1341846233.349815 0.038331550 -0.025218137 0.000226465 0.048807900 -0.009509413 -0.021272464 0.998536348
1341846233.385857 0.038568340 -0.024404962 0.000318271 0.049528498 -0.010249333 -0.020140212 0.998517036
1341846233.417990 0.040726852 -0.026924165 -0.000598691 0.048316292 -0.011719354 -0.020254403 0.998557925
1341846233.453822 0.038104672 -0.027429778 0.000382044 0.048634015 -0.011463276 -0.019646393 0.998557627
1341846233.485912 0.038448282 -0.025156528 0.001098272 0.050827246 -0.012280573 -0.020000739 0.998431623
1341846233.517954 0.037692670 -0.025219068 -0.001275125 0.050552726 -0.012824144 -0.021658516 0.998404145
1341846233.553882 0.040154207 -0.025101846 -0.000046498 0.050578825 -0.014858403 -0.022139991 0.998364091
1341846233.585968 0.039747667 -0.027173223 -0.000222189 0.050901253 -0.015614373 -0.021729384 0.998345196
1341846233.621898 0.040429864 -0.025564106 -0.000026209 0.052629091 -0.016049273 -0.020206690 0.998280644
1341846233.654396 0.040527932 -0.025352301 -0.000123724 0.052751414 -0.015071374 -0.020798935 0.998277307
1341846233.685848 0.039544977 -0.024155136 0.000292049 0.052167054 -0.013649294 -0.021461084 0.998314440
1341846233.721879 0.040284999 -0.024458455 -0.001038085 0.051242173 -0.013448918 -0.021233965 0.998369932
1341846233.753961 0.039982930 -0.024205515 -0.000307093 0.051094357 -0.013136120 -0.021493966 0.998376071
1341846233.786032 0.039553776 -0.024250040 0.000275841 0.050337717 -0.012335065 -0.020311655 0.998449504
1341846233.822009 0.039776850 -0.024268009 -0.000012187 0.049675483 -0.011827487 -0.020085018 0.998493373
1341846233.853971 0.039321925 -0.023985472 0.000381692 0.048785813 -0.011464239 -0.019652057 0.998550117
1341846233.889920 0.039131764 -0.024094692 0.000333364 0.047900405 -0.011622224 -0.019873222 0.998586774
1341846233.922045 0.038988262 -0.024094027 0.000501171 0.047096152 -0.012155003 -0.020466272 0.998606682
1341846233.953967 0.038944002 -0.023943819 0.000798151 0.046805259 -0.012880775 -0.020380845 0.998613000
1341846233.989945 0.041572522 -0.024917291 -0.000636447 0.045868523 -0.015113306 -0.020529073 0.998622179
1341846234.021936 0.041714370 -0.024864662 -0.000948404 0.044905759 -0.015934186 -0.020110101 0.998661697
1341846234.053904 0.041442409 -0.025335969 0.000120179 0.044166476 -0.015717411 -0.020775238 0.998684466
1341846234.089899 0.041684821 -0.025418727 -0.000348122 0.044002932 -0.015259518 -0.021373833 0.998686194
1341846234.121984 0.041688208 -0.025349166 -0.000127437 0.043685041 -0.014931246 -0.021546252 0.998701394
1341846234.158063 0.041781053 -0.025328705 -0.000363894 0.043591235 -0.015054789 -0.021196838 0.998711109
1341846234.189961 0.041784491 -0.025439685 -0.000203657 0.044446554 -0.015084458 -0.019980280 0.998698056
1341846234.222130 0.042797081 -0.024871534 -0.000984496 0.044718459 -0.014908025 -0.019974133 0.998688638
1341846234.257875 0.042545397 -0.024837147 -0.000671488 0.043353897 -0.014442747 -0.019861205 0.998757958
1341846234.289820 0.042321905 -0.024836775 -0.000065687 0.042887561 -0.013641184 -0.019467453 0.998797059
1341846234.321998 0.042589486 -0.024844645 -0.000377473 0.043787036 -0.012830610 -0.020743977 0.998743117
1341846234.357904 0.042402118 -0.024801390 -0.000214623 0.044397462 -0.012749534 -0.021708690 0.998696685
1341846234.389919 0.042431049 -0.024848118 -0.000156995 0.044821206 -0.013432743 -0.021480961 0.998673737
1341846234.425915 0.042690266 -0.024832588 -0.000483750 0.045901392 -0.014511415 -0.019666053 0.998646975
1341846234.457800 0.043091483 -0.024723444 -0.001206326 0.045925401 -0.014928314 -0.019298509 0.998646915
1341846234.490016 0.043150172 -0.024656570 -0.001382552 0.043101717 -0.015413057 -0.019563703 0.998760223
1341846234.525867 0.042666476 -0.025545247 0.000047697 0.041535530 -0.015431423 -0.018750923 0.998841882
1341846234.557961 0.043125082 -0.025381098 -0.000830190 0.041296639 -0.015645869 -0.018050319 0.998861313
1341846234.593900 0.043220885 -0.025371917 -0.001183693 0.039725576 -0.016408073 -0.017055521 0.998930335
1341846234.626439 0.042928848 -0.025703333 -0.000728060 0.038815115 -0.017327555 -0.015099732 0.998982072
1341846234.658173 0.043832488 -0.026144916 -0.000599328 0.038414024 -0.018759955 -0.014452877 0.998981237
1341846234.694104 0.043774962 -0.026121600 -0.000477848 0.038098812 -0.019905459 -0.014490781 0.998970628
1341846234.725911 0.043577835 -0.026199566 -0.000063949 0.038200691 -0.021345023 -0.013120281 0.998955905
1341846234.758643 0.043779071 -0.026174800 -0.000250638 0.039261911 -0.022352094 -0.012427720 0.998901606
1341846234.793907 0.044049103 -0.025744859 -0.000980780 0.038796086 -0.022385513 -0.012889833 0.998913229
1341846234.826106 0.043945435 -0.025653135 -0.000672368 0.037983675 -0.022114281 -0.013163979 0.998946905
1341846234.862270 0.042782761 -0.025155906 -0.000074838 0.038160779 -0.021900328 -0.013075811 0.998946011
1341846234.893971 0.042851552 -0.024671122 0.000105353 0.039477818 -0.022592599 -0.012350340 0.998888671
1341846234.926031 0.042857334 -0.025136519 -0.000111239 0.039869502 -0.022670968 -0.013254156 0.998859763
1341846234.961979 0.042937148 -0.025078647 -0.000303348 0.040276870 -0.022632396 -0.014026681 0.998833716
1341846234.994016 0.042762924 -0.024931381 -0.000156011 0.041223355 -0.023125213 -0.014549729 0.998776317
1341846235.026311 0.043059479 -0.024930654 -0.000629589 0.040019780 -0.023979260 -0.015195772 0.998795569
1341846235.061915 0.043149970 -0.024722803 -0.000601399 0.038525011 -0.023856005 -0.016233383 0.998840928
1341846235.094075 0.042881973 -0.024816232 -0.000229504 0.037608027 -0.023535863 -0.016276229 0.998882771
1341846235.130068 0.042655356 -0.025128458 -0.000128399 0.037806436 -0.023759656 -0.016035208 0.998873889
1341846235.162449 0.042479992 -0.025114976 -0.000042425 0.038951796 -0.025108855 -0.015196821 0.998809993
1341846235.193917 0.042782921 -0.025222786 -0.000039625 0.039546665 -0.025973897 -0.014396635 0.998776317
1341846235.229939 0.042871226 -0.025142925 -0.000218607 0.040585555 -0.025430229 -0.014923131 0.998740911
1341846235.261811 0.042929996 -0.025183568 -0.000456380 0.040796645 -0.025595589 -0.015762547 0.998715222
1341846235.294134 0.042806372 -0.025042778 -0.000364994 0.041887391 -0.025847362 -0.016325101 0.998654544
1341846235.329890 0.043051660 -0.024980674 -0.000731710 0.042117596 -0.026008489 -0.017246250 0.998625159
1341846235.361974 0.043034494 -0.024467576 -0.000663762 0.040977817 -0.025255797 -0.019173434 0.998656750
1341846235.398097 0.042868201 -0.024875896 -0.000269479 0.038431849 -0.024860462 -0.021261480 0.998725653
1341846235.429943 0.042885322 -0.025062585 -0.000381454 0.037773762 -0.024949273 -0.021545373 0.998742461
1341846235.462163 0.044343084 -0.026109694 -0.000114054 0.037966933 -0.025873451 -0.021234842 0.998718262
1341846235.498142 0.044452816 -0.025797071 -0.000477362 0.037346203 -0.025784610 -0.022581695 0.998714447
1341846235.529989 0.044279687 -0.026011197 -0.000026029 0.036181718 -0.025979232 -0.024181860 0.998714745
1341846235.561921 0.044285644 -0.026224734 -0.000121003 0.037075937 -0.026439572 -0.024406692 0.998664439
1341846235.597951 0.044372037 -0.026160957 -0.000390040 0.037834041 -0.026568497 -0.024597628 0.998627901
1341846235.630160 0.036586322 -0.020368800 -0.000051238 0.039407067 -0.023277851 -0.024895685 0.998641789
1341846235.667679 0.036496498 -0.020478137 0.000156507 0.039761223 -0.023816094 -0.024400225 0.998627305
1341846235.705783 0.036635492 -0.020338280 0.000003925 0.041387100 -0.024186581 -0.024288135 0.998555064
1341846235.730392 0.036494758 -0.020310890 0.000302075 0.041707307 -0.023961011 -0.026008211 0.998503864
1341846235.766032 0.036450572 -0.020423792 0.000362709 0.042704437 -0.024016207 -0.026509037 0.998447180
1341846235.797942 0.042758446 -0.025016503 -0.000299274 0.041667704 -0.027536221 -0.026684547 0.998395443
1341846235.833964 0.042843420 -0.024986690 -0.000491830 0.042083804 -0.027408645 -0.026750887 0.998379767
1341846235.866037 0.043384954 -0.025327843 -0.000663761 0.042211995 -0.027587306 -0.025913648 0.998391509
1341846235.898007 0.043437339 -0.025368342 -0.000621600 0.042258319 -0.027486522 -0.024660876 0.998424053
1341846235.934106 0.043463517 -0.025510194 -0.000664476 0.044036321 -0.026938291 -0.023149271 0.998398364
1341846235.965921 0.043542329 -0.025367234 -0.001070507 0.045504715 -0.026005933 -0.022929715 0.998362303
1341846235.997897 0.043542519 -0.025404405 -0.001048278 0.045023009 -0.025161345 -0.023012945 0.998403847
1341846236.034072 0.043123424 -0.025432620 -0.000171046 0.045145117 -0.024018144 -0.022360692 0.998441339
1341846236.065823 0.043384593 -0.025382744 -0.000663181 0.046743464 -0.023403920 -0.022516519 0.998378873
1341846236.101989 0.043645274 -0.025390042 -0.001494248 0.046072241 -0.023760298 -0.022839125 0.998394310
1341846236.134258 0.043562248 -0.025460744 -0.001206387 0.045068685 -0.023825252 -0.022573341 0.998444617
1341846236.166269 0.043124802 -0.025403382 -0.000364743 0.045860022 -0.023813378 -0.021548456 0.998431504
1341846236.202022 0.043666288 -0.025454056 -0.001561274 0.045379974 -0.023480918 -0.022423938 0.998442054
1341846236.233893 0.043617878 -0.025471332 -0.001506789 0.043321900 -0.023118529 -0.022857921 0.998532057
1341846236.265924 0.043273754 -0.025486462 -0.000863053 0.042943772 -0.022838889 -0.021667043 0.998581409
1341846236.302018 0.043451287 -0.025241263 -0.000927183 0.043655928 -0.022885822 -0.020825056 0.998567343
1341846236.333756 0.043618344 -0.025463609 -0.001362983 0.043544188 -0.022745661 -0.021440949 0.998562396
1341846236.369949 0.043352328 -0.025368137 -0.000753588 0.043250713 -0.022025239 -0.021923067 0.998580813
1341846236.401964 0.044410933 -0.026127489 -0.001469091 0.042685229 -0.021716421 -0.022128686 0.998607337
1341846236.433828 0.044523295 -0.026161039 -0.001779148 0.042907961 -0.021515757 -0.022919858 0.998584330
1341846236.469948 0.044386100 -0.026195005 -0.001517046 0.043664087 -0.021198409 -0.023164714 0.998552680
1341846236.501946 0.044246539 -0.026168011 -0.001298787 0.044332456 -0.020426406 -0.022272911 0.998559594
1341846236.534764 0.044543225 -0.026192971 -0.002031962 0.043324344 -0.019981151 -0.021530045 0.998629153
1341846236.569956 0.044212945 -0.026149562 -0.001105216 0.042815015 -0.019149097 -0.019500287 0.998709142
1341846236.601901 0.044996742 -0.026457241 -0.001135101 0.043605950 -0.019211255 -0.017799512 0.998705506
1341846236.637896 0.045403726 -0.026534198 -0.002319029 0.042719096 -0.018530380 -0.018456807 0.998744726
1341846236.669818 0.045682129 -0.026590867 -0.002655076 0.040487237 -0.017737955 -0.019679204 0.998828769
1341846236.702100 0.044635642 -0.026425630 -0.000650448 0.040339485 -0.015901322 -0.020673243 0.998845577
1341846236.738521 0.043253787 -0.026051380 -0.001503363 0.044621978 -0.014980560 -0.019011185 0.998710692
1341846236.769905 0.044612247 -0.026892111 -0.001337504 0.053688411 -0.016764930 -0.015052596 0.998303473
1341846236.805999 0.045260746 -0.026840758 -0.002607942 0.056104530 -0.018146871 -0.014232065 0.998158514
1341846236.844067 0.043784000 -0.025529189 -0.001554864 0.056496631 -0.017320273 -0.015455457 0.998132885
1341846236.876573 0.043773536 -0.025395866 -0.001750593 0.055676777 -0.016889006 -0.017377792 0.998154759
1341846236.911899 0.044569407 -0.026042607 -0.002083587 0.052336201 -0.017151181 -0.019906839 0.998283744
1341846236.944484 0.045005981 -0.026709851 -0.001300196 0.051718581 -0.017678328 -0.018947676 0.998325408
1341846236.975811 0.045013741 -0.026478948 -0.001238087 0.053875234 -0.017869717 -0.016949775 0.998243868
1341846237.011848 0.045177799 -0.026448302 -0.001506542 0.053310573 -0.017413033 -0.017305059 0.998276174
1341846237.043850 0.045003675 -0.026501963 -0.001248163 0.052387714 -0.016061194 -0.018783083 0.998320997
1341846237.075882 0.044810314 -0.026500562 -0.000983924 0.053029772 -0.015856067 -0.017498553 0.998313725
1341846237.111887 0.044755910 -0.026492039 -0.000729961 0.055782255 -0.017148953 -0.015485575 0.998175561
1341846237.143863 0.045036845 -0.026576603 -0.001260984 0.057957977 -0.017629365 -0.014855508 0.998052776
1341846237.175838 0.037718989 -0.020939806 -0.002960010 0.060389195 -0.014439167 -0.014136679 0.997970343
1341846237.211847 0.037645780 -0.020929640 -0.002684442 0.058242667 -0.014347053 -0.013798560 0.998103976
1341846237.243895 0.037376132 -0.020986388 -0.002162046 0.058885098 -0.013032729 -0.013951408 0.998082221
1341846237.280228 0.037516121 -0.020938596 -0.002615551 0.060274515 -0.012823074 -0.012969849 0.998015225
1341846237.312079 0.037406769 -0.020896250 -0.002316695 0.059687622 -0.013581205 -0.011942474 0.998053253
1341846237.343828 0.037584078 -0.021008516 -0.002657763 0.059866372 -0.013846111 -0.010994054 0.998049855
1341846237.379983 0.037617948 -0.020897901 -0.002632247 0.059796460 -0.013484132 -0.010534548 0.998063922
1341846237.411962 0.037423875 -0.020828025 -0.002352538 0.058374792 -0.013342150 -0.010771523 0.998147488
1341846237.443790 0.044902075 -0.026372883 -0.002377740 0.053822689 -0.017000917 -0.012513177 0.998327374
1341846237.479911 0.044760007 -0.026338244 -0.002180682 0.052655049 -0.015816648 -0.014755698 0.998378515
1341846237.511862 0.044743486 -0.026371427 -0.002249671 0.051150586 -0.015886553 -0.016187709 0.998433411
1341846237.547914 0.044288363 -0.026219403 -0.001317712 0.049928516 -0.017362427 -0.015701614 0.998478413
1341846237.579956 0.044571698 -0.026363935 -0.001885279 0.048968352 -0.018535240 -0.014555264 0.998522282
1341846237.611852 0.044502914 -0.026278166 -0.001700502 0.048471373 -0.018845968 -0.013955757 0.998549283
1341846237.647976 0.044175562 -0.026084643 -0.001140775 0.048064150 -0.019294662 -0.013840497 0.998561978
1341846237.680417 0.044591155 -0.026381664 -0.002065616 0.047576714 -0.020014968 -0.013218373 0.998579562
1341846237.711902 0.044538017 -0.026417211 -0.001872483 0.047900513 -0.020694828 -0.012072160 0.998564720
1341846237.747860 0.044621408 -0.026352203 -0.002087632 0.049391475 -0.021268113 -0.011972113 0.998481274
1341846237.779848 0.044350628 -0.026125988 -0.001531960 0.050195929 -0.021446746 -0.012125846 0.998435497
1341846237.815934 0.044341635 -0.026215730 -0.001744524 0.049112633 -0.022226222 -0.011841452 0.998475730
1341846237.847966 0.044772670 -0.026426300 -0.002391066 0.047465615 -0.023592843 -0.010680033 0.998537064
1341846237.879781 0.044741467 -0.026402181 -0.002324652 0.046942215 -0.023896804 -0.011014044 0.998551011
1341846237.916026 0.044648077 -0.026338018 -0.002235258 0.045958459 -0.024275333 -0.011425594 0.998583019
1341846237.947857 0.044407874 -0.026149739 -0.002151611 0.045476303 -0.024619699 -0.011051260 0.998600841
1341846237.978064 0.044364963 -0.026167851 -0.002094350 0.045265142 -0.024247281 -0.011170439 0.998618245
1341846238.010069 0.044428311 -0.026128700 -0.002409158 0.044468239 -0.024194594 -0.012118662 0.998644233
1341846238.045995 0.044442896 -0.026122747 -0.002364598 0.043045484 -0.024279779 -0.011695929 0.998709559
1341846238.077963 0.044335715 -0.026107373 -0.002053563 0.041880894 -0.024394194 -0.011736155 0.998755813
1341846238.109791 0.044349827 -0.026163058 -0.001952558 0.041734450 -0.024371626 -0.011778686 0.998762012
1341846238.145837 0.044323053 -0.026247639 -0.001917844 0.043002248 -0.024102906 -0.012023156 0.998711824
1341846238.177943 0.044471662 -0.026107207 -0.002197705 0.043958485 -0.023427561 -0.012795194 0.998676658
1341846238.209943 0.044491556 -0.026170103 -0.002339783 0.041880887 -0.023324231 -0.014018178 0.998751938
1341846238.246227 0.044270255 -0.026079537 -0.001696949 0.041504297 -0.023124129 -0.013937044 0.998773456
1341846238.278227 0.044087667 -0.025954116 -0.001684509 0.042155400 -0.022909625 -0.013444614 0.998757899
1341846238.314018 0.044279750 -0.025972541 -0.001964258 0.042421889 -0.022628874 -0.014462283 0.998738825
1341846238.345918 0.044149999 -0.025876509 -0.002002612 0.041983213 -0.022002004 -0.016102467 0.998746276
1341846238.377978 0.044113338 -0.026024424 -0.001714465 0.042844392 -0.022242086 -0.015923928 0.998707175
1341846238.413879 0.044015653 -0.025969351 -0.001712321 0.044116434 -0.022977352 -0.015232294 0.998645961
1341846238.445979 0.044290200 -0.026010083 -0.002010317 0.044336848 -0.023250744 -0.016263463 0.998613656
1341846238.478188 0.044192277 -0.026003988 -0.001769802 0.043824740 -0.022830402 -0.017078562 0.998632312
1341846238.515328 0.044100571 -0.026077928 -0.001722515 0.044137891 -0.022810377 -0.017425139 0.998613000
1341846238.545906 0.044136029 -0.026095586 -0.001630257 0.045298751 -0.023476873 -0.017534202 0.998543620
1341846238.587827 0.044098534 -0.026004985 -0.001550003 0.045994442 -0.023396447 -0.017632868 0.998512030
1341846238.613933 0.044926230 -0.026742216 -0.002083876 0.045731448 -0.022866381 -0.018199144 0.998526216
1341846238.645944 0.045034833 -0.026766354 -0.002499643 0.044219345 -0.022561973 -0.018586319 0.998594105
1341846238.681933 0.044848114 -0.026760962 -0.001958310 0.043500856 -0.022830360 -0.018128067 0.998628020
1341846238.713917 0.044732090 -0.026662342 -0.001482655 0.044192892 -0.022846948 -0.016975436 0.998617470
1341846238.745925 0.044816907 -0.026639223 -0.001683989 0.045018066 -0.023042070 -0.015949136 0.998593092
1341846238.781932 0.044891108 -0.026703956 -0.002185555 0.044012442 -0.023538338 -0.016419625 0.998618722
1341846238.813869 0.044927925 -0.026651049 -0.001857103 0.043067340 -0.023150720 -0.016926464 0.998660505
1341846238.849931 0.044837881 -0.026721526 -0.001797110 0.041780945 -0.022631915 -0.017466446 0.998717725
1341846238.881927 0.043903206 -0.026143117 -0.000952473 0.042416438 -0.023130978 -0.017367501 0.998681247
1341846238.914000 0.044538047 -0.026832378 -0.001524970 0.044316862 -0.025238967 -0.014644180 0.998591304
1341846238.949903 0.044406641 -0.027021429 -0.000755886 0.047688063 -0.026722882 -0.012948750 0.998420775
1341846238.981942 0.044453602 -0.026819594 -0.001289618 0.050287835 -0.027004145 -0.013717813 0.998275399
1341846239.017941 0.044496182 -0.026588753 -0.001646264 0.050731599 -0.026629787 -0.015904907 0.998230517
1341846239.050041 0.044899404 -0.026817776 -0.001989096 0.050696682 -0.026240032 -0.017610982 0.998214006
1341846239.081902 0.043866049 -0.025866605 -0.001635670 0.051604565 -0.025921943 -0.018755157 0.998154938
1341846239.117866 0.043936495 -0.025836252 -0.001626010 0.052246694 -0.025743363 -0.019768212 0.998106599
1341846239.149976 0.043880071 -0.026126048 -0.001579384 0.052585941 -0.024979504 -0.020293318 0.998097658
1341846239.181897 0.044011705 -0.025731878 -0.001869403 0.052306712 -0.024707492 -0.020468922 0.998115540
1341846239.217929 0.043934867 -0.025725653 -0.001855438 0.050368939 -0.025057208 -0.020800736 0.998199582
1341846239.250009 0.043649241 -0.025609942 -0.001399106 0.049261000 -0.024381364 -0.020922462 0.998269081
1341846239.285917 0.043486569 -0.025472581 -0.001194612 0.048449136 -0.023509543 -0.021323079 0.998321295
1341846239.318442 0.043524589 -0.025563849 -0.001368101 0.047303211 -0.022958310 -0.021062700 0.998394549
1341846239.349930 0.043485086 -0.025503540 -0.001077687 0.045685146 -0.022592433 -0.020454558 0.998490930
1341846239.386011 0.043625277 -0.025634300 -0.001502942 0.045537543 -0.022013264 -0.019594418 0.998527825
1341846239.417983 0.043593202 -0.025615925 -0.001408799 0.045783468 -0.022119151 -0.019466750 0.998516738
1341846239.450112 0.043898445 -0.025719669 -0.001797100 0.045145839 -0.022257641 -0.019489752 0.998542249
1341846239.485973 0.043996219 -0.025766466 -0.001957636 0.043953881 -0.022082489 -0.018862996 0.998611331
1341846239.517913 0.043954093 -0.025693724 -0.001674242 0.042851333 -0.021713819 -0.018163629 0.998680294
1341846239.553979 0.043911852 -0.025660042 -0.001648781 0.042001568 -0.021494754 -0.017871037 0.998726428
1341846239.585911 0.043913685 -0.025751056 -0.001668280 0.040773906 -0.021557545 -0.017229894 0.998787224
1341846239.617967 0.044250507 -0.026077114 -0.001604078 0.040820494 -0.021500027 -0.016498631 0.998798907
1341846239.653941 0.044260141 -0.026035419 -0.001556623 0.041829377 -0.021672301 -0.015659260 0.998766959
1341846239.685852 0.044089589 -0.025945347 -0.001436551 0.042151384 -0.021930337 -0.015285031 0.998753548
1341846239.717923 0.044280428 -0.026018426 -0.001629343 0.041729115 -0.022365361 -0.014952822 0.998766661
1341846239.753857 0.042311311 -0.024685025 -0.001008336 0.042346194 -0.021705311 -0.014604785 0.998760402
1341846239.785918 0.042357571 -0.024636636 -0.001264047 0.041950546 -0.021743491 -0.014531562 0.998777390
1341846239.821950 0.043958876 -0.025935715 -0.000876838 0.040568609 -0.022910591 -0.014455958 0.998809457
1341846239.854023 0.043978255 -0.025906960 -0.000886978 0.042078797 -0.023355274 -0.013851709 0.998745203
1341846239.891801 0.042313851 -0.024549427 -0.001019566 0.042734012 -0.022711327 -0.014170418 0.998727798
1341846239.921795 0.037002530 -0.020645810 -0.000659478 0.043148976 -0.020491857 -0.014649239 0.998751044
1341846239.953963 0.036833610 -0.020813238 -0.000346750 0.043334868 -0.020231664 -0.014516841 0.998750269
1341846239.985997 0.036922343 -0.020711847 -0.000304832 0.044162378 -0.020802472 -0.014897021 0.998696625
1341846240.022055 0.042117793 -0.024518728 -0.000566284 0.042279955 -0.023440523 -0.016360903 0.998696804
1341846240.053998 0.042160023 -0.024749622 -0.000855960 0.042821772 -0.023171086 -0.017405048 0.998662353
1341846240.089841 0.036877576 -0.020660451 -0.000450404 0.045942597 -0.020951359 -0.017049151 0.998578787
1341846240.121795 0.043495890 -0.025443707 -0.001107527 0.044390295 -0.024296746 -0.018143473 0.998553932
1341846240.159862 0.043575659 -0.025703067 -0.001472945 0.045720670 -0.024005465 -0.018848050 0.998487890
1341846240.195884 0.043322783 -0.025267050 -0.000657822 0.046969328 -0.023467796 -0.018744092 0.998444676
1341846240.227927 0.043355897 -0.025395723 -0.000795601 0.046851538 -0.023644617 -0.018829456 0.998444438
1341846240.259887 0.043620061 -0.025724797 -0.001800235 0.047163788 -0.023908958 -0.019111004 0.998418093
1341846240.290031 0.043644682 -0.025651114 -0.000752148 0.048221897 -0.024191553 -0.017896118 0.998383284
1341846240.322206 0.043990113 -0.025844391 -0.001713922 0.047878861 -0.024635118 -0.017961595 0.998387694
1341846240.357948 0.043924943 -0.025951356 -0.001839842 0.046828229 -0.025020087 -0.017869677 0.998429656
1341846240.390055 0.042457778 -0.025257001 0.000970124 0.047891371 -0.025012985 -0.017270107 0.998389959
1341846240.422212 0.042861372 -0.025445484 0.000227551 0.049390987 -0.024880309 -0.017716885 0.998312414
1341846240.458143 0.043741614 -0.025830491 -0.000544116 0.049521282 -0.025481652 -0.018381324 0.998278737
1341846240.490243 0.043456573 -0.025694499 0.000095756 0.049329463 -0.026401769 -0.017921256 0.998272657
1341846240.525976 0.043857846 -0.026357969 0.000121582 0.049461380 -0.027212495 -0.019100005 0.998222530
1341846240.557894 0.041715190 -0.025250161 0.000146456 0.051269092 -0.026290661 -0.019996047 0.998138547
1341846240.590418 0.041168910 -0.025258999 0.000719126 0.051566318 -0.026198654 -0.020976959 0.998105466
1341846240.626172 0.035199635 -0.019571146 -0.000247571 0.054379649 -0.023905016 -0.020475728 0.998024106
1341846240.657964 0.035317782 -0.020404974 0.000633151 0.054508079 -0.024632066 -0.020373667 0.998001516
1341846240.689825 0.042821798 -0.027399316 -0.000121295 0.052380603 -0.028074164 -0.021734996 0.997995853
1341846240.725903 0.043946382 -0.026140304 -0.001242957 0.052718516 -0.028816115 -0.021750677 0.997956574
1341846240.757973 0.042425744 -0.028151367 0.000212535 0.051893938 -0.028634649 -0.021737289 0.998005271
1341846240.794024 0.042433355 -0.028148796 -0.001264983 0.053163972 -0.028820869 -0.021821631 0.997931242
1341846240.826068 0.044012927 -0.027973732 -0.001238016 0.053945102 -0.029572899 -0.021252748 0.997879565
1341846240.858147 0.044285167 -0.026225805 -0.002571311 0.054061141 -0.029434005 -0.021117382 0.997880280
1341846240.894038 0.043998305 -0.026714703 -0.002134474 0.052780818 -0.029251875 -0.021215830 0.997952104
1341846240.925975 0.044078086 -0.026928384 -0.001173347 0.052348230 -0.029169494 -0.021247931 0.997976601
1341846240.958080 0.044308487 -0.026846057 -0.002020008 0.052018024 -0.029150279 -0.020996952 0.997999787
1341846240.994099 0.044517916 -0.026921624 -0.002751878 0.051529516 -0.029445218 -0.021250386 0.998011053
1341846241.026041 0.044238046 -0.026633736 -0.000939981 0.052813254 -0.029730359 -0.019852184 0.997964323
1341846241.062449 0.043716703 -0.026977478 -0.004233308 0.053235274 -0.029153125 -0.020820003 0.997939169
1341846241.094372 0.043458536 -0.026857914 -0.003758590 0.052048001 -0.028653434 -0.021821426 0.997994900
1341846241.126068 0.043990999 -0.026606724 -0.002480932 0.051591258 -0.029153077 -0.021803327 0.998004556
1341846241.167863 0.044315699 -0.027044090 -0.002036553 0.052769400 -0.029061519 -0.022203937 0.997936785
1341846241.194236 0.037187241 -0.020860264 -0.004659896 0.055140354 -0.026239589 -0.023223696 0.997863591
1341846241.230127 0.037380461 -0.021039527 -0.002804514 0.054722842 -0.026345909 -0.023436166 0.997878790
1341846241.261868 0.037198715 -0.027153365 -0.004652917 0.052719157 -0.026231799 -0.024137024 0.997972965
1341846241.295211 0.036296349 -0.022955881 -0.003715275 0.054384753 -0.025814746 -0.025462598 0.997861505
1341846241.329804 0.045061670 -0.025757732 -0.004245541 0.052603893 -0.029126327 -0.025950389 0.997853220
1341846241.362000 0.041894015 -0.025002887 -0.003665139 0.052613121 -0.027608555 -0.026854146 0.997871995
1341846241.394012 0.031929430 -0.022475755 -0.003117855 0.053783871 -0.023114204 -0.026523232 0.997932673
1341846241.430126 0.033611160 -0.022070626 -0.002101542 0.054684404 -0.023934960 -0.026362626 0.997868598
1341846241.462018 0.039499819 -0.023900779 -0.002535695 0.053512868 -0.026822023 -0.027099974 0.997838974
1341846241.497907 0.037321977 -0.022551822 -0.003131184 0.053792015 -0.025871580 -0.026957208 0.997852862
1341846241.529930 0.035154305 -0.022074556 -0.001049304 0.053906996 -0.024912283 -0.027545398 0.997855008
1341846241.562493 0.034780063 -0.021652998 -0.002416874 0.053390011 -0.024900381 -0.027855251 0.997874498
1341846241.598412 0.037138220 -0.023538172 -0.002261896 0.053149108 -0.026033618 -0.027529949 0.997867465
1341846241.629998 0.039172530 -0.023720896 -0.001950192 0.053358853 -0.026553759 -0.027407650 0.997845948
1341846241.662234 0.036682352 -0.023244502 -0.002631035 0.053616941 -0.025611544 -0.027227659 0.997861683
1341846241.698098 0.037203442 -0.023057360 -0.002896266 0.053991668 -0.025699804 -0.027496658 0.997831821
1341846241.729805 0.037587043 -0.022949381 -0.002532875 0.053898133 -0.025759475 -0.027457349 0.997836411
1341846241.765805 0.037036136 -0.024674108 -0.003710083 0.053182226 -0.025597138 -0.027669026 0.997873187
1341846241.797970 0.039278079 -0.024875509 -0.003813507 0.053618621 -0.026388584 -0.027592825 0.997831285
1341846241.830240 0.034160960 -0.020465324 -0.003632325 0.056029204 -0.023731310 -0.027749959 0.997761190
1341846241.865867 0.034424290 -0.020116493 -0.004057978 0.055899497 -0.023839127 -0.027849255 0.997763157
1341846241.898156 0.030118465 -0.019304160 0.000170295 0.056843240 -0.022978200 -0.027910767 0.997728348
1341846241.929917 0.029777639 -0.017874600 -0.000895951 0.058096968 -0.022416728 -0.027874360 0.997669935
1341846241.965882 0.037203018 -0.023281420 -0.001258252 0.055159133 -0.025672484 -0.029212870 0.997719884
1341846241.998017 0.031490169 -0.018975532 -0.003924164 0.057068460 -0.022373041 -0.029650318 0.997679055
1341846242.034019 0.031621899 -0.019415449 -0.005666456 0.057318319 -0.022189533 -0.029498061 0.997673333
1341846242.066365 0.035462908 -0.023517547 0.000053441 0.056058597 -0.025082836 -0.029562905 0.997674465
1341846242.097916 0.035874736 -0.025962180 -0.001645731 0.056100238 -0.024916152 -0.029601276 0.997675121
1341846242.133980 0.034841634 -0.025825920 -0.001222917 0.056957837 -0.024776332 -0.028589422 0.997659564
1341846242.165895 0.036599971 -0.023389611 -0.000402659 0.058481723 -0.024726197 -0.029527809 0.997545302
1341846242.197924 0.036847107 -0.024962522 -0.000898782 0.058285676 -0.024955742 -0.030315015 0.997527421
1341846242.234487 0.034615401 -0.023497162 -0.002056402 0.059674632 -0.024127491 -0.029540926 0.997488916
1341846242.269588 0.036323000 -0.022715276 -0.002090032 0.060917269 -0.024609189 -0.028903212 0.997420728
1341846242.301972 0.035505325 -0.022944169 -0.002464511 0.060419705 -0.023871612 -0.029792979 0.997442722
1341846242.333996 0.035340443 -0.023269365 -0.001942694 0.060389083 -0.023607627 -0.029345211 0.997464120
1341846242.366000 0.034967713 -0.023411306 -0.004808830 0.060954783 -0.023185186 -0.029010158 0.997449458
1341846242.401903 0.032995850 -0.020939708 -0.003366276 0.062029999 -0.022786334 -0.029120693 0.997389138
1341846242.433933 0.034783997 -0.023292866 -0.002916626 0.061094202 -0.023485567 -0.029279497 0.997426033
1341846242.469883 0.035334304 -0.022467457 -0.004603913 0.062453467 -0.022959502 -0.029366376 0.997351527
1341846242.501972 0.036358532 -0.022438964 -0.003511428 0.062892176 -0.023782512 -0.029166669 0.997310519
1341846242.534063 0.034027606 -0.021350674 -0.004435051 0.062643230 -0.022850163 -0.029702740 0.997332156
1341846242.569931 0.035744656 -0.021781584 -0.003705279 0.062339623 -0.023115927 -0.029912118 0.997338772
1341846242.602000 0.036108457 -0.020044614 -0.003112625 0.063228361 -0.023049831 -0.029665161 0.997291744
1341846242.634077 0.037428718 -0.020733073 -0.004552250 0.061890345 -0.023832923 -0.029797934 0.997353315
1341846242.670215 0.035984792 -0.020419393 -0.003067679 0.061550565 -0.023274740 -0.029493960 0.997396588
1341846242.701929 0.034846570 -0.019917825 -0.003754673 0.061608355 -0.022519801 -0.029323263 0.997415423
1341846242.737996 0.034855466 -0.019962437 -0.003937753 0.061040595 -0.022939144 -0.029650168 0.997431099
1341846242.769937 0.034916840 -0.020116717 -0.003967121 0.061614841 -0.023245081 -0.029643754 0.997388899
1341846242.808080 0.034809690 -0.019867320 -0.003905543 0.062322613 -0.023174563 -0.030122444 0.997332156
1341846242.837887 0.035117373 -0.020090526 -0.004402982 0.061287541 -0.023265854 -0.031030117 0.997366369
1341846242.869936 0.034176107 -0.019565118 -0.004304067 0.060809322 -0.023100829 -0.031032244 0.997399390
1341846242.902131 0.034189105 -0.019745991 -0.004188865 0.060809158 -0.023041934 -0.031134369 0.997397602
1341846242.938061 0.034265619 -0.019864351 -0.004677856 0.061161652 -0.023243926 -0.031706344 0.997353315
1341846242.969969 0.034612179 -0.019805234 -0.004949132 0.061939381 -0.024014983 -0.031564865 0.997291565
1341846243.005810 0.035004236 -0.020002980 -0.004117702 0.062702380 -0.024399787 -0.031417340 0.997239232
1341846243.038095 0.034374200 -0.019758519 -0.005512002 0.062422056 -0.024629416 -0.030821180 0.997269750
1341846243.070041 0.034527428 -0.019740997 -0.005571755 0.061518937 -0.025049817 -0.031209337 0.997303307
1341846243.106059 0.034707814 -0.019778129 -0.005188783 0.060363811 -0.025254129 -0.031994782 0.997343838
1341846243.137899 0.034853123 -0.019832309 -0.005047497 0.060799923 -0.024978992 -0.031443875 0.997341812
1341846243.169985 0.034896422 -0.019694107 -0.004544937 0.060963087 -0.025194580 -0.031363685 0.997328937
1341846243.206007 0.033983681 -0.020117097 -0.005425806 0.060540721 -0.024808051 -0.032024924 0.997343361
1341846243.237999 0.034145877 -0.020275697 -0.006200902 0.059589937 -0.024262480 -0.032343727 0.997403741
1341846243.274026 0.034763150 -0.020356631 -0.005542007 0.059374113 -0.024231967 -0.032840218 0.997401178
1341846243.305879 0.035230324 -0.020431478 -0.004983231 0.060143549 -0.024396144 -0.033346243 0.997334242
1341846243.338022 0.034599725 -0.020710509 -0.005517515 0.060948662 -0.024128690 -0.033307679 0.997293174
1341846243.374348 0.034449343 -0.020603564 -0.005866825 0.061882477 -0.023967439 -0.033476908 0.997233868
1341846243.405837 0.034189116 -0.021022247 -0.006183022 0.061973505 -0.024525244 -0.032651629 0.997242033
1341846243.442193 0.034520883 -0.020859053 -0.006143571 0.062250964 -0.024824582 -0.032927770 0.997208297
1341846243.473902 0.034729272 -0.020476805 -0.005219332 0.062677696 -0.024820514 -0.032833364 0.997184753
1341846243.505839 0.035024103 -0.020535568 -0.006235274 0.062584914 -0.025235403 -0.032873917 0.997178853
1341846243.542001 0.034263723 -0.020389948 -0.006266217 0.062381461 -0.025092481 -0.032957442 0.997192442
1341846243.574058 0.034626517 -0.020749277 -0.006078292 0.062154382 -0.024787454 -0.032557830 0.997227371
1341846243.605841 0.034736682 -0.020929346 -0.005732913 0.062465455 -0.024435511 -0.032449417 0.997220159
1341846243.642015 0.034806397 -0.020132504 -0.006171835 0.063611917 -0.024262503 -0.032397628 0.997153580
1341846243.673926 0.034955114 -0.019966338 -0.005938494 0.063345931 -0.024375953 -0.032544017 0.997162998
1341846243.710095 0.034623343 -0.020519076 -0.006572835 0.063375026 -0.023922306 -0.032508593 0.997173250
1341846243.741951 0.034546692 -0.019529048 -0.006062650 0.063984692 -0.024190867 -0.032893408 0.997115254
1341846243.774067 0.034951176 -0.019931111 -0.005997507 0.063014261 -0.024571879 -0.033194833 0.997157753
1341846243.809881 0.034689747 -0.020289134 -0.006421835 0.062506638 -0.024028352 -0.033410061 0.997195721
1341846243.841971 0.034702167 -0.020626849 -0.006308639 0.062740296 -0.024268130 -0.032067753 0.997219324
1341846243.874062 0.034800842 -0.020215806 -0.006373320 0.063596167 -0.024942933 -0.031256884 0.997174203
1341846243.910022 0.035362955 -0.020753928 -0.006061200 0.064075008 -0.025145737 -0.031757444 0.997122645
1341846243.941928 0.035333488 -0.020143520 -0.005744673 0.065283202 -0.024213171 -0.032615814 0.997039616
1341846243.978045 0.035037603 -0.019312540 -0.006558308 0.064553306 -0.023572734 -0.033031397 0.997088850
1341846244.009892 0.035071094 -0.020184292 -0.006567809 0.063193314 -0.023447782 -0.032634269 0.997191966
1341846244.042105 0.035664745 -0.020131793 -0.006153933 0.064272195 -0.023379138 -0.031563763 0.997159064
1341846244.077884 0.034818120 -0.020207208 -0.006958310 0.064840384 -0.022941243 -0.030963736 0.997151256
1341846244.115904 0.034930013 -0.019665791 -0.007181197 0.064479768 -0.023064554 -0.031021992 0.997169971
1341846244.151850 0.035255037 -0.020339373 -0.005795743 0.063588694 -0.022920188 -0.030710112 0.997240186
1341846244.184334 0.035434790 -0.020544553 -0.005777427 0.064542092 -0.022880575 -0.030075237 0.997199178
1341846244.215953 0.034894709 -0.019754702 -0.006205707 0.064908773 -0.022628389 -0.030392358 0.997171581
1341846244.251877 0.034836780 -0.019809801 -0.005981890 0.064092748 -0.022744903 -0.030369319 0.997222424
1341846244.283880 0.034866877 -0.020082958 -0.006057193 0.064760268 -0.022766583 -0.030560777 0.997172952
1341846244.316068 0.034509487 -0.020012710 -0.005943248 0.065449506 -0.022599600 -0.030709667 0.997127175
1341846244.351999 0.035952765 -0.020557605 -0.004902178 0.065124534 -0.023635017 -0.030513709 0.997130454
1341846244.384040 0.035063442 -0.020321863 -0.005790940 0.065451659 -0.023853285 -0.029918879 0.997121871
1341846244.419869 0.034843445 -0.019745806 -0.007175030 0.065934598 -0.024023121 -0.029480057 0.997099042
1341846244.451888 0.035898898 -0.019174483 -0.006453191 0.065537967 -0.023720019 -0.030291475 0.997108102
1341846244.483871 0.036591481 -0.020305973 -0.004031833 0.064273141 -0.023383345 -0.030208344 0.997200906
1341846244.519923 0.036053188 -0.020222506 -0.005472933 0.064174607 -0.022550205 -0.029837161 0.997237623
1341846244.551942 0.036113732 -0.020868059 -0.005758207 0.064794950 -0.021875748 -0.029052710 0.997235715
1341846244.583892 0.036051746 -0.020062413 -0.005384154 0.065559827 -0.021146562 -0.027396750 0.997248292
1341846244.619870 0.036248811 -0.020629022 -0.005686739 0.065237202 -0.021140197 -0.025486851 0.997320235
1341846244.651850 0.036980852 -0.020894952 -0.004274190 0.065654270 -0.021378715 -0.024354005 0.997316122
1341846244.683815 0.037274055 -0.020961715 -0.004763288 0.066495642 -0.021404410 -0.023217404 0.997286916
1341846244.719873 0.037806537 -0.020778200 -0.004861176 0.066423357 -0.021114310 -0.022825919 0.997306943
1341846244.751827 0.037473809 -0.021046236 -0.003945553 0.065989286 -0.020241426 -0.023031026 0.997349143
1341846244.788300 0.040723912 -0.022499053 -0.003701966 0.066337079 -0.021179564 -0.023219844 0.997302175
1341846244.820099 0.041223239 -0.022604236 -0.005262798 0.066829205 -0.020743797 -0.023497628 0.997272015
1341846244.851973 0.041093908 -0.024080249 -0.004185597 0.067937247 -0.019775348 -0.023525147 0.997216165
1341846244.887873 0.042119544 -0.021968951 -0.004335946 0.070700325 -0.019022061 -0.022861145 0.997054160
1341846244.920072 0.042139541 -0.021893293 -0.003859313 0.070884608 -0.017802430 -0.023060299 0.997059047
1341846244.952621 0.042493820 -0.023294231 -0.004528104 0.070955612 -0.017152674 -0.022419827 0.997079968
1341846244.987985 0.042182498 -0.021657797 -0.005292944 0.072265811 -0.016539533 -0.021081984 0.997025430
1341846245.020060 0.042194404 -0.020444633 -0.005373084 0.071877874 -0.016268345 -0.020041952 0.997079372
1341846245.051869 0.042611692 -0.021499023 -0.004125104 0.069987558 -0.015607022 -0.021299878 0.997198343
1341846245.088236 0.042985599 -0.020662509 -0.003081769 0.069264583 -0.015111176 -0.021857955 0.997244358
1341846245.119935 0.042762622 -0.021241922 -0.004356206 0.068937406 -0.014244964 -0.021189343 0.997294188
1341846245.151835 0.042321138 -0.021406207 -0.004558497 0.069011137 -0.013899835 -0.021512203 0.997287035
1341846245.187889 0.042141519 -0.022650512 -0.003759636 0.069102734 -0.014058791 -0.022530824 0.997255981
1341846245.219842 0.042575158 -0.021090668 -0.003625550 0.069742031 -0.014296553 -0.021833433 0.997223616
1341846245.256030 0.042577032 -0.021169305 -0.003463418 0.069114037 -0.014196185 -0.022040293 0.997264206
1341846245.287962 0.042458493 -0.020853411 -0.002904625 0.068983719 -0.013813999 -0.023451261 0.997246444
1341846245.319885 0.042287633 -0.022231890 -0.003248274 0.068412051 -0.013561404 -0.024611244 0.997261345
1341846245.355859 0.041154053 -0.022339437 -0.004477442 0.068146609 -0.013524895 -0.024909588 0.997272611
1341846245.387919 0.041453097 -0.022659751 -0.003692949 0.068014286 -0.014069875 -0.024912452 0.997274041
1341846245.423977 0.041552346 -0.022362126 -0.002988238 0.068369210 -0.013845481 -0.025653331 0.997234106
1341846245.455822 0.042020902 -0.023083517 -0.004217492 0.068631031 -0.013748362 -0.026484050 0.997195780
1341846245.487804 0.040898543 -0.022803539 -0.004907299 0.069036476 -0.013339897 -0.026382288 0.997176051
1341846245.523916 0.040813304 -0.021818554 -0.004787039 0.069590062 -0.013409146 -0.026256887 0.997139871
1341846245.555797 0.040681463 -0.022492016 -0.004338233 0.069081195 -0.013180738 -0.026331674 0.997176349
1341846245.591988 0.039942440 -0.024153857 -0.004193618 0.069154151 -0.012835603 -0.026294900 0.997176826
1341846245.623837 0.039112713 -0.023018613 -0.003594223 0.070927694 -0.012860782 -0.025177509 0.997080743
1341846245.655890 0.039218590 -0.021175748 -0.004433010 0.071780637 -0.012832421 -0.024513111 0.997036636
1341846245.692060 0.040672611 -0.020818362 -0.002968367 0.071560092 -0.012709016 -0.025924148 0.997018337
1341846245.724517 0.039933749 -0.022648886 -0.003134631 0.070987493 -0.012195265 -0.026018608 0.997063220
1341846245.760068 0.038723014 -0.023995420 -0.004533006 0.071527377 -0.011363631 -0.025108809 0.997057796
1341846245.791914 0.039129257 -0.022080999 -0.004464763 0.072616301 -0.011352248 -0.025382416 0.996972263
1341846245.824142 0.039271563 -0.022047311 -0.004853972 0.072076723 -0.010727524 -0.024690604 0.997035742
1341846245.860005 0.038209107 -0.020286657 -0.002825115 0.072527856 -0.009992614 -0.024212129 0.997022390
1341846245.891878 0.039075200 -0.021441732 -0.003846702 0.071046703 -0.010090344 -0.024755290 0.997114718
1341846245.927903 0.038710412 -0.023238089 -0.005495103 0.070663176 -0.009141454 -0.024908721 0.997147262
1341846245.959920 0.038075201 -0.023487084 -0.004331863 0.071283944 -0.008550194 -0.024295399 0.997123480
1341846245.986182 0.038210880 -0.023204703 -0.004383984 0.071582541 -0.009067900 -0.024566554 0.997090876
1341846246.022057 0.037811451 -0.023732588 -0.004106235 0.071943142 -0.009055445 -0.024812948 0.997058928
1341846246.053871 0.038019743 -0.023632010 -0.004173945 0.073121049 -0.009225401 -0.025094282 0.996964633
1341846246.085916 0.036169067 -0.023159401 -0.003180551 0.074848086 -0.009433665 -0.024412021 0.996851444
1341846246.121806 0.036023233 -0.022911083 -0.002832624 0.075637534 -0.010558861 -0.024717761 0.996773064
1341846246.153949 0.038735740 -0.024108680 -0.004791314 0.075836301 -0.012056735 -0.025673170 0.996716797
1341846246.190063 0.038852461 -0.024249807 -0.004110819 0.076716959 -0.011946121 -0.026863599 0.996619344
1341846246.222002 0.037014201 -0.022748066 -0.004627084 0.076650441 -0.011098032 -0.028401187 0.996591628
1341846246.253984 0.035560273 -0.023051744 -0.005097928 0.076557323 -0.010481589 -0.030673604 0.996538162
1341846246.289808 0.035707325 -0.023068842 -0.005433780 0.077711716 -0.010169770 -0.030929400 0.996444106
1341846246.322001 0.039039459 -0.023207471 -0.006342351 0.076925963 -0.010413826 -0.031537294 0.996483505
1341846246.353946 0.037367936 -0.022266837 -0.006069327 0.075758845 -0.008657444 -0.033074103 0.996539891
1341846246.389885 0.036783677 -0.022995058 -0.004620410 0.074376434 -0.007636636 -0.033775229 0.996628821
1341846246.421855 0.036078785 -0.021289082 -0.003501834 0.075628005 -0.006723591 -0.032215226 0.996592879
1341846246.457915 0.035350371 -0.019060615 -0.004064573 0.075984530 -0.006316709 -0.030581251 0.996619940
1341846246.489829 0.037662111 -0.021378992 -0.004284548 0.073866554 -0.006673928 -0.028919060 0.996826410
1341846246.521912 0.036856759 -0.019839780 -0.003526204 0.073375329 -0.004677620 -0.028331613 0.996890962
1341846246.558038 0.036877096 -0.020531842 -0.002606283 0.072394930 -0.003051680 -0.028281860 0.996970296
1341846246.589826 0.035980616 -0.020814817 -0.000513702 0.072912619 -0.002236960 -0.027244132 0.996963620
1341846246.622033 0.035758931 -0.020613022 -0.003429942 0.072940029 -0.002186604 -0.025192382 0.997015715
1341846246.658046 0.035699353 -0.020317845 -0.003314647 0.072606869 -0.002737788 -0.023847820 0.997071743
1341846246.689939 0.036375314 -0.020284856 -0.003073266 0.072177224 -0.003864906 -0.024343746 0.997087181
1341846246.725903 0.036637612 -0.019141771 -0.001718086 0.072586589 -0.004261105 -0.024955496 0.997040749
1341846246.757894 0.037633065 -0.019592792 -0.002769341 0.071597837 -0.004478052 -0.025783643 0.997090220
1341846246.789989 0.037399389 -0.019919707 -0.003111285 0.070726864 -0.004355775 -0.026307106 0.997139215
1341846246.826059 0.035717506 -0.021767478 -0.003182107 0.070078723 -0.004033515 -0.026483554 0.997181714
1341846246.857869 0.036464136 -0.021405980 -0.002735965 0.071235530 -0.004704367 -0.026291713 0.997101843
1341846246.893944 0.036663156 -0.019293888 -0.002189080 0.072051309 -0.005392919 -0.025576342 0.997058392
1341846246.925896 0.036504202 -0.020029284 -0.001957655 0.071000636 -0.005995815 -0.025266994 0.997138143
1341846246.958090 0.036800876 -0.020851804 -0.002746099 0.070691861 -0.006260017 -0.025056697 0.997163773
1341846246.993936 0.036746703 -0.020047572 -0.002053272 0.071037203 -0.006503398 -0.025577687 0.997124434
1341846247.026204 0.037744962 -0.021219034 -0.002477695 0.070504226 -0.007122292 -0.027401870 0.997109592
1341846247.057936 0.038323086 -0.020285128 -0.002726142 0.071759127 -0.007345317 -0.027964437 0.997002840
1341846247.093899 0.036503248 -0.020788657 -0.003133961 0.072452068 -0.006876686 -0.027576495 0.996966839
1341846247.126028 0.036225855 -0.020052977 -0.003315177 0.072481744 -0.007390543 -0.027478913 0.996963739
1341846247.162093 0.037152331 -0.023341328 -0.002672630 0.072081506 -0.007953368 -0.026753830 0.997008145
1341846247.194072 0.038082544 -0.022387659 -0.003243996 0.075491197 -0.007356667 -0.024616793 0.996815443
1341846247.225977 0.037397977 -0.022375997 -0.002695944 0.076659903 -0.006745449 -0.023139225 0.996765971
1341846247.261953 0.038054816 -0.024397554 -0.003305780 0.078461893 -0.006515469 -0.023642492 0.996615410
1341846247.293957 0.037649926 -0.023176050 -0.002017066 0.083714277 -0.005303811 -0.023272613 0.996203899
1341846247.325987 0.037254076 -0.019213259 -0.001213320 0.086424105 -0.005825974 -0.022472972 0.995987892
1341846247.361940 0.037486073 -0.019635772 -0.002056381 0.083979338 -0.006997040 -0.022182930 0.996195972
1341846247.394053 0.039137606 -0.019016735 -0.001919698 0.082360379 -0.007726439 -0.022026580 0.996329188
1341846247.430187 0.038630329 -0.019156314 -0.002088547 0.080003604 -0.008045931 -0.022799524 0.996501327
1341846247.462223 0.037543759 -0.020628368 -0.001007116 0.078643255 -0.008750839 -0.024273947 0.996568799
1341846247.493952 0.038962442 -0.019371057 -0.000724667 0.079552136 -0.009611442 -0.024802249 0.996475756
1341846247.530027 0.039684046 -0.022151554 -0.000629841 0.079234473 -0.009720224 -0.024403324 0.996509850
1341846247.562209 0.039925478 -0.022876224 -0.000024739 0.081348680 -0.009515350 -0.023333531 0.996367097
1341846247.594166 0.037701134 -0.020984115 0.000814206 0.083706871 -0.009022123 -0.022398964 0.996197760
1341846247.630035 0.038272522 -0.020284504 0.000934381 0.082449242 -0.010124757 -0.022095488 0.996298850
1341846247.662701 0.041653737 -0.022983529 -0.000244267 0.080345765 -0.011807703 -0.021202251 0.996471584
1341846247.697913 0.040092397 -0.020623174 0.000029261 0.082090020 -0.010319874 -0.019907221 0.996372640
1341846247.730051 0.037683792 -0.021574998 0.000305300 0.080275223 -0.010522998 -0.019135673 0.996533513
1341846247.762180 0.040155176 -0.022593589 0.001996837 0.080785774 -0.012090466 -0.017477876 0.996504903
1341846247.798768 0.040871050 -0.022923939 -0.000624743 0.082513057 -0.011766804 -0.015936233 0.996393085
1341846247.830259 0.041428354 -0.017697234 0.000343068 0.083203718 -0.012264390 -0.014965130 0.996344745
1341846247.865875 0.041485410 -0.021754684 0.000905931 0.079954885 -0.012293624 -0.015790340 0.996597588
1341846247.898157 0.042278025 -0.023487492 -0.000443710 0.081637859 -0.011274969 -0.015027512 0.996484935
1341846247.930002 0.038143571 -0.020792970 0.000436898 0.083832800 -0.011137689 -0.014637573 0.996310055
1341846247.966006 0.039339963 -0.020532353 0.002886790 0.082981564 -0.013637076 -0.014136248 0.996357501
1341846247.998062 0.042475305 -0.023074720 0.000450683 0.084028825 -0.014720757 -0.012773899 0.996272683
1341846248.030615 0.042443261 -0.021416068 0.000048486 0.086075358 -0.014070919 -0.013685973 0.996095240
1341846248.065891 0.042430747 -0.018296465 0.000490574 0.085918605 -0.013948955 -0.013744979 0.996109664
1341846248.098211 0.045096472 -0.021197051 0.002143831 0.084110267 -0.014232772 -0.014108830 0.996254921
1341846248.133929 0.045915578 -0.022144929 0.000224979 0.085479550 -0.010487732 -0.016628645 0.996145964
1341846248.166050 0.043968394 -0.017922439 0.001709768 0.086294763 -0.007642948 -0.018920086 0.996060669
1341846248.198024 0.040689666 -0.021379765 0.003007140 0.083921842 -0.006678269 -0.019685095 0.996255517
1341846248.233930 0.045652740 -0.021793298 0.001514285 0.085628636 -0.008334669 -0.019408252 0.996103168
1341846248.265968 0.044877075 -0.018408556 0.002044874 0.087474115 -0.007230567 -0.020732822 0.995924771
1341846248.297927 0.042152897 -0.019656770 0.002623481 0.084613740 -0.006458062 -0.023367850 0.996118844
1341846248.333956 0.042206839 -0.022700513 0.002395080 0.083857782 -0.007111027 -0.025509331 0.996125758
1341846248.366013 0.042179573 -0.021496739 0.002255354 0.086129546 -0.006797557 -0.025900295 0.995924056
1341846248.402093 0.042874914 -0.019817987 0.002570179 0.086311266 -0.007827861 -0.025252745 0.995917380
1341846248.433862 0.042370722 -0.022540340 0.001930431 0.085373625 -0.008046950 -0.025020266 0.996002316
1341846248.466804 0.044197377 -0.019293830 0.003056153 0.087822758 -0.007437033 -0.026334021 0.995760202
1341846248.502139 0.041320294 -0.017065473 0.002921446 0.086586267 -0.006360510 -0.027375810 0.995847881
1341846248.534215 0.039151255 -0.020722602 0.004920338 0.082900599 -0.007625748 -0.026644688 0.996172369
1341846248.565971 0.044490561 -0.021464536 0.003815293 0.084742621 -0.010067017 -0.025986211 0.996013045
1341846248.602003 0.044472542 -0.017190501 0.003814019 0.085128881 -0.008771440 -0.026816884 0.995970368
1341846248.640295 0.043604814 -0.021186810 0.003130797 0.082208492 -0.008455258 -0.027239516 0.996206939
1341846248.675831 0.043981969 -0.023886031 0.003187134 0.084147699 -0.008119736 -0.026053391 0.996079564
1341846248.708095 0.044808861 -0.021013100 0.003212158 0.086799525 -0.007340100 -0.026331490 0.995850682
1341846248.740085 0.041984502 -0.022246033 0.003407775 0.085724436 -0.006614023 -0.026139740 0.995953977
1341846248.775948 0.043358047 -0.025398865 0.002521392 0.085992001 -0.007981825 -0.026208891 0.995919049
1341846248.802167 0.042536654 -0.022168586 0.002169195 0.088405520 -0.007253818 -0.026345482 0.995709717
1341846248.833950 0.040993527 -0.022404483 0.004269055 0.088014960 -0.006844373 -0.027127890 0.995726168
1341846248.869901 0.042777140 -0.024192864 0.003666018 0.088656597 -0.007957961 -0.026216852 0.995685339
1341846248.901932 0.042760048 -0.025093291 0.001876998 0.089952588 -0.007670185 -0.025911724 0.995579362
1341846248.938035 0.042247374 -0.021736659 0.002207340 0.090807512 -0.007272699 -0.025983464 0.995502830
1341846248.969908 0.041966580 -0.022029504 0.003553153 0.089866392 -0.007748894 -0.026132900 0.995580733
1341846249.001964 0.042694263 -0.022766516 0.004238878 0.089240924 -0.008070228 -0.026536155 0.995623827
1341846249.037998 0.041766722 -0.021427685 0.003889229 0.089841597 -0.007646337 -0.025986714 0.995587647
1341846249.069961 0.042017844 -0.020639122 0.004038686 0.088724114 -0.008817946 -0.024988458 0.995703697
1341846249.105888 0.043831281 -0.022142671 0.003571919 0.087911725 -0.008930093 -0.024720114 0.995781481
1341846249.138041 0.042581350 -0.021561794 0.003624483 0.088448390 -0.007401536 -0.024863198 0.995742917
1341846249.169904 0.042659067 -0.022880649 0.003986253 0.087635830 -0.007562287 -0.023452790 0.995847762
1341846249.206013 0.043078620 -0.023469178 0.004356447 0.089107431 -0.007197008 -0.022563895 0.995740414
1341846249.237872 0.044163238 -0.020296291 0.003920477 0.090350173 -0.006199327 -0.022803793 0.995629668
1341846249.269963 0.043312844 -0.022681037 0.003365377 0.087798171 -0.005798716 -0.023410175 0.995846272
1341846249.306095 0.044856686 -0.024859186 0.002586336 0.087742090 -0.006141862 -0.023115555 0.995856047
1341846249.337853 0.044811986 -0.021356340 0.004365333 0.090325311 -0.004886419 -0.022539284 0.995645285
1341846249.373854 0.044975076 -0.021550806 0.004123461 0.088468097 -0.004585485 -0.023200829 0.995798230
1341846249.405928 0.045955379 -0.024085160 0.003754098 0.086617127 -0.003883665 -0.023984194 0.995945334
1341846249.437945 0.046042193 -0.022489732 0.004386848 0.088388890 -0.002032745 -0.024872845 0.995773375
1341846249.474182 0.046039257 -0.021315986 0.003434025 0.088176906 -0.001909894 -0.025066387 0.995787561
1341846249.505956 0.045984674 -0.021573972 0.004665238 0.086765200 -0.002100216 -0.024588948 0.995923102
1341846249.538288 0.046460863 -0.022511551 0.006183246 0.086505882 -0.001946380 -0.024768319 0.995941520
1341846249.574263 0.045893937 -0.022072386 0.005133291 0.086050026 -0.001782779 -0.024487618 0.995988250
1341846249.606015 0.045944106 -0.021011500 0.005827687 0.085040331 -0.002833394 -0.022991193 0.996108174
1341846249.641995 0.044983156 -0.022215942 0.004625808 0.084800467 -0.003799930 -0.020569026 0.996178389
1341846249.674108 0.046289068 -0.018641615 0.004882053 0.084869340 -0.005309471 -0.019243941 0.996192098
1341846249.706034 0.045523513 -0.019089051 0.005772390 0.082028769 -0.005905865 -0.019441931 0.996422827
1341846249.742012 0.044409361 -0.022467671 0.004471503 0.080496736 -0.006916132 -0.018025318 0.996567845
1341846249.773906 0.044514939 -0.019985210 0.006200305 0.082144201 -0.009011312 -0.014893238 0.996468425
1341846249.806093 0.044409979 -0.017673887 0.005326930 0.081869937 -0.012018776 -0.012178468 0.996496141
1341846249.842148 0.044226430 -0.018172910 0.006611131 0.081109844 -0.013687920 -0.011271640 0.996547401
1341846249.873923 0.042878795 -0.018420640 0.006355142 0.080779858 -0.014859112 -0.010194082 0.996569037
1341846249.909991 0.044885110 -0.017372319 0.004703719 0.080869786 -0.019234594 -0.007644486 0.996509731
1341846249.942024 0.046034582 -0.018193396 0.004169232 0.080139533 -0.022718979 -0.005150418 0.996511400
1341846249.974199 0.046270564 -0.017652743 0.005135492 0.081038840 -0.024249041 -0.005932047 0.996398270
1341846250.010384 0.046162501 -0.014419937 0.005474669 0.081989348 -0.025549181 -0.006115512 0.996286869
1341846250.042022 0.047119331 -0.013877412 0.006987161 0.082271874 -0.028116155 -0.004516898 0.996203005
1341846250.078047 0.045057338 -0.017356517 0.008637661 0.082887247 -0.027256299 -0.004307430 0.996176839
1341846250.109945 0.049824208 -0.011381801 0.007233380 0.084864706 -0.027451864 -0.005085621 0.996001244
1341846250.141849 0.049880140 -0.011493038 0.005921019 0.082630515 -0.026129330 -0.005692285 0.996221364
1341846250.177803 0.054799281 -0.012636376 0.006485301 0.082755446 -0.025496496 -0.005033658 0.996230960
1341846250.210137 0.055081148 -0.010361842 0.006616875 0.084042095 -0.021753363 -0.005919915 0.996207178
1341846250.241903 0.053552713 -0.010074857 0.006367261 0.083137415 -0.018865339 -0.009163387 0.996317387
1341846250.277878 0.052377690 -0.010283529 0.007320459 0.082438514 -0.016961703 -0.011318856 0.996387541
1341846250.309873 0.052380562 -0.010382602 0.006605102 0.081778347 -0.016663669 -0.012007612 0.996438861
1341846250.346142 0.052738816 -0.010623755 0.006306020 0.081734724 -0.017072313 -0.012061222 0.996434927
1341846250.377944 0.053352833 -0.010176109 0.006427808 0.082583331 -0.017383603 -0.011646057 0.996364474
1341846250.410038 0.052414443 -0.011416296 0.006619283 0.082748644 -0.017253255 -0.011386106 0.996356010
1341846250.445984 0.053642005 -0.010354486 0.005626725 0.084128603 -0.017651565 -0.012249350 0.996223211
1341846250.477872 0.053648185 -0.009631968 0.005745741 0.083861426 -0.017897004 -0.012612090 0.996236861
1341846250.509930 0.050979480 -0.010449312 0.006812180 0.083359145 -0.018919498 -0.010970468 0.996279538
1341846250.546119 0.053840082 -0.009836439 0.006798902 0.084335007 -0.021253591 -0.010675573 0.996153593
1341846250.577998 0.053028878 -0.007362977 0.007086404 0.084052972 -0.020063771 -0.011635311 0.996191323
1341846250.613828 0.053705297 -0.010067063 0.006037425 0.081419207 -0.020109605 -0.010990891 0.996416450
1341846250.646114 0.053182781 -0.010648477 0.006460282 0.081637889 -0.020065926 -0.008485697 0.996423900
1341846250.677812 0.054023981 -0.008787344 0.006159541 0.082035147 -0.020097673 -0.006253780 0.996407151
1341846250.713958 0.054565385 -0.009566891 0.004983962 0.080006599 -0.019441025 -0.005851912 0.996587574
1341846250.745904 0.053901862 -0.009641162 0.006429300 0.079286143 -0.018811803 -0.003895577 0.996666789
1341846250.777886 0.052629806 -0.009661360 0.005102312 0.078656472 -0.020093264 -0.001966240 0.996697307
1341846250.814024 0.052963786 -0.009934312 0.005196868 0.077812999 -0.020960979 -0.001802896 0.996745944
1341846250.846025 0.053051643 -0.009590956 0.005298587 0.076484755 -0.020539628 -0.002954556 0.996854782
1341846250.881824 0.052205294 -0.010823083 0.007561755 0.076557115 -0.020642059 -0.002284451 0.996848881
1341846250.913808 0.053089984 -0.010221382 0.006138397 0.078676313 -0.021020746 -0.001931445 0.996676683
1341846250.946118 0.052499935 -0.010480762 0.006668334 0.079160489 -0.020145494 -0.002367960 0.996655524
1341846250.981803 0.052623261 -0.010017962 0.006086626 0.080252200 -0.019986885 -0.003064820 0.996569514
1341846251.014047 0.052441262 -0.010449815 0.006677600 0.080097355 -0.021380007 -0.004508181 0.996547520
1341846251.046033 0.052359909 -0.010710868 0.007550237 0.080835067 -0.022054475 -0.004926059 0.996471286
1341846251.081959 0.052455403 -0.010819479 0.007691873 0.082478032 -0.021685176 -0.005435770 0.996342123
1341846251.114058 0.052359436 -0.011092737 0.008156073 0.084301837 -0.021226916 -0.005846020 0.996196985
1341846251.149920 0.052611057 -0.010552364 0.006705404 0.085637063 -0.020838248 -0.006289604 0.996088624
1341846251.181983 0.052109968 -0.011391973 0.007866713 0.086150877 -0.019530790 -0.007793050 0.996060193
1341846251.214205 0.052975066 -0.010668500 0.007181152 0.087366663 -0.019962968 -0.008163996 0.995942712
1341846251.249978 0.052902915 -0.010373407 0.006805419 0.087618388 -0.021913854 -0.007106424 0.995887697
1341846251.281923 0.052601472 -0.010790414 0.007141660 0.088242911 -0.023324177 -0.007213409 0.995799780
1341846251.318026 0.053071700 -0.009810584 0.005647736 0.087915137 -0.024505727 -0.008100694 0.995793581
1341846251.350003 0.052998811 -0.009500222 0.007367450 0.086129203 -0.026944758 -0.007993906 0.995887458
1341846251.382003 0.051459692 -0.011226987 0.008066574 0.085735410 -0.028438622 -0.007869892 0.995880902
1341846251.417971 0.052739937 -0.008918304 0.004823502 0.086510971 -0.029680789 -0.008683255 0.995770812
1341846251.449878 0.050172534 -0.007691732 0.005418924 0.084119782 -0.029418658 -0.010505075 0.995965898
1341846251.481872 0.048891764 -0.008304093 0.006170071 0.081625350 -0.030676361 -0.010467064 0.996135890
1341846251.517870 0.049674306 -0.007127700 0.006064178 0.080745429 -0.032519229 -0.009202556 0.996161640
1341846251.549884 0.049952231 -0.007348613 0.007693710 0.078972101 -0.033074033 -0.009353142 0.996284127
1341846251.586071 0.049986467 -0.009819355 0.005660097 0.077234335 -0.032698445 -0.009232108 0.996433854
1341846251.618241 0.049006887 -0.008315820 0.007019593 0.078761630 -0.033112030 -0.007172650 0.996317565
1341846251.649917 0.050670549 -0.010479188 0.006033971 0.078493752 -0.033123430 -0.006876012 0.996340454
1341846251.686034 0.050389390 -0.009962328 0.006001488 0.079243332 -0.030887371 -0.008281101 0.996342242
1341846251.718103 0.049994234 -0.010076112 0.006265666 0.079287402 -0.029398043 -0.009716080 0.996370852
1341846251.749907 0.049759377 -0.009600732 0.006115808 0.079940446 -0.029895684 -0.008741998 0.996312857
