1341846228.326018 0.016863123 -0.008384610 0.002167599 0.004329741 -0.009197673 -0.022215005 0.999701560
1341846228.358243 0.015775241 -0.008031182 0.000809425 0.004853581 -0.006994477 -0.022161175 0.999718130
1341846228.389779 0.015432922 -0.009053905 0.000762821 0.004038845 -0.006655734 -0.021342264 0.999741912
1341846228.426073 0.017165685 -0.008641403 0.001428215 0.004668317 -0.006354111 -0.021252532 0.999743044
1341846228.457823 0.016628524 -0.008494711 -0.000042615 0.005747674 -0.004079461 -0.020774381 0.999759316
1341846228.493915 0.018714134 -0.011248002 -0.001727978 0.003628611 -0.005006369 -0.020243095 0.999775946
1341846228.525907 0.017333882 -0.012328402 -0.002068504 0.002653092 -0.005238247 -0.019476578 0.999793053
1341846228.558208 0.022069855 -0.013541652 -0.001667064 0.002207247 -0.006614657 -0.018088566 0.999812067
1341846228.593899 0.017953919 -0.012628697 -0.002288590 0.002959370 -0.004573143 -0.018214906 0.999819219
1341846228.626021 0.016087165 -0.012540830 -0.003526669 0.002724224 -0.005412072 -0.017318429 0.999831676
1341846228.658069 0.017827593 -0.010774593 -0.002571461 0.002434742 -0.006985565 -0.016387179 0.999838352
1341846228.693942 0.016548321 -0.008406429 -0.000907983 0.002714893 -0.005488066 -0.017105939 0.999834955
1341846228.726069 0.021035444 -0.011868271 -0.002163586 0.000548465 -0.006050245 -0.016475093 0.999845803
1341846228.762090 0.020843316 -0.012620683 -0.002231326 0.000248282 -0.006125778 -0.014659055 0.999873757
1341846228.794000 0.020703429 -0.013042188 -0.002989408 0.001177505 -0.006505151 -0.013206414 0.999890924
1341846228.825934 0.021869738 -0.012264405 -0.003863656 0.002271999 -0.006094629 -0.012782061 0.999897182
1341846228.862015 0.020846020 -0.013307523 -0.004686019 0.001918642 -0.005915653 -0.011273190 0.999917090
1341846228.893856 0.020962402 -0.013287493 -0.005762117 0.002271306 -0.007009517 -0.010491521 0.999917805
1341846228.926548 0.024096647 -0.011946023 -0.005823772 0.002929564 -0.008169746 -0.011079746 0.999900937
1341846228.961940 0.024493782 -0.012366259 -0.005557182 0.002300308 -0.007517054 -0.010400705 0.999915004
1341846228.994040 0.024785323 -0.011043851 -0.005270543 0.001946389 -0.007537078 -0.010320352 0.999916434
1341846229.029897 0.023701269 -0.012800696 -0.003424355 0.001389470 -0.007409293 -0.010550609 0.999915898
1341846229.061870 0.022257175 -0.012627317 -0.004086635 0.002745394 -0.006226182 -0.010547367 0.999921203
1341846229.094829 0.022187853 -0.012123832 -0.004757740 0.002881102 -0.005544298 -0.009409317 0.999936223
1341846229.129930 0.025571197 -0.012389412 -0.004892097 0.002152816 -0.006379093 -0.008295495 0.999942899
1341846229.161882 0.029942499 -0.015590322 -0.004845373 0.000483062 -0.007566892 -0.008132832 0.999938130
1341846229.197882 0.025470039 -0.015648087 -0.005510300 0.000869251 -0.005801180 -0.009218684 0.999940276
1341846229.229812 0.031218491 -0.017364550 -0.005266487 0.001512838 -0.008914527 -0.008269898 0.999924898
1341846229.261994 0.026167797 -0.016015185 -0.006164587 0.003122051 -0.007266230 -0.009501816 0.999923587
1341846229.297920 0.028624032 -0.015687212 -0.005976758 0.003223036 -0.008492431 -0.010168247 0.999907017
1341846229.329933 0.026647333 -0.015232484 -0.006474889 0.003448190 -0.008461148 -0.010460339 0.999903560
1341846229.361996 0.026526129 -0.015622786 -0.005966967 0.003357563 -0.008896478 -0.010163950 0.999903142
1341846229.398029 0.025935724 -0.015761008 -0.004637481 0.005983378 -0.008324544 -0.010837453 0.999888718
1341846229.430182 0.026171699 -0.015313368 -0.005567932 0.008562122 -0.008724834 -0.009925737 0.999876022
1341846229.471963 0.021442365 -0.012523087 -0.005328749 0.010476510 -0.006710692 -0.009389392 0.999878526
1341846229.498348 0.026934555 -0.016471121 -0.005858711 0.009655867 -0.008562082 -0.008979340 0.999876380
1341846229.530149 0.026314035 -0.016259722 -0.006986059 0.010507781 -0.007924847 -0.007569486 0.999884725
1341846229.566064 0.027300375 -0.016310832 -0.006758628 0.010784844 -0.008278251 -0.005861315 0.999890387
1341846229.598057 0.027379651 -0.016767014 -0.006784117 0.012611494 -0.007574493 -0.003969970 0.999883890
1341846229.630063 0.027805641 -0.015974613 -0.007824003 0.014076242 -0.006193064 -0.002801026 0.999877810
1341846229.665946 0.027503712 -0.016454820 -0.008927402 0.013055362 -0.005910238 -0.001831358 0.999895632
1341846229.698150 0.034337699 -0.019190717 -0.007036761 0.013004470 -0.008166417 -0.000248518 0.999882042
1341846229.733828 0.033704452 -0.018871626 -0.008952950 0.016252957 -0.006428785 0.000512539 0.999847114
1341846229.765937 0.030865941 -0.016248826 -0.010863534 0.017858155 -0.003828577 0.000570733 0.999833047
1341846229.798002 0.030120607 -0.017202169 -0.009588963 0.015471882 -0.003424394 0.000105645 0.999874413
1341846229.833857 0.029541573 -0.017592240 -0.008886114 0.015283098 -0.003033205 -0.000858410 0.999878228
1341846229.865928 0.023247423 -0.014786647 -0.007758117 0.018363632 0.000514557 -0.000905913 0.999830842
1341846229.897926 0.021790305 -0.013676859 -0.008989358 0.018244764 0.001211874 -0.000994949 0.999832332
1341846229.939857 0.029560277 -0.016279919 -0.009095441 0.015086661 -0.001794594 -0.001391399 0.999883592
1341846229.965948 0.029583130 -0.015281001 -0.007733023 0.014530064 -0.000861940 -0.001878098 0.999892294
1341846230.002061 0.027438125 -0.013376017 -0.009446393 0.013289487 0.000155257 -0.003108648 0.999906838
1341846230.033858 0.026478793 -0.013540423 -0.007622994 0.010538910 0.000167824 -0.003904368 0.999936819
1341846230.065938 0.027792934 -0.014999745 -0.007348508 0.009861036 0.000355367 -0.002794438 0.999947429
1341846230.103878 0.020138491 -0.011315047 -0.006478019 0.011493772 0.004328743 -0.002572830 0.999921262
1341846230.144719 0.019773437 -0.010397299 -0.006705112 0.010880944 0.004528610 -0.002675270 0.999926984
1341846230.172747 0.027320143 -0.015377088 -0.006726841 0.008334022 0.001958148 -0.001060893 0.999962807
1341846230.208544 0.026768994 -0.015465898 -0.007089809 0.009270102 0.002889987 0.000348113 0.999952793
1341846230.271971 0.019553009 -0.011613208 -0.005662561 0.009880665 0.005783664 0.000089121 0.999934435
1341846230.302303 0.020372551 -0.012482136 -0.005626637 0.012082512 0.005326219 0.002082155 0.999910653
1341846230.334051 0.026199227 -0.015522298 -0.006511865 0.012234787 0.003779094 0.002027765 0.999915957
1341846230.370031 0.026724098 -0.016052956 -0.006636980 0.014343414 0.004410773 0.001271519 0.999886572
1341846230.401932 0.027310742 -0.015078420 -0.007153401 0.016522190 0.005143661 0.000067252 0.999850273
1341846230.437965 0.027953696 -0.016711183 -0.006267895 0.017796114 0.005416169 -0.000786829 0.999826610
1341846230.469920 0.026810065 -0.015630741 -0.008429301 0.019411482 0.006272287 -0.001967958 0.999789953
1341846230.501933 0.026909124 -0.014088868 -0.008832473 0.019637873 0.006263370 -0.002839904 0.999783516
1341846230.537834 0.029671175 -0.014221330 -0.007414960 0.018848242 0.004625278 -0.001940616 0.999809802
1341846230.569803 0.030904461 -0.010572862 -0.005756840 0.022165390 0.003767860 -0.000832428 0.999746859
1341846230.601945 0.030600507 -0.014614251 -0.008993069 0.022168260 0.003182827 -0.001804053 0.999747574
1341846230.637789 0.027996467 -0.015259964 -0.008452198 0.023015818 0.003663020 -0.002129889 0.999726117
1341846230.670057 0.025839422 -0.012636350 -0.009311555 0.023409111 0.004038684 -0.003163510 0.999712825
1341846230.705937 0.026350297 -0.016245699 -0.009856761 0.021067882 0.003089524 -0.003990974 0.999765277
1341846230.737932 0.027337849 -0.016095921 -0.007649340 0.022310380 0.002526284 -0.003527797 0.999741673
1341846230.769960 0.024293751 -0.016496500 -0.008108744 0.023108106 0.003525380 -0.002722329 0.999723017
1341846230.805852 0.027880188 -0.015926845 -0.008002131 0.023429194 0.001864253 -0.002751824 0.999719977
1341846230.837804 0.026469765 -0.015633753 -0.009830444 0.023751086 0.001975323 -0.004157042 0.999707282
1341846230.869829 0.026150789 -0.014548655 -0.006225126 0.025193963 0.002662777 -0.004321688 0.999669671
1341846230.905851 0.023102975 -0.017532209 -0.006397243 0.024586417 0.003530987 -0.004120433 0.999682963
1341846230.937917 0.024484178 -0.013994791 -0.008330472 0.025848765 0.001727497 -0.004427022 0.999654531
1341846230.973933 0.033828106 -0.017745038 -0.007655964 0.025009569 -0.002434702 -0.003217254 0.999679089
1341846231.006047 0.028659184 -0.020013368 -0.009530312 0.025458856 -0.000408615 -0.002637023 0.999672294
1341846231.037936 0.023182604 -0.019249920 -0.012164064 0.025584755 0.000967715 -0.003703905 0.999665320
1341846231.074310 0.028431183 -0.019503741 -0.009802314 0.025361439 -0.001745221 -0.003495003 0.999670684
1341846231.106085 0.028284973 -0.019697625 -0.005971553 0.026719403 -0.001875640 -0.002555428 0.999637961
1341846231.138083 0.025143059 -0.017025175 -0.007494580 0.028647669 -0.001149927 -0.002165701 0.999586582
1341846231.174011 0.024396272 -0.015928837 -0.008783222 0.029112194 -0.001449193 -0.003438828 0.999569178
1341846231.205909 0.022214632 -0.020133406 -0.009694084 0.028371988 -0.000723230 -0.004230369 0.999588251
1341846231.241869 0.018197199 -0.020201558 -0.011719642 0.029586948 0.001179029 -0.004290896 0.999552310
1341846231.273832 0.020131113 -0.019912513 -0.009975947 0.029698573 0.000196922 -0.005148941 0.999545634
1341846231.305846 0.019747507 -0.019174507 -0.008962007 0.031429797 0.000067354 -0.004894027 0.999493957
1341846231.341923 0.038498893 -0.023294374 -0.013318541 0.029652197 -0.007269831 -0.001895243 0.999532044
1341846231.374263 0.037638657 -0.023918254 -0.015641714 0.027626589 -0.007541515 -0.002105631 0.999587655
1341846231.410022 0.020451861 -0.019443305 -0.009011860 0.028432071 -0.001149587 -0.004838392 0.999583364
1341846231.442103 0.020834753 -0.019509738 -0.008352977 0.028386591 -0.001677465 -0.003989210 0.999587655
1341846231.484245 0.020585746 -0.020828923 -0.009979146 0.027990729 -0.002700882 -0.002293414 0.999601901
1341846231.516816 0.020325519 -0.020907447 -0.010404916 0.026932651 -0.002691048 -0.002984829 0.999629200
1341846231.547853 0.020136084 -0.020822804 -0.011136336 0.024903513 -0.001421843 -0.004680327 0.999677896
1341846231.583898 0.024317034 -0.017333129 -0.010942113 0.023207245 -0.001320707 -0.006923168 0.999705791
1341846231.615993 0.025978671 -0.019433055 -0.007622289 0.021131730 -0.000027242 -0.010003625 0.999726653
1341846231.648015 0.023877526 -0.022089513 -0.003304741 0.021959702 0.000500572 -0.013281792 0.999670506
1341846231.683822 0.025510792 -0.022385655 -0.002933116 0.026980815 -0.001637866 -0.014650815 0.999527216
1341846231.716153 0.024271570 -0.023800386 -0.002631440 0.032933753 -0.002018555 -0.013631401 0.999362528
1341846231.747846 0.020920817 -0.019716682 -0.007276476 0.038038548 -0.002254774 -0.013573848 0.999181509
1341846231.783993 0.020985521 -0.019904751 -0.008167037 0.038465697 -0.003288976 -0.013374711 0.999164999
1341846231.817027 0.021303773 -0.019783664 -0.007611731 0.038136359 -0.003436277 -0.012967596 0.999182463
1341846231.852317 0.020546503 -0.020024613 -0.009275190 0.037050705 -0.003467906 -0.012505296 0.999229133
1341846231.883853 0.020573303 -0.020283343 -0.009794984 0.034521639 -0.004754978 -0.011593255 0.999325395
1341846231.909867 0.020731341 -0.020362917 -0.009164378 0.033192970 -0.005984687 -0.010841101 0.999372244
1341846231.945837 0.020257264 -0.020166108 -0.009588731 0.033216935 -0.006464358 -0.010391776 0.999373257
1341846231.978027 0.020438017 -0.020323260 -0.010278110 0.033068180 -0.006760799 -0.010485861 0.999375224
1341846232.009966 0.021524912 -0.020673752 -0.010269242 0.031507932 -0.007916958 -0.009649336 0.999425590
1341846232.045845 0.022602690 -0.021105487 -0.005923804 0.031047622 -0.009676467 -0.009272316 0.999428034
1341846232.077961 0.022529084 -0.020966638 -0.006059215 0.031866614 -0.010774706 -0.008174769 0.999400616
1341846232.109864 0.020080661 -0.020083712 -0.007861683 0.032149427 -0.010063981 -0.009691380 0.999385417
1341846232.145999 0.019614859 -0.020180285 -0.008977564 0.031482894 -0.009800967 -0.010054362 0.999405682
1341846232.178314 0.021342518 -0.020363575 -0.008423504 0.031060748 -0.010233558 -0.009409631 0.999420822
1341846232.215951 0.022054730 -0.020997530 -0.007435096 0.031257711 -0.010169837 -0.010145322 0.999408126
1341846232.252037 0.021954199 -0.021194115 -0.007806903 0.032243248 -0.010057175 -0.008574204 0.999392688
1341846232.283944 0.021521831 -0.021200005 -0.008719588 0.032791995 -0.010019221 -0.006375879 0.999391615
1341846232.319867 0.020691480 -0.020565048 -0.009157331 0.032660704 -0.009724169 -0.005179369 0.999405742
1341846232.351854 0.020776989 -0.020580767 -0.008838858 0.030711014 -0.009364283 -0.005780323 0.999467731
1341846232.383877 0.019472662 -0.020476889 -0.009700811 0.028722428 -0.008631218 -0.008734552 0.999512017
1341846232.419782 0.019817373 -0.020209348 -0.008155871 0.028091863 -0.009532992 -0.010809702 0.999501407
1341846232.451780 0.019881850 -0.020175492 -0.008270449 0.029661343 -0.010080500 -0.010807680 0.999450743
1341846232.484170 0.020986103 -0.021406231 -0.009395600 0.030082874 -0.009964531 -0.010534656 0.999442220
1341846232.519889 0.022840807 -0.020542502 -0.007255800 0.031579431 -0.010828783 -0.009556145 0.999396920
1341846232.551877 0.022764387 -0.020496333 -0.007174074 0.032069430 -0.010933811 -0.010159003 0.999374211
1341846232.583846 0.022838265 -0.020558663 -0.007193914 0.033377659 -0.010733047 -0.010195197 0.999333203
1341846232.619798 0.019828018 -0.019665813 -0.007769341 0.035273954 -0.008972015 -0.009319669 0.999293923
1341846232.651799 0.019735169 -0.019574216 -0.007598271 0.036710255 -0.008436977 -0.010091119 0.999239385
1341846232.688092 0.020690886 -0.020693339 -0.008748663 0.037816141 -0.008716038 -0.010457279 0.999191999
1341846232.719804 0.024591727 -0.020721529 -0.005727411 0.040007833 -0.009424717 -0.009652840 0.999108255
1341846232.751767 0.024431270 -0.020702291 -0.004847964 0.041711606 -0.008627690 -0.009934095 0.999043047
1341846232.787894 0.019694326 -0.020377213 -0.008276150 0.043605082 -0.005881112 -0.012919083 0.998947978
1341846232.819886 0.019633379 -0.019481840 -0.007637623 0.045893762 -0.004586702 -0.013986788 0.998837888
1341846232.855850 0.019756110 -0.019383276 -0.007316448 0.048033100 -0.003984423 -0.014481861 0.998732805
1341846232.887989 0.020698896 -0.019632591 -0.005951896 0.049361259 -0.003740025 -0.015088453 0.998660028
1341846232.919822 0.020446753 -0.019270739 -0.005729670 0.050025672 -0.002952180 -0.015792368 0.998618662
1341846232.955993 0.020610446 -0.019261383 -0.005445184 0.051005971 -0.002904805 -0.015288694 0.998577058
1341846232.987965 0.021251014 -0.024661005 -0.012132021 0.048541740 -0.002544960 -0.013803981 0.998722494
1341846233.023868 0.021846661 -0.020669252 -0.009289177 0.048829939 -0.000748687 -0.014163528 0.998706400
1341846233.055880 0.026182469 -0.017676609 -0.005037369 0.049159165 -0.001129979 -0.014819575 0.998680353
1341846233.087872 0.031076740 -0.024553472 -0.004468789 0.045306254 -0.002384187 -0.015249795 0.998853862
1341846233.124060 0.027976850 -0.026768954 -0.004016396 0.045298256 -0.001955176 -0.016789548 0.998830497
1341846233.155902 0.028812073 -0.026712447 -0.003831898 0.047473237 -0.003657253 -0.017708087 0.998708844
1341846233.218177 0.027108252 -0.015169452 -0.002034707 0.056139737 -0.003777691 -0.020006213 0.998215318
1341846233.249926 0.026610687 -0.015261079 -0.002433142 0.054587241 -0.003632677 -0.020995591 0.998281598
1341846233.286015 0.027266527 -0.015477598 -0.001790828 0.053513426 -0.003223249 -0.022678882 0.998304367
1341846233.317870 0.029704411 -0.023766315 -0.004659738 0.050806697 -0.003384226 -0.021076499 0.998480380
1341846233.349815 0.031002196 -0.027916335 -0.007343549 0.050290953 -0.003355225 -0.021511868 0.998497307
1341846233.385857 0.030410066 -0.025254779 -0.007956064 0.051264565 -0.003803383 -0.019885607 0.998479843
1341846233.417990 0.032127932 -0.027963195 -0.009348447 0.050319314 -0.004948112 -0.019886116 0.998522937
1341846233.453822 0.030511221 -0.027215965 -0.005306130 0.051291440 -0.005354138 -0.018657988 0.998495042
1341846233.485912 0.032655548 -0.025759831 -0.006476970 0.052955478 -0.006792837 -0.019867489 0.998376131
1341846233.517954 0.034471571 -0.027322927 -0.005696080 0.052289352 -0.008523495 -0.020853624 0.998377860
1341846233.553882 0.031660534 -0.029869813 -0.009771491 0.051152512 -0.008286916 -0.021635234 0.998422086
1341846233.585968 0.027554924 -0.029830810 -0.008002454 0.052363738 -0.008003928 -0.020747639 0.998380423
1341846233.621898 0.031634413 -0.027618688 -0.009175322 0.054288361 -0.009175127 -0.019909389 0.998284638
1341846233.654396 0.032632273 -0.022592826 -0.006486076 0.056219827 -0.008560969 -0.020652158 0.998168051
1341846233.685848 0.027984425 -0.022978026 -0.007628483 0.054854374 -0.005944354 -0.022058977 0.998232961
1341846233.721879 0.028082183 -0.022600759 -0.006608847 0.054504700 -0.005478076 -0.021587210 0.998265088
1341846233.753961 0.029651269 -0.023949562 -0.009152011 0.053611718 -0.005723842 -0.021478930 0.998314440
1341846233.786032 0.032497406 -0.026990889 -0.007631630 0.051721711 -0.006196187 -0.019732134 0.998447359
1341846233.822009 0.028442806 -0.023219986 -0.008342247 0.052432828 -0.004126161 -0.020152001 0.998412549
1341846233.853971 0.026892679 -0.022622978 -0.007699962 0.051571582 -0.003367904 -0.019632921 0.998470604
1341846233.889920 0.027393475 -0.021189252 -0.008163085 0.051288202 -0.003644418 -0.020603690 0.998464704
1341846233.922045 0.029628512 -0.023216771 -0.007328914 0.049788032 -0.005178925 -0.020800730 0.998529732
1341846233.953967 0.027379761 -0.023606315 -0.007883503 0.049116332 -0.005005102 -0.020951586 0.998560727
1341846233.989945 0.030213440 -0.024013575 -0.008034974 0.048775788 -0.007252390 -0.020466220 0.998573720
1341846234.021936 0.030055774 -0.023759574 -0.007200012 0.048040830 -0.008023784 -0.020448035 0.998603821
1341846234.053904 0.030172206 -0.023970965 -0.007428786 0.047306050 -0.007907182 -0.021085789 0.998626590
1341846234.089899 0.030133672 -0.024027312 -0.007740379 0.047278263 -0.007162158 -0.021773642 0.998618722
1341846234.121984 0.030083612 -0.023781363 -0.007389228 0.046935767 -0.006912878 -0.021905066 0.998633802
1341846234.158063 0.029177299 -0.023932273 -0.006038630 0.046738148 -0.006707408 -0.021582287 0.998651445
1341846234.189961 0.030268319 -0.024103997 -0.005808205 0.047722168 -0.006997106 -0.020427527 0.998627245
1341846234.222130 0.030575460 -0.023577673 -0.006324168 0.047735307 -0.006472453 -0.020297848 0.998632789
1341846234.257875 0.030850258 -0.024232106 -0.007952668 0.046061724 -0.006264383 -0.019903444 0.998720646
1341846234.289820 0.031502217 -0.023824481 -0.006979297 0.045794245 -0.005724812 -0.019578137 0.998742580
1341846234.321998 0.033360325 -0.024204519 -0.003774332 0.046861149 -0.005421684 -0.020828811 0.998669505
1341846234.357904 0.035242297 -0.023897870 -0.006137750 0.047294743 -0.006011990 -0.021653576 0.998628139
1341846234.389919 0.031645171 -0.024509523 -0.004774030 0.047538389 -0.005506348 -0.021576835 0.998621166
1341846234.425915 0.037594017 -0.024394790 -0.004756597 0.048749402 -0.008439852 -0.019317510 0.998588562
1341846234.457800 0.037924543 -0.022768546 -0.006594036 0.049230952 -0.008801582 -0.018795568 0.998571754
1341846234.490016 0.037966996 -0.021853874 -0.006706686 0.046576664 -0.009382545 -0.018495951 0.998699427
1341846234.525867 0.036521181 -0.022210985 -0.005624927 0.045392521 -0.008922338 -0.018592069 0.998756349
1341846234.557961 0.038642161 -0.023913294 -0.004930572 0.044546001 -0.009736535 -0.017608061 0.998804688
1341846234.593900 0.038198791 -0.024017135 -0.004629894 0.042956095 -0.010223351 -0.016888509 0.998881876
1341846234.626439 0.035779703 -0.022983678 -0.004114068 0.042567208 -0.010392931 -0.014861578 0.998929024
1341846234.658173 0.039396342 -0.024284840 -0.004527182 0.041816406 -0.012828263 -0.014179401 0.998942316
1341846234.694104 0.039287988 -0.024411026 -0.004251438 0.041407999 -0.014048291 -0.013985617 0.998945653
1341846234.725911 0.039328024 -0.024379332 -0.004390738 0.041573834 -0.015527587 -0.012579335 0.998935580
1341846234.758643 0.039649624 -0.024486985 -0.004294718 0.042699888 -0.016403478 -0.012044873 0.998880625
1341846234.793907 0.039542496 -0.024405280 -0.004096517 0.041948669 -0.016364796 -0.012368015 0.998909175
1341846234.826106 0.039632972 -0.024466947 -0.004294011 0.041009299 -0.016182186 -0.012555104 0.998948812
1341846234.862270 0.039357632 -0.024460016 -0.003684480 0.041151401 -0.016321165 -0.012679667 0.998939097
1341846234.893971 0.039350085 -0.024504332 -0.003803037 0.042221498 -0.017009830 -0.012066040 0.998890579
1341846234.926031 0.039366357 -0.024459837 -0.003843623 0.042906292 -0.017043632 -0.013034062 0.998848677
1341846234.961979 0.039387982 -0.024456106 -0.003933695 0.043322120 -0.017032107 -0.013996645 0.998817861
1341846234.994016 0.039514285 -0.024437740 -0.004098038 0.044062149 -0.017677233 -0.014302880 0.998769999
1341846235.026311 0.039574768 -0.024426563 -0.004334236 0.042762380 -0.018445194 -0.014906907 0.998803735
1341846235.061915 0.039424177 -0.024394955 -0.003744154 0.041209713 -0.018216915 -0.015341742 0.998866618
1341846235.094075 0.039752416 -0.024413155 -0.002941228 0.040390618 -0.018193675 -0.015970172 0.998890638
1341846235.130068 0.039643962 -0.024544707 -0.002900284 0.040760085 -0.018523188 -0.015439218 0.998877943
1341846235.162449 0.039584342 -0.024500677 -0.002790347 0.041869260 -0.019899935 -0.014843676 0.998814583
1341846235.193917 0.039675929 -0.024459615 -0.002937409 0.042578712 -0.020613119 -0.014069634 0.998781323
1341846235.229939 0.041086923 -0.025472879 -0.003278887 0.043361083 -0.020354483 -0.014626399 0.998745024
1341846235.261811 0.040933207 -0.025415337 -0.002989258 0.043583199 -0.020476025 -0.015227799 0.998723865
1341846235.294134 0.041044779 -0.025484215 -0.003204627 0.044585533 -0.020964153 -0.015977448 0.998657823
1341846235.329890 0.039339874 -0.024425440 -0.003655705 0.044975318 -0.020523369 -0.016549457 0.998640120
1341846235.361974 0.041353319 -0.025442932 -0.003642458 0.042955440 -0.020499527 -0.018777415 0.998690128
1341846235.398097 0.041242894 -0.025437344 -0.003467655 0.040524852 -0.020168088 -0.020532260 0.998763919
1341846235.429943 0.041102983 -0.025539292 -0.003243765 0.040198147 -0.020184353 -0.020855632 0.998770118
1341846235.462163 0.041126221 -0.025465056 -0.003254249 0.040794410 -0.020410351 -0.020915858 0.998740077
1341846235.498142 0.041194033 -0.025436766 -0.003351653 0.039987732 -0.020328198 -0.022302831 0.998744369
1341846235.529989 0.041111887 -0.025448577 -0.003297528 0.038921937 -0.020438131 -0.023536863 0.998755932
1341846235.561921 0.041036900 -0.025460172 -0.003149467 0.040143989 -0.020866729 -0.024167512 0.998683631
1341846235.597951 0.040816505 -0.025050428 -0.003897132 0.040714107 -0.020891324 -0.023807168 0.998668671
1341846235.630160 0.040796116 -0.025095880 -0.003851929 0.039473522 -0.021236207 -0.024710452 0.998689234
1341846235.667679 0.040801477 -0.025148904 -0.003781358 0.040029004 -0.021887902 -0.024121258 0.998667479
1341846235.705783 0.040854532 -0.025127944 -0.003906046 0.041546907 -0.022369113 -0.023953691 0.998598874
1341846235.730392 0.039669313 -0.024364112 -0.003031347 0.042211842 -0.021724423 -0.025949910 0.998535335
1341846235.766032 0.039614383 -0.024405984 -0.002924695 0.043455638 -0.021762466 -0.026804686 0.998458564
1341846235.797942 0.039651867 -0.024360999 -0.003029552 0.044680629 -0.022249611 -0.026536709 0.998400927
1341846235.833964 0.039656311 -0.024387062 -0.002973635 0.045034636 -0.022118624 -0.026523877 0.998388290
1341846235.866037 0.039535183 -0.024228102 -0.003392973 0.045051679 -0.022013471 -0.025376406 0.998419642
1341846235.898007 0.039422803 -0.024180468 -0.003137951 0.045362707 -0.021835396 -0.023894694 0.998446047
1341846235.934106 0.039712887 -0.024447249 -0.003052193 0.047170747 -0.021358278 -0.023031911 0.998392820
1341846235.965921 0.039744772 -0.024398630 -0.003273329 0.048395492 -0.020318212 -0.022524253 0.998367548
1341846235.997897 0.039843850 -0.024540652 -0.003521681 0.047882061 -0.019505464 -0.022450324 0.998410165
1341846236.034072 0.039670344 -0.024351140 -0.003773113 0.048226804 -0.018411657 -0.022104973 0.998422027
1341846236.065823 0.039613780 -0.024265591 -0.003693197 0.049799915 -0.017755918 -0.022204066 0.998354435
1341846236.101989 0.039721623 -0.024271144 -0.004108534 0.048996635 -0.017980544 -0.022427661 0.998385191
1341846236.134258 0.039633963 -0.024333591 -0.003977623 0.048113015 -0.018037735 -0.022303725 0.998429894
1341846236.166269 0.039633974 -0.024274990 -0.003809896 0.048899438 -0.018179255 -0.021364110 0.998409688
1341846236.202022 0.039657883 -0.024266722 -0.003891609 0.048361756 -0.017659431 -0.022177089 0.998427510
1341846236.233893 0.039559346 -0.024231557 -0.003606821 0.046213090 -0.017430371 -0.022393098 0.998528421
1341846236.265924 0.039498866 -0.024221998 -0.003419555 0.046127532 -0.017169109 -0.021366414 0.998559415
1341846236.302018 0.039463855 -0.024177054 -0.003304899 0.046613671 -0.017124746 -0.020587640 0.998553991
1341846236.333756 0.039501712 -0.024178892 -0.003476571 0.046755433 -0.016893731 -0.021185171 0.998538792
1341846236.369949 0.040962297 -0.025151115 -0.004407608 0.045843583 -0.016790098 -0.021537649 0.998575270
1341846236.401964 0.040872160 -0.025093330 -0.004131465 0.045731004 -0.016112678 -0.021620674 0.998589814
1341846236.433828 0.040863506 -0.025123842 -0.004214051 0.045996897 -0.015873985 -0.022301579 0.998566449
1341846236.469948 0.040896408 -0.025179077 -0.004259782 0.046640445 -0.015498548 -0.022151858 0.998545825
1341846236.501946 0.040988192 -0.025137825 -0.004345906 0.047311977 -0.014908724 -0.021814626 0.998530626
1341846236.534764 0.040955063 -0.025115089 -0.004371553 0.046294402 -0.014299833 -0.020846404 0.998607874
1341846236.569956 0.041000009 -0.025256755 -0.004428508 0.045749195 -0.013583316 -0.018750980 0.998684585
1341846236.601901 0.040980745 -0.025163999 -0.004501511 0.046744555 -0.013251675 -0.017275449 0.998669565
1341846236.637896 0.041089792 -0.025273800 -0.004901325 0.045598362 -0.012411922 -0.018122274 0.998718321
1341846236.669818 0.041041866 -0.025158934 -0.004616694 0.043523062 -0.011662961 -0.018955657 0.998804510
1341846236.702100 0.040863022 -0.025220802 -0.004144112 0.043430183 -0.010069340 -0.020163083 0.998802245
1341846236.738521 0.042459007 -0.025807681 -0.006944942 0.047737166 -0.009924957 -0.018107524 0.998646498
1341846236.769905 0.040730346 -0.025302837 -0.003599647 0.057546582 -0.010747356 -0.014150104 0.998184681
1341846236.805999 0.041088905 -0.025115252 -0.004567087 0.059870992 -0.012052867 -0.014062215 0.998034298
1341846236.844067 0.041200053 -0.025187321 -0.004749341 0.059379347 -0.011872779 -0.015547906 0.998043776
1341846236.876573 0.037458662 -0.023384925 -0.010627067 0.059444495 -0.009396081 -0.017125474 0.998040497
1341846236.911899 0.037510794 -0.023393897 -0.010716375 0.056171715 -0.009488617 -0.019067889 0.998193979
1341846236.944484 0.037276689 -0.023566693 -0.010211549 0.056126960 -0.009574459 -0.018663699 0.998203278
1341846236.975811 0.037224755 -0.023470661 -0.010171893 0.058060665 -0.009677064 -0.017028842 0.998120904
1341846237.011848 0.037372533 -0.023418853 -0.010160104 0.057515666 -0.009266770 -0.017084112 0.998155415
1341846237.043850 0.037247818 -0.023424491 -0.009877053 0.056852788 -0.007942243 -0.018602736 0.998177648
1341846237.075882 0.037065774 -0.023436535 -0.009661268 0.057510093 -0.007854168 -0.017272355 0.998164594
1341846237.111887 0.037256576 -0.023501262 -0.009865986 0.060281549 -0.009196833 -0.015554382 0.998017848
1341846237.143863 0.037296049 -0.023494398 -0.010088743 0.062341280 -0.009488204 -0.014806521 0.997899950
1341846237.175838 0.037460022 -0.023381418 -0.010431888 0.061957113 -0.009952049 -0.014102673 0.997929573
1341846237.211847 0.037540056 -0.023427278 -0.010476136 0.059814032 -0.009881028 -0.013860659 0.998064399
1341846237.243895 0.037229680 -0.023496611 -0.009718084 0.060620528 -0.008460587 -0.013988040 0.998027027
1341846237.280228 0.037254270 -0.023392007 -0.010077547 0.062104072 -0.008385427 -0.012687035 0.997953832
1341846237.312079 0.037349492 -0.023472780 -0.010182369 0.061344828 -0.009302006 -0.011887054 0.998002529
1341846237.343828 0.037463449 -0.023483260 -0.010381404 0.061599236 -0.009513483 -0.010910813 0.997995973
1341846237.379983 0.037462883 -0.023423225 -0.010323173 0.061429501 -0.009006759 -0.010457347 0.998016000
1341846237.411962 0.037339926 -0.023380311 -0.010184341 0.059821285 -0.009014241 -0.010528266 0.998112857
1341846237.443790 0.037400819 -0.023375381 -0.010267579 0.058079895 -0.009104923 -0.011853597 0.998200059
1341846237.479911 0.037407476 -0.023342365 -0.010247118 0.056853857 -0.008179261 -0.014088439 0.998249590
1341846237.511862 0.037088238 -0.023312898 -0.009669021 0.055345900 -0.008093795 -0.015360903 0.998316288
1341846237.547914 0.037036370 -0.023358630 -0.009683438 0.053980861 -0.009778135 -0.014827435 0.998383999
1341846237.579956 0.037137698 -0.023307526 -0.009640684 0.053218998 -0.010810037 -0.013624098 0.998431385
1341846237.611852 0.042266563 -0.025986163 -0.004566778 0.051344492 -0.013639510 -0.013156880 0.998501182
1341846237.647976 0.042196486 -0.026025558 -0.004396699 0.050761193 -0.014222960 -0.013169812 0.998522699
1341846237.680417 0.042177331 -0.026008802 -0.004386081 0.050491061 -0.014804893 -0.012415995 0.998537600
1341846237.711902 0.042017832 -0.025962548 -0.003956501 0.051048953 -0.015447826 -0.011408186 0.998511493
1341846237.747860 0.042324394 -0.025988575 -0.004615049 0.052499920 -0.016132915 -0.011136164 0.998428524
1341846237.779848 0.042262197 -0.026053980 -0.004615192 0.052916840 -0.016349193 -0.011192830 0.998402357
1341846237.815934 0.042199120 -0.025957722 -0.004383391 0.051921561 -0.017256854 -0.010608353 0.998445690
1341846237.847966 0.042403661 -0.026091268 -0.004820690 0.050491109 -0.018476391 -0.009608394 0.998507380
1341846237.879781 0.042333320 -0.026014194 -0.004624532 0.049984094 -0.018747326 -0.010075463 0.998523235
1341846237.916026 0.042262528 -0.025997585 -0.004539728 0.048813302 -0.019228116 -0.010363393 0.998569071
1341846237.947857 0.042247314 -0.025984118 -0.004538097 0.048342723 -0.019513538 -0.010527716 0.998584688
1341846237.978064 0.042148598 -0.025935883 -0.004268554 0.048049849 -0.019258121 -0.010330975 0.998605847
1341846238.010069 0.041243907 -0.025189387 -0.004979224 0.047519729 -0.018817995 -0.011170232 0.998630524
1341846238.045995 0.041277755 -0.025250494 -0.005145367 0.046039529 -0.018895011 -0.010711491 0.998703480
1341846238.077963 0.041302294 -0.025248844 -0.005156088 0.044821512 -0.019116240 -0.010570632 0.998756170
1341846238.109791 0.041141283 -0.025302721 -0.004428836 0.044858027 -0.018959122 -0.011264198 0.998749971
1341846238.145837 0.041291356 -0.025341133 -0.004849989 0.046256851 -0.018662533 -0.011540905 0.998688579
1341846238.177943 0.041412577 -0.025288872 -0.004856110 0.046984989 -0.018136272 -0.012139682 0.998657167
1341846238.209943 0.041464508 -0.025230983 -0.005052830 0.044972721 -0.018011879 -0.013534370 0.998734117
1341846238.246227 0.041182924 -0.025276985 -0.004279438 0.044565812 -0.017751420 -0.013607098 0.998756051
1341846238.278227 0.041115846 -0.025324125 -0.004149507 0.045088157 -0.017560359 -0.012914726 0.998745143
1341846238.314018 0.041330867 -0.025316641 -0.004750233 0.045237709 -0.017163917 -0.014077741 0.998729587
1341846238.345918 0.041256879 -0.025188999 -0.004640138 0.044959847 -0.016573695 -0.015906258 0.998724639
1341846238.377978 0.041332666 -0.025421331 -0.004501090 0.045835901 -0.016905500 -0.015722668 0.998682141
1341846238.413879 0.041143551 -0.025358912 -0.004457820 0.047076114 -0.017661473 -0.014894569 0.998624086
1341846238.445979 0.041223031 -0.025372986 -0.004464598 0.047358900 -0.017743072 -0.016099881 0.998590589
1341846238.478188 0.041278392 -0.025298649 -0.004452120 0.046793543 -0.017424639 -0.016884778 0.998609841
1341846238.515328 0.041144952 -0.025446298 -0.004408294 0.047171194 -0.017413383 -0.017108141 0.998588502
1341846238.545906 0.041280620 -0.025249500 -0.004810615 0.048357420 -0.018122565 -0.017351056 0.998514950
1341846238.587827 0.041286703 -0.025300751 -0.004839578 0.049033932 -0.017996578 -0.017526790 0.998481154
1341846238.613933 0.041275661 -0.025255492 -0.004709266 0.049020484 -0.017124977 -0.017783150 0.998492599
1341846238.645944 0.041291691 -0.025259348 -0.004662674 0.047494147 -0.016942950 -0.017942348 0.998566628
1341846238.681933 0.041275889 -0.025363557 -0.004427061 0.046735168 -0.017250706 -0.017511532 0.998604834
1341846238.713917 0.041148566 -0.025294879 -0.004464448 0.047470350 -0.017248513 -0.016364507 0.998589635
1341846238.745925 0.041137122 -0.025281008 -0.004552613 0.048287280 -0.017345563 -0.015985658 0.998554885
1341846238.781932 0.041383710 -0.025315557 -0.005153843 0.047216922 -0.017920805 -0.016113250 0.998593926
1341846238.813869 0.041283328 -0.025379065 -0.004715859 0.046227656 -0.017509898 -0.016401315 0.998642802
1341846238.849931 0.041165993 -0.025305182 -0.004166962 0.045101181 -0.016950812 -0.017139910 0.998691559
1341846238.881927 0.041042741 -0.025449505 -0.004037773 0.045541145 -0.017830551 -0.017122304 0.998656511
1341846238.914000 0.041354176 -0.025778931 -0.003529639 0.047721356 -0.019815875 -0.013625500 0.998571157
1341846238.949903 0.041389517 -0.025828101 -0.003773421 0.051237162 -0.021202182 -0.012382760 0.998384655
1341846238.981942 0.041513845 -0.025683673 -0.004125128 0.053655971 -0.021574602 -0.012810829 0.998244226
1341846239.017941 0.040981371 -0.025131730 -0.003512154 0.054188117 -0.020893909 -0.015052091 0.998198628
1341846239.050041 0.040805336 -0.025153654 -0.003343816 0.054293778 -0.020346597 -0.016867004 0.998175204
1341846239.081902 0.040930934 -0.025218496 -0.003584235 0.054793198 -0.020428693 -0.018087868 0.998124838
1341846239.117866 0.040900528 -0.025234379 -0.003545943 0.055533838 -0.020271154 -0.018941376 0.998071313
1341846239.149976 0.040826626 -0.025202561 -0.003402714 0.055814508 -0.019374145 -0.019926738 0.998054266
1341846239.181897 0.040825397 -0.025123004 -0.003635287 0.055185083 -0.019104859 -0.019741440 0.998098135
1341846239.217929 0.041003160 -0.025212046 -0.004118874 0.053308807 -0.019469157 -0.020239601 0.998183072
1341846239.250009 0.040102251 -0.025001187 -0.002048416 0.052328713 -0.018846681 -0.020111766 0.998249471
1341846239.285917 0.041637190 -0.025567329 -0.004183732 0.050910186 -0.018638596 -0.019810278 0.998332798
1341846239.318442 0.041621462 -0.025622129 -0.004410353 0.049834929 -0.018065417 -0.019719906 0.998399377
1341846239.349930 0.041403253 -0.025575569 -0.003824785 0.048249498 -0.017520545 -0.019511566 0.998491049
1341846239.386011 0.041387953 -0.025644204 -0.003699919 0.048205104 -0.016973218 -0.018294666 0.998525679
1341846239.417983 0.041495621 -0.025609514 -0.004071223 0.048428271 -0.017100632 -0.018058868 0.998516977
1341846239.450112 0.041376479 -0.025421258 -0.003949116 0.047843717 -0.017010100 -0.018334109 0.998541713
1341846239.485973 0.041484281 -0.025589567 -0.004049015 0.046601567 -0.016900649 -0.017580256 0.998615861
1341846239.517913 0.041472435 -0.025800388 -0.003633610 0.045404032 -0.016495796 -0.016958898 0.998688519
1341846239.553979 0.040775925 -0.025042402 -0.004383577 0.044890810 -0.016060673 -0.017127037 0.998715937
1341846239.585911 0.040757116 -0.025026398 -0.004224953 0.043725237 -0.016120335 -0.016488828 0.998777449
1341846239.617967 0.040569466 -0.025297003 -0.003452373 0.043775581 -0.015938163 -0.015577188 0.998792768
1341846239.653941 0.040705964 -0.025093814 -0.004057925 0.044833619 -0.016021796 -0.014926227 0.998754442
1341846239.685852 0.040767398 -0.025049480 -0.004331364 0.045051798 -0.016292222 -0.014438983 0.998747408
1341846239.717923 0.040443219 -0.025079073 -0.003462728 0.044740714 -0.016723288 -0.014071194 0.998759508
1341846239.753857 0.040467493 -0.025210880 -0.003403133 0.044615697 -0.016871888 -0.013685308 0.998767972
1341846239.785918 0.040583160 -0.025100365 -0.003741726 0.044085983 -0.016982131 -0.013610388 0.998790622
1341846239.821950 0.038968220 -0.024687076 -0.000489368 0.043916296 -0.017051624 -0.013804576 0.998794258
1341846239.854023 0.039136603 -0.024817538 -0.000096565 0.045378916 -0.017499622 -0.012952913 0.998732567
1341846239.891801 0.039776169 -0.024866924 -0.001364245 0.045230508 -0.017822301 -0.013186195 0.998730540
1341846239.921795 0.040634856 -0.025209019 -0.002968269 0.043827672 -0.017864134 -0.014052816 0.998780549
1341846239.953963 0.039753925 -0.025004284 -0.001150330 0.044312742 -0.017587243 -0.014049343 0.998764098
1341846239.985997 0.040327862 -0.025039155 -0.002355757 0.044896901 -0.018178197 -0.014473572 0.998721361
1341846240.022055 0.040289879 -0.024975585 -0.002395028 0.044752508 -0.018535180 -0.016126713 0.998695910
1341846240.053998 0.040447325 -0.025123855 -0.002610467 0.045362603 -0.018323708 -0.016656321 0.998663604
1341846240.089841 0.039936025 -0.024931785 -0.001799649 0.046717890 -0.018172443 -0.016684206 0.998603463
1341846240.121795 0.032132696 -0.019843476 -0.003614340 0.049362469 -0.015525999 -0.017359585 0.998509347
1341846240.159862 0.032064728 -0.019843524 -0.003509695 0.050982356 -0.015241319 -0.018282807 0.998415887
1341846240.195884 0.032184780 -0.019892827 -0.003976026 0.051841944 -0.014656425 -0.018986469 0.998367250
1341846240.227927 0.036895722 -0.022524785 -0.001767729 0.050572608 -0.017041745 -0.017494215 0.998421729
1341846240.259887 0.036832638 -0.022480126 -0.001352795 0.051026020 -0.017699657 -0.016868819 0.998398006
1341846240.290031 0.036801487 -0.022479456 -0.001418889 0.051851720 -0.017554987 -0.015999535 0.998372316
1341846240.322206 0.036870334 -0.022633597 -0.001834983 0.051521391 -0.017878294 -0.016023172 0.998383284
1341846240.357948 0.037196353 -0.022680847 -0.002495863 0.050657414 -0.018232532 -0.016571231 0.998412132
1341846240.390055 0.039543353 -0.025309632 0.000462415 0.050658446 -0.019914720 -0.016260799 0.998385072
1341846240.422212 0.040616956 -0.025351703 -0.001478485 0.052217241 -0.019842481 -0.017110197 0.998291969
1341846240.458143 0.040607795 -0.025468722 -0.001542165 0.052411281 -0.020187328 -0.018243277 0.998254836
1341846240.490243 0.037965596 -0.023551799 -0.002058285 0.052788917 -0.019971004 -0.017430257 0.998253822
1341846240.525976 0.038048256 -0.023826977 -0.002684015 0.053179771 -0.020612828 -0.018379165 0.998202980
1341846240.557894 0.038485833 -0.023940269 -0.003784379 0.054336809 -0.020823315 -0.019234361 0.998120248
1341846240.590418 0.040680446 -0.025172360 -0.002857570 0.054108381 -0.021881834 -0.019516451 0.998104513
1341846240.626172 0.040855721 -0.025173757 -0.003194946 0.054319628 -0.022532288 -0.019883925 0.998071313
1341846240.657964 0.040836006 -0.025282711 -0.003443128 0.054637775 -0.023130607 -0.019484380 0.998048127
1341846240.689825 0.032887850 -0.019905653 -0.002131189 0.058223724 -0.019961901 -0.020851765 0.997886121
1341846240.725903 0.032726392 -0.019932242 -0.002346804 0.057917256 -0.020162266 -0.021075163 0.997895241
1341846240.757973 0.032970786 -0.019966794 -0.002361800 0.058099963 -0.020569237 -0.021263950 0.997872293
1341846240.794024 0.040933933 -0.025121851 -0.002908811 0.057221409 -0.024070071 -0.020949025 0.997851431
1341846240.826068 0.039728943 -0.024533588 -0.002857278 0.058066867 -0.023744304 -0.020150812 0.997826815
1341846240.858147 0.039902970 -0.024425486 -0.004945437 0.057421744 -0.023490487 -0.020984059 0.997852981
1341846240.894038 0.039836787 -0.024435019 -0.004863601 0.056233969 -0.023450145 -0.020462720 0.997932374
1341846240.925975 0.040430404 -0.024797665 -0.004798483 0.055745449 -0.023699950 -0.020396445 0.997955263
1341846240.958080 0.040519848 -0.024700046 -0.005800350 0.055236388 -0.023718538 -0.019348687 0.998004019
1341846240.994099 0.041092969 -0.025101244 -0.006722771 0.054908384 -0.023633193 -0.020339094 0.998004436
1341846241.026041 0.039815750 -0.024461102 -0.003258851 0.056062065 -0.023593683 -0.019502152 0.997957945
1341846241.062449 0.040006060 -0.024518821 -0.004606101 0.056971870 -0.023542587 -0.020306256 0.997891545
1341846241.094372 0.040173352 -0.024489028 -0.008084317 0.055690419 -0.023444133 -0.021574330 0.997939646
1341846241.126068 0.039855871 -0.024503456 -0.004384913 0.055087622 -0.023459585 -0.021595167 0.997972250
1341846241.167863 0.038016133 -0.024515899 -0.005209826 0.056538656 -0.022627415 -0.021469980 0.997913003
1341846241.194236 0.038204663 -0.024963120 -0.007717617 0.056122776 -0.022382516 -0.022655349 0.997915804
1341846241.230127 0.038702816 -0.025412027 -0.005844210 0.055327028 -0.022326579 -0.023548478 0.997940838
1341846241.261868 0.039818358 -0.025227446 -0.005445036 0.056430895 -0.023433249 -0.023642194 0.997851431
1341846241.295211 0.038276166 -0.025888499 -0.007772846 0.056159180 -0.022865456 -0.024457598 0.997860253
1341846241.329804 0.039126929 -0.026171571 -0.008849320 0.055301834 -0.023308083 -0.024309298 0.997901559
1341846241.362000 0.035975832 -0.023443047 -0.006551321 0.055902176 -0.021258280 -0.026110539 0.997868359
1341846241.394012 0.037277389 -0.024312116 -0.004816014 0.055799574 -0.022172621 -0.025340322 0.997874081
1341846241.430126 0.037874866 -0.022997893 -0.005755688 0.056497652 -0.022247653 -0.026480550 0.997803509
1341846241.462018 0.037018515 -0.023377800 -0.009797239 0.056758601 -0.021336716 -0.026817445 0.997799635
1341846241.497907 0.037561905 -0.023475258 -0.010817720 0.056351840 -0.021504899 -0.026616786 0.997824430
1341846241.529930 0.031453095 -0.020124022 -0.007405605 0.057378516 -0.019709270 -0.026728658 0.997799993
1341846241.562493 0.033854518 -0.021164630 -0.003624515 0.056311850 -0.021258814 -0.026412267 0.997837365
1341846241.598412 0.031970151 -0.023000356 -0.003061864 0.055969596 -0.020749141 -0.025710080 0.997885704
1341846241.629998 0.033956520 -0.023156645 -0.003706381 0.056010615 -0.021218721 -0.026734477 0.997846603
1341846241.662234 0.034375805 -0.023046248 -0.003245838 0.056176119 -0.021231784 -0.026813481 0.997834861
1341846241.698098 0.034345917 -0.023067722 -0.003037452 0.056605387 -0.021040464 -0.026894078 0.997812510
1341846241.729805 0.034655936 -0.022984147 -0.004505939 0.056278728 -0.021279011 -0.026966590 0.997824013
1341846241.765805 0.035117500 -0.022994300 -0.005312674 0.056256741 -0.021337809 -0.027246000 0.997816384
1341846241.797970 0.033912648 -0.023325631 -0.002122164 0.057040505 -0.020906603 -0.027712917 0.997768164
1341846241.830240 0.035431381 -0.023100711 -0.005097635 0.056987423 -0.021347888 -0.027374689 0.997771204
1341846241.865867 0.032752253 -0.022814600 -0.008755267 0.057308596 -0.019751858 -0.027689256 0.997776985
1341846241.898156 0.032899465 -0.023069490 -0.007347472 0.057712656 -0.020211874 -0.027637517 0.997745931
1341846241.929917 0.033221345 -0.023488304 -0.008539897 0.058149070 -0.019822249 -0.027869517 0.997721910
1341846241.965882 0.031774502 -0.021625167 -0.003793255 0.058154434 -0.019910235 -0.027968390 0.997717083
1341846241.998017 0.029995393 -0.019862534 -0.003037604 0.058136441 -0.019374039 -0.027748859 0.997734845
1341846242.034019 0.033904370 -0.023422187 -0.015349449 0.057553489 -0.019073732 -0.028374391 0.997756839
1341846242.066365 0.035866447 -0.024170121 -0.013358734 0.058765896 -0.019535663 -0.030089572 0.997626960
1341846242.066365 0.035866447 -0.024170121 -0.013358734 0.058765896 -0.019535663 -0.030089572 0.997626960
1341846242.066365 0.035866447 -0.024170121 -0.013358734 0.058765896 -0.019535663 -0.030089572 0.997626960
1341846242.066365 0.035866447 -0.024170121 -0.013358734 0.058765896 -0.019535663 -0.030089572 0.997626960
1341846242.066365 0.035866447 -0.024170121 -0.013358734 0.058765896 -0.019535663 -0.030089572 0.997626960
1341846242.066365 0.035866447 -0.024170121 -0.013358734 0.058765896 -0.019535663 -0.030089572 0.997626960
1341846242.066365 0.035866447 -0.024170121 -0.013358734 0.058765896 -0.019535663 -0.030089572 0.997626960
1341846242.066365 0.035866447 -0.024170121 -0.013358734 0.058765896 -0.019535663 -0.030089572 0.997626960
1341846242.066365 0.035866447 -0.024170121 -0.013358734 0.058765896 -0.019535663 -0.030089572 0.997626960
1341846242.066365 0.035866447 -0.024170121 -0.013358734 0.058765896 -0.019535663 -0.030089572 0.997626960
1341846242.401903 0.033832420 -0.023632322 -0.012351758 0.063608579 -0.018825328 -0.028421275 0.997392476
1341846242.433933 0.036601476 -0.024784870 -0.007859443 0.062869728 -0.020429777 -0.028477386 0.997406185
1341846242.469883 0.033873450 -0.023412997 -0.009029062 0.064471073 -0.019159086 -0.028324738 0.997333527
1341846242.501972 0.034210216 -0.025820538 -0.008342252 0.064282209 -0.019424509 -0.028738871 0.997328699
1341846242.534063 0.036462031 -0.025467133 -0.008860714 0.063502558 -0.020312561 -0.028907612 0.997356117
1341846242.569931 0.034514043 -0.024427665 -0.006735548 0.063870937 -0.018867839 -0.029521583 0.997342944
1341846242.602000 0.034986053 -0.022144334 -0.005665754 0.064721845 -0.018952508 -0.029339200 0.997291863
1341846242.634077 0.035019875 -0.022419304 -0.006462304 0.063685030 -0.019138413 -0.028787918 0.997371137
1341846242.670215 0.037034314 -0.024961183 -0.009144521 0.062167432 -0.019795371 -0.028742464 0.997455359
1341846242.701929 0.035046585 -0.023650214 -0.007029641 0.062448997 -0.018835824 -0.029161921 0.997444212
1341846242.737996 0.035189848 -0.023742970 -0.007185978 0.061939064 -0.019313568 -0.028984183 0.997472048
1341846242.769937 0.036358774 -0.024560237 -0.007449111 0.062398866 -0.020052308 -0.029067624 0.997426391
1341846242.808080 0.035959668 -0.024067027 -0.007906423 0.063044056 -0.019712601 -0.029629337 0.997376025
1341846242.837887 0.035211638 -0.023805896 -0.007663503 0.062309209 -0.019395057 -0.030340895 0.997407079
1341846242.869936 0.035174653 -0.023722347 -0.007204688 0.061604429 -0.019654969 -0.030394901 0.997444093
1341846242.902131 0.035285816 -0.023896648 -0.007706189 0.061676405 -0.019547457 -0.030617142 0.997434974
1341846242.938061 0.035879407 -0.024187703 -0.007976009 0.061972499 -0.020082910 -0.030893527 0.997397423
1341846242.969969 0.034772087 -0.023745604 -0.006563178 0.062931016 -0.020484362 -0.030938433 0.997327864
1341846243.005810 0.034733791 -0.023571530 -0.006410246 0.063709706 -0.020708144 -0.030583581 0.997284770
1341846243.038095 0.035480227 -0.023945514 -0.008146750 0.063311979 -0.021369269 -0.030653838 0.997294009
1341846243.070041 0.035458378 -0.023883929 -0.008159605 0.062316004 -0.021747943 -0.030911624 0.997340560
1341846243.106059 0.035201691 -0.023808505 -0.007669704 0.061264884 -0.021725293 -0.031292450 0.997394323
1341846243.137899 0.035220671 -0.023910940 -0.008041533 0.061690569 -0.021368250 -0.031342596 0.997374237
1341846243.169985 0.035203878 -0.023857642 -0.008113075 0.061712079 -0.021596020 -0.030444356 0.997395813
1341846243.206007 0.035728097 -0.024072343 -0.008927295 0.061516050 -0.021642337 -0.031368025 0.997378290
1341846243.237999 0.035888650 -0.024060285 -0.009039615 0.060511127 -0.021280283 -0.031528804 0.997442484
1341846243.274026 0.034846321 -0.023713956 -0.007162299 0.060631592 -0.020569904 -0.032086726 0.997432232
1341846243.305879 0.035023455 -0.023951918 -0.007580352 0.061326418 -0.020626646 -0.032821335 0.997364700
1341846243.338022 0.035857745 -0.024415616 -0.009102945 0.061966341 -0.020839451 -0.032668360 0.997325778
1341846243.374348 0.035482548 -0.024160646 -0.008773432 0.063101478 -0.020571560 -0.032640364 0.997261047
1341846243.405837 0.031782437 -0.020994455 -0.010724104 0.064676262 -0.019621640 -0.032192778 0.997193873
1341846243.442193 0.031970091 -0.021174198 -0.011033216 0.064775929 -0.019865258 -0.032186322 0.997182786
1341846243.473902 0.031134123 -0.020675544 -0.009429412 0.065341540 -0.019400056 -0.032406576 0.997147918
1341846243.505839 0.031518161 -0.021065017 -0.011350725 0.065065376 -0.019860124 -0.032526430 0.997152984
1341846243.542001 0.034984417 -0.023545630 -0.010493535 0.063657552 -0.021605985 -0.032417212 0.997211158
1341846243.574058 0.034589507 -0.023312150 -0.009540218 0.063797794 -0.020981612 -0.031973410 0.997229815
1341846243.605841 0.033326525 -0.023416167 -0.009963118 0.064065918 -0.020047322 -0.031966370 0.997232080
1341846243.642015 0.033982955 -0.021979583 -0.011174483 0.065168284 -0.020271119 -0.031802580 0.997161388
1341846243.673926 0.033558942 -0.023239462 -0.012056630 0.064381264 -0.019957468 -0.032191634 0.997206330
1341846243.710095 0.034370031 -0.023031948 -0.011673581 0.064857505 -0.019975238 -0.031984795 0.997181773
1341846243.741951 0.033447616 -0.022111913 -0.012537790 0.065216579 -0.019958934 -0.032585066 0.997139215
1341846243.774067 0.034040250 -0.022494461 -0.012232874 0.064394303 -0.020239456 -0.032932878 0.997175574
1341846243.809881 0.033060499 -0.023203162 -0.013485578 0.063767947 -0.019660199 -0.032841884 0.997230411
1341846243.841971 0.033113219 -0.023370523 -0.011426749 0.064206488 -0.019777197 -0.031755414 0.997235179
1341846243.874062 0.033821356 -0.022201005 -0.010607971 0.065352291 -0.020698039 -0.031327803 0.997155547
1341846243.910022 0.035061393 -0.022932978 -0.011037071 0.065766118 -0.021140646 -0.031521160 0.997112989
1341846243.941928 0.035475373 -0.022296380 -0.011335194 0.066805646 -0.020393284 -0.032149814 0.997039378
1341846243.978045 0.035044413 -0.021581829 -0.011854328 0.065932959 -0.019701637 -0.032625694 0.997095942
1341846244.009892 0.036039632 -0.022444211 -0.010073203 0.064812519 -0.019984776 -0.031697102 0.997193694
1341846244.042105 0.035471324 -0.024596702 -0.009743187 0.065176360 -0.019405907 -0.031151921 0.997198582
1341846244.077884 0.034168299 -0.022693705 -0.009693402 0.066482753 -0.018771173 -0.030700158 0.997138500
1341846244.115904 0.034653768 -0.022005858 -0.011326733 0.066005707 -0.018974537 -0.030602934 0.997169316
1341846244.151850 0.035304744 -0.023659004 -0.011546654 0.064759508 -0.019135702 -0.030190768 0.997260511
1341846244.184334 0.034868654 -0.024416661 -0.010652013 0.065532751 -0.018750139 -0.029697228 0.997232139
1341846244.215953 0.035344921 -0.024727205 -0.011923911 0.065385111 -0.018902598 -0.030016271 0.997229397
1341846244.251877 0.034996878 -0.024705505 -0.011386187 0.064647928 -0.018850699 -0.030121053 0.997275293
1341846244.283880 0.034494225 -0.024536405 -0.010468443 0.065632328 -0.018737320 -0.029774224 0.997223556
1341846244.316068 0.034315456 -0.024335144 -0.010143036 0.066260360 -0.019002089 -0.029840589 0.997175038
1341846244.351999 0.036177527 -0.024971658 -0.011186264 0.065776385 -0.019713782 -0.030294487 0.997179568
1341846244.384040 0.036303461 -0.025075167 -0.011468347 0.066165149 -0.020398280 -0.029692212 0.997158170
1341846244.419869 0.036631517 -0.025214221 -0.011908433 0.066416241 -0.020703470 -0.029119318 0.997152090
1341846244.451888 0.036909156 -0.025314245 -0.012518867 0.065545358 -0.020063747 -0.029406467 0.997214377
1341846244.483871 0.036690515 -0.025145363 -0.011892194 0.064611189 -0.019265288 -0.030189307 0.997267663
1341846244.519923 0.037361272 -0.025596078 -0.012102458 0.064591154 -0.018840590 -0.029258527 0.997304857
1341846244.551942 0.037618589 -0.025669012 -0.012768496 0.065569408 -0.018278046 -0.028648702 0.997269154
1341846244.583892 0.037743002 -0.025870567 -0.012989234 0.065758735 -0.017632060 -0.027182424 0.997309387
1341846244.619870 0.037811965 -0.025914932 -0.013219072 0.065657116 -0.017583447 -0.025321459 0.997365892
1341846244.651850 0.037016466 -0.025500132 -0.011659397 0.066297799 -0.017125288 -0.024138644 0.997360826
1341846244.683815 0.037942540 -0.025997346 -0.012784098 0.067058161 -0.017272906 -0.023082055 0.997332454
1341846244.719873 0.038050845 -0.026124062 -0.012997460 0.066681057 -0.016747221 -0.023040907 0.997367680
1341846244.751827 0.037994009 -0.026051825 -0.012947063 0.066257112 -0.016113300 -0.023077300 0.997405529
1341846244.788300 0.037803985 -0.025886197 -0.012379476 0.067373581 -0.015533810 -0.023053173 0.997340500
1341846244.820099 0.038183529 -0.026224319 -0.013006371 0.067853980 -0.015150472 -0.023330223 0.997307360
1341846244.851973 0.038723767 -0.026550530 -0.013318941 0.069629975 -0.014328854 -0.023402248 0.997195423
1341846244.887873 0.038160481 -0.026065230 -0.011937909 0.071597785 -0.013043218 -0.022984002 0.997083426
1341846244.920072 0.038390920 -0.026223637 -0.012613793 0.071657076 -0.011753841 -0.023383038 0.997085929
1341846244.952621 0.038979948 -0.026577411 -0.013752864 0.072254241 -0.011021122 -0.022860592 0.997063339
1341846244.987985 0.039367467 -0.026711458 -0.014568985 0.072616115 -0.010724051 -0.021197742 0.997076988
1341846245.020060 0.039328545 -0.026546555 -0.014467888 0.071862549 -0.010459869 -0.020347726 0.997152150
1341846245.051869 0.039617736 -0.026652519 -0.014857845 0.070137411 -0.009779865 -0.021092786 0.997266352
1341846245.088236 0.039941844 -0.026755631 -0.015401477 0.069095716 -0.009148818 -0.021391902 0.997338712
1341846245.119935 0.040036470 -0.026852435 -0.015300627 0.068764225 -0.008974216 -0.021578781 0.997359157
1341846245.151835 0.039632931 -0.026865542 -0.014693699 0.069000334 -0.008611072 -0.022146994 0.997333586
1341846245.187889 0.040033810 -0.027155343 -0.015543706 0.069757544 -0.008343653 -0.022576205 0.997273564
1341846245.219842 0.040044479 -0.026930144 -0.015217748 0.069663614 -0.008545619 -0.021901414 0.997293472
1341846245.256030 0.040174071 -0.026972646 -0.015684318 0.069007777 -0.008386805 -0.022467211 0.997327805
1341846245.287962 0.035390757 -0.023301275 -0.018563939 0.070271038 -0.005810267 -0.024508553 0.997209907
1341846245.319885 0.035454277 -0.023297133 -0.018527498 0.070195958 -0.005787244 -0.025380185 0.997193515
1341846245.355859 0.040296044 -0.027109880 -0.016105020 0.068586119 -0.008561786 -0.024392687 0.997310162
1341846245.387919 0.040219516 -0.027089890 -0.015786247 0.068512045 -0.008726129 -0.024755880 0.997304916
1341846245.423977 0.039104681 -0.026313074 -0.015155969 0.069217794 -0.008222297 -0.025547376 0.997240484
1341846245.455822 0.038937021 -0.026227081 -0.014917958 0.069784537 -0.008021905 -0.026010444 0.997190654
1341846245.487804 0.038837045 -0.026271520 -0.014742223 0.070083253 -0.008100939 -0.026094956 0.997166872
1341846245.523916 0.037882354 -0.025709478 -0.013040620 0.070446752 -0.007940559 -0.025805237 0.997150064
1341846245.555797 0.037735227 -0.025737207 -0.012828032 0.070220649 -0.007684268 -0.026175203 0.997158408
1341846245.591988 0.037410755 -0.025675876 -0.012202892 0.071026787 -0.007600021 -0.026319403 0.997098148
1341846245.623837 0.038197894 -0.026244001 -0.013061349 0.072102487 -0.008201267 -0.025292709 0.997042775
1341846245.655890 0.038573042 -0.025634522 -0.014531839 0.072338693 -0.008109598 -0.025076436 0.997031868
1341846245.692060 0.038685728 -0.025769463 -0.014805497 0.071559288 -0.007308063 -0.025926504 0.997072518
1341846245.724517 0.037704989 -0.025787981 -0.012703588 0.071966283 -0.006817792 -0.025647299 0.997053981
1341846245.760068 0.037915364 -0.026032351 -0.013340663 0.073082715 -0.006912970 -0.024867970 0.996991813
1341846245.791914 0.038260184 -0.025984485 -0.013755413 0.073297039 -0.006812019 -0.025127575 0.996970296
1341846245.824142 0.038200285 -0.025933050 -0.013672325 0.072954372 -0.005896407 -0.024439894 0.997018337
1341846245.860005 0.037728254 -0.025920562 -0.012790120 0.072579719 -0.005387633 -0.024352346 0.997050703
1341846245.891878 0.037795115 -0.026038069 -0.012934033 0.071611606 -0.005192139 -0.025124267 0.997102618
1341846245.927903 0.036557838 -0.026472412 -0.010668006 0.071979634 -0.004167510 -0.025096031 0.997081637
1341846245.959920 0.036435895 -0.026289936 -0.010731040 0.072764330 -0.003673837 -0.024555394 0.997040033
1341846245.986182 0.036466058 -0.026230523 -0.010868789 0.072881393 -0.004180185 -0.024980003 0.997018993
1341846246.022057 0.036611076 -0.026482051 -0.010896725 0.073326133 -0.004507325 -0.024988752 0.996984720
1341846246.053871 0.037041608 -0.025623702 -0.011711201 0.074814230 -0.004635107 -0.025089573 0.996871054
1341846246.085916 0.037249990 -0.025663648 -0.012129528 0.076174162 -0.005577602 -0.024549855 0.996776640
1341846246.121806 0.035993841 -0.026306773 -0.009469314 0.076850481 -0.006486703 -0.024723895 0.996714950
1341846246.153949 0.030894095 -0.021908917 -0.013342746 0.079319842 -0.004745633 -0.027152069 0.996468067
1341846246.190063 0.031346869 -0.021501925 -0.014317819 0.080508932 -0.004537314 -0.028424559 0.996338189
1341846246.222002 0.031560093 -0.021028612 -0.015353075 0.079827681 -0.004638664 -0.029592080 0.996358514
1341846246.253984 0.030611619 -0.021917308 -0.013037183 0.079689667 -0.004490444 -0.032012194 0.996295452
1341846246.289808 0.031399220 -0.021654837 -0.014553381 0.080818377 -0.004165500 -0.032097951 0.996203184
1341846246.322001 0.035903409 -0.024770577 -0.012358532 0.078903064 -0.004925947 -0.032050256 0.996354818
1341846246.353946 0.036203593 -0.024600983 -0.012989105 0.077095799 -0.004229479 -0.032955412 0.996469915
1341846246.389885 0.036112826 -0.024825372 -0.012690386 0.075939663 -0.003428541 -0.033528827 0.996542692
1341846246.421855 0.035947587 -0.025363244 -0.011859374 0.076184414 -0.002910051 -0.031455643 0.996593177
1341846246.457915 0.035434134 -0.024546340 -0.011761308 0.075923316 -0.002641403 -0.029812254 0.996664405
1341846246.489829 0.035668444 -0.024500711 -0.012032008 0.074843735 -0.001956290 -0.028350040 0.996790290
1341846246.521912 0.036048464 -0.025383208 -0.012036867 0.073281161 -0.000290161 -0.027556999 0.996930480
1341846246.558038 0.035810884 -0.026317239 -0.009934770 0.072387151 0.001306877 -0.027933147 0.996984482
1341846246.589826 0.035062894 -0.026686160 -0.008471580 0.072810322 0.002039984 -0.026653053 0.996987522
1341846246.622033 0.036170222 -0.026238402 -0.010677279 0.073015466 0.001678186 -0.023892920 0.997043133
1341846246.658046 0.034841750 -0.025043041 -0.011006192 0.072959125 0.001450408 -0.023473741 0.997057617
1341846246.689939 0.035137877 -0.025382837 -0.011319818 0.072298616 0.000693734 -0.023800515 0.997098744
1341846246.725903 0.035261028 -0.025407448 -0.011674976 0.071978062 0.000484509 -0.024443319 0.997106552
1341846246.757894 0.035223912 -0.025404431 -0.011545841 0.071260460 0.000442407 -0.025756549 0.997125030
1341846246.789989 0.036240894 -0.025517464 -0.012241985 0.070731588 0.000138358 -0.026234632 0.997150302
1341846246.826059 0.034713980 -0.025430638 -0.009870897 0.071098290 0.000123270 -0.026548672 0.997115910
1341846246.857869 0.035208676 -0.025348822 -0.011660517 0.071891323 -0.000195127 -0.026699208 0.997055054
1341846246.893944 0.035077617 -0.025366448 -0.011177888 0.071842305 -0.000813973 -0.025802651 0.997081816
1341846246.925896 0.034603536 -0.025686417 -0.009562355 0.071044080 -0.001356058 -0.025102984 0.997156322
1341846246.958090 0.034579892 -0.025692707 -0.009472749 0.071161367 -0.001365635 -0.025132541 0.997147202
1341846246.993936 0.033914268 -0.026296850 -0.008170081 0.070915870 -0.001443922 -0.026507962 0.997128963
1341846247.026204 0.034854822 -0.025349583 -0.010443424 0.071130261 -0.001934752 -0.027824581 0.997076988
1341846247.057936 0.034305956 -0.026114512 -0.008735850 0.071762480 -0.001745069 -0.028031871 0.997026265
1341846247.093899 0.034510482 -0.025821883 -0.009173060 0.072743304 -0.002375897 -0.027439483 0.996970356
1341846247.126028 0.034534603 -0.025811927 -0.009449352 0.072566144 -0.002992021 -0.027683340 0.996974826
1341846247.162093 0.032534774 -0.026820250 -0.006078551 0.073329300 -0.002556383 -0.027028084 0.996938229
1341846247.194072 0.033677544 -0.026336245 -0.008357949 0.076353349 -0.001693968 -0.024946539 0.996767282
1341846247.225977 0.034067716 -0.026515653 -0.007473497 0.077484749 -0.001713010 -0.023147678 0.996723294
1341846247.261953 0.034286976 -0.026698012 -0.007606179 0.080451436 -0.001144142 -0.024493869 0.996456861
1341846247.293957 0.034023885 -0.026874185 -0.007131022 0.084907636 0.000126325 -0.023975920 0.996100307
1341846247.325987 0.034311853 -0.025735114 -0.009478285 0.086015940 -0.000769965 -0.022662168 0.996035695
1341846247.361940 0.035406213 -0.025057215 -0.010811844 0.083879285 -0.002111337 -0.022538405 0.996218741
1341846247.394053 0.035313606 -0.024894556 -0.010509863 0.082132548 -0.002282661 -0.022351742 0.996368110
1341846247.430187 0.034828316 -0.025681065 -0.010465953 0.079548612 -0.002672342 -0.023428235 0.996552050
1341846247.462223 0.033707019 -0.025810428 -0.007216499 0.078998402 -0.003388340 -0.024392078 0.996570528
1341846247.493952 0.033805244 -0.025645165 -0.007495677 0.079328306 -0.003661918 -0.025106706 0.996525586
1341846247.530027 0.033854350 -0.025679991 -0.007242639 0.080186583 -0.003420875 -0.025260832 0.996453881
1341846247.562209 0.032380726 -0.026267154 -0.005298001 0.082570978 -0.002571479 -0.024626633 0.996277571
1341846247.594166 0.034755465 -0.025951225 -0.006949729 0.083922528 -0.003892311 -0.022560829 0.996209264
1341846247.630035 0.035369184 -0.025601236 -0.008042689 0.082383931 -0.004935857 -0.022582268 0.996332586
1341846247.662701 0.035078961 -0.025706192 -0.007280961 0.081576258 -0.005105520 -0.021887060 0.996413648
1341846247.697913 0.035519455 -0.025542840 -0.008450116 0.082286865 -0.004521784 -0.020202484 0.996393621
1341846247.730051 0.034509454 -0.025959505 -0.006560062 0.080808371 -0.005305408 -0.019361850 0.996527493
1341846247.762180 0.034577705 -0.027160384 -0.005777498 0.081320070 -0.005800183 -0.018385408 0.996501565
1341846247.798768 0.035307534 -0.026834251 -0.007464978 0.083346143 -0.005586808 -0.016421543 0.996369720
1341846247.830259 0.037192173 -0.025960652 -0.011112165 0.081943288 -0.006366947 -0.015874157 0.996490240
1341846247.865875 0.035020858 -0.026939752 -0.006795359 0.080057241 -0.005870758 -0.016142387 0.996642232
1341846247.898157 0.034806993 -0.026805766 -0.006700057 0.082761548 -0.004231621 -0.016021350 0.996431589
1341846247.930002 0.035574973 -0.026222849 -0.008336057 0.083760776 -0.006159284 -0.014921965 0.996355116
1341846247.966006 0.037282497 -0.026626060 -0.008818497 0.082508996 -0.008641700 -0.014271772 0.996450663
1341846247.998062 0.038098600 -0.026246456 -0.010330150 0.085034795 -0.008493662 -0.013580235 0.996249199
1341846248.030615 0.035324313 -0.026241869 -0.007302933 0.086567804 -0.007198082 -0.014772411 0.996110439
1341846248.065891 0.036885731 -0.025914792 -0.010837243 0.084994659 -0.007353907 -0.014483037 0.996249020
1341846248.098211 0.040894840 -0.027847359 -0.011968169 0.083707385 -0.007558098 -0.015449558 0.996341944
1341846248.133929 0.040145878 -0.028020484 -0.010834274 0.085349604 -0.003331800 -0.018059768 0.996181786
1341846248.166050 0.036421880 -0.026252747 -0.009079009 0.084898695 -0.000268640 -0.020282760 0.996183097
1341846248.198024 0.034915753 -0.027115261 -0.005883140 0.083671108 -0.000115723 -0.020738129 0.996277630
1341846248.233930 0.034072753 -0.027542485 -0.004514910 0.085898377 0.000570979 -0.021278890 0.996076465
1341846248.265968 0.038326018 -0.028719230 -0.007120216 0.085638367 -0.000066646 -0.022016115 0.996083021
1341846248.297927 0.038075205 -0.028783802 -0.006816044 0.083139569 -0.000403381 -0.023961850 0.996249676
1341846248.333956 0.036060885 -0.029809920 -0.003199043 0.083672240 -0.000380963 -0.026522934 0.996140242
1341846248.366013 0.037577361 -0.028891120 -0.005687745 0.085555851 -0.000733144 -0.026540311 0.995979548
1341846248.402093 0.038348064 -0.028427588 -0.007261521 0.085089028 -0.001818799 -0.026287392 0.996024847
1341846248.433862 0.038336903 -0.028686777 -0.007390008 0.085258663 -0.002054645 -0.026796503 0.995996296
1341846248.466804 0.038531847 -0.028831441 -0.007283841 0.086154237 -0.000751027 -0.027934991 0.995889783
1341846248.502139 0.037796665 -0.028054755 -0.006761855 0.084296152 -0.000755164 -0.029112851 0.996015072
1341846248.534215 0.037029136 -0.028573312 -0.004715122 0.081964366 -0.002691492 -0.027599409 0.996249378
1341846248.565971 0.037188027 -0.028757291 -0.005763965 0.084061019 -0.002931591 -0.027289307 0.996082544
1341846248.602003 0.038202584 -0.028266946 -0.006944844 0.082551733 -0.002019193 -0.028072199 0.996189296
1341846248.640295 0.037218992 -0.028366709 -0.005838921 0.081625715 -0.001562997 -0.028233174 0.996261835
1341846248.675831 0.037506673 -0.028460486 -0.005621678 0.084605187 -0.001186336 -0.027343085 0.996038616
1341846248.708095 0.039368860 -0.030157318 -0.006135178 0.085508443 -0.000701974 -0.028040724 0.995942533
1341846248.740085 0.039256845 -0.030120661 -0.005806788 0.084966063 -0.000973119 -0.028062001 0.995988131
1341846248.775948 0.039055660 -0.030243525 -0.005498566 0.086714096 -0.001757047 -0.028010061 0.995837867
1341846248.802167 0.039595164 -0.030210124 -0.006468895 0.087737069 -0.001552684 -0.028383071 0.995738029
1341846248.833950 0.039803702 -0.030236494 -0.007053126 0.087144867 -0.001739806 -0.028548978 0.995784998
1341846248.869901 0.037941664 -0.030840825 -0.003863108 0.088593915 -0.001679037 -0.027721127 0.995680571
1341846248.901932 0.040205643 -0.030291356 -0.007475288 0.090262167 -0.002090670 -0.027650468 0.995531917
1341846248.938035 0.040219441 -0.030175561 -0.007798983 0.089826025 -0.001942232 -0.027931930 0.995563805
1341846248.969908 0.040178612 -0.030224904 -0.007568847 0.088945404 -0.002485650 -0.027927389 0.995641828
1341846249.001964 0.039473455 -0.030272974 -0.006230929 0.088589035 -0.002283579 -0.028155573 0.995667636
1341846249.037998 0.039400127 -0.030175062 -0.006308260 0.088688292 -0.002254881 -0.027543321 0.995675981
1341846249.069961 0.039532837 -0.030057814 -0.006473881 0.087262444 -0.003512775 -0.025936073 0.995841503
1341846249.105888 0.039763968 -0.030136347 -0.006816885 0.087185368 -0.002850887 -0.026466411 0.995836377
1341846249.138041 0.039437804 -0.030048274 -0.006723839 0.087444633 -0.001710285 -0.026317306 0.995820224
1341846249.169904 0.038747236 -0.030328143 -0.004858095 0.087196477 -0.001558953 -0.024781395 0.995881617
1341846249.206013 0.039257392 -0.030201366 -0.005652842 0.088857390 -0.001173676 -0.023978932 0.995754957
1341846249.237872 0.039622404 -0.030077176 -0.006555277 0.088769950 0.000142118 -0.024674350 0.995746493
1341846249.269963 0.039464425 -0.030047271 -0.006076014 0.087168328 0.000269659 -0.024665147 0.995888174
1341846249.306095 0.039049461 -0.030422192 -0.005404196 0.087997831 0.000855269 -0.024704108 0.995813906
1341846249.337853 0.040406562 -0.029809199 -0.006831860 0.089214817 0.001760568 -0.024536217 0.995708585
1341846249.373854 0.040492594 -0.029649677 -0.007504857 0.087473325 0.002073201 -0.025182100 0.995846391
1341846249.405928 0.040100224 -0.030005835 -0.006488946 0.086687453 0.003150604 -0.025652284 0.995900273
1341846249.437945 0.041330438 -0.030837050 -0.007341764 0.087495610 0.004560597 -0.026950322 0.995789826
1341846249.474182 0.041389957 -0.030741649 -0.007497365 0.086806752 0.004526024 -0.027111834 0.995845914
1341846249.505956 0.041212723 -0.030776482 -0.006963925 0.085504726 0.004640609 -0.026780158 0.995966971
1341846249.538288 0.041467972 -0.030964551 -0.007306172 0.085291259 0.004745937 -0.026619188 0.995989084
1341846249.574263 0.041371223 -0.030806307 -0.006665996 0.084753655 0.004743204 -0.026607251 0.996035337
1341846249.606015 0.041171610 -0.030923598 -0.006398467 0.083316311 0.003999115 -0.024969514 0.996202290
1341846249.641995 0.040958755 -0.031021308 -0.007461565 0.083644725 0.002570071 -0.022218538 0.996244609
1341846249.674108 0.040165406 -0.028579781 -0.009293166 0.082848966 0.001977922 -0.021124287 0.996336222
1341846249.706034 0.039816324 -0.028652510 -0.008183571 0.080126934 0.001105314 -0.020838948 0.996566236
1341846249.742012 0.038973350 -0.029215755 -0.007569005 0.079925112 -0.000049378 -0.019860320 0.996603012
1341846249.773906 0.040663879 -0.030971758 -0.006919709 0.079872541 -0.002860189 -0.016456014 0.996665120
1341846249.806093 0.039749052 -0.027203254 -0.009406702 0.079891771 -0.005543524 -0.013030666 0.996702969
1341846249.842148 0.040039569 -0.027163628 -0.009949572 0.079251669 -0.007341276 -0.012362239 0.996750951
1341846249.873923 0.041358594 -0.030258285 -0.007368154 0.078298457 -0.009522105 -0.011598811 0.996816993
1341846249.909991 0.039898239 -0.028508032 -0.009059908 0.078591205 -0.012862317 -0.008465167 0.996788025
1341846249.942024 0.040529303 -0.027130961 -0.011691655 0.078446984 -0.015970588 -0.005878518 0.996773005
1341846249.974199 0.040298607 -0.027093045 -0.010809821 0.078870215 -0.017372502 -0.006913829 0.996709526
1341846250.010384 0.042424932 -0.026926948 -0.014246598 0.078475855 -0.019018102 -0.007253334 0.996708214
1341846250.042022 0.044127874 -0.025696434 -0.017183643 0.078706115 -0.021716114 -0.005124021 0.996648133
1341846250.078047 0.045912024 -0.024639880 -0.020912984 0.080795035 -0.022175603 -0.004678681 0.996473014
1341846250.109945 0.046288710 -0.024316121 -0.021761855 0.080411382 -0.020509345 -0.005700206 0.996534407
1341846250.141849 0.046190612 -0.024504645 -0.020612549 0.078505434 -0.019590555 -0.005757059 0.996704519
1341846250.177803 0.048862148 -0.023114374 -0.021763574 0.079319686 -0.017520620 -0.006167788 0.996676147
1341846250.210137 0.050654728 -0.022083381 -0.024695013 0.079575159 -0.013917348 -0.007623462 0.996702552
1341846250.241903 0.048779693 -0.023295995 -0.026152227 0.078210190 -0.011017099 -0.009786605 0.996827960
1341846250.277878 0.053315695 -0.012965747 -0.004679778 0.082103431 -0.011026300 -0.010233012 0.996510267
1341846250.309873 0.053134292 -0.012929084 -0.003677306 0.081738852 -0.010816452 -0.011518902 0.996528506
1341846250.346142 0.053428214 -0.012964186 -0.004742397 0.081702523 -0.011037429 -0.011825871 0.996525466
1341846250.377944 0.053132582 -0.012987772 -0.003859121 0.082135931 -0.011034708 -0.010680890 0.996502817
1341846250.410038 0.052603699 -0.013424853 -0.003156534 0.082774356 -0.010977268 -0.010667695 0.996450722
1341846250.445984 0.052777827 -0.013524083 -0.003191886 0.083808087 -0.010996649 -0.012847580 0.996338427
1341846250.477872 0.053393375 -0.013164587 -0.004276528 0.083320186 -0.011516439 -0.013572133 0.996363819
1341846250.509930 0.051386978 -0.014326723 -0.000153227 0.082882658 -0.012913128 -0.010997601 0.996414959
1341846250.546119 0.047345538 -0.023404026 -0.020965677 0.079486288 -0.012887426 -0.011392020 0.996687531
1341846250.577998 0.047386292 -0.023357686 -0.021831637 0.078184985 -0.012114923 -0.012839094 0.996782541
1341846250.613828 0.047394559 -0.023381414 -0.021758208 0.076757871 -0.011603808 -0.012947828 0.996898115
1341846250.646114 0.047848839 -0.022826690 -0.022269417 0.077361949 -0.012272845 -0.009331250 0.996883869
1341846250.677812 0.048683926 -0.022603149 -0.023684554 0.076822318 -0.012344473 -0.007517460 0.996940017
1341846250.713958 0.053420465 -0.013023903 -0.004440714 0.079551198 -0.012722915 -0.005643733 0.996733606
1341846250.745904 0.052969359 -0.019099288 -0.016085889 0.076455817 -0.012025745 -0.004078665 0.996992111
1341846250.777886 0.053480510 -0.018899702 -0.017133338 0.076102547 -0.013920770 -0.002007476 0.997000813
1341846250.814024 0.048724648 -0.022630692 -0.025484502 0.073267110 -0.013647951 -0.002500803 0.997215807
1341846250.846025 0.048997406 -0.022304811 -0.024739705 0.071893260 -0.013160514 -0.003374384 0.997319818
1341846250.881824 0.051578958 -0.023281045 -0.022148019 0.072343364 -0.014254394 -0.003446356 0.997271955
1341846250.913808 0.051758379 -0.023273794 -0.022539569 0.074289791 -0.014427057 -0.003004617 0.997127831
1341846250.946118 0.051536527 -0.023679020 -0.021790624 0.074805811 -0.013639716 -0.004116623 0.997096360
1341846250.981803 0.051656138 -0.023249494 -0.022317661 0.075791992 -0.013627365 -0.003826942 0.997023225
1341846251.014047 0.053559668 -0.018313201 -0.008995725 0.078157708 -0.015270426 -0.004399439 0.996814311
1341846251.046033 0.052931163 -0.018670429 -0.007746482 0.078962550 -0.015739359 -0.004692249 0.996742308
1341846251.081959 0.052943118 -0.018654319 -0.007728706 0.080644526 -0.015273060 -0.005489546 0.996610761
1341846251.114058 0.053874694 -0.018117653 -0.001915701 0.082830995 -0.015322753 -0.005484706 0.996430695
1341846251.149920 0.053651385 -0.017894644 -0.003570205 0.084144458 -0.014789782 -0.006043978 0.996325493
1341846251.181983 0.053618331 -0.017718215 -0.003999632 0.084926575 -0.013544401 -0.007167014 0.996269405
1341846251.214205 0.052789479 -0.017072687 -0.002797981 0.086132966 -0.013872990 -0.007278707 0.996160448
1341846251.249978 0.052443411 -0.015727388 -0.004314790 0.086659275 -0.015736526 -0.006501081 0.996092498
1341846251.281923 0.051915560 -0.016225420 -0.004343404 0.087274119 -0.016944211 -0.006919836 0.996016204
1341846251.318026 0.052265301 -0.014089472 -0.003777921 0.087259248 -0.018173806 -0.006950218 0.995995581
1341846251.350003 0.052142363 -0.014727126 -0.004508090 0.084799565 -0.020524517 -0.007058134 0.996161640
1341846251.382003 0.052991252 -0.017326826 -0.004426527 0.084454462 -0.022852961 -0.007101251 0.996139944
1341846251.417971 0.052805085 -0.016715486 -0.007295244 0.084498122 -0.023382908 -0.008053266 0.996116698
1341846251.449878 0.052404787 -0.016501207 -0.006548582 0.081815384 -0.023930710 -0.010013665 0.996309876
1341846251.481872 0.052791651 -0.016532978 -0.006470852 0.079470336 -0.025839711 -0.009688396 0.996455193
1341846251.517870 0.056966566 -0.014310405 -0.008682716 0.078676932 -0.028667787 -0.008006800 0.996455729
1341846251.549884 0.051310908 -0.011843138 -0.000530995 0.077965006 -0.027830295 -0.008201927 0.996533811
1341846251.586071 0.049554523 -0.013164151 -0.000708307 0.076962881 -0.026801441 -0.008069081 0.996640980
1341846251.618241 0.049818251 -0.012614353 -0.000375605 0.078074791 -0.027676782 -0.006195912 0.996544003
1341846251.649917 0.052216683 -0.012026619 -0.000202173 0.078892224 -0.027764235 -0.005491710 0.996481299
1341846251.686034 0.053165995 -0.012595647 -0.001205297 0.079138257 -0.025659189 -0.007497883 0.996505141
1341846251.718103 0.050222602 -0.011991419 -0.001147159 0.079366773 -0.023576319 -0.008674975 0.996528864
1341846251.749907 0.050659381 -0.013778618 -0.001731571 0.079284988 -0.024299065 -0.007868085 0.996524751
