1341846227.721966 0.008634017 -0.004112380 0.001844844 0.008291990 -0.024935095 -0.030313566 0.999194980
1341846227.754130 0.008306060 -0.004421810 0.001764791 0.009117029 -0.021905139 -0.030588379 0.999250412
1341846227.789951 0.010730780 -0.004974036 0.000797690 0.010357201 -0.021094881 -0.029525414 0.999287724
1341846227.821920 0.010773238 -0.005000689 0.000291487 0.010800522 -0.019217467 -0.028541720 0.999349475
1341846227.854275 0.010688439 -0.005056122 0.000444810 0.011039235 -0.016964117 -0.028704604 0.999383032
1341846227.889935 0.010007219 -0.005282237 0.000883178 0.011333951 -0.014944886 -0.028265633 0.999424458
1341846227.921967 0.009755730 -0.005208291 0.001247470 0.011406981 -0.014129101 -0.027112620 0.999467432
1341846227.958123 0.011240386 -0.005299336 -0.000404046 0.011526421 -0.013388623 -0.028093209 0.999449193
1341846227.989985 0.011116134 -0.005205881 -0.000128580 0.010577616 -0.011039007 -0.029570064 0.999445796
1341846228.021937 0.010253132 -0.005075209 0.001702936 0.010544279 -0.009732182 -0.029633999 0.999457836
1341846228.058222 0.011182957 -0.007116246 0.001634992 0.012329123 -0.010083819 -0.027726116 0.999488652
1341846228.090097 0.013289489 -0.005009005 -0.000279553 0.012999901 -0.009768713 -0.027762393 0.999482274
1341846228.121845 0.013033836 -0.004558009 -0.000085150 0.009887531 -0.007608473 -0.027274810 0.999550104
1341846228.157875 0.012453830 -0.004750310 0.000024567 0.007616024 -0.007579200 -0.023670791 0.999662042
1341846228.189872 0.012019474 -0.003704093 -0.000079166 0.005705277 -0.007904741 -0.021823684 0.999714315
1341846228.225994 0.011874583 -0.005724796 0.000998915 0.002895841 -0.007799387 -0.022679232 0.999708176
1341846228.258336 0.013149394 -0.007831517 0.001388978 0.002817825 -0.009305435 -0.022973597 0.999688804
1341846228.289941 0.013449688 -0.007241389 0.001494616 0.003644796 -0.009725198 -0.021967486 0.999704719
1341846228.326018 0.014430053 -0.006935880 0.002286544 0.004296193 -0.009323755 -0.021974826 0.999705791
1341846228.358243 0.014580245 -0.006899089 0.001276530 0.004638227 -0.007726172 -0.022022838 0.999716878
1341846228.389779 0.015611685 -0.007536205 0.000825100 0.004047054 -0.007853059 -0.020786654 0.999744892
1341846228.426073 0.015773829 -0.007756628 0.000833590 0.004259884 -0.007081816 -0.021457700 0.999735594
1341846228.457823 0.016143534 -0.007953017 0.000419986 0.005201091 -0.005157425 -0.020653512 0.999759853
1341846228.493915 0.014983038 -0.007394885 0.000128994 0.004613629 -0.004617290 -0.020107269 0.999776542
1341846228.525907 0.015689032 -0.007774965 -0.000005442 0.004011528 -0.005695279 -0.019456994 0.999786437
1341846228.558208 0.015723985 -0.007813476 0.000375687 0.003908304 -0.005191493 -0.018787183 0.999802411
1341846228.593899 0.015835464 -0.007970149 0.000508598 0.004243474 -0.004624726 -0.018061675 0.999817193
1341846228.626021 0.015689779 -0.007730084 -0.000428185 0.004096983 -0.006311658 -0.016962856 0.999827802
1341846228.658069 0.016461138 -0.008089016 -0.000586776 0.002941945 -0.007688273 -0.016107976 0.999836385
1341846228.693942 0.016122563 -0.007770239 -0.000216956 0.002252943 -0.006635269 -0.016911235 0.999832451
1341846228.726069 0.014351895 -0.006878864 -0.000049677 0.001965062 -0.004458001 -0.016902892 0.999845266
1341846228.762090 0.015709031 -0.007812669 -0.000394718 0.001678237 -0.005120112 -0.015275221 0.999868810
1341846228.794000 0.016773807 -0.008411781 -0.000850147 0.002300353 -0.006075365 -0.013460477 0.999888301
1341846228.825934 0.016356118 -0.007980141 -0.002271600 0.003361458 -0.005135753 -0.013510774 0.999889910
1341846228.862015 0.017150844 -0.008452960 -0.001825362 0.003219623 -0.005674755 -0.011350093 0.999914289
1341846228.893856 0.016754571 -0.008109264 -0.002293543 0.003655803 -0.006572219 -0.011248864 0.999908447
1341846228.926548 0.017734518 -0.008492208 -0.002500589 0.003465725 -0.006915492 -0.011611684 0.999902666
1341846228.961940 0.017389214 -0.008070522 -0.002995197 0.003403806 -0.005859789 -0.011347882 0.999912620
1341846228.994040 0.017185679 -0.007957322 -0.003006951 0.002381500 -0.005754395 -0.011070994 0.999919295
1341846229.029897 0.017734459 -0.008631021 -0.001743413 0.002297284 -0.006172745 -0.010888972 0.999918997
1341846229.061870 0.017833974 -0.008722221 -0.001867093 0.003465283 -0.005807886 -0.010559444 0.999921381
1341846229.094829 0.017733557 -0.008270044 -0.002973493 0.003745146 -0.005272476 -0.009547865 0.999933481
1341846229.129930 0.017690418 -0.008387290 -0.003058563 0.003010921 -0.004597137 -0.008758337 0.999946535
1341846229.161882 0.020934770 -0.009408662 -0.003722289 0.002250330 -0.005265827 -0.009039573 0.999942720
1341846229.197882 0.018957198 -0.009841376 -0.002899040 0.002344989 -0.004636923 -0.009578547 0.999940634
1341846229.229812 0.019189695 -0.010120809 -0.002594311 0.003485034 -0.005413977 -0.009363309 0.999935448
1341846229.261994 0.019347562 -0.010005797 -0.002725675 0.004753558 -0.005928762 -0.009713546 0.999923944
1341846229.297920 0.018782873 -0.009820294 -0.002696807 0.004724281 -0.005962396 -0.011015939 0.999910355
1341846229.329933 0.019702245 -0.010236238 -0.002908104 0.004509823 -0.007029644 -0.010748054 0.999907315
1341846229.361996 0.019773897 -0.010332228 -0.002848007 0.004586634 -0.007653047 -0.010839134 0.999901414
1341846229.398029 0.019350447 -0.010480373 -0.002061622 0.007064121 -0.006963833 -0.011080762 0.999889374
1341846229.430182 0.019634521 -0.010351180 -0.002580422 0.009722101 -0.007471786 -0.010454724 0.999870181
1341846229.471963 0.019035926 -0.010011990 -0.002726358 0.010430452 -0.007324103 -0.010025764 0.999868512
1341846229.498348 0.020354912 -0.010838518 -0.003474479 0.011041104 -0.007330576 -0.009301245 0.999868929
1341846229.530149 0.020507064 -0.010806092 -0.003542870 0.011831707 -0.007112829 -0.008069466 0.999872148
1341846229.566064 0.019196363 -0.010235590 -0.003219254 0.012128166 -0.006638473 -0.006669449 0.999882162
1341846229.598057 0.021018662 -0.011196461 -0.003611578 0.013767143 -0.006572600 -0.004642847 0.999872863
1341846229.630063 0.021040697 -0.011317257 -0.005352719 0.015026254 -0.005148533 -0.002774827 0.999870002
1341846229.665946 0.020030098 -0.010584792 -0.004643052 0.014574371 -0.004327103 -0.002643873 0.999880910
1341846229.698150 0.022329060 -0.012133703 -0.005436904 0.015022706 -0.004783411 -0.001036169 0.999875188
1341846229.733828 0.022355117 -0.012155012 -0.005191065 0.018283743 -0.003107619 -0.000622954 0.999827802
1341846229.765937 0.021099795 -0.010967605 -0.006078412 0.019096203 -0.001623170 -0.000056280 0.999816298
1341846229.798002 0.021698663 -0.011243473 -0.006146650 0.017158601 -0.001354798 -0.000072544 0.999851882
1341846229.833857 0.021664366 -0.011263667 -0.006135367 0.017037626 -0.001209617 -0.000636347 0.999853909
1341846229.865928 0.019635327 -0.010989531 -0.005797916 0.018861933 0.000402886 -0.001513169 0.999820888
1341846229.897926 0.019396558 -0.011004492 -0.005473308 0.018330419 0.000960203 -0.001638754 0.999830186
1341846229.939857 0.021243155 -0.011317754 -0.005022421 0.016225761 -0.000038442 -0.001867197 0.999866605
1341846229.965948 0.022128254 -0.011977805 -0.005237749 0.015101859 0.000641109 -0.001726832 0.999884248
1341846230.002061 0.022065114 -0.011946141 -0.004931372 0.013363712 0.001044504 -0.002329763 0.999907434
1341846230.033858 0.020759663 -0.011521754 -0.003178851 0.010487369 0.000835440 -0.003398732 0.999938905
1341846230.065938 0.021352505 -0.011946362 -0.003320806 0.010069305 0.001546926 -0.002678879 0.999944508
1341846230.103878 0.021481147 -0.011895721 -0.003279171 0.010212927 0.002314920 -0.001961043 0.999943256
1341846230.144719 0.021582922 -0.011429093 -0.004501994 0.009426468 0.002257006 -0.001808664 0.999951363
1341846230.172747 0.019066023 -0.011103861 -0.003412848 0.009367879 0.003806625 -0.000950999 0.999948442
1341846230.208544 0.018855670 -0.011106201 -0.003047134 0.010177819 0.004621561 0.000880717 0.999937117
1341846230.271971 0.021406602 -0.011752944 -0.003276632 0.008756325 0.003757085 0.000569402 0.999954462
1341846230.302303 0.020295842 -0.011830318 -0.004278164 0.011202693 0.004182222 0.001772762 0.999926925
1341846230.334051 0.022787640 -0.011183120 -0.004342350 0.013356319 0.003576435 0.002506104 0.999901235
1341846230.370031 0.022066120 -0.011221584 -0.002781843 0.015299116 0.004896182 0.000679986 0.999870718
1341846230.401932 0.021514555 -0.011955611 -0.004008535 0.016950361 0.006051374 0.000059363 0.999837995
1341846230.437965 0.021379350 -0.011910995 -0.003033402 0.018624866 0.006608388 -0.000839724 0.999804318
1341846230.469920 0.022088220 -0.011081941 -0.005290851 0.020284483 0.006706543 -0.001687186 0.999770343
1341846230.501933 0.018655241 -0.008725734 -0.004868599 0.021057069 0.008250165 -0.003089471 0.999739468
1341846230.537834 0.019336900 -0.008614860 -0.004189318 0.020336820 0.007466208 -0.002348888 0.999762535
1341846230.569803 0.020298557 -0.009260147 -0.004542994 0.021473967 0.006534562 -0.001517735 0.999746919
1341846230.601945 0.022546593 -0.011886488 -0.003995994 0.022131165 0.004727384 -0.001607642 0.999742627
1341846230.637789 0.021625921 -0.012390856 -0.005422453 0.023384422 0.004889164 -0.002523489 0.999711394
1341846230.670057 0.021036772 -0.010126969 -0.007302089 0.023576131 0.004473816 -0.002849908 0.999707997
1341846230.705937 0.018984227 -0.011849602 -0.006334013 0.021774212 0.004635411 -0.004264295 0.999743044
1341846230.737932 0.021750124 -0.011754880 -0.004343894 0.022900421 0.003077828 -0.003098044 0.999728203
1341846230.769960 0.022256887 -0.011278404 -0.004622611 0.024167085 0.002751056 -0.002141809 0.999701858
1341846230.805852 0.020414045 -0.011098934 -0.004485714 0.024507791 0.003391758 -0.002827261 0.999689877
1341846230.837804 0.023253925 -0.013078516 -0.006907807 0.023698876 0.001643158 -0.003432235 0.999711871
1341846230.869829 0.022219419 -0.012962859 -0.003286396 0.024940198 0.002609991 -0.003670873 0.999678791
1341846230.905851 0.019644283 -0.011204395 -0.002378582 0.026154565 0.003533335 -0.003484417 0.999645591
1341846230.937917 0.021793840 -0.011960841 -0.005119629 0.025510274 0.001197355 -0.003393433 0.999668062
1341846230.973933 0.023412142 -0.012024051 -0.002949642 0.026326755 -0.000018265 -0.003206558 0.999648273
1341846231.006047 0.022318386 -0.013237122 -0.004265403 0.027011894 0.000460357 -0.002176953 0.999632657
1341846231.037936 0.022805866 -0.012152410 -0.006193483 0.027391924 -0.000416225 -0.002612125 0.999621272
1341846231.074310 0.022589251 -0.012915903 -0.006498770 0.026894392 -0.000871093 -0.003321844 0.999632359
1341846231.106085 0.022729782 -0.012563714 -0.003158199 0.028426034 -0.001314890 -0.002350825 0.999592245
1341846231.138083 0.022811547 -0.012817151 -0.005217518 0.029236412 -0.001748481 -0.002069318 0.999568880
1341846231.174011 0.022008816 -0.011403762 -0.005829285 0.029705374 -0.002012995 -0.002828987 0.999552667
1341846231.205909 0.022506444 -0.013331579 -0.006110423 0.029723218 -0.002276995 -0.003618293 0.999549031
1341846231.241869 0.022851679 -0.012849221 -0.006940614 0.031048294 -0.002179963 -0.002571805 0.999512196
1341846231.273832 0.022417791 -0.013398066 -0.006317527 0.030946633 -0.002336328 -0.003786657 0.999511123
1341846231.305846 0.023080844 -0.013722862 -0.007316401 0.032219067 -0.002838411 -0.002884964 0.999472618
1341846231.341923 0.022731069 -0.012477239 -0.006992240 0.032590210 -0.003000142 -0.003085411 0.999459505
1341846231.374263 0.022694644 -0.012404171 -0.006987480 0.030939417 -0.003551593 -0.003225932 0.999509752
1341846231.410022 0.022539340 -0.013656427 -0.006352158 0.029632911 -0.003510948 -0.003700089 0.999547839
1341846231.442103 0.022264490 -0.013243126 -0.006697223 0.029651564 -0.003467543 -0.003008002 0.999549747
1341846231.484245 0.020959044 -0.013621518 -0.005717623 0.029868903 -0.003805770 -0.002294258 0.999543965
1341846231.516816 0.020836733 -0.013279337 -0.006692012 0.029056940 -0.004130081 -0.002786316 0.999565363
1341846231.547853 0.022915315 -0.012012028 -0.007147596 0.027634505 -0.003930666 -0.003694132 0.999603570
1341846231.583898 0.022744821 -0.012128701 -0.007755210 0.024319421 -0.001967732 -0.006399070 0.999681830
1341846231.615993 0.023225723 -0.012532926 -0.005446120 0.022545246 -0.000197557 -0.009357206 0.999702036
1341846231.648015 0.020197237 -0.015883973 -0.004582889 0.022638531 0.000993607 -0.011996969 0.999671221
1341846231.683822 0.021395575 -0.018577537 -0.001804154 0.026995802 -0.001524296 -0.013469720 0.999543607
1341846231.716153 0.023314320 -0.019805154 -0.004451458 0.032532033 -0.003012388 -0.012019124 0.999393880
1341846231.747846 0.020721233 -0.015591380 -0.005809638 0.038141586 -0.003313281 -0.012836649 0.999184430
1341846231.783993 0.022010870 -0.014103870 -0.005423265 0.039480757 -0.005100888 -0.011860543 0.999136925
1341846231.817027 0.023558971 -0.014039350 -0.006662194 0.038996633 -0.005603076 -0.011361692 0.999159038
1341846231.852317 0.023872538 -0.013754344 -0.007176247 0.038422041 -0.006124017 -0.011145082 0.999180675
1341846231.883853 0.023217654 -0.013289941 -0.008633886 0.036062751 -0.007018425 -0.011112760 0.999263108
1341846231.909867 0.022473771 -0.014235106 -0.006510669 0.034103606 -0.007884861 -0.010019843 0.999336958
1341846231.945837 0.023040049 -0.014796709 -0.007623088 0.033816930 -0.008896966 -0.009095527 0.999347091
1341846231.978027 0.021804197 -0.014578515 -0.007088726 0.034135502 -0.008743278 -0.008828064 0.999339998
1341846232.009966 0.021260923 -0.014061428 -0.006880873 0.032895371 -0.008894400 -0.009204934 0.999376833
1341846232.045845 0.019848261 -0.017182594 -0.006326823 0.031034643 -0.009951707 -0.007876105 0.999437690
1341846232.077961 0.023286868 -0.016300045 -0.004744772 0.032336332 -0.012408597 -0.006876940 0.999376357
1341846232.109864 0.022124616 -0.016530776 -0.004704158 0.032319099 -0.012238966 -0.008299240 0.999368191
1341846232.145999 0.021949600 -0.016754791 -0.005356332 0.031455234 -0.012080107 -0.008901548 0.999392509
1341846232.178314 0.024475766 -0.016231868 -0.005013771 0.031280540 -0.012806660 -0.008683083 0.999390900
1341846232.215951 0.022471756 -0.016759459 -0.005519068 0.031571280 -0.011651259 -0.009104144 0.999392152
1341846232.252037 0.022618553 -0.016846919 -0.005367883 0.032487135 -0.011672285 -0.007871174 0.999373019
1341846232.283944 0.024441240 -0.016514789 -0.005976283 0.033245917 -0.012685840 -0.005053787 0.999353886
1341846232.319867 0.024724497 -0.015211183 -0.006823086 0.033527680 -0.012734307 -0.004215976 0.999347746
1341846232.351854 0.024390480 -0.012943539 -0.009175378 0.032477476 -0.011911204 -0.004764969 0.999390125
1341846232.383877 0.024699384 -0.013453437 -0.004674769 0.030368682 -0.011901064 -0.007696373 0.999438286
1341846232.419782 0.021909244 -0.015388579 -0.005196375 0.028738862 -0.011937438 -0.009471484 0.999470770
1341846232.451780 0.024498953 -0.016607799 -0.002954566 0.029755017 -0.013205843 -0.009290718 0.999426782
1341846232.484170 0.025056655 -0.015829215 -0.003712895 0.030940549 -0.013058565 -0.009455239 0.999391198
1341846232.519889 0.021763764 -0.013709295 -0.002534808 0.032792974 -0.011870462 -0.009402154 0.999347448
1341846232.551877 0.022067195 -0.013729964 -0.001988745 0.033097055 -0.012389333 -0.009231119 0.999332726
1341846232.583846 0.023092609 -0.013671468 -0.002741854 0.034568809 -0.012303753 -0.008977924 0.999286234
1341846232.619798 0.027491484 -0.013131026 -0.002764647 0.036844570 -0.013877182 -0.007731640 0.999194741
1341846232.651799 0.027078509 -0.017641554 -0.004696292 0.035947293 -0.013179625 -0.007586271 0.999237955
1341846232.688092 0.023531970 -0.015417767 -0.002928050 0.038595356 -0.011378434 -0.008457107 0.999154329
1341846232.719804 0.027000682 -0.016746720 -0.003177607 0.039932646 -0.011956082 -0.008605525 0.999093771
1341846232.751767 0.026339216 -0.016624281 -0.004401041 0.041638065 -0.011018983 -0.009008678 0.999031365
1341846232.787894 0.025320580 -0.016766680 -0.003017772 0.043568119 -0.009383959 -0.010627910 0.998949826
1341846232.819886 0.023691548 -0.016926518 -0.003259774 0.045702707 -0.007593545 -0.011599246 0.998858869
1341846232.855850 0.024507318 -0.016763922 -0.004221011 0.047791764 -0.007381598 -0.011934220 0.998758733
1341846232.887989 0.025971560 -0.017275076 -0.005320045 0.048872117 -0.007290634 -0.012668928 0.998698056
1341846232.919822 0.026211372 -0.017851606 -0.003944174 0.049281228 -0.006840224 -0.013049350 0.998676240
1341846232.955993 0.026814738 -0.016251981 -0.003723219 0.050857339 -0.006844448 -0.013128635 0.998596191
1341846232.987965 0.026987350 -0.015501612 -0.006048963 0.050958905 -0.006075596 -0.012578220 0.998603106
1341846233.023868 0.027015839 -0.014378740 -0.004851507 0.049954005 -0.004224280 -0.012460507 0.998664856
1341846233.055880 0.026550282 -0.015526059 -0.005513105 0.048266508 -0.002695547 -0.013421677 0.998740673
1341846233.087872 0.024575202 -0.017241266 -0.004121189 0.046695836 -0.001693423 -0.014641955 0.998800397
1341846233.124060 0.025242552 -0.018327210 -0.002101816 0.047123913 -0.002601516 -0.016088981 0.998756051
1341846233.155902 0.023733338 -0.019053921 -0.000468840 0.049107924 -0.003317581 -0.016938049 0.998644352
1341846233.218177 0.026576174 -0.015952472 -0.005068872 0.054264236 -0.005382646 -0.017853329 0.998352468
1341846233.249926 0.025593299 -0.015354409 -0.006014185 0.053069059 -0.004776091 -0.019688580 0.998385310
1341846233.286015 0.024743149 -0.015457952 -0.002914468 0.052407105 -0.004217483 -0.021271439 0.998390317
1341846233.317870 0.025278874 -0.016832750 -0.002384386 0.052026123 -0.003388060 -0.020539761 0.998428702
1341846233.349815 0.026080476 -0.016608024 -0.004011141 0.053194962 -0.003151472 -0.020936556 0.998359680
1341846233.385857 0.024076536 -0.016312338 -0.003076490 0.053485774 -0.002739193 -0.020171139 0.998361111
1341846233.417990 0.024489213 -0.016470490 -0.003215811 0.053290620 -0.003575059 -0.019773671 0.998376846
1341846233.453822 0.023722943 -0.016515307 -0.002205380 0.053919442 -0.004020132 -0.019342029 0.998349845
1341846233.485912 0.023709234 -0.016584817 -0.001768132 0.055191144 -0.004843766 -0.019847956 0.998266757
1341846233.517954 0.024147617 -0.016171822 -0.002597287 0.055238690 -0.006022965 -0.020881038 0.998236656
1341846233.553882 0.024170743 -0.016511234 -0.002246807 0.054769777 -0.007048362 -0.021189047 0.998249292
1341846233.585968 0.023523802 -0.016870027 -0.001398401 0.055983339 -0.007662663 -0.020616686 0.998189390
1341846233.621898 0.023891849 -0.016746113 -0.002031876 0.057343114 -0.007716048 -0.019886212 0.998126626
1341846233.654396 0.024753828 -0.015965860 -0.003411974 0.057330117 -0.007133666 -0.020178249 0.998125851
1341846233.685848 0.024837503 -0.016160455 -0.003215346 0.056214120 -0.006118581 -0.021101562 0.998176992
1341846233.721879 0.025389818 -0.017191596 -0.004673050 0.055137213 -0.005887606 -0.020859344 0.998243511
1341846233.753961 0.024994092 -0.017173856 -0.005106775 0.054692872 -0.005557626 -0.020683521 0.998273492
1341846233.786032 0.024638835 -0.016620727 -0.003070574 0.054273065 -0.004742292 -0.019644888 0.998321593
1341846233.822009 0.024686825 -0.016644649 -0.003298469 0.053753998 -0.004092266 -0.019573309 0.998354018
1341846233.853971 0.026300520 -0.016887987 -0.003441512 0.052579906 -0.004688593 -0.018530555 0.998433769
1341846233.889920 0.026761292 -0.016850434 -0.004533139 0.051777143 -0.005003805 -0.019413169 0.998457372
1341846233.922045 0.026144292 -0.017046757 -0.003214290 0.050872590 -0.005578350 -0.019719917 0.998494864
1341846233.953967 0.025716433 -0.017143307 -0.002597010 0.050421972 -0.006073042 -0.019993754 0.998509407
1341846233.989945 0.025787594 -0.017275175 -0.002660923 0.050008308 -0.007277553 -0.020260565 0.998516738
1341846234.021936 0.025894154 -0.017247630 -0.002637750 0.048996013 -0.008150112 -0.019935753 0.998566747
1341846234.053904 0.026793104 -0.018020930 -0.002723814 0.048105776 -0.008456334 -0.020029547 0.998605609
1341846234.089899 0.026770879 -0.017914433 -0.002768948 0.048203748 -0.007790312 -0.021017248 0.998585999
1341846234.121984 0.027238183 -0.017735984 -0.003680341 0.047726203 -0.007615145 -0.021018689 0.998610258
1341846234.158063 0.025632847 -0.017377743 -0.002348461 0.047866236 -0.006994233 -0.020991856 0.998608649
1341846234.189961 0.027559010 -0.018365581 -0.003195653 0.048463915 -0.007733798 -0.020070873 0.998593330
1341846234.222130 0.027727004 -0.018138357 -0.003441083 0.048350755 -0.007337100 -0.019300696 0.998616993
1341846234.257875 0.028085746 -0.017975489 -0.004100458 0.046985783 -0.007016371 -0.019284056 0.998684764
1341846234.289820 0.027577061 -0.018334702 -0.002934818 0.046414644 -0.006130654 -0.019259317 0.998717785
1341846234.321998 0.027571980 -0.018358676 -0.003144051 0.047325019 -0.005145781 -0.020279322 0.998660386
1341846234.357904 0.028493889 -0.018820513 -0.003428273 0.047709677 -0.005479825 -0.021534340 0.998614073
1341846234.389919 0.028421761 -0.018790226 -0.003111129 0.048263311 -0.006200901 -0.020997971 0.998594642
1341846234.425915 0.027552783 -0.018305752 -0.002934263 0.049575869 -0.006670512 -0.019291729 0.998561740
1341846234.457800 0.027665317 -0.017516933 -0.004174127 0.049803622 -0.007037463 -0.019041399 0.998552680
1341846234.490016 0.028468363 -0.017847521 -0.004736135 0.046592616 -0.007946230 -0.018739374 0.998706579
1341846234.525867 0.027889356 -0.018459255 -0.003555680 0.045332495 -0.007488818 -0.018577173 0.998771131
1341846234.557961 0.028598666 -0.018024756 -0.004842544 0.045244440 -0.007816003 -0.017652625 0.998789370
1341846234.593900 0.028614433 -0.017872257 -0.003819338 0.043786846 -0.008504211 -0.016512886 0.998868227
1341846234.626439 0.031287875 -0.017301045 -0.000690782 0.043401878 -0.010900503 -0.013848927 0.998902261
1341846234.658173 0.030842433 -0.015787940 -0.001295691 0.043724515 -0.011736799 -0.013881061 0.998878241
1341846234.694104 0.030125795 -0.016363777 -0.001963934 0.043119952 -0.012691195 -0.013542338 0.998897493
1341846234.725911 0.029716237 -0.017754631 -0.000951592 0.042689729 -0.014110398 -0.012332551 0.998912632
1341846234.758643 0.031215779 -0.016737020 -0.000938567 0.044270564 -0.015538083 -0.011706667 0.998830140
1341846234.793907 0.032459818 -0.016215144 -0.001003517 0.043781511 -0.015771909 -0.011661848 0.998848557
1341846234.826106 0.032095931 -0.016472541 0.000363501 0.042887997 -0.015477796 -0.012111497 0.998886585
1341846234.862270 0.031855945 -0.016316034 0.000210312 0.042999893 -0.015686711 -0.011834073 0.998881817
1341846234.893971 0.031843524 -0.016338380 0.000120190 0.044149350 -0.016267117 -0.011383470 0.998827636
1341846234.926031 0.030599939 -0.015760377 -0.000034252 0.044982623 -0.015928848 -0.012832510 0.998778343
1341846234.961979 0.030563131 -0.015759025 0.000053866 0.045390476 -0.015825396 -0.013590834 0.998751521
1341846234.994016 0.030631900 -0.015789567 -0.000176364 0.046104312 -0.016468324 -0.013887241 0.998704314
1341846235.026311 0.031589419 -0.015886955 -0.000775677 0.044890679 -0.017646097 -0.014499337 0.998730779
1341846235.061915 0.027689114 -0.013824897 -0.001909662 0.044064868 -0.015741790 -0.015862705 0.998778701
1341846235.094075 0.030282123 -0.015498034 0.000401709 0.042643152 -0.016558321 -0.015390067 0.998834610
1341846235.130068 0.029287418 -0.016481647 0.000440907 0.042581912 -0.016554371 -0.014954385 0.998843908
1341846235.162449 0.028749973 -0.016525229 0.000151518 0.043726631 -0.017663116 -0.014176582 0.998786747
1341846235.193917 0.028837856 -0.018064158 -0.001368562 0.043693252 -0.018425819 -0.013656658 0.998781681
1341846235.229939 0.030644959 -0.016985534 -0.000774953 0.045154985 -0.018753707 -0.014063897 0.998704910
1341846235.261811 0.030829307 -0.016039925 0.000744963 0.045913953 -0.018981839 -0.014806877 0.998655260
1341846235.294134 0.031165814 -0.015997652 0.000084596 0.046903469 -0.019474426 -0.014990123 0.998597085
1341846235.329890 0.031346768 -0.016012149 -0.000167783 0.047022216 -0.019529579 -0.016198855 0.998571515
1341846235.361974 0.030859521 -0.015447166 -0.001206776 0.045657910 -0.018521773 -0.018574562 0.998612702
1341846235.398097 0.030374331 -0.015388060 -0.000495029 0.043234006 -0.017972056 -0.020549957 0.998691916
1341846235.429943 0.030302677 -0.015605423 -0.000391727 0.042784572 -0.018044014 -0.020741604 0.998705983
1341846235.462163 0.032066915 -0.016596144 0.000062185 0.042910479 -0.019057764 -0.020278089 0.998691261
1341846235.498142 0.030377598 -0.015373411 -0.000323328 0.042616133 -0.018353943 -0.021881420 0.998683214
1341846235.529989 0.030415822 -0.015589867 -0.000462777 0.041430771 -0.018509781 -0.023418406 0.998695374
1341846235.561921 0.030380951 -0.015699595 -0.000428122 0.042465195 -0.018929504 -0.023480309 0.998642623
1341846235.597951 0.030251486 -0.015529291 -0.000738076 0.043242749 -0.019095672 -0.023553029 0.998604357
1341846235.630160 0.029534327 -0.015338699 0.001016343 0.042088166 -0.019201713 -0.024171751 0.998636901
1341846235.667679 0.029815517 -0.015586391 0.000741746 0.042507339 -0.019980900 -0.023936547 0.998609483
1341846235.705783 0.030205470 -0.015571506 0.000032109 0.044099554 -0.020337254 -0.023987964 0.998532057
1341846235.730392 0.030577268 -0.015722273 0.000159640 0.044207323 -0.020317554 -0.024964429 0.998503745
1341846235.766032 0.029759545 -0.015624850 0.001514386 0.045640443 -0.019993156 -0.026058165 0.998417854
1341846235.797942 0.029814843 -0.015638448 0.001324074 0.046657078 -0.020643665 -0.025643492 0.998368323
1341846235.833964 0.030159909 -0.015565284 0.000529576 0.047131538 -0.020457480 -0.025583893 0.998351395
1341846235.866037 0.030108949 -0.015555108 0.000673026 0.047250699 -0.020411840 -0.024907254 0.998363853
1341846235.898007 0.030313486 -0.015628437 0.000249969 0.047367360 -0.020374162 -0.023243057 0.998399198
1341846235.934106 0.030104015 -0.015668599 0.000556231 0.049288042 -0.019625206 -0.022136040 0.998346388
1341846235.965921 0.031294405 -0.015728883 -0.001814566 0.050420739 -0.019076444 -0.021740891 0.998309135
1341846235.997897 0.031331223 -0.015862653 -0.001860206 0.049884401 -0.018390071 -0.021899011 0.998345494
1341846236.034072 0.030372391 -0.015633808 0.000103071 0.050472938 -0.016955735 -0.021403421 0.998352110
1341846236.065823 0.030477328 -0.015708489 0.000229955 0.051978227 -0.016370608 -0.021321524 0.998286366
1341846236.101989 0.031083725 -0.015726499 -0.000828335 0.051191889 -0.016713718 -0.021843910 0.998310030
1341846236.134258 0.031082733 -0.015791003 -0.000803061 0.050152693 -0.016758822 -0.021343242 0.998372853
1341846236.166269 0.031053448 -0.015764596 -0.000809370 0.050860826 -0.016895855 -0.020707894 0.998348057
1341846236.202022 0.031168232 -0.015718544 -0.000986891 0.050473280 -0.016426785 -0.021415086 0.998360634
1341846236.233893 0.031016750 -0.015759917 -0.000698891 0.048340544 -0.016145004 -0.021624455 0.998466313
1341846236.265924 0.031143283 -0.015769089 -0.000922850 0.048171595 -0.016075127 -0.020678382 0.998495638
1341846236.302018 0.031121824 -0.015756810 -0.000887985 0.048723612 -0.015993144 -0.019774789 0.998488426
1341846236.333756 0.031210888 -0.015772954 -0.001058115 0.048675988 -0.015807988 -0.020129530 0.998486638
1341846236.369949 0.031197539 -0.015771344 -0.001080451 0.048273649 -0.015254458 -0.020950427 0.998497903
1341846236.401964 0.031155569 -0.015779724 -0.000989040 0.048086219 -0.014517500 -0.021108625 0.998514533
1341846236.433828 0.031168768 -0.015798291 -0.001093975 0.048293058 -0.014196435 -0.021770341 0.998494983
1341846236.469948 0.031717222 -0.016058747 -0.001360763 0.049032006 -0.014007715 -0.021966096 0.998457372
1341846236.501946 0.031717677 -0.016022405 -0.001304084 0.049655780 -0.013418132 -0.021426212 0.998446405
1341846236.534764 0.031994056 -0.016041961 -0.001871225 0.048629351 -0.012984010 -0.020185724 0.998528481
1341846236.569956 0.031760719 -0.016105777 -0.001463219 0.048047431 -0.012155764 -0.018600350 0.998597860
1341846236.601901 0.031222345 -0.015807331 -0.001159600 0.049260549 -0.011665198 -0.017093228 0.998571515
1341846236.637896 0.030062921 -0.015352872 -0.002492828 0.048410736 -0.010320541 -0.017371243 0.998623133
1341846236.669818 0.030091396 -0.015411745 -0.002496391 0.046264824 -0.009410279 -0.018532019 0.998712957
1341846236.702100 0.030003894 -0.015425494 -0.002203686 0.046005350 -0.008017494 -0.019509463 0.998718500
1341846236.738521 0.031222848 -0.015901009 -0.001116097 0.050937705 -0.008015896 -0.019059444 0.998487771
1341846236.769905 0.031951766 -0.016019017 -0.002220548 0.060122382 -0.009758412 -0.013875609 0.998046875
1341846236.805999 0.032080609 -0.016087266 -0.002603562 0.061954997 -0.010724363 -0.013798037 0.997925937
1341846236.844067 0.031312454 -0.015783010 -0.001458871 0.061858788 -0.010107500 -0.014979647 0.997921288
1341846236.876573 0.030085744 -0.015335357 -0.002550288 0.061071854 -0.009103076 -0.016832652 0.997949898
1341846236.911899 0.031987615 -0.016019577 -0.002364129 0.057730097 -0.010121243 -0.018892318 0.998102129
1341846236.944484 0.031833921 -0.016063452 -0.001935175 0.057644442 -0.010254760 -0.018112881 0.998120189
1341846236.975811 0.031970847 -0.016062979 -0.002342425 0.059525769 -0.010469015 -0.016256901 0.998039484
1341846237.011848 0.032893989 -0.016198948 -0.004098925 0.058768656 -0.010255863 -0.016860623 0.998076558
1341846237.043850 0.031991664 -0.016061200 -0.002396525 0.058182012 -0.008567811 -0.018378606 0.998100042
1341846237.075882 0.031980693 -0.016081350 -0.002374794 0.058801915 -0.008636945 -0.016875938 0.998089671
1341846237.111887 0.031891190 -0.016027227 -0.002117674 0.061549880 -0.009874252 -0.014898609 0.997943938
1341846237.143863 0.032020427 -0.016073460 -0.002483002 0.063815340 -0.010257373 -0.013855171 0.997812808
1341846237.175838 0.030144889 -0.015834499 -0.001417922 0.063399538 -0.010065234 -0.013489508 0.997846305
1341846237.211847 0.030119332 -0.015813174 -0.001330425 0.061294209 -0.009911492 -0.013322972 0.997981608
1341846237.243895 0.030296819 -0.015989961 -0.001564294 0.061929334 -0.008786690 -0.013337892 0.997952759
1341846237.280228 0.030563671 -0.015944665 -0.002227326 0.063160077 -0.008695771 -0.011974019 0.997893691
1341846237.312079 0.030064708 -0.015777037 -0.001228168 0.062627025 -0.009425795 -0.011463539 0.997926652
1341846237.343828 0.030087059 -0.015864735 -0.001280487 0.062922567 -0.009518590 -0.010376327 0.997919083
1341846237.379983 0.030073982 -0.015794070 -0.001210649 0.062694684 -0.009139011 -0.009520678 0.997945487
1341846237.411962 0.030154254 -0.015835745 -0.001476385 0.061113682 -0.009193542 -0.009821361 0.998040140
1341846237.443790 0.030143728 -0.015817057 -0.001403402 0.059415203 -0.009400630 -0.010770714 0.998130977
1341846237.479911 0.030112952 -0.015829373 -0.001283086 0.058128223 -0.008294296 -0.013881677 0.998178124
1341846237.511862 0.030233782 -0.015542986 -0.002291691 0.056820743 -0.008105020 -0.015010175 0.998238683
1341846237.547914 0.030293927 -0.015532061 -0.002509928 0.055513047 -0.009852282 -0.014584428 0.998302817
1341846237.579956 0.030310059 -0.015601402 -0.002491993 0.054690991 -0.010912755 -0.013395661 0.998353839
1341846237.611852 0.030379262 -0.015608206 -0.002455013 0.054162990 -0.011147264 -0.013304828 0.998381257
1341846237.647976 0.030305982 -0.015626663 -0.002275279 0.053667285 -0.011627455 -0.013464328 0.998400390
1341846237.680417 0.030398259 -0.015665578 -0.002456763 0.053266224 -0.012383782 -0.012394916 0.998426616
1341846237.711902 0.030254839 -0.015610940 -0.002120242 0.053723406 -0.012972063 -0.011075529 0.998410165
1341846237.747860 0.030313212 -0.015620097 -0.002259135 0.055199388 -0.013603052 -0.011006403 0.998322010
1341846237.779848 0.031260703 -0.015746474 -0.001906834 0.055667471 -0.014234280 -0.011024218 0.998287022
1341846237.815934 0.031180987 -0.015726998 -0.001708424 0.054580033 -0.015217707 -0.010163487 0.998341680
1341846237.847966 0.031155409 -0.015722841 -0.001653172 0.053233471 -0.016378038 -0.009521197 0.998402357
1341846237.879781 0.031202670 -0.015714230 -0.001746161 0.052706741 -0.016619662 -0.009845953 0.998423159
1341846237.916026 0.030612588 -0.015712781 -0.002516616 0.051484857 -0.016813915 -0.010574829 0.998476207
1341846237.947857 0.029824836 -0.015446495 -0.002346996 0.051046602 -0.016831303 -0.010353163 0.998500764
1341846237.978064 0.029832108 -0.015445857 -0.002371699 0.050765857 -0.016592039 -0.010076721 0.998521924
1341846238.010069 0.029803239 -0.015416191 -0.002271700 0.049959537 -0.016567646 -0.010956120 0.998553693
1341846238.045995 0.029987412 -0.015450449 -0.002775607 0.048499905 -0.016757064 -0.010296358 0.998629510
1341846238.077963 0.029851984 -0.015459050 -0.002419818 0.047389563 -0.016854649 -0.010653908 0.998677433
1341846238.109791 0.029811542 -0.015457178 -0.002310928 0.047381509 -0.016669290 -0.010920889 0.998678029
1341846238.145837 0.031359505 -0.015794458 -0.001691396 0.048532434 -0.017122459 -0.010627297 0.998618305
1341846238.177943 0.031418879 -0.015766682 -0.001813136 0.049352165 -0.016373128 -0.011398174 0.998582184
1341846238.209943 0.031485949 -0.015795164 -0.001984613 0.047371425 -0.016366290 -0.012641338 0.998663247
1341846238.246227 0.031415891 -0.015788313 -0.001810248 0.047017004 -0.016100574 -0.012735185 0.998683095
1341846238.278227 0.031418703 -0.015822766 -0.001857172 0.047534168 -0.015980627 -0.012438453 0.998664320
1341846238.314018 0.031087734 -0.015553013 -0.002255132 0.047872476 -0.015327265 -0.013929609 0.998638690
1341846238.345918 0.031109344 -0.015576023 -0.002237474 0.047494777 -0.014725967 -0.015537378 0.998642087
1341846238.377978 0.031055573 -0.015579387 -0.002129887 0.048331499 -0.014994227 -0.015212574 0.998602927
1341846238.413879 0.031093324 -0.015559753 -0.002202478 0.049591281 -0.015951298 -0.014116410 0.998542428
1341846238.445979 0.031113528 -0.015566296 -0.002274079 0.049771916 -0.016014757 -0.015224179 0.998516142
1341846238.478188 0.031045102 -0.015545042 -0.002084710 0.049306650 -0.015631972 -0.016154237 0.998530686
1341846238.515328 0.031133221 -0.015578270 -0.002337461 0.049583372 -0.015784368 -0.016162850 0.998514473
1341846238.545906 0.029785654 -0.015432782 -0.002190213 0.050875068 -0.015871821 -0.016563980 0.998441517
1341846238.587827 0.029776443 -0.015438231 -0.002168826 0.051447958 -0.015707040 -0.016787766 0.998411000
1341846238.613933 0.029879332 -0.015430756 -0.002401017 0.051518694 -0.014889244 -0.017404268 0.998409331
1341846238.645944 0.031093162 -0.015540098 -0.002236982 0.049962711 -0.015176874 -0.017184256 0.998487890
1341846238.681933 0.030985594 -0.015545464 -0.001935862 0.049307883 -0.015372658 -0.016747141 0.998524904
1341846238.713917 0.031177389 -0.015653787 -0.001625247 0.049995176 -0.015600908 -0.015704324 0.998504102
1341846238.745925 0.031253994 -0.015696013 -0.001900239 0.050766435 -0.015686361 -0.015286986 0.998470306
1341846238.781932 0.031265218 -0.015700052 -0.001919459 0.049714901 -0.016157448 -0.015197990 0.998517096
1341846238.813869 0.031489547 -0.015741136 -0.001992425 0.048787568 -0.015855266 -0.015622735 0.998561144
1341846238.849931 0.031383291 -0.015812684 -0.001644054 0.047470182 -0.015303794 -0.016221831 0.998623669
1341846238.881927 0.030862411 -0.015534470 -0.001711692 0.048066173 -0.016043460 -0.015967719 0.998587668
1341846238.914000 0.030937396 -0.015580958 -0.001912335 0.050450936 -0.017997792 -0.013302234 0.998475790
1341846238.949903 0.030841874 -0.015540501 -0.001620841 0.054108236 -0.019481119 -0.011639629 0.998277187
1341846238.981942 0.030204998 -0.015646819 -0.001763524 0.056200311 -0.019401496 -0.012532982 0.998152316
1341846239.017941 0.030031880 -0.015581094 -0.002146378 0.056523673 -0.018961724 -0.014998188 0.998108506
1341846239.050041 0.030010877 -0.015615672 -0.002239318 0.056622043 -0.018301472 -0.016598057 0.998089910
1341846239.081902 0.029998360 -0.015615385 -0.002242706 0.057149470 -0.018294618 -0.018445462 0.998027563
1341846239.117866 0.029930167 -0.015626013 -0.001963120 0.057825178 -0.018211393 -0.019182004 0.997976243
1341846239.149976 0.029936081 -0.015500022 -0.001802333 0.058249395 -0.017422242 -0.019838266 0.997952878
1341846239.181897 0.029945863 -0.015556001 -0.001930228 0.057586282 -0.017131848 -0.019676754 0.997999549
1341846239.217929 0.029935922 -0.015572584 -0.002012672 0.055725321 -0.017479142 -0.020002145 0.998092711
1341846239.250009 0.029947834 -0.015578880 -0.001917619 0.054554820 -0.017149638 -0.019630609 0.998170495
1341846239.285917 0.029654028 -0.015384412 -0.002080914 0.053605512 -0.016235163 -0.019840555 0.998233020
1341846239.318442 0.029726190 -0.015366891 -0.002186939 0.052495569 -0.015775898 -0.019592002 0.998304307
1341846239.349930 0.030043473 -0.015626280 -0.002000357 0.050673924 -0.015466824 -0.018914625 0.998416364
1341846239.386011 0.030911397 -0.015533649 -0.001808329 0.050807994 -0.015160420 -0.018229343 0.998426974
1341846239.417983 0.029161027 -0.014905742 -0.002291950 0.051183030 -0.014565799 -0.018325893 0.998414874
1341846239.450112 0.029139182 -0.014883402 -0.002230372 0.050514381 -0.014571142 -0.018530011 0.998445094
1341846239.485973 0.029119650 -0.014857073 -0.002134560 0.049332608 -0.014399109 -0.017575745 0.998523951
1341846239.517913 0.030927872 -0.015507883 -0.001874909 0.048100434 -0.014634192 -0.017146675 0.998588085
1341846239.553979 0.030879922 -0.015501942 -0.001724558 0.047285032 -0.014506681 -0.016722156 0.998636127
1341846239.585911 0.030896261 -0.015504234 -0.001784507 0.046130911 -0.014511777 -0.016041679 0.998701155
1341846239.617967 0.030025238 -0.015085531 -0.001632450 0.046493504 -0.014087743 -0.015368523 0.998700976
1341846239.653941 0.030102884 -0.015091497 -0.001905516 0.047570061 -0.014196560 -0.014918381 0.998655617
1341846239.685852 0.030128963 -0.015064785 -0.001908430 0.047685154 -0.014565367 -0.014289281 0.998654008
1341846239.717923 0.030062394 -0.015068087 -0.001748439 0.047251549 -0.015013443 -0.013497046 0.998678982
1341846239.753857 0.030019877 -0.015038323 -0.001577696 0.047262330 -0.015001722 -0.013566753 0.998677731
1341846239.785918 0.030099913 -0.015077329 -0.001959182 0.046780113 -0.014994364 -0.013693138 0.998698771
1341846239.821950 0.030029321 -0.015091934 -0.001661023 0.046175499 -0.015580681 -0.013473260 0.998720944
1341846239.854023 0.030057609 -0.015071419 -0.001712972 0.047651380 -0.016084975 -0.012717664 0.998653531
1341846239.891801 0.030113472 -0.015026915 -0.001861531 0.047519106 -0.016170774 -0.013126600 0.998653173
1341846239.921795 0.030501775 -0.015294165 -0.002023090 0.046127018 -0.016183365 -0.013735477 0.998710036
1341846239.953963 0.030490972 -0.015281848 -0.001998431 0.046564046 -0.016083749 -0.013649577 0.998692513
1341846239.985997 0.030562846 -0.015272457 -0.002201897 0.047249760 -0.016632574 -0.013727463 0.998650253
1341846240.022055 0.030546142 -0.015290102 -0.002179196 0.047016837 -0.017103340 -0.014712027 0.998639286
1341846240.053998 0.030509971 -0.015334845 -0.000965041 0.047861379 -0.016770508 -0.016111890 0.998583198
1341846240.089841 0.030619320 -0.015358802 -0.001356715 0.049213354 -0.016896414 -0.016074661 0.998515964
1341846240.121795 0.029990181 -0.015058856 -0.001512186 0.049702488 -0.017169356 -0.016322490 0.998483062
1341846240.159862 0.026959037 -0.013699573 -0.001791802 0.051821589 -0.015517148 -0.018829951 0.998358250
1341846240.195884 0.027197378 -0.013767941 -0.002224649 0.052594889 -0.015234814 -0.018637013 0.998325765
1341846240.227927 0.029196847 -0.015268298 -0.002194146 0.051864844 -0.016224727 -0.017128624 0.998375416
1341846240.259887 0.029617172 -0.015357500 -0.002405951 0.052300811 -0.016704531 -0.017440597 0.998339295
1341846240.290031 0.029833514 -0.015775388 -0.000417701 0.052976508 -0.017010309 -0.016202314 0.998319387
1341846240.322206 0.029958569 -0.015795900 -0.000799497 0.052795570 -0.017303180 -0.016254418 0.998323143
1341846240.357948 0.029694198 -0.015328382 -0.002674616 0.052122686 -0.017702535 -0.015597872 0.998361945
1341846240.390055 0.026555108 -0.013742452 -0.002227045 0.053422164 -0.016915098 -0.016085742 0.998299122
1341846240.422212 0.029781314 -0.015530872 -0.001197237 0.054271620 -0.017949181 -0.015814118 0.998239636
1341846240.458143 0.029673446 -0.015495918 -0.002311845 0.054618508 -0.018160228 -0.017672585 0.998185694
1341846240.490243 0.028412122 -0.014994091 -0.000682246 0.054614145 -0.018706890 -0.017209006 0.998183966
1341846240.525976 0.028941806 -0.015465968 0.000074694 0.054956552 -0.019456454 -0.017640963 0.998143256
1341846240.557894 0.027557760 -0.018583268 -0.002662172 0.054762319 -0.018923534 -0.018972160 0.998139799
1341846240.590418 0.025912577 -0.017845323 -0.001091233 0.055325773 -0.018350579 -0.019909484 0.998101175
1341846240.626172 0.026523057 -0.018193269 -0.002825558 0.055399615 -0.019242456 -0.020307075 0.998072267
1341846240.657964 0.026722522 -0.017680999 -0.001490771 0.056063574 -0.019851008 -0.020475300 0.998019814
1341846240.689825 0.028167363 -0.016862513 -0.000523376 0.057400696 -0.020416027 -0.020960240 0.997922361
1341846240.725903 0.028827183 -0.017634444 -0.005370103 0.056685790 -0.020911103 -0.020441089 0.997963727
1341846240.757973 0.027113885 -0.018280344 -0.002233740 0.056891605 -0.020701317 -0.021330832 0.997937799
1341846240.794024 0.027429761 -0.018359842 -0.003436014 0.058227681 -0.020978779 -0.020877488 0.997864485
1341846240.826068 0.027878650 -0.017033776 -0.001403829 0.059632983 -0.021301629 -0.020587496 0.997780681
1341846240.858147 0.028394366 -0.016602417 -0.004367428 0.058878388 -0.021300325 -0.020385569 0.997829676
1341846240.894038 0.028220372 -0.016468568 -0.004145466 0.057813793 -0.021095075 -0.019764991 0.997908771
1341846240.925975 0.028739261 -0.015792005 -0.003830743 0.057764590 -0.021136491 -0.020157628 0.997902870
1341846240.958080 0.028077785 -0.015662564 -0.004689842 0.057321873 -0.020893123 -0.019797128 0.997940779
1341846240.994099 0.028263340 -0.014922695 -0.004462779 0.057289347 -0.021112081 -0.019400710 0.997945786
1341846241.026041 0.029200427 -0.015658809 -0.002677442 0.058140166 -0.021683300 -0.018639954 0.997898817
1341846241.062449 0.028792884 -0.015277674 -0.005203986 0.058935612 -0.021256361 -0.020082267 0.997833371
1341846241.094372 0.028216325 -0.014905504 -0.004659662 0.058071185 -0.020730820 -0.021554416 0.997864425
1341846241.126068 0.028904803 -0.015804611 -0.004099083 0.056871749 -0.021399204 -0.020376896 0.997944117
1341846241.167863 0.028965944 -0.015810883 -0.003067627 0.058319669 -0.021235000 -0.021416532 0.997842252
1341846241.194236 0.028810974 -0.014187734 -0.002424086 0.059084024 -0.021118525 -0.022676198 0.997771978
1341846241.230127 0.028841630 -0.014152465 -0.002333943 0.058387734 -0.020842891 -0.024466174 0.997776508
1341846241.261868 0.034154624 -0.011455496 -0.001284337 0.060959864 -0.023591673 -0.020650206 0.997647703
1341846241.295211 0.028632052 -0.014481056 -0.002295910 0.059095513 -0.021443916 -0.022243937 0.997774065
1341846241.329804 0.028370008 -0.014068345 -0.006215752 0.058535334 -0.021359025 -0.023196107 0.997787237
1341846241.362000 0.029814249 -0.014049607 -0.005123953 0.058359250 -0.021244545 -0.023842545 0.997784734
1341846241.394012 0.026856169 -0.013665756 -0.007540870 0.057836477 -0.019964363 -0.026044687 0.997786522
1341846241.430126 0.026536159 -0.013435883 -0.006550008 0.058328707 -0.020013573 -0.025542831 0.997769892
1341846241.462018 0.028106697 -0.014452803 -0.005646059 0.058029927 -0.020443764 -0.025480825 0.997780204
1341846241.497907 0.027995501 -0.014452087 -0.005546097 0.058011010 -0.020229414 -0.025987472 0.997772574
1341846241.497907 0.027995501 -0.014452087 -0.005546097 0.058011010 -0.020229414 -0.025987472 0.997772574
1341846241.497907 0.027995501 -0.014452087 -0.005546097 0.058011010 -0.020229414 -0.025987472 0.997772574
1341846241.497907 0.027995501 -0.014452087 -0.005546097 0.058011010 -0.020229414 -0.025987472 0.997772574
1341846241.497907 0.027995501 -0.014452087 -0.005546097 0.058011010 -0.020229414 -0.025987472 0.997772574
1341846241.497907 0.027995501 -0.014452087 -0.005546097 0.058011010 -0.020229414 -0.025987472 0.997772574
1341846241.497907 0.027995501 -0.014452087 -0.005546097 0.058011010 -0.020229414 -0.025987472 0.997772574
1341846241.729805 0.029424794 -0.014617318 -0.001226483 0.058011323 -0.020988442 -0.025526956 0.997768819
1341846241.765805 0.026461722 -0.018206393 -0.003091611 0.056910474 -0.019883923 -0.026867127 0.997819602
1341846241.765805 0.026461722 -0.018206393 -0.003091611 0.056910474 -0.019883923 -0.026867127 0.997819602
1341846241.765805 0.026461722 -0.018206393 -0.003091611 0.056910474 -0.019883923 -0.026867127 0.997819602
1341846241.765805 0.026461722 -0.018206393 -0.003091611 0.056910474 -0.019883923 -0.026867127 0.997819602
1341846241.765805 0.026461722 -0.018206393 -0.003091611 0.056910474 -0.019883923 -0.026867127 0.997819602
1341846241.765805 0.026461722 -0.018206393 -0.003091611 0.056910474 -0.019883923 -0.026867127 0.997819602
1341846241.765805 0.026461722 -0.018206393 -0.003091611 0.056910474 -0.019883923 -0.026867127 0.997819602
1341846241.765805 0.026461722 -0.018206393 -0.003091611 0.056910474 -0.019883923 -0.026867127 0.997819602
1341846241.765805 0.026461722 -0.018206393 -0.003091611 0.056910474 -0.019883923 -0.026867127 0.997819602
1341846241.765805 0.026461722 -0.018206393 -0.003091611 0.056910474 -0.019883923 -0.026867127 0.997819602
1341846241.765805 0.026461722 -0.018206393 -0.003091611 0.056910474 -0.019883923 -0.026867127 0.997819602
1341846241.765805 0.026461722 -0.018206393 -0.003091611 0.056910474 -0.019883923 -0.026867127 0.997819602
1341846241.765805 0.026461722 -0.018206393 -0.003091611 0.056910474 -0.019883923 -0.026867127 0.997819602
1341846241.765805 0.026461722 -0.018206393 -0.003091611 0.056910474 -0.019883923 -0.026867127 0.997819602
1341846241.765805 0.026461722 -0.018206393 -0.003091611 0.056910474 -0.019883923 -0.026867127 0.997819602
1341846241.765805 0.026461722 -0.018206393 -0.003091611 0.056910474 -0.019883923 -0.026867127 0.997819602
1341846242.301972 0.026049037 -0.015606899 -0.005894880 0.064198874 -0.017996196 -0.029544238 0.997337341
1341846242.333996 0.025619436 -0.016151328 -0.006271578 0.063826732 -0.017783247 -0.028161420 0.997405052
1341846242.366000 0.029697035 -0.015405720 -0.000910342 0.065401912 -0.019255480 -0.027615830 0.997290909
1341846242.401903 0.029951515 -0.015397575 -0.001376720 0.065421909 -0.019615127 -0.027679987 0.997280836
1341846242.433933 0.029944578 -0.015453112 -0.001300849 0.065479621 -0.019363992 -0.027964413 0.997273982
1341846242.469883 0.029254826 -0.015296064 0.000001989 0.066679813 -0.018943254 -0.027835924 0.997206151
1341846242.501972 0.029720655 -0.015313100 -0.000862613 0.067237772 -0.019168552 -0.027688110 0.997168481
1341846242.534063 0.026516873 -0.013826377 0.002365631 0.067183353 -0.018294340 -0.028816657 0.997156620
1341846242.569931 0.028523320 -0.013933060 0.003350016 0.066908836 -0.018625909 -0.028925784 0.997165799
1341846242.602000 0.030832427 -0.015563581 -0.002322284 0.066148914 -0.018916015 -0.028809080 0.997214377
1341846242.634077 0.030952789 -0.015594871 -0.002669786 0.065213829 -0.019290719 -0.028209928 0.997285962
1341846242.670215 0.026923893 -0.014110800 -0.002615430 0.065270551 -0.017764766 -0.028495897 0.997302413
1341846242.701929 0.027615517 -0.014360686 -0.003722843 0.064827397 -0.017905662 -0.028655646 0.997324288
1341846242.737996 0.026005849 -0.014330953 -0.001943732 0.064308874 -0.017638518 -0.029148478 0.997348309
1341846242.769937 0.027395727 -0.015027962 -0.004180881 0.064809702 -0.018640952 -0.029043071 0.997300744
1341846242.808080 0.026252998 -0.014442116 -0.006120470 0.065425999 -0.018024830 -0.029772950 0.997250259
1341846242.837887 0.026969537 -0.014116561 -0.005596973 0.064734235 -0.018243922 -0.030309433 0.997275293
1341846242.869936 0.027919943 -0.015158368 -0.004863797 0.063641869 -0.018895155 -0.030033190 0.997341812
1341846242.902131 0.026144451 -0.015857952 -0.005419677 0.063482888 -0.018240865 -0.030422367 0.997352302
1341846242.938061 0.026315320 -0.014606323 -0.004426743 0.064477153 -0.018367875 -0.030785618 0.997275054
1341846242.969969 0.028051767 -0.014580853 -0.003290995 0.065303028 -0.019654082 -0.030963250 0.997191310
1341846243.005810 0.028602047 -0.014654038 -0.004682196 0.065853201 -0.020120965 -0.030968178 0.997145653
1341846243.038095 0.026454305 -0.015163342 -0.005768919 0.065363899 -0.019958921 -0.030127978 0.997206867
1341846243.070041 0.025936056 -0.014456828 -0.006846292 0.064587973 -0.020108966 -0.030601371 0.997240007
1341846243.106059 0.026324235 -0.014571045 -0.005326776 0.063527025 -0.020277433 -0.031360734 0.997281134
1341846243.137899 0.027141660 -0.014566656 -0.005823192 0.063937359 -0.020267239 -0.030757973 0.997273862
1341846243.169985 0.025489738 -0.015501942 -0.006732906 0.063594379 -0.019871403 -0.030759232 0.997303724
1341846243.206007 0.026713418 -0.014927835 -0.006999159 0.063704662 -0.020271176 -0.031258389 0.997273088
1341846243.237999 0.027264252 -0.014827235 -0.007391687 0.062857151 -0.019990578 -0.031455725 0.997326374
1341846243.274026 0.026356149 -0.014637967 -0.006208520 0.062677987 -0.019123195 -0.032419879 0.997323811
1341846243.305879 0.025451757 -0.016059017 -0.006506959 0.062879138 -0.018915124 -0.032894842 0.997299552
1341846243.338022 0.027378224 -0.016006017 -0.006753054 0.063925944 -0.019593231 -0.032670319 0.997227252
1341846243.374348 0.026312586 -0.015256121 -0.006371959 0.065175653 -0.019078411 -0.032656636 0.997156799
1341846243.405837 0.026177198 -0.014919971 -0.007905819 0.065460153 -0.019724404 -0.032277167 0.997137904
1341846243.442193 0.026089475 -0.015068380 -0.008056577 0.065542802 -0.019884795 -0.032677729 0.997116268
1341846243.473902 0.026205502 -0.014788905 -0.007097791 0.066005185 -0.019750694 -0.032631982 0.997089922
1341846243.505839 0.026831539 -0.014922008 -0.007450097 0.065884240 -0.020250561 -0.032572571 0.997089863
1341846243.542001 0.027410187 -0.015291074 -0.008601131 0.065391377 -0.020726169 -0.032516643 0.997114360
1341846243.574058 0.027351378 -0.015201442 -0.008241927 0.065470465 -0.020245042 -0.032132946 0.997131467
1341846243.605841 0.026960913 -0.015334424 -0.008748877 0.065602787 -0.019627338 -0.032520264 0.997122586
1341846243.642015 0.026889471 -0.014964876 -0.007627097 0.066654339 -0.019512009 -0.031450354 0.997089446
1341846243.673926 0.027929258 -0.015212969 -0.006841764 0.066189826 -0.019857226 -0.032010354 0.997095704
1341846243.710095 0.027639015 -0.015009951 -0.005847055 0.066721976 -0.019299952 -0.032069508 0.997069299
1341846243.741951 0.027826173 -0.014880366 -0.005714511 0.066886880 -0.019874504 -0.032124855 0.997045219
1341846243.774067 0.027855339 -0.014947314 -0.005734973 0.066099562 -0.020010760 -0.032797448 0.997073054
1341846243.809881 0.028265383 -0.015519430 -0.008915669 0.065387756 -0.019806528 -0.032757230 0.997125447
1341846243.841971 0.027886558 -0.015324106 -0.007810572 0.065941289 -0.019792017 -0.031548530 0.997128248
1341846243.874062 0.028107570 -0.015383692 -0.008031992 0.066629335 -0.020611357 -0.030491147 0.997098804
1341846243.910022 0.028075293 -0.015321007 -0.007726744 0.067449167 -0.020565713 -0.031579219 0.997010767
1341846243.941928 0.028647482 -0.015491724 -0.008755007 0.068116210 -0.019835763 -0.031744555 0.996974945
1341846243.978045 0.027628414 -0.015081136 -0.008073268 0.067286007 -0.018946702 -0.032639343 0.997019708
1341846244.009892 0.027517095 -0.015083987 -0.007711424 0.066415288 -0.018816920 -0.032150466 0.997096419
1341846244.042105 0.027470829 -0.015045191 -0.007400119 0.067549936 -0.018314205 -0.031119635 0.997062266
1341846244.077884 0.028534584 -0.015482876 -0.008092739 0.067771532 -0.018676296 -0.030699991 0.997053504
1341846244.115904 0.027651882 -0.015052591 -0.007097946 0.067438826 -0.018367149 -0.030748626 0.997080326
1341846244.151850 0.027662024 -0.015103647 -0.007100645 0.066824704 -0.018306799 -0.029866492 0.997149587
1341846244.184334 0.027649162 -0.015148775 -0.007098755 0.067844875 -0.018174253 -0.029418532 0.997096419
1341846244.215953 0.027112005 -0.014532456 -0.006390761 0.068047859 -0.017827535 -0.029645771 0.997082174
1341846244.251877 0.027829573 -0.015242176 -0.007640639 0.066899665 -0.018210949 -0.029661505 0.997152388
1341846244.283880 0.028775709 -0.015792802 -0.006834156 0.067587905 -0.018592654 -0.029699886 0.997097850
1341846244.316068 0.028889364 -0.015768887 -0.007071930 0.068183713 -0.018780494 -0.030040020 0.997043550
1341846244.351999 0.028756909 -0.015721764 -0.006842060 0.068015300 -0.019087598 -0.030010672 0.997050107
1341846244.384040 0.027906049 -0.015298526 -0.005002684 0.068662256 -0.019308612 -0.029445106 0.997018397
1341846244.419869 0.028299907 -0.015502436 -0.006499344 0.068725936 -0.019622026 -0.028807839 0.997026503
1341846244.451888 0.028915731 -0.015762685 -0.007694502 0.067827314 -0.019298574 -0.029196922 0.997083008
1341846244.483871 0.028400322 -0.015531176 -0.006077595 0.066991203 -0.018167691 -0.029572545 0.997149765
1341846244.519923 0.028846661 -0.015840635 -0.007449316 0.066878304 -0.017795816 -0.029015962 0.997180343
1341846244.551942 0.028281901 -0.015461138 -0.005994549 0.068172105 -0.016910233 -0.028541019 0.997121871
1341846244.583892 0.029000627 -0.015825039 -0.007450062 0.068373308 -0.016577691 -0.026723882 0.997164071
1341846244.619870 0.028664686 -0.015633548 -0.006751756 0.068310231 -0.016137054 -0.025051257 0.997219026
1341846244.651850 0.028499065 -0.015625037 -0.006456817 0.068686850 -0.015995242 -0.023975613 0.997221887
1341846244.683815 0.029465061 -0.016188826 -0.007342422 0.069450200 -0.016306674 -0.022819592 0.997191072
1341846244.719873 0.029658312 -0.016198589 -0.007567368 0.069226950 -0.015780564 -0.022820316 0.997215033
1341846244.751827 0.029737432 -0.016367748 -0.007896673 0.068736441 -0.015175171 -0.022958109 0.997255206
1341846244.788300 0.029566454 -0.016244795 -0.007431157 0.069780074 -0.014807269 -0.023104660 0.997184873
1341846244.820099 0.029805435 -0.016383426 -0.007950530 0.070348740 -0.014178454 -0.023486994 0.997145116
1341846244.851973 0.029247180 -0.016121838 -0.008204680 0.072162487 -0.013036019 -0.023273338 0.997036099
1341846244.887873 0.029563652 -0.016225431 -0.008748391 0.073818237 -0.011931589 -0.022743471 0.996940911
1341846244.920072 0.029424369 -0.016164409 -0.008557384 0.074013464 -0.010575653 -0.022996904 0.996935964
1341846244.952621 0.029262295 -0.016058872 -0.008192930 0.074792847 -0.009716569 -0.022440882 0.996899188
1341846244.987985 0.030832358 -0.016746491 -0.007765872 0.075226910 -0.009885070 -0.021397997 0.996887863
1341846245.020060 0.030928513 -0.016302347 -0.007797154 0.074515387 -0.009812551 -0.020278577 0.996965349
1341846245.051869 0.031897232 -0.016174119 -0.008480503 0.072978526 -0.009349162 -0.021206163 0.997064233
1341846245.088236 0.030608805 -0.016312072 -0.006275462 0.071896277 -0.007952027 -0.021436153 0.997150004
1341846245.119935 0.031064995 -0.016381383 -0.006924959 0.071593568 -0.007996957 -0.021664636 0.997166514
1341846245.151835 0.030655336 -0.016478576 -0.006335415 0.071796551 -0.007687557 -0.021967139 0.997147739
1341846245.187889 0.030677123 -0.016849723 -0.006368455 0.072496757 -0.007483144 -0.022571083 0.997085154
1341846245.219842 0.030722586 -0.016108189 -0.006594642 0.072710015 -0.007598399 -0.021631232 0.997089565
1341846245.256030 0.031075375 -0.016303623 -0.007302943 0.071906097 -0.007512148 -0.022078337 0.997138739
1341846245.287962 0.030864358 -0.016455708 -0.007404877 0.071629547 -0.007210451 -0.023085788 0.997138023
1341846245.319885 0.030583851 -0.016439186 -0.006820994 0.071668833 -0.006804815 -0.024343237 0.997108161
1341846245.355859 0.030869713 -0.016589316 -0.007006746 0.071341902 -0.007470164 -0.024426587 0.997124791
1341846245.387919 0.031136667 -0.017023906 -0.005266204 0.071212456 -0.008089900 -0.024713062 0.997122169
1341846245.423977 0.033137683 -0.016289195 -0.004098162 0.071913943 -0.008600306 -0.025027018 0.997059703
1341846245.455822 0.033055577 -0.016263656 -0.004196009 0.072575673 -0.008329319 -0.025662925 0.996997893
1341846245.487804 0.032964613 -0.016411407 -0.004058213 0.072741374 -0.008523623 -0.025012102 0.997000754
1341846245.523916 0.033068016 -0.016402110 -0.004827944 0.072838292 -0.008704292 -0.025190419 0.996987581
1341846245.555797 0.032541003 -0.016386051 -0.003595837 0.072738528 -0.008231614 -0.025538640 0.996990085
1341846245.591988 0.032248646 -0.016434377 -0.002995911 0.073584758 -0.008169444 -0.025860516 0.996920168
1341846245.623837 0.031966608 -0.016811272 -0.003001352 0.074617013 -0.008289948 -0.024410816 0.996878982
1341846245.655890 0.030801103 -0.016986858 -0.006486818 0.074384890 -0.007504377 -0.024763273 0.996893823
1341846245.692060 0.031314719 -0.016104667 -0.004034865 0.074330688 -0.007134911 -0.025477137 0.996882558
1341846245.724517 0.030854631 -0.017202588 -0.004175024 0.074120529 -0.006813490 -0.025442831 0.996901333
1341846245.760068 0.031042146 -0.016473550 -0.003558049 0.075704440 -0.006779004 -0.024255518 0.996812165
1341846245.791914 0.030660743 -0.015804034 -0.005609343 0.076085247 -0.006383259 -0.024575362 0.996778011
1341846245.824142 0.030725189 -0.016042314 -0.005024082 0.075524509 -0.005449538 -0.024089515 0.996838033
1341846245.860005 0.029700805 -0.015799958 -0.005758113 0.075143278 -0.004792993 -0.023976492 0.996872902
1341846245.891878 0.029203136 -0.015370910 -0.006872254 0.074313678 -0.004208658 -0.025017846 0.996912181
1341846245.927903 0.029053310 -0.015484374 -0.006594576 0.074740626 -0.003580153 -0.024773870 0.996888816
1341846245.959920 0.029798208 -0.015880100 -0.005884314 0.075334176 -0.003460501 -0.024194246 0.996858776
1341846245.986182 0.028732339 -0.015824391 -0.004276331 0.075622037 -0.003578492 -0.025074473 0.996814847
1341846246.022057 0.028177207 -0.015872918 -0.004184166 0.076060846 -0.003469266 -0.024959283 0.996784687
1341846246.053871 0.028548831 -0.016194545 -0.003815243 0.077080384 -0.003787925 -0.024938462 0.996705770
1341846246.085916 0.028834363 -0.015920661 -0.004067068 0.078662701 -0.005011875 -0.023556687 0.996610343
1341846246.121806 0.028092027 -0.016071344 -0.003632646 0.079418540 -0.005771717 -0.024220390 0.996530354
1341846246.153949 0.028327221 -0.016079986 -0.004048938 0.080242962 -0.006143200 -0.025947707 0.996418595
1341846246.190063 0.028764108 -0.016002046 -0.004095552 0.081174217 -0.006117764 -0.027224464 0.996309280
1341846246.222002 0.029095320 -0.015803464 -0.005108623 0.080393866 -0.006395053 -0.027859502 0.996353209
1341846246.253984 0.028521873 -0.016048407 -0.004691746 0.080480151 -0.006222158 -0.030718932 0.996263325
1341846246.289808 0.028626770 -0.016044850 -0.004794109 0.081527255 -0.005753741 -0.030386860 0.996191204
1341846246.322001 0.029640818 -0.015684504 -0.006112610 0.080877878 -0.004920710 -0.031284947 0.996220767
1341846246.353946 0.029121872 -0.015889721 -0.004966650 0.079335727 -0.003830574 -0.033490505 0.996277869
1341846246.389885 0.028919447 -0.015942225 -0.005305978 0.078104839 -0.002919908 -0.033217423 0.996387303
1341846246.421855 0.029095059 -0.015901973 -0.005624453 0.078692578 -0.002442373 -0.031412870 0.996400893
1341846246.457915 0.028792592 -0.016008377 -0.004984234 0.077804931 -0.002324706 -0.029057574 0.996542335
1341846246.489829 0.029515091 -0.015812906 -0.005568868 0.076779753 -0.001931054 -0.027781375 0.996659100
1341846246.521912 0.030124612 -0.015518517 -0.006933528 0.075543910 -0.000224891 -0.027204707 0.996771276
1341846246.558038 0.029446578 -0.015769387 -0.005631941 0.074987374 0.001662467 -0.028122514 0.996786475
1341846246.589826 0.028570907 -0.016019905 -0.004235175 0.075612329 0.002389935 -0.026558971 0.996780694
1341846246.622033 0.029472651 -0.016043968 -0.004946421 0.075619414 0.001903289 -0.023955720 0.996847093
1341846246.658046 0.028941054 -0.016253665 -0.004077386 0.074989356 0.001455433 -0.022847686 0.996921480
1341846246.689939 0.028239256 -0.016239913 -0.003822006 0.074630149 0.000980150 -0.023741696 0.996928096
1341846246.725903 0.029620539 -0.015615663 -0.004985287 0.074605100 0.000327407 -0.023567652 0.996934593
1341846246.757894 0.030027522 -0.015482210 -0.005759210 0.073872164 0.000084750 -0.024791239 0.996959507
1341846246.789989 0.029615764 -0.015850617 -0.005330669 0.073033087 0.000337126 -0.025697930 0.996998310
1341846246.826059 0.028343573 -0.016479172 -0.002566618 0.073193349 0.000284899 -0.026493512 0.996965766
1341846246.857869 0.028777925 -0.015676660 -0.003007157 0.074369013 -0.000014996 -0.026128536 0.996888459
1341846246.893944 0.028907105 -0.014373456 -0.005075018 0.074768551 -0.000626378 -0.025316430 0.996879339
1341846246.925896 0.028729232 -0.015747227 -0.003465364 0.073508292 -0.001267059 -0.024839515 0.996984422
1341846246.958090 0.027075868 -0.015399570 -0.003024138 0.073849328 -0.000620694 -0.025156600 0.996951878
1341846246.993936 0.027038166 -0.016015291 -0.004467720 0.073383719 -0.000827498 -0.025868217 0.996967852
1341846247.026204 0.028427582 -0.016032480 -0.005633802 0.073334850 -0.001593526 -0.027964465 0.996913970
1341846247.057936 0.027921928 -0.016752159 -0.003205365 0.074046485 -0.001359964 -0.027950019 0.996862113
1341846247.093899 0.028754016 -0.015874108 -0.004653759 0.075129099 -0.002241175 -0.027206924 0.996800065
1341846247.126028 0.028398929 -0.016310113 -0.005213981 0.074525140 -0.002728131 -0.026834523 0.996854246
1341846247.162093 0.027743658 -0.018003745 -0.003392858 0.074884310 -0.002623825 -0.026893130 0.996826053
1341846247.194072 0.028879618 -0.015953029 -0.002787567 0.079002000 -0.002025536 -0.024526795 0.996570647
1341846247.225977 0.028859442 -0.015921207 -0.003557164 0.080058210 -0.001772375 -0.022494955 0.996534765
1341846247.261953 0.029539878 -0.016499752 -0.005140461 0.082636401 -0.001462591 -0.023632247 0.996298492
1341846247.293957 0.028785402 -0.016008463 -0.002877805 0.087680086 -0.000201640 -0.022946412 0.995884359
1341846247.325987 0.028539885 -0.015523333 -0.002650730 0.088626124 -0.000684084 -0.022368811 0.995813549
1341846247.361940 0.029170834 -0.014803681 -0.004528604 0.086583644 -0.002133981 -0.021339530 0.996013761
1341846247.394053 0.029471185 -0.014926398 -0.004793548 0.084572285 -0.002367225 -0.021017166 0.996192873
1341846247.430187 0.029509962 -0.015046036 -0.002814442 0.082349949 -0.003036148 -0.022097526 0.996353805
1341846247.462223 0.028873488 -0.015905688 -0.002155211 0.081464916 -0.003656458 -0.024071164 0.996378779
1341846247.493952 0.028930688 -0.015718007 -0.002005301 0.081874758 -0.004085882 -0.024374058 0.996336162
1341846247.530027 0.030352080 -0.016691644 0.000175550 0.082406171 -0.004525349 -0.023806587 0.996304154
1341846247.562209 0.030076372 -0.018325383 -0.001279195 0.084039293 -0.004017236 -0.023081316 0.996186972
1341846247.594166 0.029918758 -0.016856076 -0.001870731 0.085945293 -0.004245817 -0.021777472 0.996052802
1341846247.630035 0.030088052 -0.014929560 -0.002377840 0.085196137 -0.005189690 -0.021535225 0.996117890
1341846247.662701 0.031449135 -0.016566029 0.000404971 0.083785415 -0.006232699 -0.020862807 0.996245921
1341846247.697913 0.031166142 -0.015771024 -0.000491884 0.084783189 -0.005187094 -0.019832337 0.996188521
1341846247.730051 0.030783381 -0.015794994 -0.000815336 0.083268061 -0.006006985 -0.018475926 0.996337771
1341846247.762180 0.031707566 -0.017400162 0.001400306 0.083758123 -0.006965709 -0.017171599 0.996313810
1341846247.798768 0.031538803 -0.015496186 0.000087888 0.086327933 -0.006517224 -0.015450702 0.996125638
1341846247.830259 0.031613003 -0.013904248 -0.001160294 0.085461140 -0.006794776 -0.014911328 0.996206760
1341846247.865875 0.032034118 -0.016805727 0.000983812 0.082775153 -0.006976701 -0.015322058 0.996426046
1341846247.898157 0.031669181 -0.017289789 0.000763885 0.085174210 -0.005518034 -0.014687435 0.996242523
1341846247.930002 0.029701261 -0.015429659 -0.001416284 0.086344458 -0.006301453 -0.013751304 0.996150494
1341846247.966006 0.031282730 -0.016417550 0.001009202 0.085334726 -0.008898184 -0.013634332 0.996219277
1341846247.998062 0.033162583 -0.017666446 0.001705141 0.087137282 -0.009350425 -0.012858439 0.996069431
1341846248.030615 0.031970710 -0.016097987 0.001172650 0.089144178 -0.008150240 -0.013434927 0.995894790
1341846248.065891 0.032344043 -0.013383616 0.000536141 0.088646159 -0.008183409 -0.013678898 0.995935619
1341846248.098211 0.033842899 -0.015141066 0.003018359 0.087388851 -0.007774584 -0.014240775 0.996042132
1341846248.133929 0.034513548 -0.016268462 0.002393791 0.088791437 -0.004135679 -0.016602499 0.995903254
1341846248.166050 0.033031277 -0.015256107 0.001325130 0.088157699 -0.001569015 -0.019007815 0.995923936
1341846248.198024 0.032638568 -0.016201735 0.003118383 0.086886503 -0.001733896 -0.019214893 0.996031344
1341846248.233930 0.034653541 -0.018073827 0.002660927 0.088293158 -0.002170355 -0.019709136 0.995897114
1341846248.265968 0.033707332 -0.015629530 0.002955382 0.089451015 -0.001060804 -0.020312384 0.995783508
1341846248.297927 0.031777274 -0.015422543 0.002916805 0.087147281 -0.000634734 -0.022727046 0.995935977
1341846248.333956 0.032461014 -0.018686861 0.002851427 0.086393557 -0.001417610 -0.025183788 0.995941699
1341846248.366013 0.033024821 -0.018043336 0.003420992 0.088421166 -0.001641277 -0.025337063 0.995759487
1341846248.402093 0.032750841 -0.017376212 0.002688599 0.088087104 -0.002344614 -0.025005132 0.995796084
1341846248.433862 0.033084262 -0.018252915 0.002634244 0.087985501 -0.002716612 -0.025273902 0.995797336
1341846248.466804 0.033765230 -0.017259002 0.002454697 0.089484841 -0.001726701 -0.025849450 0.995651186
1341846248.502139 0.030598709 -0.013793549 0.003579503 0.088553406 -0.000668475 -0.027251080 0.995698333
1341846248.534215 0.031888139 -0.017192926 0.004286419 0.084915705 -0.003227877 -0.026224867 0.996037722
1341846248.565971 0.034525447 -0.017027808 0.003903701 0.087343410 -0.004593069 -0.025842534 0.995832384
1341846248.602003 0.034372400 -0.014528407 0.003602323 0.086708263 -0.003271834 -0.026500696 0.995875835
1341846248.640295 0.034889545 -0.017176466 0.004119298 0.084711552 -0.003392985 -0.026611879 0.996044278
1341846248.675831 0.033855077 -0.019112490 0.004322048 0.087036349 -0.002504362 -0.025843987 0.995866716
1341846248.708095 0.033869237 -0.017714439 0.002649959 0.088813782 -0.001413836 -0.026239498 0.995701551
1341846248.740085 0.032159399 -0.018397238 0.003971274 0.087981753 -0.001047054 -0.026569543 0.995767117
1341846248.775948 0.032920904 -0.019548811 0.003492799 0.089166678 -0.002178295 -0.026772954 0.995654404
1341846248.802167 0.033174068 -0.018067094 0.003375097 0.090857722 -0.001935108 -0.025924332 0.995524466
1341846248.833950 0.032379646 -0.018329583 0.003767779 0.090282738 -0.001737614 -0.026642006 0.995558202
1341846248.869901 0.033060957 -0.018802583 0.004275404 0.091669835 -0.002415000 -0.025495453 0.995460093
1341846248.901932 0.033386346 -0.018993920 0.003567678 0.093355536 -0.002359526 -0.025849588 0.995294392
1341846248.938035 0.032788809 -0.017748652 0.003358987 0.093132816 -0.001976409 -0.026131222 0.995308757
1341846248.969908 0.032975361 -0.017842717 0.004247481 0.092276230 -0.002693281 -0.026165592 0.995385945
1341846249.001964 0.033283819 -0.018733935 0.003716362 0.091476128 -0.002711270 -0.026749395 0.995444238
1341846249.037998 0.032717727 -0.016886000 0.004772396 0.092546538 -0.002559065 -0.025987983 0.995365858
1341846249.069961 0.032202281 -0.017023209 0.004980661 0.091032267 -0.003455790 -0.024920790 0.995530069
1341846249.105888 0.034121037 -0.017254522 0.004818808 0.090851910 -0.003570712 -0.024965838 0.995545030
1341846249.138041 0.033697192 -0.017250322 0.005481616 0.091124192 -0.002362666 -0.024596220 0.995532930
1341846249.169904 0.033085201 -0.018552301 0.004696395 0.090164192 -0.002090866 -0.023178041 0.995655000
1341846249.206013 0.034712356 -0.019155769 0.004769660 0.091635242 -0.002267815 -0.022443170 0.995537102
1341846249.237872 0.034986913 -0.016245870 0.003594607 0.092621855 -0.001094760 -0.022440013 0.995447874
1341846249.269963 0.033707969 -0.017071027 0.005527959 0.091011234 -0.000213263 -0.023685584 0.995568156
1341846249.306095 0.034703612 -0.019009581 0.005125820 0.090980940 -0.000425689 -0.022888474 0.995589495
1341846249.337853 0.034981880 -0.016312258 0.004596410 0.093039595 0.000988705 -0.022770716 0.995401502
1341846249.373854 0.035880238 -0.016619297 0.005230860 0.091174573 0.000822357 -0.022912702 0.995570958
1341846249.405928 0.035568681 -0.018159509 0.005603501 0.089801677 0.002003194 -0.024109673 0.995665789
1341846249.437945 0.036456078 -0.017393449 0.004721451 0.091126554 0.003331317 -0.024451233 0.995533526
1341846249.474182 0.034980003 -0.016931446 0.004589522 0.090766191 0.003944070 -0.025170617 0.995546281
1341846249.505956 0.036428351 -0.017049110 0.005836655 0.089425974 0.003303779 -0.024630852 0.995683372
1341846249.538288 0.035951559 -0.017155493 0.006089337 0.089357100 0.003849843 -0.025169261 0.995674133
1341846249.574263 0.036733005 -0.017229859 0.005249313 0.088639423 0.003597227 -0.024864811 0.995746851
1341846249.606015 0.036631443 -0.015725486 0.007416504 0.087968111 0.002479650 -0.022955038 0.995855689
1341846249.641995 0.034756262 -0.017781269 0.005054325 0.087252170 0.001941598 -0.020423165 0.995975018
1341846249.674108 0.035719350 -0.015131786 0.005295987 0.086946458 0.000600108 -0.019423613 0.996023417
1341846249.706034 0.034448955 -0.015612959 0.005778624 0.084004357 0.000088794 -0.019377546 0.996276975
1341846249.742012 0.035054922 -0.017508391 0.007172328 0.083346389 -0.001629246 -0.017731816 0.996361554
1341846249.773906 0.033864275 -0.016598066 0.005939018 0.084059589 -0.003013097 -0.015104989 0.996341705
1341846249.806093 0.034028787 -0.015002255 0.005706946 0.083726317 -0.006067704 -0.012655214 0.996389985
1341846249.842148 0.035681665 -0.015964216 0.005953531 0.082593158 -0.008623170 -0.011074823 0.996484518
1341846249.873923 0.034076884 -0.016700309 0.006152363 0.082300194 -0.009842793 -0.010173111 0.996507049
1341846249.909991 0.035741530 -0.014951169 0.007125407 0.082753241 -0.014138386 -0.006660180 0.996447504
1341846249.942024 0.035837010 -0.015230180 0.006905254 0.082117692 -0.017123112 -0.004288939 0.996466339
1341846249.974199 0.034243818 -0.016997620 0.006293710 0.081927694 -0.017681614 -0.005924411 0.996463776
1341846250.010384 0.036686055 -0.014524553 0.006508947 0.082499221 -0.020095073 -0.005123764 0.996375322
1341846250.042022 0.036886137 -0.014251880 0.006362730 0.082703419 -0.022409979 -0.003877985 0.996314645
1341846250.078047 0.035086628 -0.015002888 0.003978188 0.084093705 -0.021473629 -0.004064512 0.996218145
1341846250.109945 0.038125649 -0.012846805 0.003372108 0.084509104 -0.020841630 -0.004242894 0.996195674
1341846250.141849 0.038452316 -0.012403724 0.002673743 0.082561843 -0.019634718 -0.005185944 0.996379018
1341846250.177803 0.045089900 -0.010225579 0.002038417 0.083717786 -0.019604012 -0.004009426 0.996288598
1341846250.210137 0.046466112 -0.008534986 0.003085184 0.084740303 -0.016326860 -0.004792856 0.996257782
1341846250.241903 0.045025483 -0.009159473 0.004324049 0.083522558 -0.013544479 -0.008223961 0.996379912
1341846250.277878 0.044705868 -0.009534104 0.005243985 0.082826719 -0.011978990 -0.010302090 0.996438682
1341846250.309873 0.044773150 -0.009369289 0.004886921 0.082312524 -0.011689372 -0.010995663 0.996477365
1341846250.346142 0.043881457 -0.009264025 0.003475938 0.082328245 -0.011698815 -0.010711178 0.996479034
1341846250.377944 0.043612134 -0.009353019 0.004265922 0.082942203 -0.011770682 -0.010278258 0.996431828
1341846250.410038 0.043753345 -0.008641870 0.004031217 0.083882257 -0.011875466 -0.010389808 0.996350765
1341846250.445984 0.043041468 -0.008875734 0.002863184 0.084740251 -0.011503554 -0.011222507 0.996273458
1341846250.477872 0.041745819 -0.008130800 0.005443223 0.084623642 -0.011208104 -0.012223941 0.996274948
1341846250.509930 0.039938223 -0.008953886 0.007122118 0.084208541 -0.012489024 -0.010236601 0.996317327
1341846250.546119 0.040184759 -0.008239155 0.005895625 0.085135110 -0.013807333 -0.010010689 0.996223450
1341846250.577998 0.040205605 -0.008081439 0.005549345 0.083784558 -0.012933728 -0.011231249 0.996336699
1341846250.613828 0.040059350 -0.008986656 0.006256117 0.082113907 -0.012861341 -0.010597239 0.996483624
1341846250.646114 0.040083982 -0.008618918 0.006376378 0.082651138 -0.013188087 -0.007597358 0.996462345
1341846250.677812 0.040454492 -0.008118278 0.006053917 0.082604103 -0.012944062 -0.006000996 0.996480286
1341846250.713958 0.043498438 -0.008586520 0.004768159 0.080619462 -0.013031657 -0.004877253 0.996647835
1341846250.745904 0.043455224 -0.008133887 0.005497600 0.079996660 -0.012906617 -0.003001787 0.996707022
1341846250.777886 0.043185677 -0.007924621 0.004739154 0.079449669 -0.014761100 -0.000488201 0.996729434
1341846250.814024 0.043982081 -0.008034229 0.005916993 0.078731887 -0.015767314 -0.000265895 0.996771097
1341846250.846025 0.043593578 -0.008252715 0.004853649 0.077105604 -0.015062946 -0.001445407 0.996908069
1341846250.881824 0.043266382 -0.008819479 0.006948436 0.077503413 -0.015323934 -0.001107094 0.996873736
1341846250.913808 0.043752749 -0.008294419 0.006132236 0.079777263 -0.015557221 -0.000458593 0.996691227
1341846250.946118 0.045713682 -0.007610788 0.008886283 0.080673382 -0.015820256 -0.000473448 0.996614933
1341846250.981803 0.046379965 -0.006964581 0.008452105 0.081825472 -0.015893459 -0.001465162 0.996518850
1341846251.014047 0.042152550 -0.007808311 0.007176619 0.081492975 -0.015562918 -0.003458962 0.996546447
1341846251.046033 0.043668263 -0.009112348 0.007145568 0.081735142 -0.016740952 -0.004007368 0.996505439
1341846251.081959 0.043468095 -0.009726398 0.007519311 0.083173186 -0.016216669 -0.004793575 0.996391594
1341846251.114058 0.044050671 -0.009616660 0.007891677 0.085139893 -0.015823003 -0.005240850 0.996229589
1341846251.149920 0.044421941 -0.008632542 0.006388170 0.086747319 -0.015576592 -0.005901421 0.996091068
1341846251.181983 0.044280358 -0.009302747 0.006446536 0.087179393 -0.014434767 -0.006751352 0.996065140
1341846251.214205 0.043499429 -0.009226527 0.006106216 0.088105492 -0.014302319 -0.007140387 0.995982885
1341846251.249978 0.042499833 -0.009182889 0.005572648 0.088288836 -0.015896402 -0.005983582 0.995950103
1341846251.281923 0.042575881 -0.009356109 0.004665422 0.088936567 -0.017613633 -0.006484678 0.995860457
1341846251.318026 0.043114077 -0.008192119 0.004072105 0.088720292 -0.018879019 -0.006556008 0.995856047
1341846251.350003 0.041072484 -0.007570614 0.005107412 0.086863697 -0.020325819 -0.007252550 0.995986402
1341846251.382003 0.041977581 -0.009301542 0.007438059 0.086776160 -0.022927109 -0.006589408 0.995942175
1341846251.417971 0.042170528 -0.006310889 0.004320272 0.087661982 -0.023669377 -0.007594904 0.995840013
1341846251.449878 0.041721221 -0.005961528 0.005177058 0.084954314 -0.024083251 -0.009197023 0.996051252
1341846251.481872 0.040886372 -0.006563436 0.007162815 0.082486957 -0.025764411 -0.008764714 0.996220469
1341846251.517870 0.040946163 -0.006665626 0.006879488 0.081085213 -0.027358228 -0.008225108 0.996297717
1341846251.549884 0.041496016 -0.006711584 0.006285861 0.079175800 -0.027852582 -0.008183586 0.996437848
1341846251.586071 0.040251449 -0.007152064 0.008561100 0.078627922 -0.027145943 -0.007882057 0.996503174
1341846251.618241 0.040543135 -0.007062270 0.007898178 0.079462864 -0.028019018 -0.005947460 0.996426225
1341846251.649917 0.041150350 -0.006891948 0.007179403 0.080174610 -0.027515635 -0.005773304 0.996384263
1341846251.686034 0.041641824 -0.006730553 0.006483910 0.080666550 -0.025366746 -0.007174162 0.996392488
1341846251.718103 0.041955344 -0.006498897 0.005838365 0.080822587 -0.024363272 -0.008196528 0.996396959
1341846251.749907 0.040372938 -0.007375859 0.007985951 0.081020564 -0.024434041 -0.007627648 0.996383727
