1341846227.989985 0.002194244 -0.001104350 -0.000160878 0.011505094 -0.008702955 -0.029342940 0.999465287
1341846228.021937 0.001879729 -0.001755066 0.000211316 0.010814180 -0.007616632 -0.029230993 0.999485195
1341846228.058222 0.015034076 -0.012634672 -0.000909565 0.010247140 -0.011622558 -0.028030796 0.999486983
1341846228.090097 0.002499157 -0.000820174 -0.000239877 0.014056026 -0.006781319 -0.027931549 0.999487996
1341846228.121845 0.002509884 -0.000892685 -0.000078938 0.010664059 -0.004892056 -0.026948243 0.999567986
1341846228.157875 0.008302502 -0.003788244 -0.001056050 0.007513596 -0.006780150 -0.023103956 0.999681830
1341846228.189872 0.009028080 -0.003354174 -0.001208804 0.005358475 -0.007735809 -0.021157583 0.999731898
1341846228.225994 0.008790009 -0.004509874 0.000557848 0.002957982 -0.007502594 -0.022633547 0.999711335
1341846228.258336 0.008456032 -0.005654866 0.000613462 0.003066187 -0.008215575 -0.022989554 0.999697268
1341846228.289941 0.008696836 -0.005467830 0.000474288 0.003752187 -0.008742782 -0.022183813 0.999708652
1341846228.326018 0.009920429 -0.005095376 0.000560167 0.004448352 -0.008599096 -0.021898884 0.999713302
1341846228.358243 0.009744553 -0.004951639 0.000068110 0.004816392 -0.006861626 -0.021732412 0.999728680
1341846228.389779 0.008501974 -0.005248223 -0.000105923 0.004264664 -0.005730191 -0.021103753 0.999751806
1341846228.426073 0.003342429 -0.001965500 0.000154845 0.005248245 -0.004162018 -0.020981461 0.999757409
1341846228.457823 0.009808834 -0.006007522 -0.000935936 0.005255788 -0.003623091 -0.020619404 0.999767065
1341846228.493915 0.008524395 -0.005404602 -0.001093226 0.004750216 -0.002792842 -0.020207299 0.999780655
1341846228.525907 0.008976559 -0.005795573 -0.001233885 0.004059982 -0.003979595 -0.019206407 0.999799371
1341846228.558208 0.010309451 -0.006061031 -0.001008668 0.003935339 -0.004209588 -0.018253628 0.999816775
1341846228.593899 0.009104495 -0.006125602 -0.001022314 0.004200109 -0.002959486 -0.018045301 0.999823987
1341846228.626021 0.008004087 -0.005730837 -0.001743802 0.004271873 -0.003848945 -0.017130978 0.999836743
1341846228.658069 0.009024094 -0.005118737 -0.001224535 0.003697567 -0.005484506 -0.016255932 0.999845982
1341846228.693942 0.009383259 -0.005137025 -0.001007742 0.002627528 -0.005113768 -0.016512720 0.999847174
1341846228.726069 0.010339736 -0.005651488 -0.000895261 0.001871892 -0.004196755 -0.016295364 0.999856710
1341846228.762090 0.009465159 -0.006077789 -0.001119330 0.001555150 -0.003868441 -0.014418498 0.999887407
1341846228.794000 0.004718530 -0.003568074 -0.000864902 0.002461984 -0.003500031 -0.012880885 0.999907911
1341846228.825934 0.010153002 -0.005620815 -0.002205585 0.003525021 -0.004294952 -0.012155254 0.999910712
1341846228.862015 0.009169270 -0.005826636 -0.002599860 0.003248304 -0.003886862 -0.010739047 0.999929547
1341846228.893856 0.009028294 -0.005417163 -0.002527035 0.003801494 -0.005153209 -0.010064760 0.999928832
1341846228.926548 0.008806190 -0.004143963 -0.002095359 0.004514325 -0.005375986 -0.010522559 0.999920011
1341846228.961940 0.009353948 -0.004146957 -0.002027927 0.004250259 -0.004611011 -0.010774825 0.999922276
1341846228.994040 0.008452560 -0.003804439 -0.001651773 0.003351049 -0.004162644 -0.010142172 0.999934316
1341846229.029897 0.008140665 -0.004337264 -0.001065389 0.003048223 -0.004310296 -0.009913733 0.999936938
1341846229.061870 0.008534671 -0.004310112 -0.001027858 0.004302492 -0.004291569 -0.009520964 0.999936223
1341846229.094829 0.008540178 -0.003816808 -0.001214163 0.004751071 -0.003564235 -0.008218719 0.999948621
1341846229.129930 0.008355917 -0.003967448 -0.001240961 0.003953013 -0.002948910 -0.007813525 0.999957323
1341846229.161882 0.008497131 -0.004040576 -0.001209359 0.003462770 -0.002533260 -0.008131664 0.999957740
1341846229.197882 0.006227511 -0.003693896 -0.001465698 0.003584748 -0.001754393 -0.008919730 0.999952257
1341846229.229812 0.008203468 -0.004922494 -0.001292209 0.004383040 -0.002850733 -0.008756888 0.999948025
1341846229.261994 0.008089397 -0.004580906 -0.001479106 0.005898171 -0.003179616 -0.009637287 0.999931097
1341846229.297920 0.008183628 -0.004441541 -0.001962852 0.005979756 -0.003561300 -0.010430668 0.999921381
1341846229.329933 0.007547677 -0.004438811 -0.002140736 0.005871301 -0.003898425 -0.010610022 0.999918878
1341846229.361996 0.007091295 -0.004535267 -0.001750550 0.005629078 -0.004396155 -0.010243787 0.999922037
1341846229.398029 0.007306392 -0.005485028 -0.001599235 0.007336261 -0.004174868 -0.009925172 0.999915123
1341846229.430182 0.006576575 -0.004953680 -0.002278956 0.010347163 -0.003943841 -0.010034737 0.999888361
1341846229.471963 0.004878539 -0.003491471 -0.002488629 0.011732510 -0.003725409 -0.009785366 0.999876440
1341846229.498348 0.005239852 -0.003843113 -0.002496997 0.012399334 -0.003505852 -0.009008043 0.999876499
1341846229.530149 0.006742124 -0.004330479 -0.002304540 0.013149367 -0.003604458 -0.007653100 0.999877751
1341846229.566064 0.006963704 -0.004398162 -0.001947364 0.013249137 -0.003744361 -0.006024194 0.999887109
1341846229.598057 0.004528717 -0.003152484 -0.001828366 0.015113089 -0.002780990 -0.004178929 0.999873221
1341846229.630063 0.006325977 -0.003762581 -0.002557050 0.016781928 -0.001570681 -0.002642168 0.999854505
1341846229.665946 0.006092977 -0.003886275 -0.002710860 0.015964996 -0.000954051 -0.001789403 0.999870598
1341846229.698150 0.005260176 -0.003823210 -0.002114693 0.016303215 -0.000937627 -0.000282841 0.999866605
1341846229.733828 0.005485932 -0.003920839 -0.002427374 0.019235622 0.000408362 0.000290064 0.999814868
1341846229.765937 0.006229886 -0.003819566 -0.003446437 0.020422211 0.001908998 0.000504030 0.999789536
1341846229.798002 0.005313664 -0.003352680 -0.002867210 0.018588301 0.002415585 0.000291049 0.999824286
1341846229.833857 0.005291571 -0.003440123 -0.002625103 0.018622251 0.002671952 -0.000601268 0.999822855
1341846229.865928 0.004964930 -0.003138171 -0.002560525 0.020411177 0.003754261 -0.001311955 0.999783754
1341846229.897926 0.004957465 -0.003089528 -0.002678415 0.019984448 0.004030101 -0.001665219 0.999790847
1341846229.939857 0.004919003 -0.002954372 -0.002848277 0.018245924 0.004136609 -0.001889487 0.999823213
1341846229.965948 0.004896776 -0.003050721 -0.002704098 0.017154826 0.005085496 -0.001901037 0.999838173
1341846230.002061 0.004861536 -0.002922887 -0.002932737 0.015190978 0.005344769 -0.002883030 0.999866188
1341846230.033858 0.004708026 -0.002940298 -0.002293035 0.012524499 0.005134794 -0.003656144 0.999901712
1341846230.065938 0.004985770 -0.003070998 -0.002255407 0.012262887 0.005452685 -0.002650660 0.999906421
1341846230.103878 0.004991306 -0.003053820 -0.002243883 0.012233632 0.006256529 -0.002041346 0.999903500
1341846230.144719 0.004931904 -0.002890181 -0.002378031 0.011426456 0.006436013 -0.002080413 0.999911845
1341846230.172747 0.004823270 -0.002946022 -0.002010800 0.011180425 0.006972134 -0.001131439 0.999912560
1341846230.208544 0.004886338 -0.003036545 -0.002119895 0.011819284 0.007495960 0.000471944 0.999901950
1341846230.271971 0.004730622 -0.003185519 -0.001830314 0.010616370 0.007632288 0.000728672 0.999914289
1341846230.302303 0.004885052 -0.003326626 -0.001898456 0.012768987 0.007520651 0.002963908 0.999885798
1341846230.334051 0.005043000 -0.003360889 -0.002216641 0.014595149 0.007702579 0.003326850 0.999858320
1341846230.370031 0.004464374 -0.002999548 -0.001893566 0.016652649 0.008904163 0.001783013 0.999820113
1341846230.401932 0.004452146 -0.002964363 -0.001917160 0.018723419 0.010045765 0.000509495 0.999774098
1341846230.437965 0.005288735 -0.003530011 -0.002101301 0.020027971 0.010205195 -0.000288490 0.999747336
1341846230.469920 0.005280900 -0.003450152 -0.002277638 0.021312863 0.010629146 -0.001516070 0.999715269
1341846230.501933 0.004600172 -0.002467694 -0.002360383 0.022047259 0.010743983 -0.002196901 0.999696791
1341846230.537834 0.004459858 -0.002168019 -0.001860420 0.021765942 0.010457434 -0.002047466 0.999706328
1341846230.569803 0.004542904 -0.002916022 -0.001960906 0.022501146 0.009978888 -0.002336337 0.999694288
1341846230.601945 0.004819591 -0.003369091 -0.002260034 0.023940187 0.009346862 -0.002352770 0.999666929
1341846230.637789 0.004972859 -0.003634418 -0.002589013 0.024878690 0.008837632 -0.002255036 0.999648869
1341846230.670057 0.005365961 -0.002924179 -0.002769190 0.025115458 0.007973001 -0.001828696 0.999651074
1341846230.705937 0.005255123 -0.003384727 -0.001874461 0.023430048 0.007423854 -0.003106884 0.999693096
1341846230.737932 0.005406832 -0.003654660 -0.002923801 0.024045689 0.006921403 -0.002953143 0.999682546
1341846230.769960 0.005184329 -0.003894087 -0.002270111 0.025085507 0.007196291 -0.002255096 0.999656856
1341846230.805852 0.005546170 -0.003530218 -0.001867847 0.025702257 0.006467958 -0.002000523 0.999646723
1341846230.837804 0.005240695 -0.003802758 -0.002012016 0.025505342 0.006359090 -0.003038842 0.999649882
1341846230.869829 0.005306982 -0.003963597 -0.002154124 0.026253374 0.006340361 -0.002874451 0.999631107
1341846230.905851 0.005358098 -0.003811216 -0.001909102 0.027134206 0.006317657 -0.002436584 0.999608874
1341846230.937917 0.005516792 -0.003760045 -0.002862389 0.026891429 0.004897197 -0.003189094 0.999621332
1341846230.973933 0.005528885 -0.004136220 -0.002288867 0.027379531 0.004428136 -0.002693109 0.999611676
1341846231.006047 0.005398556 -0.004082794 -0.002085088 0.028517237 0.004606778 -0.002246712 0.999580204
1341846231.037936 0.005537994 -0.003986310 -0.002579279 0.028802844 0.003828948 -0.001893959 0.999575973
1341846231.074310 0.005767073 -0.004221681 -0.002664815 0.028298309 0.002992657 -0.002646633 0.999591529
1341846231.106085 0.005881384 -0.004306324 -0.002978161 0.029550551 0.002712256 -0.002453994 0.999556661
1341846231.138083 0.005874674 -0.004342107 -0.003151455 0.030555574 0.002248178 -0.001996594 0.999528527
1341846231.174011 0.005985753 -0.004176662 -0.002738700 0.030652680 0.001611338 -0.002094437 0.999526620
1341846231.205909 0.006287602 -0.004676110 -0.002991783 0.031075051 0.001224511 -0.003112904 0.999511480
1341846231.241869 0.006237591 -0.004318058 -0.003522844 0.032573655 0.001504329 -0.002685226 0.999464631
1341846231.273832 0.005995907 -0.004390561 -0.003300407 0.032625809 0.001422411 -0.003377071 0.999460936
1341846231.305846 0.006196817 -0.004651877 -0.003255286 0.033740401 0.001021721 -0.002646497 0.999426603
1341846231.341923 0.006151846 -0.003860394 -0.003357226 0.034294311 0.000685306 -0.002279389 0.999408960
1341846231.374263 0.005956900 -0.003581012 -0.003360717 0.032782424 0.000232660 -0.002430890 0.999459565
1341846231.410022 0.006399366 -0.003866899 -0.003218208 0.031876620 -0.000251931 -0.002436164 0.999488831
1341846231.442103 0.005670183 -0.003835528 -0.002761312 0.031826999 0.000401559 -0.002262030 0.999490798
1341846231.484245 0.006209016 -0.004274654 -0.001894724 0.031872105 -0.001076602 -0.001310513 0.999490559
1341846231.516816 0.006377457 -0.004065965 -0.003173552 0.030725403 -0.001486158 -0.001425426 0.999525726
1341846231.547853 0.006092921 -0.003621605 -0.003810269 0.029072030 -0.000114269 -0.003558673 0.999571025
1341846231.583898 0.006327622 -0.003715740 -0.003669549 0.026054524 0.001740271 -0.005756035 0.999642432
1341846231.615993 0.006240468 -0.004671629 -0.002288265 0.023595592 0.003431585 -0.008344312 0.999680877
1341846231.648015 0.005446422 -0.006074920 -0.000709621 0.024245964 0.004170327 -0.011352073 0.999632895
1341846231.683822 0.006007736 -0.006740199 -0.000811269 0.028538778 0.002126134 -0.012374065 0.999513865
1341846231.716153 0.004782200 -0.005955339 -0.001445749 0.035374224 0.001768420 -0.011675056 0.999304414
1341846231.747846 0.004700950 -0.004676988 -0.002402380 0.040231384 0.000269156 -0.011999086 0.999118328
1341846231.783993 0.006449245 -0.004728352 -0.002022915 0.041310981 -0.001697973 -0.011339371 0.999080598
1341846231.817027 0.006558504 -0.004557620 -0.002172424 0.040967345 -0.001771106 -0.010896019 0.999099493
1341846231.852317 0.005299823 -0.003803886 -0.002794547 0.040624693 -0.001557701 -0.010890997 0.999113917
1341846231.883853 0.004956671 -0.003538607 -0.002917057 0.038376819 -0.002362423 -0.011348039 0.999196112
1341846231.909867 0.005179971 -0.004284916 -0.002731500 0.036316194 -0.003731565 -0.009555964 0.999287724
1341846231.945837 0.005192905 -0.004306757 -0.002733518 0.036412936 -0.004542222 -0.008549885 0.999289989
1341846231.978027 0.005288091 -0.003841707 -0.002743116 0.036709134 -0.004839704 -0.008891764 0.999274790
1341846232.009966 0.005130054 -0.003939744 -0.002623401 0.035249770 -0.005259791 -0.008835826 0.999325633
1341846232.045845 0.004941801 -0.004377256 -0.001955904 0.034413595 -0.006486070 -0.007589229 0.999357879
1341846232.077961 0.005235770 -0.004595567 -0.002159043 0.034960754 -0.007917434 -0.006367142 0.999337077
1341846232.109864 0.005510651 -0.004447591 -0.002253077 0.034828231 -0.008539170 -0.006947073 0.999332726
1341846232.145999 0.005782684 -0.004362394 -0.002971481 0.034259606 -0.008814723 -0.007395667 0.999346733
1341846232.178314 0.005605068 -0.004559649 -0.002376939 0.033792745 -0.008493185 -0.007711692 0.999363065
1341846232.215951 0.005343574 -0.004751333 -0.002101086 0.034251746 -0.007889505 -0.007619730 0.999353111
1341846232.252037 0.005426346 -0.004696228 -0.002106809 0.035285160 -0.007800788 -0.006562446 0.999325275
1341846232.283944 0.005785769 -0.004938956 -0.002418606 0.035678212 -0.008210227 -0.004846032 0.999317884
1341846232.319867 0.005621290 -0.004691330 -0.002685687 0.035745118 -0.007910112 -0.003807261 0.999322355
1341846232.351854 0.006051966 -0.004229969 -0.002218318 0.034218036 -0.008104231 -0.004056823 0.999373317
1341846232.383877 0.005511610 -0.003786402 -0.001670986 0.032184977 -0.007397307 -0.006858813 0.999431074
1341846232.419782 0.005693453 -0.004430695 -0.001328024 0.031027405 -0.008293949 -0.008438786 0.999448538
1341846232.451780 0.006087046 -0.004736657 -0.001472628 0.032165501 -0.009094516 -0.008079647 0.999408543
1341846232.484170 0.006190668 -0.004670053 -0.001406440 0.033084016 -0.008684942 -0.008646104 0.999377489
1341846232.519889 0.005657388 -0.003912331 -0.000928918 0.034419421 -0.008712092 -0.007661744 0.999340177
1341846232.551877 0.006077039 -0.004324685 -0.001007273 0.034644570 -0.009010280 -0.007693319 0.999329448
1341846232.583846 0.005953867 -0.004935532 -0.000872656 0.035711367 -0.008576520 -0.008088467 0.999292612
1341846232.619798 0.006560376 -0.004420478 -0.000787827 0.038170069 -0.008475445 -0.007329599 0.999208450
1341846232.651799 0.006252187 -0.004581510 -0.001358143 0.038901743 -0.007812675 -0.007315525 0.999185801
1341846232.688092 0.006676310 -0.004646225 -0.001131287 0.040647067 -0.007927413 -0.007414320 0.999114633
1341846232.719804 0.006543021 -0.004710161 -0.000965253 0.042473108 -0.007049188 -0.008031137 0.999040544
1341846232.751767 0.006468341 -0.004631214 -0.001460168 0.044245292 -0.006157277 -0.009049451 0.998960793
1341846232.787894 0.006418006 -0.004608721 -0.001332328 0.046190728 -0.005220328 -0.009650067 0.998872459
1341846232.819886 0.007812519 -0.005541197 -0.001541412 0.047524977 -0.004775811 -0.010708543 0.998801231
1341846232.855850 0.006346944 -0.004877722 -0.001806514 0.049903110 -0.003374827 -0.011545309 0.998681664
1341846232.887989 0.006222825 -0.004576923 -0.002240675 0.051588975 -0.002470469 -0.011914290 0.998594344
1341846232.919822 0.006421740 -0.004865740 -0.002068783 0.051949218 -0.002064585 -0.012528077 0.998569012
1341846232.955993 0.006256326 -0.004573339 -0.002219256 0.053160034 -0.001916294 -0.012413409 0.998507082
1341846232.987965 0.008071024 -0.005160921 -0.003402567 0.052657817 -0.002289012 -0.011455374 0.998544276
1341846233.023868 0.006955578 -0.004198701 -0.002266230 0.051846974 0.000047729 -0.012027771 0.998582602
1341846233.055880 0.006759036 -0.004067752 -0.001891552 0.050797202 0.001580089 -0.012557131 0.998628795
1341846233.087872 0.007233779 -0.005568094 -0.001559998 0.048852745 0.001980758 -0.014103096 0.998704493
1341846233.124060 0.007149668 -0.005859299 -0.001287277 0.049387392 0.001435621 -0.015037361 0.998665452
1341846233.155902 0.007020191 -0.006315412 -0.001091991 0.051032491 0.000224895 -0.016090300 0.998567343
1341846233.218177 0.006679177 -0.004625414 -0.001912770 0.056492832 -0.000870163 -0.017082406 0.998256505
1341846233.249926 0.006511820 -0.004190335 -0.002368976 0.055681728 -0.000546824 -0.018006461 0.998286068
1341846233.286015 0.007810848 -0.005590332 -0.002052624 0.053434659 -0.000917863 -0.019538850 0.998379767
1341846233.317870 0.007677189 -0.005901081 -0.001031037 0.053854950 0.000465297 -0.019833831 0.998351693
1341846233.349815 0.007613631 -0.005895344 -0.002237870 0.054698076 0.000887983 -0.019932229 0.998303592
1341846233.385857 0.007369142 -0.005420381 -0.001370440 0.055344801 0.000385955 -0.018628294 0.998293519
1341846233.417990 0.006353198 -0.004758410 -0.000350728 0.055711538 0.000297298 -0.018336894 0.998278499
1341846233.453822 0.006306554 -0.005071489 -0.000651612 0.056140717 -0.000606529 -0.017730556 0.998265326
1341846233.485912 0.006350881 -0.005426434 -0.001389614 0.056959435 -0.001258884 -0.018815899 0.998198390
1341846233.517954 0.006204437 -0.005196358 -0.001630785 0.057160851 -0.002024797 -0.020272063 0.998157084
1341846233.553882 0.007471250 -0.006122340 -0.001473581 0.056017235 -0.003911739 -0.020500906 0.998211622
1341846233.585968 0.007314848 -0.006088250 -0.000810345 0.057465862 -0.004587985 -0.020112479 0.998134375
1341846233.621898 0.007578127 -0.006089392 -0.002041535 0.058460843 -0.004643457 -0.019036770 0.998097360
1341846233.654396 0.007511188 -0.006064934 -0.001880709 0.058224730 -0.003814726 -0.018698495 0.998121083
1341846233.685848 0.007632869 -0.005836727 -0.001898405 0.057723317 -0.002779840 -0.020324463 0.998121858
1341846233.721879 0.007807137 -0.005683294 -0.001719706 0.057172805 -0.002666453 -0.019733276 0.998165727
1341846233.753961 0.008151862 -0.006200918 -0.002780199 0.056217104 -0.002727944 -0.018980544 0.998234451
1341846233.786032 0.007777480 -0.006124528 -0.001773365 0.055580743 -0.001672300 -0.018810783 0.998275638
1341846233.822009 0.008006417 -0.006058860 -0.001385779 0.055030689 -0.001120292 -0.018389151 0.998314679
1341846233.853971 0.007764806 -0.006025250 -0.001493322 0.054177262 -0.000814634 -0.018056745 0.998367786
1341846233.889920 0.007676334 -0.005548976 -0.001975259 0.053566054 -0.001134690 -0.018459244 0.998393059
1341846233.922045 0.007196439 -0.005716013 -0.001566490 0.052519634 -0.001343362 -0.018959792 0.998439014
1341846233.953967 0.007623896 -0.006281600 -0.001504141 0.051480476 -0.002415900 -0.018955326 0.998491168
1341846233.989945 0.007322622 -0.005773008 -0.001894362 0.051785391 -0.003206135 -0.019242156 0.998467743
1341846234.021936 0.007862107 -0.005947683 -0.002117065 0.050666798 -0.004616556 -0.018667355 0.998530447
1341846234.053904 0.007881606 -0.005973099 -0.002174178 0.050013244 -0.004501715 -0.019197112 0.998553932
1341846234.089899 0.007776636 -0.005905037 -0.001956788 0.049971581 -0.003803432 -0.020073699 0.998541653
1341846234.121984 0.007743893 -0.005909279 -0.001936025 0.049522754 -0.003386273 -0.019622728 0.998574495
1341846234.158063 0.007901377 -0.006004584 -0.001541245 0.049432281 -0.003658500 -0.019715540 0.998576164
1341846234.189961 0.007904666 -0.006041456 -0.001542374 0.050586566 -0.003510199 -0.018630233 0.998539746
1341846234.222130 0.007990137 -0.006003330 -0.001718997 0.050259128 -0.003053246 -0.018411845 0.998561859
1341846234.257875 0.007904085 -0.005992595 -0.001516285 0.048877496 -0.002473172 -0.018273601 0.998634577
1341846234.289820 0.008112947 -0.006038845 -0.001946460 0.048458304 -0.002087473 -0.018049615 0.998659968
1341846234.321998 0.008266852 -0.006148263 -0.002458199 0.049254958 -0.001271004 -0.019232377 0.998600245
1341846234.357904 0.008089664 -0.005910336 -0.002154881 0.049933825 -0.001112789 -0.020704189 0.998537302
1341846234.389919 0.008006505 -0.005891528 -0.001953944 0.050504908 -0.001861987 -0.020253135 0.998516738
1341846234.425915 0.007972529 -0.005903101 -0.001915291 0.051580876 -0.002700089 -0.018360935 0.998496413
1341846234.457800 0.008110323 -0.005924827 -0.002252386 0.051342167 -0.003069741 -0.017877698 0.998516440
1341846234.490016 0.008084907 -0.005833919 -0.001973637 0.048541907 -0.003433858 -0.018202256 0.998649359
1341846234.525867 0.008189561 -0.005902336 -0.002203127 0.047420435 -0.003520477 -0.017726704 0.998711526
1341846234.557961 0.007948962 -0.005812790 -0.001793022 0.047162320 -0.003412242 -0.016859153 0.998739123
1341846234.593900 0.008687393 -0.005412126 -0.001004629 0.046082821 -0.004822743 -0.015458908 0.998806417
1341846234.626439 0.008861012 -0.005692237 -0.000568253 0.045184534 -0.006091048 -0.013339511 0.998871088
1341846234.658173 0.008915046 -0.005617588 -0.000671723 0.045031015 -0.007354341 -0.012565990 0.998879552
1341846234.694104 0.008846489 -0.005657562 -0.000547791 0.044631794 -0.008457225 -0.012155768 0.998893738
1341846234.725911 0.008967889 -0.005502841 -0.000949981 0.044973813 -0.010060290 -0.010757056 0.998879611
1341846234.758643 0.009150701 -0.005441938 -0.000588017 0.046108034 -0.011042528 -0.009897565 0.998826385
1341846234.793907 0.009157733 -0.005145845 -0.000014361 0.045551181 -0.011025449 -0.010543917 0.998845577
1341846234.826106 0.009165114 -0.005574664 -0.000772346 0.044334546 -0.010845178 -0.010884653 0.998898625
1341846234.862270 0.009068303 -0.005647561 -0.000608384 0.044318512 -0.011102933 -0.010587594 0.998899698
1341846234.893971 0.009026106 -0.005465225 -0.000534682 0.045655083 -0.011688132 -0.010252593 0.998836279
1341846234.926031 0.009023963 -0.005692846 -0.000326747 0.046143930 -0.011709506 -0.010842147 0.998807371
1341846234.961979 0.008875797 -0.005418578 -0.000189637 0.046755984 -0.011696638 -0.011734854 0.998768985
1341846234.994016 0.008821785 -0.005121135 -0.000285736 0.047784276 -0.012095987 -0.012347586 0.998708189
1341846235.026311 0.008819621 -0.005087658 -0.000777644 0.046462283 -0.012845360 -0.013451857 0.998746872
1341846235.061915 0.008787026 -0.005042183 -0.000383748 0.044923518 -0.012793432 -0.013760035 0.998813748
1341846235.094075 0.007097442 -0.004242310 -0.000656219 0.044330981 -0.011921263 -0.014365362 0.998842537
1341846235.130068 0.007232794 -0.004427026 -0.001011315 0.044543520 -0.012376332 -0.014271631 0.998828828
1341846235.162449 0.008591122 -0.005149037 0.000176751 0.045627140 -0.014185018 -0.012952488 0.998773873
1341846235.193917 0.008789394 -0.005231926 -0.000290640 0.046298157 -0.015081240 -0.012157499 0.998739839
1341846235.229939 0.008718393 -0.005152068 -0.000702517 0.047192775 -0.014509436 -0.012846216 0.998697817
1341846235.261811 0.008499178 -0.005057824 -0.000187777 0.047586799 -0.014406135 -0.013407594 0.998673201
1341846235.294134 0.008383036 -0.004988083 -0.000193997 0.048489053 -0.014753817 -0.013754750 0.998620033
1341846235.329890 0.008553218 -0.005045039 -0.000640716 0.048576638 -0.014868057 -0.015049864 0.998595417
1341846235.361974 0.008563045 -0.005061766 -0.000607911 0.046891533 -0.014129293 -0.017231729 0.998651385
1341846235.398097 0.008490647 -0.004906526 -0.000847090 0.044601154 -0.013783149 -0.019100510 0.998727202
1341846235.429943 0.008518410 -0.005133892 -0.000440656 0.044138476 -0.013926443 -0.019433431 0.998739302
1341846235.462163 0.008556319 -0.005084402 -0.000530188 0.044621013 -0.014204418 -0.019320335 0.998716116
1341846235.498142 0.008391433 -0.004967718 -0.000381401 0.043953449 -0.013873928 -0.020859364 0.998719454
1341846235.529989 0.008518453 -0.004973914 -0.000708261 0.042957865 -0.014137940 -0.022382086 0.998726130
1341846235.561921 0.008427887 -0.004927463 -0.000467453 0.044074688 -0.014590831 -0.022664547 0.998664558
1341846235.597951 0.008346188 -0.004964851 -0.000320405 0.044772111 -0.014730700 -0.022572989 0.998633564
1341846235.630160 0.008355700 -0.004983085 -0.000335005 0.043381747 -0.015015789 -0.023322320 0.998673439
1341846235.667679 0.008301873 -0.004969004 -0.000204516 0.043877084 -0.015599518 -0.022809502 0.998654723
1341846235.705783 0.008397799 -0.005004440 -0.000334457 0.045446862 -0.015970487 -0.022917461 0.998576164
1341846235.730392 0.008409857 -0.005010038 -0.000340366 0.045764659 -0.015862996 -0.024203705 0.998533010
1341846235.766032 0.008451162 -0.005065229 -0.000044765 0.046989463 -0.015985671 -0.024502283 0.998466909
1341846235.797942 0.008463670 -0.005050448 -0.000102077 0.048189741 -0.016437097 -0.024376405 0.998405457
1341846235.833964 0.008458170 -0.005050131 -0.000085076 0.048595194 -0.016208705 -0.024539979 0.998385489
1341846235.866037 0.008469981 -0.005063579 -0.000111815 0.048687201 -0.016221507 -0.023644039 0.998402417
1341846235.898007 0.008482337 -0.005074819 -0.000091832 0.048821788 -0.016240712 -0.022235041 0.998427927
1341846235.934106 0.008455972 -0.005067965 -0.000017508 0.050775114 -0.015497831 -0.021237960 0.998364031
1341846235.965921 0.007876615 -0.004798058 -0.000733627 0.052139595 -0.014038930 -0.020828435 0.998323917
1341846235.997897 0.007856030 -0.004796324 -0.000675163 0.051640589 -0.013268664 -0.021030899 0.998356164
1341846236.034072 0.008686651 -0.005156402 -0.000656756 0.051812299 -0.012900488 -0.019964952 0.998373926
1341846236.065823 0.008685821 -0.005146363 -0.000700017 0.053364154 -0.012292427 -0.019913431 0.998300910
1341846236.101989 0.008568542 -0.005071318 -0.000734580 0.052585803 -0.012280703 -0.020413546 0.998332202
1341846236.134258 0.008676045 -0.005119108 -0.000969810 0.051584110 -0.012386674 -0.019958975 0.998392403
1341846236.166269 0.008630217 -0.005114188 -0.000927133 0.052470237 -0.012551014 -0.019590361 0.998351395
1341846236.202022 0.008608587 -0.005093743 -0.000874124 0.051930692 -0.012046009 -0.020224983 0.998373270
1341846236.233893 0.008743281 -0.005177252 -0.000793328 0.049668666 -0.011921890 -0.020198263 0.998490334
1341846236.265924 0.008683012 -0.005163466 -0.000652384 0.049650710 -0.011546513 -0.019211626 0.998515129
1341846236.302018 0.008703212 -0.005164981 -0.000615849 0.050062578 -0.011669829 -0.018448392 0.998507500
1341846236.333756 0.008728461 -0.005163025 -0.000668110 0.050159011 -0.011553658 -0.018785464 0.998497784
1341846236.369949 0.007866284 -0.004791686 -0.000668900 0.049890179 -0.010215798 -0.020097172 0.998500288
1341846236.401964 0.007876891 -0.004770411 -0.000692437 0.049749304 -0.009571502 -0.020122420 0.998513222
1341846236.433828 0.008684989 -0.005135917 -0.000694435 0.049688920 -0.009961120 -0.019913571 0.998516500
1341846236.469948 0.008695597 -0.005143835 -0.000709789 0.050666664 -0.009586179 -0.020735817 0.998454392
1341846236.501946 0.007931205 -0.004765158 -0.001193989 0.051311810 -0.008377668 -0.020460907 0.998437881
1341846236.534764 0.008000321 -0.004806690 -0.001372276 0.050130218 -0.007917427 -0.019394552 0.998522937
1341846236.569956 0.008897054 -0.005237348 -0.001551232 0.049501903 -0.007691027 -0.016940745 0.998600781
1341846236.601901 0.008919874 -0.005229947 -0.001611240 0.050542131 -0.007556346 -0.015478289 0.998573482
1341846236.637896 0.008135249 -0.004915677 -0.001588119 0.049568437 -0.006255818 -0.016539907 0.998614252
1341846236.669818 0.008149014 -0.004854844 -0.001632418 0.047402538 -0.005320867 -0.017883297 0.998701692
1341846236.702100 0.008962614 -0.005334172 -0.001161555 0.047014333 -0.004599428 -0.017889192 0.998723447
1341846236.738521 0.008949506 -0.005323690 -0.001205818 0.051179014 -0.003913096 -0.016836714 0.998539925
1341846236.769905 0.007954459 -0.004768062 -0.000564068 0.061672524 -0.004591112 -0.012087600 0.998012722
1341846236.805999 0.008007241 -0.004753512 -0.000663474 0.063821368 -0.005704371 -0.012105754 0.997871637
1341846236.844067 0.008291738 -0.004973411 -0.001352265 0.063208938 -0.005795760 -0.013289508 0.997895062
1341846236.876573 0.008315853 -0.004990210 -0.001433482 0.062023547 -0.005368935 -0.015286296 0.997943163
1341846236.911899 0.008719833 -0.005150492 -0.001289604 0.058887158 -0.005636953 -0.017231459 0.998099983
1341846236.944484 0.008720310 -0.005157456 -0.001285954 0.059118800 -0.005735711 -0.016481796 0.998098433
1341846236.975811 0.008935244 -0.005285066 -0.001407549 0.060726937 -0.006221862 -0.015210658 0.998019159
1341846237.011848 0.008936518 -0.005278554 -0.001383373 0.060092021 -0.005635500 -0.015308400 0.998059571
1341846237.043850 0.008191269 -0.004977900 -0.001238213 0.059629828 -0.003822283 -0.017263027 0.998064041
1341846237.075882 0.008144918 -0.004959417 -0.001140876 0.060321178 -0.003888476 -0.015557552 0.998050213
1341846237.111887 0.008902014 -0.005273155 -0.001344789 0.062849693 -0.005556238 -0.013475806 0.997916579
1341846237.143863 0.008897762 -0.005267279 -0.001341592 0.065188847 -0.005976646 -0.012734994 0.997773826
1341846237.175838 0.008214833 -0.004985275 -0.001360193 0.064749345 -0.005823235 -0.012517584 0.997806132
1341846237.211847 0.008193766 -0.004985450 -0.001312413 0.062719427 -0.005621627 -0.012554416 0.997936487
1341846237.243895 0.008227056 -0.005042843 -0.001294495 0.063255481 -0.004527087 -0.012283846 0.997911572
1341846237.280228 0.008228691 -0.005022128 -0.001330288 0.064632624 -0.004465172 -0.011011322 0.997838438
1341846237.312079 0.008254323 -0.005030364 -0.001372150 0.064069614 -0.005255077 -0.010690157 0.997874379
1341846237.343828 0.008918035 -0.005243345 -0.001524227 0.064312384 -0.005981404 -0.008779669 0.997873306
1341846237.379983 0.008883424 -0.005240197 -0.001469790 0.063994028 -0.005393942 -0.008560870 0.997898996
1341846237.411962 0.008900373 -0.005226598 -0.001503715 0.062454294 -0.005472439 -0.008457029 0.997997046
1341846237.443790 0.008729512 -0.005151674 -0.001293360 0.060852394 -0.005382644 -0.010234092 0.998079836
1341846237.479911 0.008720671 -0.005150085 -0.001269717 0.059580807 -0.004330880 -0.012647463 0.998134017
1341846237.511862 0.008485807 -0.005025269 -0.001068796 0.058223072 -0.004265107 -0.013740222 0.998199940
1341846237.547914 0.008511275 -0.005024563 -0.001142669 0.056876410 -0.005935300 -0.013150495 0.998277009
1341846237.579956 0.008266209 -0.004903827 -0.001027889 0.056199424 -0.006868552 -0.012202517 0.998321414
1341846237.611852 0.008247267 -0.004890705 -0.000983219 0.055647455 -0.007173873 -0.011695512 0.998356283
1341846237.647976 0.008448113 -0.005003351 -0.001104507 0.055043690 -0.007846801 -0.011561234 0.998386204
1341846237.680417 0.008437409 -0.004994302 -0.001091349 0.054704219 -0.008533275 -0.010741764 0.998408437
1341846237.711902 0.007741960 -0.004741229 -0.001127296 0.055358551 -0.008762606 -0.009965795 0.998378396
1341846237.747860 0.007719292 -0.004729770 -0.001076469 0.056930684 -0.009202368 -0.010133768 0.998284340
1341846237.779848 0.008385967 -0.004957117 -0.001152595 0.057238862 -0.010013718 -0.009670821 0.998263478
1341846237.815934 0.008388668 -0.004956667 -0.001169597 0.056065284 -0.010900402 -0.009065453 0.998326480
1341846237.847966 0.008320523 -0.004929596 -0.001158999 0.054675199 -0.011927208 -0.008381650 0.998397768
1341846237.879781 0.008306773 -0.004917158 -0.001120476 0.054175545 -0.012168760 -0.008807959 0.998418450
1341846237.916026 0.008258508 -0.004890705 -0.001018684 0.053041220 -0.012744858 -0.008615146 0.998473883
1341846237.947857 0.008195034 -0.004861779 -0.001039296 0.052706916 -0.012964458 -0.009008399 0.998485267
1341846237.978064 0.008205757 -0.004865214 -0.001064307 0.052417435 -0.012679206 -0.009082648 0.998503447
1341846238.010069 0.008174721 -0.004835286 -0.001163873 0.051432449 -0.012629194 -0.009376626 0.998552620
1341846238.045995 0.008181074 -0.004849271 -0.001188029 0.050035719 -0.012821536 -0.009022994 0.998624384
1341846238.077963 0.008213699 -0.004852379 -0.001171855 0.048861399 -0.012973033 -0.008893992 0.998681724
1341846238.109791 0.008220479 -0.004863943 -0.001189005 0.048871119 -0.012901921 -0.009462139 0.998676956
1341846238.145837 0.008237797 -0.004871142 -0.001223340 0.050259981 -0.012564543 -0.009572141 0.998611271
1341846238.177943 0.008289066 -0.004912008 -0.000939580 0.050939620 -0.011966519 -0.010290548 0.998577058
1341846238.209943 0.008279145 -0.004901853 -0.000910860 0.048878826 -0.011795645 -0.011387246 0.998670220
1341846238.246227 0.008319574 -0.004919839 -0.001044138 0.048574895 -0.011689569 -0.011065502 0.998689830
1341846238.278227 0.008273119 -0.004906310 -0.000949127 0.049096998 -0.011500052 -0.010910118 0.998668253
1341846238.314018 0.008316467 -0.004912952 -0.001186947 0.049293380 -0.010955455 -0.012365986 0.998647690
1341846238.345918 0.008315475 -0.004910025 -0.001180501 0.048947889 -0.010521686 -0.013835743 0.998650134
1341846238.377978 0.008307703 -0.004926661 -0.001074090 0.049893718 -0.010728911 -0.013365556 0.998607457
1341846238.413879 0.008327674 -0.004927063 -0.001113104 0.051081322 -0.011608669 -0.012887159 0.998543918
1341846238.445979 0.008281988 -0.004903271 -0.001113300 0.051302183 -0.011682367 -0.014116253 0.998515069
1341846238.478188 0.008275537 -0.004916727 -0.001104563 0.050823808 -0.011340125 -0.014911203 0.998531938
1341846238.515328 0.008266159 -0.004900729 -0.001085560 0.051227886 -0.011313611 -0.015108629 0.998508632
1341846238.545906 0.008258941 -0.004896330 -0.001013590 0.052425772 -0.011984902 -0.015249969 0.998436451
1341846238.587827 0.008269703 -0.004905547 -0.001037600 0.053046256 -0.011865125 -0.015752641 0.998397291
1341846238.613933 0.007633661 -0.004671720 -0.001039761 0.053106669 -0.010563054 -0.016206598 0.998401463
1341846238.645944 0.007668778 -0.004686131 -0.001115548 0.051530447 -0.010471692 -0.015944542 0.998489261
1341846238.681933 0.008285662 -0.004905183 -0.001073467 0.050853219 -0.011078103 -0.015595358 0.998522937
1341846238.713917 0.008265493 -0.004918430 -0.001022400 0.051505860 -0.011216216 -0.014583588 0.998503268
1341846238.745925 0.008324278 -0.004949887 -0.000942880 0.052316926 -0.011375713 -0.013963471 0.998468161
1341846238.781932 0.008347129 -0.004953721 -0.000987515 0.051172391 -0.011807676 -0.014139662 0.998519957
1341846238.813869 0.008257905 -0.004906213 -0.001007745 0.050295677 -0.011304222 -0.014669177 0.998562694
1341846238.849931 0.008152987 -0.004842393 -0.000969382 0.049233504 -0.010751276 -0.014614327 0.998622537
1341846238.881927 0.008134500 -0.004827453 -0.000931807 0.049747877 -0.011638096 -0.014425256 0.998589873
1341846238.914000 0.008359346 -0.004987308 -0.000943185 0.051876538 -0.013795828 -0.011998667 0.998486161
1341846238.949903 0.008367221 -0.004976799 -0.000937897 0.055566497 -0.015320031 -0.009787517 0.998289526
1341846238.981942 0.008383143 -0.004963376 -0.001019169 0.057713430 -0.015668914 -0.011146328 0.998147964
1341846239.017941 0.008360962 -0.004952881 -0.000966057 0.058002736 -0.015071613 -0.013690219 0.998108804
1341846239.050041 0.008340949 -0.004957342 -0.000886527 0.058033116 -0.014429378 -0.015217757 0.998094380
1341846239.081902 0.008339772 -0.004954763 -0.000877274 0.058597449 -0.014558958 -0.016227383 0.998043656
1341846239.117866 0.008231528 -0.004883218 -0.000935677 0.059377853 -0.014284052 -0.017576575 0.997978628
1341846239.149976 0.008205883 -0.004876469 -0.000878325 0.059843823 -0.013415355 -0.018297330 0.997949958
1341846239.181897 0.008156066 -0.004822868 -0.001011962 0.059153024 -0.013194517 -0.018449400 0.997991204
1341846239.217929 0.008133610 -0.004815791 -0.000967382 0.057063106 -0.013532385 -0.018228211 0.998112440
1341846239.250009 0.008131378 -0.004811777 -0.001009108 0.056109685 -0.013072931 -0.018536314 0.998166978
1341846239.285917 0.008109082 -0.004802825 -0.000961455 0.055062123 -0.012202217 -0.018828247 0.998230815
1341846239.318442 0.008153977 -0.004830163 -0.000953827 0.053944260 -0.011704174 -0.018145652 0.998310447
1341846239.349930 0.008150781 -0.004834150 -0.000941294 0.052289825 -0.011414144 -0.017519815 0.998413086
1341846239.386011 0.008192347 -0.004845850 -0.001043793 0.052319296 -0.010854292 -0.017113158 0.998424768
1341846239.417983 0.008184250 -0.004838718 -0.001021226 0.052471232 -0.011060095 -0.016525120 0.998424470
1341846239.450112 0.008158537 -0.004830940 -0.000967051 0.051822212 -0.010812766 -0.016833942 0.998455942
1341846239.485973 0.008164604 -0.004829467 -0.000980449 0.050739978 -0.010682325 -0.016205544 0.998523295
1341846239.517913 0.007987525 -0.004752890 -0.000937018 0.049684603 -0.009916053 -0.015880756 0.998589456
1341846239.553979 0.007985028 -0.004738045 -0.000926144 0.048800405 -0.009804658 -0.015107286 0.998646200
1341846239.585911 0.007985977 -0.004760477 -0.000822212 0.047706366 -0.009887858 -0.014928381 0.998700917
1341846239.617967 0.007989786 -0.004758476 -0.000821166 0.047902450 -0.009820431 -0.013891598 0.998707175
1341846239.653941 0.007966166 -0.004749292 -0.000774936 0.048950098 -0.009798897 -0.013061434 0.998667777
1341846239.685852 0.007965714 -0.004720740 -0.000854466 0.049192607 -0.010058936 -0.012908513 0.998655260
1341846239.717923 0.007928566 -0.004724965 -0.000761125 0.048757456 -0.010559153 -0.012543053 0.998676062
1341846239.753857 0.008030056 -0.004781918 -0.000832711 0.048647560 -0.010784280 -0.011969136 0.998686075
1341846239.785918 0.008014505 -0.004778834 -0.000803303 0.047953811 -0.010877098 -0.011921223 0.998719156
1341846239.821950 0.007976843 -0.004771549 -0.000721695 0.047698762 -0.011404067 -0.011862135 0.998726249
1341846239.854023 0.007974200 -0.004763795 -0.000713881 0.049071509 -0.011676566 -0.011245540 0.998663783
1341846239.891801 0.008033987 -0.004796464 -0.000641520 0.048852269 -0.011918729 -0.011248424 0.998671591
1341846239.921795 0.008043567 -0.004816151 -0.000667352 0.047676519 -0.011680532 -0.012662346 0.998714328
1341846239.953963 0.008003753 -0.004791959 -0.000702827 0.048123773 -0.011586172 -0.012311717 0.998698354
1341846239.985997 0.007996221 -0.004777799 -0.000677165 0.048682671 -0.012119999 -0.012526711 0.998662233
1341846240.022055 0.008081683 -0.004832182 -0.000721951 0.048453759 -0.012742139 -0.013771980 0.998649180
1341846240.053998 0.008107272 -0.004830664 -0.000751051 0.049336869 -0.012494761 -0.014855369 0.998593569
1341846240.089841 0.007055921 -0.004218954 -0.000554871 0.050793827 -0.012045313 -0.015561318 0.998515308
1341846240.121795 0.007072891 -0.004233516 -0.000594895 0.051312018 -0.012562314 -0.015991323 0.998475671
1341846240.159862 0.008097837 -0.004835178 -0.000717927 0.052604336 -0.012576693 -0.016270053 0.998403668
1341846240.195884 0.008071106 -0.004821845 -0.000665300 0.053474415 -0.012199715 -0.016226823 0.998362839
1341846240.227927 0.007742001 -0.004641409 -0.000450660 0.053783849 -0.012037884 -0.016375877 0.998345733
1341846240.259887 0.007716053 -0.004632677 -0.000388418 0.054220665 -0.012352651 -0.016272936 0.998319983
1341846240.290031 0.007734423 -0.004621792 -0.000494622 0.055136409 -0.012450538 -0.014986152 0.998288751
1341846240.322206 0.007778680 -0.004647233 -0.000600324 0.054731213 -0.012967516 -0.015133029 0.998302281
1341846240.357948 0.007719633 -0.004619626 -0.000466826 0.053816713 -0.013359197 -0.014727584 0.998352826
1341846240.390055 0.007815162 -0.004652475 -0.000697085 0.054600816 -0.013841384 -0.014394930 0.998308539
1341846240.422212 0.007840362 -0.004695537 -0.000556616 0.056071773 -0.013470736 -0.015302889 0.998218596
1341846240.458143 0.007493272 -0.004659430 -0.000730589 0.056194562 -0.013544570 -0.016226094 0.998196065
1341846240.490243 0.007459131 -0.004643549 -0.000655626 0.055930723 -0.014619903 -0.015990593 0.998199582
1341846240.525976 0.007317463 -0.004340976 -0.000745541 0.056791991 -0.015332345 -0.016457776 0.998132646
1341846240.557894 0.007349488 -0.004358806 -0.000853395 0.057950784 -0.015358792 -0.018073255 0.998037636
1341846240.590418 0.007867713 -0.004715845 -0.000720428 0.058221437 -0.015297404 -0.019088618 0.998003960
1341846240.626172 0.007851718 -0.004684919 -0.000615332 0.058536373 -0.016034210 -0.018365018 0.997987568
1341846240.657964 0.007837554 -0.004706330 -0.000617096 0.058884397 -0.016508304 -0.018935693 0.997948706
1341846240.689825 0.007885700 -0.004707077 -0.000710365 0.059953552 -0.016592039 -0.019382846 0.997875035
1341846240.725903 0.007870839 -0.004667609 -0.000706787 0.059696309 -0.016971948 -0.019044889 0.997890592
1341846240.757973 0.007795348 -0.004683505 -0.000511681 0.059926610 -0.017446373 -0.019015595 0.997869194
1341846240.794024 0.007695467 -0.004607824 -0.000196433 0.061315641 -0.017610103 -0.018916447 0.997783780
1341846240.826068 0.007682246 -0.004613503 -0.000219575 0.062019419 -0.017455949 -0.019287676 0.997735918
1341846240.858147 0.007794173 -0.004650300 -0.001157394 0.061152652 -0.017254176 -0.019226933 0.997794032
1341846240.894038 0.007765948 -0.004754225 -0.001429461 0.059973523 -0.017277623 -0.019043399 0.997868776
1341846240.925975 0.007603497 -0.004652252 -0.000600651 0.059848610 -0.017154498 -0.019096306 0.997877359
1341846240.958080 0.007447653 -0.004749611 -0.000580270 0.059381083 -0.016968245 -0.018761130 0.997914851
1341846240.994099 0.006319840 -0.004214973 -0.000908251 0.058994111 -0.016523335 -0.019831894 0.997924566
1341846241.026041 0.006411823 -0.004428047 -0.001274871 0.059426952 -0.016558744 -0.019617883 0.997902572
1341846241.062449 0.007703495 -0.004584881 -0.001095114 0.060788263 -0.017067971 -0.018963536 0.997824609
1341846241.094372 0.007577669 -0.004473126 -0.000908283 0.059706926 -0.016835110 -0.019883590 0.997875929
1341846241.126068 0.007060791 -0.004552348 -0.000423394 0.058882628 -0.016713612 -0.020326966 0.997918010
1341846241.167863 0.007591414 -0.004642128 -0.000788072 0.060435522 -0.017052641 -0.019897362 0.997828066
1341846241.194236 0.007599953 -0.004603039 -0.001416717 0.060065608 -0.016826438 -0.022009822 0.997809947
1341846241.230127 0.007678499 -0.004388900 -0.001993424 0.059887294 -0.016781857 -0.022029094 0.997820914
1341846241.261868 0.007281160 -0.004693057 -0.001103596 0.060152609 -0.016637618 -0.022478886 0.997797370
1341846241.295211 0.006895464 -0.004197624 -0.001700472 0.060823340 -0.016694674 -0.022846011 0.997747421
1341846241.329804 0.006498051 -0.004336890 -0.001112906 0.059834760 -0.016052589 -0.024254655 0.997784495
1341846241.362000 0.007162049 -0.004593018 -0.001781004 0.059206631 -0.015956212 -0.024934432 0.997806728
1341846241.394012 0.006827491 -0.004520200 -0.001565711 0.059245791 -0.015764682 -0.025143191 0.997802198
1341846241.430126 0.006205122 -0.004869375 -0.000744508 0.059472974 -0.015642805 -0.025650123 0.997777700
1341846241.462018 0.006289021 -0.004418525 -0.001278200 0.059809316 -0.015765138 -0.025766198 0.997752666
1341846241.497907 0.006389699 -0.004293591 -0.002088938 0.059595186 -0.015426508 -0.026018806 0.997764230
1341846241.529930 0.006440019 -0.004469582 -0.002021792 0.059474345 -0.015482642 -0.026151072 0.997767150
1341846241.562493 0.006711557 -0.004376838 -0.001074194 0.059293352 -0.016034033 -0.025638044 0.997782528
1341846241.598412 0.006884559 -0.004505389 -0.001412039 0.059203696 -0.016023632 -0.026128188 0.997775257
1341846241.629998 0.006719923 -0.004136919 -0.001979496 0.059510883 -0.015827168 -0.026148733 0.997759581
1341846241.662234 0.006595899 -0.004386602 -0.001852067 0.059527416 -0.015690511 -0.026484890 0.997751951
1341846241.698098 0.006486374 -0.004392370 -0.001824328 0.059924506 -0.015376166 -0.026241001 0.997739434
1341846241.729805 0.006649186 -0.004195534 -0.001631554 0.059855178 -0.015485071 -0.026522232 0.997734547
1341846241.765805 0.006372773 -0.004721009 -0.001905545 0.059391305 -0.015306099 -0.026800169 0.997757614
1341846241.797970 0.006865640 -0.004192546 -0.001283993 0.060697991 -0.015627204 -0.026423171 0.997684002
1341846241.830240 0.007257654 -0.003726539 -0.001417277 0.061340153 -0.015774811 -0.026503988 0.997640252
1341846241.865867 0.006741433 -0.004255596 -0.002361308 0.060402982 -0.015577707 -0.027120128 0.997684002
1341846241.898156 0.006674448 -0.004397716 -0.002285284 0.060447738 -0.015492584 -0.027083609 0.997683585
1341846241.929917 0.006817583 -0.004599592 -0.002619534 0.061076712 -0.015246602 -0.027088711 0.997648954
1341846241.965882 0.006236148 -0.004686026 -0.001833520 0.060977180 -0.014946360 -0.027475279 0.997649014
1341846241.998017 0.005743722 -0.003939881 -0.001760004 0.061034311 -0.014953636 -0.028017621 0.997630298
1341846242.034019 0.005533745 -0.003704293 -0.001603654 0.062333677 -0.014603431 -0.028658368 0.997536957
1341846242.034019 0.005533745 -0.003704293 -0.001603654 0.062333677 -0.014603431 -0.028658368 0.997536957
1341846242.034019 0.005533745 -0.003704293 -0.001603654 0.062333677 -0.014603431 -0.028658368 0.997536957
1341846242.034019 0.005533745 -0.003704293 -0.001603654 0.062333677 -0.014603431 -0.028658368 0.997536957
1341846242.034019 0.005533745 -0.003704293 -0.001603654 0.062333677 -0.014603431 -0.028658368 0.997536957
1341846242.034019 0.005533745 -0.003704293 -0.001603654 0.062333677 -0.014603431 -0.028658368 0.997536957
1341846242.034019 0.005533745 -0.003704293 -0.001603654 0.062333677 -0.014603431 -0.028658368 0.997536957
1341846242.034019 0.005533745 -0.003704293 -0.001603654 0.062333677 -0.014603431 -0.028658368 0.997536957
1341846242.034019 0.005533745 -0.003704293 -0.001603654 0.062333677 -0.014603431 -0.028658368 0.997536957
1341846242.034019 0.005533745 -0.003704293 -0.001603654 0.062333677 -0.014603431 -0.028658368 0.997536957
1341846242.034019 0.005533745 -0.003704293 -0.001603654 0.062333677 -0.014603431 -0.028658368 0.997536957
1341846242.401903 0.005794292 -0.003450092 -0.003245560 0.068207555 -0.013818701 -0.028160840 0.997177899
1341846242.433933 0.006960559 -0.005349575 -0.005910038 0.066046990 -0.015379413 -0.024850259 0.997388482
1341846242.469883 0.007276324 -0.005062675 -0.004630002 0.067534208 -0.015233429 -0.024828175 0.997291744
1341846242.501972 0.006285748 -0.004113162 -0.002945255 0.068958566 -0.013813798 -0.027854372 0.997134924
1341846242.534063 0.006149809 -0.004133337 -0.003247549 0.068106025 -0.013835561 -0.028785223 0.997166812
1341846242.569931 0.006261734 -0.004279916 -0.002488173 0.067898504 -0.013555556 -0.028864106 0.997182488
1341846242.602000 0.006057393 -0.003966253 -0.002874282 0.068333924 -0.013212314 -0.028802613 0.997159123
1341846242.634077 0.006130525 -0.003915363 -0.002505829 0.067345470 -0.013464947 -0.028403714 0.997234464
1341846242.670215 0.006421501 -0.004069639 -0.002991314 0.066766843 -0.013571929 -0.027634550 0.997293532
1341846242.701929 0.006033328 -0.003746351 -0.003101399 0.066686705 -0.013117418 -0.028146988 0.997290611
1341846242.737996 0.006052447 -0.004019786 -0.001785186 0.066223249 -0.013446542 -0.028607497 0.997304022
1341846242.769937 0.006400141 -0.004105500 -0.002392006 0.066670559 -0.014033295 -0.028424745 0.997271359
1341846242.808080 0.006779319 -0.003781107 -0.001884478 0.067512140 -0.014305859 -0.028922826 0.997196555
1341846242.837887 0.006760322 -0.003625766 -0.002390232 0.066841319 -0.014429414 -0.028908022 0.997240424
1341846242.869936 0.006816859 -0.003734809 -0.002059318 0.065995201 -0.014710651 -0.029345956 0.997279823
1341846242.902131 0.006717921 -0.003814218 -0.002125181 0.066118836 -0.014425206 -0.029579641 0.997268915
1341846242.938061 0.006905284 -0.004114890 -0.001802942 0.066221267 -0.014791529 -0.029550087 0.997257650
1341846242.969969 0.007125161 -0.004084019 -0.001996654 0.067150764 -0.015672591 -0.029409379 0.997186184
1341846243.005810 0.007091432 -0.003989823 -0.002104233 0.067878276 -0.015895300 -0.029422797 0.997133017
1341846243.038095 0.007011812 -0.003991495 -0.001632889 0.067701459 -0.016354308 -0.028491819 0.997164667
1341846243.070041 0.007209527 -0.004109815 -0.001962052 0.066464931 -0.016838344 -0.029404772 0.997213244
1341846243.106059 0.007063331 -0.004037087 -0.002332020 0.065429121 -0.016882276 -0.030390784 0.997251451
1341846243.137899 0.007094807 -0.004194526 -0.002085222 0.065725535 -0.016518883 -0.029497324 0.997264862
1341846243.169985 0.007063937 -0.004189582 -0.002018931 0.065703854 -0.016647790 -0.029468920 0.997264981
1341846243.206007 0.006909591 -0.004181378 -0.002308238 0.065666296 -0.016415834 -0.030176314 0.997250140
1341846243.237999 0.006981499 -0.004220853 -0.002449896 0.064619169 -0.015844230 -0.030834179 0.997307718
1341846243.274026 0.007023065 -0.004166379 -0.002255377 0.064508490 -0.015664045 -0.031404119 0.997299910
1341846243.305879 0.007075289 -0.004100960 -0.002084540 0.065324381 -0.015595620 -0.031880762 0.997232735
1341846243.338022 0.007035043 -0.004122603 -0.002738219 0.066200733 -0.015513305 -0.031761348 0.997180045
1341846243.374348 0.007258660 -0.003992218 -0.002931844 0.067367099 -0.015784830 -0.031177277 0.997116089
1341846243.405837 0.007231712 -0.003884230 -0.002698699 0.067703187 -0.016397869 -0.031122563 0.997085154
1341846243.442193 0.007149203 -0.003941093 -0.003092634 0.067792095 -0.016491752 -0.030981295 0.997081995
1341846243.473902 0.007252433 -0.004035507 -0.002743589 0.068054341 -0.016410921 -0.030989556 0.997065187
1341846243.505839 0.007276592 -0.003942308 -0.002871588 0.068012774 -0.016819147 -0.031108985 0.997057557
1341846243.542001 0.006916841 -0.003948798 -0.003494687 0.067727499 -0.016649902 -0.031618085 0.997063696
1341846243.574058 0.007143038 -0.003802139 -0.003178999 0.067790933 -0.016369617 -0.030710177 0.997092426
1341846243.605841 0.007149081 -0.003786176 -0.003148787 0.068298042 -0.015912490 -0.030463170 0.997072816
1341846243.642015 0.007204727 -0.003696971 -0.002884771 0.069152407 -0.015948463 -0.030460112 0.997013450
1341846243.673926 0.006892924 -0.003766573 -0.002915697 0.068576902 -0.015704539 -0.030651152 0.997051239
1341846243.710095 0.006804714 -0.003801201 -0.002349604 0.069000944 -0.015255607 -0.030676058 0.997028172
1341846243.741951 0.006931043 -0.003795050 -0.002910075 0.068852313 -0.015753370 -0.031023674 0.997019947
1341846243.774067 0.007123647 -0.003840264 -0.003027135 0.068035111 -0.016029557 -0.031702425 0.997050285
1341846243.809881 0.007298192 -0.003819647 -0.003677500 0.067891382 -0.015640726 -0.031455487 0.997074068
1341846243.841971 0.007242161 -0.003804058 -0.003324861 0.068308547 -0.015721340 -0.030710725 0.997067511
1341846243.874062 0.007162651 -0.003963139 -0.002970691 0.068971209 -0.016352873 -0.029710075 0.997042060
1341846243.910022 0.007446968 -0.004161056 -0.003160727 0.069536999 -0.016703935 -0.029510168 0.997002900
1341846243.941928 0.007506445 -0.003972649 -0.002780322 0.070562474 -0.015739258 -0.030626938 0.996912837
1341846243.978045 0.007240792 -0.003715108 -0.003349659 0.069560818 -0.014897037 -0.031403042 0.996972024
1341846244.009892 0.007310728 -0.003992039 -0.003170931 0.068472296 -0.014779530 -0.031313594 0.997051954
1341846244.042105 0.007493906 -0.004110960 -0.003044712 0.069394968 -0.014634350 -0.029830500 0.997035801
1341846244.077884 0.007385451 -0.003985318 -0.003017304 0.070239186 -0.014432613 -0.029457016 0.996990681
1341846244.115904 0.007219833 -0.003997002 -0.003458777 0.069469541 -0.014375926 -0.029475044 0.997044921
1341846244.151850 0.007539780 -0.003940882 -0.002972483 0.069110364 -0.014629245 -0.028520716 0.997093916
1341846244.184334 0.007549580 -0.004125609 -0.002844827 0.069870599 -0.014371155 -0.028265182 0.997052014
1341846244.215953 0.007107723 -0.003849859 -0.003145986 0.069892868 -0.013922356 -0.028712306 0.997044027
1341846244.251877 0.007214630 -0.003947263 -0.003072430 0.069057919 -0.014180685 -0.028375207 0.997108221
1341846244.283880 0.007609346 -0.004168536 -0.002996853 0.069893837 -0.014508999 -0.028715910 0.997035503
1341846244.316068 0.007460743 -0.004029438 -0.003158451 0.070742048 -0.014518421 -0.028717211 0.996975541
1341846244.351999 0.007210984 -0.004040026 -0.002794111 0.070456021 -0.014513681 -0.029046517 0.996986270
1341846244.384040 0.007157767 -0.004143798 -0.003128703 0.070706747 -0.015175446 -0.028096026 0.996985912
1341846244.419869 0.007513952 -0.004189721 -0.002974379 0.070929922 -0.015543524 -0.027713465 0.996975064
1341846244.451888 0.007667813 -0.004008190 -0.003119942 0.070471361 -0.015047643 -0.028251097 0.997000098
1341846244.483871 0.007821667 -0.004142081 -0.003357064 0.069213733 -0.014595623 -0.028638013 0.997083902
1341846244.519923 0.007951348 -0.004275107 -0.002841910 0.069255270 -0.014014233 -0.028105592 0.997104526
1341846244.551942 0.007878863 -0.004610812 -0.002874748 0.069872990 -0.013157099 -0.027071262 0.997101724
1341846244.583892 0.007887963 -0.004620228 -0.002969295 0.070227556 -0.012522513 -0.025848841 0.997117460
1341846244.619870 0.008036078 -0.004446477 -0.002979069 0.070250511 -0.012534397 -0.023588354 0.997171700
1341846244.651850 0.007963668 -0.004470343 -0.002595349 0.070783734 -0.012403765 -0.022253079 0.997166276
1341846244.683815 0.008127242 -0.004751209 -0.002225176 0.071474597 -0.012435374 -0.020889742 0.997146130
1341846244.719873 0.008232940 -0.004566194 -0.002438426 0.071366921 -0.012083129 -0.020532623 0.997165561
1341846244.751827 0.008303907 -0.004614038 -0.002164517 0.071005873 -0.011520805 -0.020832196 0.997191787
1341846244.788300 0.008318232 -0.004713195 -0.002355678 0.071828060 -0.011005783 -0.021353526 0.997127771
1341846244.820099 0.008310508 -0.004686079 -0.003227000 0.072372422 -0.010329362 -0.021708334 0.997087955
1341846244.851973 0.008756481 -0.005198331 -0.003119184 0.073701546 -0.009973281 -0.021033335 0.997008622
1341846244.887873 0.008436418 -0.004716758 -0.002958718 0.075929835 -0.008411981 -0.021228835 0.996851683
1341846244.920072 0.008438004 -0.004888280 -0.002893701 0.075923957 -0.007180302 -0.021606201 0.996853650
1341846244.952621 0.008516313 -0.004765117 -0.002635656 0.076759391 -0.006452419 -0.020998165 0.996807635
1341846244.987985 0.008642946 -0.004859087 -0.003567333 0.077029891 -0.006085550 -0.019247714 0.996824503
1341846245.020060 0.008208050 -0.004406964 -0.002988577 0.076596111 -0.005418277 -0.018959440 0.996867239
1341846245.051869 0.008307679 -0.004403382 -0.002872898 0.075043447 -0.004727247 -0.019863989 0.996971190
1341846245.088236 0.008790806 -0.004779917 -0.002752615 0.073715299 -0.004297609 -0.020818202 0.997052729
1341846245.119935 0.008890790 -0.004996990 -0.002445641 0.073245794 -0.004175000 -0.020220891 0.997100174
1341846245.151835 0.008671348 -0.004733164 -0.002440116 0.073768064 -0.003895924 -0.020511437 0.997056842
1341846245.187889 0.008411713 -0.004958333 -0.002552091 0.074347779 -0.003166902 -0.020864703 0.997009099
1341846245.219842 0.008672550 -0.004739032 -0.002575035 0.074608274 -0.003626235 -0.019766755 0.997010410
1341846245.256030 0.008795819 -0.004758644 -0.002295758 0.073873922 -0.003551825 -0.020582164 0.997048855
1341846245.287962 0.008822849 -0.004589766 -0.002109690 0.073856458 -0.003374432 -0.021870412 0.997023344
1341846245.319885 0.008337780 -0.004601247 -0.002039908 0.073679708 -0.002863789 -0.022717636 0.997019053
1341846245.355859 0.008324672 -0.004624304 -0.001985588 0.073571816 -0.003363742 -0.022958303 0.997020006
1341846245.387919 0.008427930 -0.004605581 -0.002065160 0.073575243 -0.003607720 -0.023137560 0.997014701
1341846245.423977 0.008361265 -0.004623916 -0.001955081 0.073903888 -0.003260611 -0.023782648 0.996976495
1341846245.455822 0.008719538 -0.004520467 -0.002592439 0.074541852 -0.003623038 -0.024806764 0.996902704
1341846245.487804 0.008373977 -0.004626797 -0.001942622 0.074665375 -0.003346550 -0.024404397 0.996904373
1341846245.523916 0.008399756 -0.004495197 -0.002220979 0.074943468 -0.003423789 -0.024714006 0.996875584
1341846245.555797 0.008335505 -0.004513375 -0.002066321 0.074773788 -0.003024976 -0.025331916 0.996874154
1341846245.591988 0.008066295 -0.004858628 -0.002195663 0.075111441 -0.002924105 -0.024762606 0.996863365
1341846245.623837 0.008282619 -0.005106461 -0.002396937 0.075989977 -0.003503921 -0.023589727 0.996823370
1341846245.655890 0.008104738 -0.004929387 -0.003198830 0.076204248 -0.003253538 -0.023162704 0.996817827
1341846245.692060 0.008322198 -0.004663862 -0.002731282 0.076061964 -0.002637240 -0.024468135 0.996799350
1341846245.724517 0.008023893 -0.004838589 -0.002038848 0.076254763 -0.002153191 -0.024541995 0.996783972
1341846245.760068 0.007896493 -0.005236113 -0.002342273 0.076938398 -0.001995330 -0.022727516 0.996774793
1341846245.791914 0.007774217 -0.004534794 -0.002788582 0.077704832 -0.001741291 -0.023709256 0.996692955
1341846245.824142 0.008322493 -0.004799486 -0.002292827 0.077154823 -0.001518297 -0.022708459 0.996759355
1341846245.860005 0.007483280 -0.004868327 -0.002589495 0.076533772 -0.000250737 -0.022524886 0.996812522
1341846245.891878 0.008320824 -0.004727962 -0.002572417 0.075778387 -0.001079978 -0.022264021 0.996875525
1341846245.927903 0.007884461 -0.005146727 -0.003001957 0.075767659 0.000265956 -0.023257297 0.996854246
1341846245.959920 0.007636134 -0.005004202 -0.003186724 0.076534398 0.000825750 -0.022900242 0.996803641
1341846245.986182 0.007809237 -0.005207111 -0.003342770 0.076250769 0.000159298 -0.022722658 0.996829748
1341846246.022057 0.007850916 -0.005026598 -0.002474203 0.077284098 -0.000174560 -0.023517044 0.996731758
1341846246.053871 0.007658950 -0.005245182 -0.002420730 0.078154169 -0.000204396 -0.022895169 0.996678352
1341846246.085916 0.007339722 -0.006527801 -0.002293932 0.078136027 -0.000770285 -0.022193359 0.996695399
1341846246.121806 0.007497345 -0.005054513 -0.002314175 0.080554254 -0.002142245 -0.022559302 0.996492624
1341846246.153949 0.007637264 -0.004766397 -0.002718813 0.081754692 -0.002582332 -0.024784600 0.996340930
1341846246.190063 0.006413389 -0.004620079 -0.002742762 0.082591288 -0.001166248 -0.026820438 0.996221900
1341846246.222002 0.006839620 -0.004497584 -0.002720609 0.082004018 -0.001719223 -0.028291538 0.996228874
1341846246.253984 0.006730192 -0.004929941 -0.003406889 0.081641786 -0.001418962 -0.029877869 0.996212780
1341846246.289808 0.006530702 -0.005089085 -0.003288387 0.082600310 -0.000735024 -0.030125523 0.996127069
1341846246.322001 0.006784500 -0.003748620 -0.003242051 0.083519317 0.000166491 -0.031775229 0.995999455
1341846246.353946 0.007215284 -0.003809518 -0.002405426 0.081672207 0.000512648 -0.032676008 0.996123374
1341846246.389885 0.006887001 -0.004241842 -0.002941613 0.080007292 0.001722499 -0.032955322 0.996247888
1341846246.421855 0.006522766 -0.004165618 -0.002783588 0.080572225 0.002697700 -0.031238245 0.996255517
1341846246.457915 0.006486864 -0.003742263 -0.002578005 0.080338404 0.002695282 -0.029008588 0.996341825
1341846246.489829 0.007216193 -0.003644618 -0.002845031 0.079470120 0.002754181 -0.027160883 0.996463358
1341846246.521912 0.007166199 -0.003942916 -0.003043475 0.077763245 0.004647487 -0.026176682 0.996617317
1341846246.558038 0.007100186 -0.004014729 -0.002524812 0.077198789 0.006289352 -0.027053423 0.996628761
1341846246.589826 0.007042393 -0.004320058 -0.001870340 0.077486746 0.006696571 -0.026011700 0.996631563
1341846246.622033 0.007084359 -0.004152312 -0.002483735 0.077825226 0.006597645 -0.023521764 0.996667743
1341846246.658046 0.006911438 -0.004267204 -0.002203604 0.077131353 0.006017632 -0.022348467 0.996752262
1341846246.689939 0.007157125 -0.004233720 -0.002310055 0.076782115 0.005103646 -0.022920147 0.996771395
1341846246.725903 0.007329431 -0.004017415 -0.002175380 0.076853059 0.004657502 -0.023519076 0.996754110
1341846246.757894 0.006986811 -0.004144767 -0.002288962 0.075790688 0.005194314 -0.024436694 0.996810794
1341846246.789989 0.007032987 -0.004345469 -0.002780859 0.074898951 0.005052014 -0.025366347 0.996855676
1341846246.826059 0.007138664 -0.004582524 -0.001367960 0.074838504 0.004366008 -0.024618488 0.996882200
1341846246.857869 0.007019033 -0.004705003 -0.002044916 0.075733177 0.004317875 -0.025103949 0.996802688
1341846246.893944 0.006873669 -0.004137012 -0.002041223 0.076222368 0.003799584 -0.024225883 0.996789277
1341846246.925896 0.007179627 -0.004280003 -0.002230477 0.075434729 0.002830222 -0.024217926 0.996852636
1341846246.958090 0.007165068 -0.004296454 -0.002115145 0.075420059 0.002868046 -0.024288524 0.996851921
1341846246.993936 0.007062327 -0.004316189 -0.001905336 0.075258680 0.002713032 -0.024558365 0.996857941
1341846247.026204 0.006946631 -0.004331434 -0.001690494 0.075426348 0.002723446 -0.026600914 0.996792793
1341846247.057936 0.006875840 -0.004559402 -0.001929718 0.076008491 0.002773443 -0.027366908 0.996727705
1341846247.093899 0.006953982 -0.004103261 -0.002007523 0.077396840 0.002081158 -0.026332829 0.996650398
1341846247.126028 0.006706611 -0.003997990 -0.002422977 0.077143550 0.001805880 -0.026445720 0.996667564
1341846247.162093 0.006618247 -0.004991543 -0.001783540 0.077121764 0.001535901 -0.026192620 0.996676385
1341846247.194072 0.007272938 -0.004671520 -0.002249243 0.080432199 0.002086355 -0.023918029 0.996470928
1341846247.225977 0.006965438 -0.004602587 -0.001204205 0.081704006 0.002497278 -0.021692133 0.996417403
1341846247.261953 0.007462226 -0.005601145 -0.001443689 0.083747804 0.002671274 -0.022480754 0.996229827
1341846247.293957 0.007058418 -0.004914805 -0.001543097 0.088885523 0.004194704 -0.022329336 0.995782733
1341846247.325987 0.007304475 -0.003978407 -0.001621397 0.090662599 0.003290975 -0.021490447 0.995644391
1341846247.361940 0.007344964 -0.003792656 -0.002185737 0.088494629 0.001974431 -0.020947270 0.995854437
1341846247.394053 0.007366625 -0.003995584 -0.002012389 0.086406492 0.001925566 -0.020535937 0.996046484
1341846247.430187 0.007208643 -0.004291592 -0.001399093 0.083900169 0.001471149 -0.021844372 0.996233642
1341846247.462223 0.007129765 -0.004437507 -0.001141796 0.083144724 0.000552007 -0.022784315 0.996276855
1341846247.493952 0.007691565 -0.004568198 -0.001397611 0.083298743 -0.000310708 -0.022899529 0.996261418
1341846247.530027 0.007611111 -0.005114651 -0.000197900 0.083651640 0.000038920 -0.023241164 0.996224046
1341846247.562209 0.007470040 -0.005430381 -0.000201198 0.085803054 0.000396199 -0.022464529 0.996058762
1341846247.594166 0.007523065 -0.004393202 -0.000372427 0.088078044 -0.000029990 -0.020803683 0.995896339
1341846247.630035 0.007376016 -0.004303665 -0.000629095 0.086555190 -0.000836359 -0.021003772 0.996025264
1341846247.662701 0.008100658 -0.004901881 -0.000668817 0.085287824 -0.001742756 -0.019848648 0.996157110
1341846247.697913 0.007875775 -0.004276338 -0.000294430 0.086683944 -0.000888508 -0.018178882 0.996069610
1341846247.730051 0.007461071 -0.004158634 -0.000611726 0.085148148 -0.001482391 -0.016980346 0.996222556
1341846247.762180 0.008190209 -0.005202136 -0.000258061 0.085219711 -0.002606183 -0.016475178 0.996222556
1341846247.798768 0.008175830 -0.004556588 -0.000209700 0.087767795 -0.002121101 -0.014085402 0.996039152
1341846247.830259 0.008322418 -0.003873765 -0.001182476 0.086750589 -0.002487308 -0.013178187 0.996139824
1341846247.865875 0.008313683 -0.004688079 -0.001129835 0.084492810 -0.002255582 -0.014385024 0.996317744
1341846247.898157 0.008239438 -0.005184710 -0.000272217 0.086654313 -0.001132031 -0.014235244 0.996136129
1341846247.930002 0.007725808 -0.004306467 -0.000387334 0.088233776 -0.002122283 -0.012797107 0.996015310
1341846247.966006 0.007851773 -0.004719255 0.000407968 0.086942330 -0.004385087 -0.012419303 0.996126294
1341846247.998062 0.008310265 -0.004991111 0.000100319 0.088926956 -0.004484423 -0.012000021 0.995955825
1341846248.030615 0.008091427 -0.004693878 0.000122984 0.090616219 -0.003797617 -0.012241022 0.995803416
1341846248.065891 0.008221552 -0.004130191 0.000089495 0.089575991 -0.003768472 -0.012101013 0.995899439
1341846248.098211 0.008844721 -0.004823288 0.000243529 0.088320769 -0.003201953 -0.012766485 0.996005118
1341846248.133929 0.009034035 -0.004774877 0.000114442 0.090164125 0.000509291 -0.015416309 0.995807528
1341846248.166050 0.008510403 -0.004182179 0.000180686 0.089639142 0.003031555 -0.017930463 0.995808303
1341846248.198024 0.008206767 -0.004654245 0.000338455 0.088246360 0.003111841 -0.018633112 0.995919585
1341846248.233930 0.008616898 -0.005162030 0.000539360 0.089983128 0.003062711 -0.019022083 0.995756924
1341846248.265968 0.008500082 -0.004309756 0.000718822 0.090926290 0.003900444 -0.019776762 0.995653629
1341846248.297927 0.008423037 -0.004871790 0.000584541 0.087988950 0.003595208 -0.022835445 0.995853186
1341846248.333956 0.007689700 -0.004633929 0.001723107 0.089097328 0.003873293 -0.024957750 0.995702684
1341846248.366013 0.008187947 -0.004870767 0.002283803 0.090523645 0.003264034 -0.024554977 0.995586216
1341846248.402093 0.008188461 -0.004682424 0.000821386 0.089928202 0.002476487 -0.023940720 0.995657384
1341846248.433862 0.008375650 -0.005102366 0.000566150 0.089695163 0.002010765 -0.024483815 0.995666265
1341846248.466804 0.008367382 -0.004933060 0.000728623 0.090751998 0.003418323 -0.025422199 0.995543122
1341846248.502139 0.007874436 -0.003959337 0.001108386 0.089476101 0.003385527 -0.025666293 0.995652497
1341846248.534215 0.007443519 -0.005016243 0.002090247 0.086641580 0.001873375 -0.025544649 0.995910287
1341846248.565971 0.008331040 -0.004819753 0.001364086 0.088803262 0.000738036 -0.024584850 0.995745480
1341846248.602003 0.008350335 -0.003771985 0.000653854 0.088183716 0.001957880 -0.025505444 0.995775759
1341846248.640295 0.008251014 -0.004859156 0.001148211 0.086330347 0.002203652 -0.025524385 0.995937109
1341846248.675831 0.008455599 -0.005361018 0.001273148 0.088921182 0.002457211 -0.024848484 0.995725632
1341846248.708095 0.008814422 -0.004969279 -0.000147283 0.090308152 0.003295564 -0.025061466 0.995593071
1341846248.740085 0.008067724 -0.005186070 0.001544058 0.089652665 0.003604759 -0.025081227 0.995650768
1341846248.775948 0.008208174 -0.005626346 0.001251769 0.090949468 0.002689921 -0.025715401 0.995519817
1341846248.802167 0.008238698 -0.005153711 0.001463695 0.092441395 0.002878275 -0.025771324 0.995380461
1341846248.833950 0.008295501 -0.005273432 0.001520874 0.092086084 0.002568058 -0.025648501 0.995417356
1341846248.869901 0.008258872 -0.005664932 0.001215638 0.093181334 0.002230073 -0.025015928 0.995332420
1341846248.901932 0.008484852 -0.005438403 0.000953774 0.094998501 0.002371366 -0.024941517 0.995162129
1341846248.938035 0.008203250 -0.004809983 0.001152301 0.095047578 0.002649420 -0.024745539 0.995161593
1341846248.969908 0.008163150 -0.005051669 0.000757348 0.093917884 0.002188389 -0.025443623 0.995252371
1341846249.001964 0.008136932 -0.005408572 0.001287063 0.093224086 0.002250124 -0.025911450 0.995305419
1341846249.037998 0.008047037 -0.004937333 0.000793493 0.093781970 0.002326500 -0.024863191 0.995279551
1341846249.069961 0.008177405 -0.004846762 0.000827922 0.092355445 0.001031906 -0.023616644 0.995445490
1341846249.105888 0.008786613 -0.005032767 0.000789498 0.092192151 0.001164163 -0.023668010 0.995459259
1341846249.138041 0.008434406 -0.005026698 0.001513569 0.092512324 0.002521786 -0.023431474 0.995432675
1341846249.169904 0.008248689 -0.005252805 0.001832908 0.092122383 0.002641595 -0.022033278 0.995500386
1341846249.206013 0.008653922 -0.005526753 0.000771940 0.093411013 0.002981014 -0.021552913 0.995389879
1341846249.237872 0.008746122 -0.004637246 0.001187336 0.094237417 0.004257447 -0.021666730 0.995304883
1341846249.269963 0.008271407 -0.005105177 0.000850111 0.092175148 0.004827396 -0.022325529 0.995480776
1341846249.306095 0.008850818 -0.005650225 0.001142824 0.092582226 0.004650807 -0.021919167 0.995452881
1341846249.337853 0.008927590 -0.004801631 0.001154371 0.094383210 0.005923871 -0.021385685 0.995288670
1341846249.373854 0.009301717 -0.004554908 0.001096517 0.092763826 0.005696896 -0.021149099 0.995447218
1341846249.405928 0.008616081 -0.005129046 0.001873076 0.091685578 0.007458837 -0.022991896 0.995494604
1341846249.437945 0.008829122 -0.004924902 0.001932633 0.092992552 0.008969139 -0.023577482 0.995347202
1341846249.474182 0.008677730 -0.004694517 0.002277488 0.092406906 0.009184413 -0.023852635 0.995393217
1341846249.505956 0.008832194 -0.005292781 0.002060720 0.090534784 0.008866985 -0.023457065 0.995577514
1341846249.538288 0.009073404 -0.005196056 0.001939701 0.090645179 0.008967218 -0.023581747 0.995563626
1341846249.574263 0.009245619 -0.004859073 0.001069131 0.090009630 0.008836227 -0.023322234 0.995628595
1341846249.606015 0.008966171 -0.004762211 0.002151174 0.088972189 0.008082614 -0.021662002 0.995765746
1341846249.641995 0.008998651 -0.004779924 0.002138210 0.089380145 0.006720431 -0.018885754 0.995795846
1341846249.674108 0.009134054 -0.004587949 0.001521340 0.087972969 0.005532503 -0.018177919 0.995941639
1341846249.706034 0.008860440 -0.004550324 0.002169176 0.085297368 0.004979292 -0.018034631 0.996179938
1341846249.742012 0.008944628 -0.004939968 0.002035951 0.084929027 0.003493873 -0.016599445 0.996242642
1341846249.773906 0.008825818 -0.004845724 0.001656871 0.085524186 0.001434775 -0.013983191 0.996236920
1341846249.806093 0.008656536 -0.004641878 0.001980759 0.084689960 -0.001401406 -0.011068137 0.996344924
1341846249.842148 0.009064223 -0.004517919 0.001856877 0.084157124 -0.003550774 -0.009741156 0.996398568
1341846249.873923 0.008444913 -0.004505099 0.001958228 0.084091872 -0.004942678 -0.008496283 0.996409595
1341846249.909991 0.008503532 -0.004057526 0.002461046 0.084352612 -0.008742755 -0.005659117 0.996381581
1341846249.942024 0.009099477 -0.004069872 0.002119586 0.083890714 -0.012043257 -0.003117547 0.996397316
1341846249.974199 0.009466180 -0.003856963 0.001613427 0.084364064 -0.013748748 -0.004133749 0.996331573
1341846250.010384 0.009591627 -0.003814800 0.001375728 0.084033348 -0.015364928 -0.003815836 0.996337175
1341846250.042022 0.009635305 -0.003874384 0.001512919 0.084283173 -0.017564839 -0.002202022 0.996284604
1341846250.078047 0.010142585 -0.003800321 0.000873693 0.086002126 -0.017655868 -0.002090385 0.996136367
1341846250.109945 0.010342591 -0.003696789 0.000439867 0.085479200 -0.016168080 -0.003282372 0.996203423
1341846250.141849 0.010614275 -0.003515359 0.000611118 0.083708562 -0.014953688 -0.004208029 0.996369183
1341846250.177803 0.010660769 -0.003484127 0.000324871 0.084266551 -0.012287259 -0.004125665 0.996358991
1341846250.210137 0.011253729 -0.003339202 -0.000237465 0.084708847 -0.009175873 -0.004590600 0.996352971
1341846250.241903 0.011015798 -0.003370085 -0.000256519 0.083326988 -0.006432421 -0.008466790 0.996465564
1341846250.277878 0.010718938 -0.003489080 0.000400363 0.082562409 -0.004853879 -0.010620134 0.996517539
1341846250.309873 0.010674241 -0.003509851 0.000442553 0.081808649 -0.004441202 -0.010707751 0.996580660
1341846250.346142 0.010643195 -0.003463929 0.000485316 0.082308002 -0.004943558 -0.010817702 0.996536016
1341846250.377944 0.010644044 -0.003433017 0.000533327 0.083031952 -0.004910296 -0.010714782 0.996477187
1341846250.410038 0.010654559 -0.003440581 0.000481886 0.083603993 -0.005223042 -0.010530781 0.996429741
1341846250.445984 0.010662797 -0.003430645 0.000426504 0.084632352 -0.004973742 -0.011571095 0.996332645
1341846250.477872 0.010713121 -0.003375040 0.000297620 0.083974555 -0.005446939 -0.011666000 0.996384799
1341846250.509930 0.010092450 -0.003658286 0.000759234 0.083649069 -0.006891008 -0.009639300 0.996424854
1341846250.546119 0.010258882 -0.003603295 0.000454655 0.084315971 -0.008144714 -0.009096419 0.996364236
1341846250.577998 0.010331146 -0.003541091 0.000367076 0.082938559 -0.007379154 -0.010363833 0.996473491
1341846250.613828 0.010610868 -0.003401440 0.000583994 0.081861600 -0.007503317 -0.009748307 0.996567845
1341846250.646114 0.010621794 -0.003431450 0.000632891 0.082388386 -0.007806827 -0.007130319 0.996544242
1341846250.677812 0.010835494 -0.003379072 -0.000012549 0.081660151 -0.007519867 -0.005651202 0.996615827
1341846250.713958 0.010900343 -0.003377802 -0.000111511 0.080011182 -0.006426758 -0.005425018 0.996758580
1341846250.745904 0.010910705 -0.003375671 -0.000055390 0.079335801 -0.006474274 -0.003102365 0.996822178
1341846250.777886 0.010534280 -0.003258642 0.001097187 0.078927249 -0.008042150 -0.000743915 0.996847689
1341846250.814024 0.010681582 -0.003156376 0.001171248 0.078286037 -0.008725442 -0.000453149 0.996892691
1341846250.846025 0.010711799 -0.002692673 0.001504460 0.077494942 -0.008579317 -0.001401304 0.996954858
1341846250.881824 0.010823164 -0.003025537 0.001505381 0.077864259 -0.009015977 -0.000552646 0.996923029
1341846250.913808 0.010910526 -0.002920718 0.001362056 0.079968110 -0.009047938 -0.000262220 0.996756375
1341846250.946118 0.010744905 -0.003079457 0.001607296 0.080348417 -0.008197363 -0.000598790 0.996733010
1341846250.981803 0.010965801 -0.002676799 0.001019970 0.081478529 -0.008337394 -0.001065967 0.996639669
1341846251.014047 0.010803063 -0.002909127 0.001446726 0.081313699 -0.009608284 -0.002339901 0.996639550
1341846251.046033 0.010851641 -0.003030471 0.001210412 0.082058646 -0.010244387 -0.003290463 0.996569455
1341846251.081959 0.010864397 -0.003190507 0.001442604 0.083688140 -0.009835613 -0.004186670 0.996434748
1341846251.114058 0.010960643 -0.003143917 0.001240813 0.085503139 -0.009266937 -0.004264285 0.996285677
1341846251.149920 0.011070050 -0.002859619 0.001054176 0.087023467 -0.009057587 -0.004483629 0.996155083
1341846251.181983 0.011151091 -0.002982084 0.001103490 0.087700769 -0.008103966 -0.006132008 0.996095061
1341846251.214205 0.010740274 -0.003107700 0.000430426 0.088412918 -0.007990165 -0.006545962 0.996030450
1341846251.249978 0.010563132 -0.003068661 0.000281969 0.088563427 -0.009718837 -0.005372403 0.996008635
1341846251.281923 0.010581000 -0.003204839 0.000809335 0.089273348 -0.011244087 -0.005637038 0.995927751
1341846251.318026 0.010236227 -0.002852136 0.000353348 0.088896789 -0.012005927 -0.006512730 0.995947182
1341846251.350003 0.009880401 -0.002871638 0.000653055 0.086738914 -0.014138926 -0.006946879 0.996106565
1341846251.382003 0.010462016 -0.003096625 0.000658741 0.086988606 -0.016837411 -0.005988316 0.996049047
1341846251.417971 0.010469352 -0.002267888 0.000352070 0.087644547 -0.017502123 -0.007052193 0.995973110
1341846251.449878 0.010185487 -0.002188066 0.000909026 0.084855549 -0.018040439 -0.008415442 0.996194482
1341846251.481872 0.009627423 -0.002601021 0.000951378 0.082230911 -0.019059544 -0.008896370 0.996391356
1341846251.517870 0.009876254 -0.002420771 0.001008978 0.081052385 -0.021034982 -0.007802700 0.996457338
1341846251.549884 0.010240420 -0.002338886 0.001262842 0.079212531 -0.021836217 -0.007593103 0.996589661
1341846251.586071 0.010202457 -0.002698968 0.001131787 0.078522362 -0.021443984 -0.006903095 0.996657789
1341846251.618241 0.009907253 -0.002785267 0.001319262 0.079168946 -0.021937348 -0.005404394 0.996605217
1341846251.649917 0.010415719 -0.002774391 0.001900713 0.079938486 -0.021552784 -0.005086351 0.996553838
1341846251.686034 0.010291493 -0.002653845 0.001838719 0.080486596 -0.019228706 -0.007055017 0.996545255
1341846251.718103 0.010048113 -0.002488223 0.001713028 0.080740608 -0.017939616 -0.007887907 0.996542513
1341846251.749907 0.009851765 -0.002730828 0.001866241 0.080945916 -0.018366836 -0.007048155 0.996524334
