1341846227.989985 0.008303498 -0.004025688 0.000335335 0.010573642 -0.010985172 -0.028763354 0.999469936
1341846228.021937 0.007197667 -0.006284947 0.001200531 0.009212712 -0.009542221 -0.028923186 0.999493599
1341846228.058222 0.007628429 -0.006464268 0.000916892 0.011622589 -0.009676179 -0.027779758 0.999499679
1341846228.090097 0.016651567 -0.007720471 -0.000962149 0.011120160 -0.012553597 -0.027396662 0.999483943
1341846228.121845 0.008929336 -0.003230351 0.001089340 0.010016175 -0.007118351 -0.026960567 0.999561012
1341846228.157875 0.014149472 -0.006984759 -0.000287384 0.006092791 -0.009442473 -0.023556340 0.999659359
1341846228.189872 0.015249838 -0.006162975 -0.000661467 0.004094464 -0.010657947 -0.021668535 0.999700010
1341846228.225994 0.016019911 -0.008963405 0.000008863 0.000739068 -0.010968574 -0.022397326 0.999688685
1341846228.258336 0.015534273 -0.010980912 0.000334665 0.000427709 -0.011675775 -0.022979876 0.999667645
1341846228.289941 0.009054137 -0.005516995 0.001674348 0.003545515 -0.009025807 -0.022289908 0.999704540
1341846228.326018 0.018650552 -0.011020680 0.000613824 0.001480929 -0.012839786 -0.021676959 0.999681473
1341846228.358243 0.018330749 -0.010491192 0.000075786 0.002260206 -0.010991878 -0.021599261 0.999703705
1341846228.389779 0.016595200 -0.010548254 0.000236712 0.001786790 -0.009575219 -0.021124531 0.999729395
1341846228.426073 0.019483607 -0.011210144 0.000416882 0.001736065 -0.010554801 -0.021004613 0.999722183
1341846228.457823 0.019386999 -0.011857676 -0.001068541 0.002480804 -0.008333300 -0.020363599 0.999754846
1341846228.493915 0.016131835 -0.009793606 -0.001283584 0.002834486 -0.006286544 -0.020586202 0.999764323
1341846228.525907 0.017382806 -0.011253948 -0.001297734 0.001308199 -0.007905891 -0.019486114 0.999778032
1341846228.558208 0.019268302 -0.012075348 -0.001147628 0.000916302 -0.008423898 -0.018463500 0.999793649
1341846228.593899 0.014355072 -0.008701904 0.000346673 0.003043686 -0.005224290 -0.018206984 0.999815941
1341846228.626021 0.015422507 -0.011130605 -0.002312608 0.001513809 -0.007307368 -0.017461920 0.999819696
1341846228.658069 0.017101707 -0.010287374 -0.002168655 0.001004249 -0.009374619 -0.016285975 0.999822915
1341846228.693942 0.018320151 -0.011165816 -0.002259582 -0.000318286 -0.009232805 -0.016855897 0.999815226
1341846228.726069 0.020005792 -0.011625713 -0.001461611 -0.001158584 -0.008752913 -0.016838046 0.999819279
1341846228.762090 0.018951397 -0.011919054 -0.001954169 -0.001413988 -0.008142500 -0.015116862 0.999851584
1341846228.794000 0.019046256 -0.013005084 -0.002075314 -0.001086260 -0.008762160 -0.013573425 0.999868870
1341846228.825934 0.020459460 -0.012028190 -0.003163338 0.000341840 -0.008813098 -0.012995648 0.999876678
1341846228.862015 0.020172194 -0.012103492 -0.002878602 0.000366159 -0.008513954 -0.011730929 0.999894857
1341846228.893856 0.019912655 -0.012047983 -0.003444150 0.000595382 -0.009645851 -0.011203167 0.999890566
1341846228.926548 0.022723194 -0.011910389 -0.004103147 0.000841012 -0.010956150 -0.011481063 0.999873698
1341846228.961940 0.012971616 -0.006163151 -0.001407832 0.003347909 -0.005812425 -0.010973019 0.999917269
1341846228.994040 0.021787127 -0.011343879 -0.004631571 -0.000354345 -0.009618720 -0.011065441 0.999892473
1341846229.029897 0.023175444 -0.012632823 -0.002700870 -0.000727280 -0.010364612 -0.010925074 0.999886334
1341846229.061870 0.022509998 -0.012882557 -0.003578310 0.000312784 -0.009868368 -0.010582677 0.999895275
1341846229.094829 0.022906287 -0.012131603 -0.003479991 0.000796951 -0.009349598 -0.009481130 0.999911010
1341846229.129930 0.023976324 -0.011827332 -0.003357624 0.000378691 -0.009266696 -0.008784103 0.999918401
1341846229.161882 0.014894018 -0.006712085 -0.001444623 0.002434168 -0.004877114 -0.008824224 0.999946237
1341846229.197882 0.014234866 -0.007693914 -0.001578798 0.002099439 -0.004489123 -0.009281652 0.999944627
1341846229.229812 0.023513792 -0.014730236 -0.002951496 -0.000131891 -0.009027138 -0.009650684 0.999912679
1341846229.261994 0.023569100 -0.014474347 -0.003262864 0.001351810 -0.009459326 -0.009856687 0.999905765
1341846229.297920 0.023182664 -0.014550568 -0.004299933 0.001301466 -0.009498787 -0.011121147 0.999892175
1341846229.329933 0.023058835 -0.014170975 -0.004133131 0.001466060 -0.010090701 -0.011442294 0.999882579
1341846229.361996 0.023398647 -0.014509907 -0.003696752 0.001200085 -0.010768385 -0.011347242 0.999876916
1341846229.398029 0.023058476 -0.016043395 -0.001726127 0.002761008 -0.010280388 -0.011483145 0.999877393
1341846229.430182 0.023032600 -0.014425633 -0.003389290 0.006263188 -0.010560572 -0.010628397 0.999868155
1341846229.471963 0.023244997 -0.014091347 -0.004038943 0.007217051 -0.010974105 -0.010130978 0.999862432
1341846229.498348 0.023120852 -0.014502849 -0.003666171 0.007892163 -0.010476328 -0.009749969 0.999866426
1341846229.530149 0.023396932 -0.014579745 -0.004382920 0.008712907 -0.010143746 -0.008418093 0.999875128
1341846229.566064 0.014870037 -0.009104998 -0.002261772 0.011275634 -0.006467082 -0.006717892 0.999892950
1341846229.598057 0.025039090 -0.015717085 -0.004731442 0.009951709 -0.010285499 -0.005046706 0.999884844
1341846229.630063 0.025193239 -0.015675951 -0.005039991 0.011398634 -0.008840743 -0.003668509 0.999889195
1341846229.665946 0.024618946 -0.015233494 -0.005166566 0.011132854 -0.008275921 -0.002824209 0.999899805
1341846229.698150 0.024559310 -0.015275288 -0.004902133 0.011749214 -0.007914922 -0.002076134 0.999897480
1341846229.733828 0.015663015 -0.009550279 -0.003186405 0.017388528 -0.002806733 -0.000049405 0.999844849
1341846229.765937 0.015825966 -0.009547764 -0.003573392 0.018209230 -0.001495668 0.000263041 0.999833047
1341846229.798002 0.025201609 -0.015614895 -0.005799256 0.013515438 -0.004972854 -0.001066531 0.999895692
1341846229.833857 0.024856100 -0.015548226 -0.004793690 0.013388915 -0.004708326 -0.001533619 0.999898136
1341846229.865928 0.025516704 -0.015788831 -0.005992191 0.014802667 -0.004218082 -0.001641783 0.999880195
1341846229.897926 0.025552016 -0.015718406 -0.006344831 0.014884489 -0.003980069 -0.002006441 0.999879301
1341846229.939857 0.026689852 -0.016806277 -0.006041766 0.012433167 -0.004132840 -0.002763054 0.999910355
1341846229.965948 0.026438387 -0.016679375 -0.005712757 0.011341413 -0.003330654 -0.002606138 0.999926746
1341846230.002061 0.024215193 -0.015019619 -0.004201099 0.010757190 -0.001711498 -0.003810171 0.999933422
1341846230.033858 0.024887636 -0.015465371 -0.005223687 0.007618393 -0.002623513 -0.004399238 0.999957860
1341846230.065938 0.019262884 -0.011378602 -0.002843550 0.009356849 0.000862004 -0.003580640 0.999949455
1341846230.103878 0.019236395 -0.011403012 -0.002767613 0.009509920 0.001699653 -0.002685220 0.999949753
1341846230.144719 0.024465339 -0.015163665 -0.004616238 0.006550258 -0.000734040 -0.002912282 0.999974012
1341846230.172747 0.024208717 -0.015345574 -0.004005128 0.006050159 -0.000395530 -0.001974355 0.999979675
1341846230.208544 0.024501236 -0.015485386 -0.003924774 0.006800430 0.000214339 -0.000013199 0.999976814
1341846230.271971 0.024525266 -0.015488722 -0.004429766 0.005474170 0.000262204 -0.000551220 0.999984801
1341846230.302303 0.024694499 -0.015725607 -0.003449890 0.007784925 0.000113279 0.001794841 0.999968052
1341846230.334051 0.024799418 -0.015715787 -0.003640780 0.009608096 0.000328186 0.002213089 0.999951303
1341846230.370031 0.014793817 -0.009292362 -0.001155856 0.014599381 0.005596939 0.001677816 0.999876320
1341846230.401932 0.014827729 -0.009197643 -0.001288457 0.016806170 0.006485452 0.000412006 0.999837637
1341846230.437965 0.024850866 -0.015331563 -0.003563100 0.015524019 0.002930545 -0.000887137 0.999874771
1341846230.469920 0.023671385 -0.015815970 -0.004725820 0.016620511 0.003824549 -0.001662353 0.999853194
1341846230.501933 0.023371171 -0.014353768 -0.004595718 0.017221132 0.004107418 -0.002892170 0.999839067
1341846230.537834 0.024092367 -0.013673985 -0.004221425 0.016655553 0.003426541 -0.002946129 0.999851108
1341846230.569803 0.025305156 -0.012148167 -0.004438838 0.018748436 0.002239030 -0.003006022 0.999817193
1341846230.601945 0.024772299 -0.013423548 -0.002965485 0.020386554 0.001805050 -0.003066046 0.999785841
1341846230.637789 0.025583893 -0.015577489 -0.005071449 0.020268019 0.000864104 -0.002750138 0.999790430
1341846230.670057 0.025295608 -0.015105592 -0.007030452 0.019755507 0.000575967 -0.003890187 0.999797106
1341846230.705937 0.024571095 -0.015157222 -0.004829754 0.018843837 0.000245619 -0.004869256 0.999810576
1341846230.737932 0.025701055 -0.017335428 -0.004857592 0.018679088 -0.000459106 -0.004810657 0.999813855
1341846230.769960 0.023655938 -0.015096269 -0.002630193 0.020934407 0.000282282 -0.003173423 0.999775767
1341846230.805852 0.021310547 -0.014738365 -0.001935936 0.021290597 0.000954228 -0.002817996 0.999768913
1341846230.837804 0.025286831 -0.015528126 -0.004660626 0.021197766 -0.001616461 -0.003503393 0.999767840
1341846230.869829 0.025463045 -0.016068013 -0.003674149 0.022006365 -0.001278465 -0.003123924 0.999752104
1341846230.905851 0.024151176 -0.017180726 -0.003509175 0.021970591 -0.000726015 -0.003425800 0.999752462
1341846230.937917 0.025725722 -0.016980404 -0.005043152 0.021890165 -0.002937556 -0.003710497 0.999749184
1341846230.973933 0.024952475 -0.016628059 -0.003309686 0.022734454 -0.002819145 -0.003255611 0.999732256
1341846231.006047 0.026486039 -0.016404547 -0.004997432 0.023859810 -0.003601998 -0.001869031 0.999707103
1341846231.037936 0.027045200 -0.014882368 -0.005686939 0.024670759 -0.004565801 -0.002457257 0.999682188
1341846231.074310 0.027257146 -0.014835797 -0.004963233 0.024553647 -0.005262022 -0.002454611 0.999681652
1341846231.106085 0.024925506 -0.018854450 -0.004998143 0.023664508 -0.004225590 -0.003153586 0.999706030
1341846231.138083 0.025366521 -0.018401762 -0.005858962 0.024945363 -0.005171874 -0.002620735 0.999671996
1341846231.174011 0.026432227 -0.017833462 -0.006434732 0.025319304 -0.006197299 -0.002813145 0.999656260
1341846231.205909 0.025845842 -0.018264044 -0.005820663 0.025808631 -0.006161048 -0.003124359 0.999643028
1341846231.241869 0.025229655 -0.017153746 -0.004643987 0.027767587 -0.005364008 -0.003457934 0.999594033
1341846231.273832 0.025465099 -0.017351178 -0.004942388 0.027716288 -0.005808270 -0.003280676 0.999593556
1341846231.305846 0.025630876 -0.017442910 -0.005186250 0.029047281 -0.006329906 -0.003072712 0.999553263
1341846231.341923 0.026871899 -0.017586205 -0.009105426 0.028524544 -0.007304657 -0.003367270 0.999560714
1341846231.374263 0.025596635 -0.015671117 -0.007801528 0.027827494 -0.007173385 -0.003294481 0.999581575
1341846231.410022 0.025038969 -0.015732871 -0.006430026 0.027091004 -0.006932925 -0.004271186 0.999599814
1341846231.442103 0.025160221 -0.015814487 -0.006149970 0.027023166 -0.007065884 -0.003247063 0.999604583
1341846231.484245 0.025549533 -0.015853032 -0.007048209 0.026996611 -0.008236210 -0.001863173 0.999599874
1341846231.516816 0.026391886 -0.015474340 -0.006816534 0.026367070 -0.009058362 -0.002166237 0.999608934
1341846231.547853 0.026980110 -0.015619962 -0.007948907 0.024204649 -0.008066550 -0.003806534 0.999667227
1341846231.583898 0.015939739 -0.008977614 -0.005622389 0.024251614 -0.001556817 -0.005884374 0.999687374
1341846231.615993 0.016138682 -0.010148855 -0.005284769 0.022045871 0.000080462 -0.008785919 0.999718368
1341846231.648015 0.006668260 -0.012971816 0.005824438 0.023245452 0.004998668 -0.012373690 0.999640703
1341846231.683822 0.008139309 -0.014086350 0.005095161 0.027353080 0.002550767 -0.014149308 0.999522388
1341846231.716153 0.024628229 -0.022756735 -0.007787806 0.028581835 -0.005883167 -0.011375261 0.999509394
1341846231.747846 0.025041921 -0.019230733 -0.007421021 0.034477826 -0.007401127 -0.012244681 0.999303043
1341846231.783993 0.026224308 -0.016284231 -0.005000557 0.036705304 -0.009110881 -0.011394782 0.999219656
1341846231.817027 0.026157157 -0.018817907 -0.005647263 0.035129093 -0.009071142 -0.011207858 0.999278784
1341846231.852317 0.019681273 -0.014050765 -0.005229242 0.036533937 -0.006540557 -0.011244929 0.999247730
1341846231.883853 0.020488519 -0.013308383 -0.005235880 0.034667969 -0.007879719 -0.011431809 0.999302387
1341846231.909867 0.025627824 -0.017072311 -0.004338088 0.031268418 -0.011559490 -0.008929589 0.999404311
1341846231.945837 0.025084877 -0.016907569 -0.004371393 0.031620704 -0.011993749 -0.008453736 0.999392211
1341846231.978027 0.024997020 -0.017404243 -0.006910386 0.030904824 -0.012405522 -0.008236166 0.999411404
1341846232.009966 0.024139753 -0.016599772 -0.005119292 0.030137245 -0.012204256 -0.009025671 0.999430537
1341846232.045845 0.020276083 -0.014330274 -0.002613909 0.030696683 -0.012250976 -0.007408931 0.999426186
1341846232.077961 0.022127965 -0.016391844 -0.002301500 0.030585563 -0.014323254 -0.006075644 0.999411047
1341846232.109864 0.026870446 -0.018305225 -0.005947772 0.029185845 -0.016570309 -0.007271094 0.999410212
1341846232.145999 0.027162511 -0.018054876 -0.006068762 0.028904935 -0.016606016 -0.007753085 0.999414146
1341846232.178314 0.017805981 -0.013975399 -0.005867963 0.030287376 -0.012234972 -0.008755482 0.999427974
1341846232.215951 0.018168889 -0.013783529 -0.007141354 0.030452650 -0.012137866 -0.007803197 0.999432027
1341846232.252037 0.018501962 -0.014814958 -0.004699931 0.031555403 -0.012379495 -0.006369602 0.999405026
1341846232.283944 0.016511792 -0.014426949 -0.009073105 0.031640075 -0.011712252 -0.004178107 0.999421954
1341846232.319867 0.021150239 -0.014474366 -0.006486776 0.032043610 -0.013354125 -0.003904328 0.999389648
1341846232.351854 0.020030513 -0.012873220 -0.007336473 0.030758463 -0.012709570 -0.003672845 0.999439299
1341846232.383877 0.024211077 -0.016319701 -0.007002329 0.026862718 -0.014036105 -0.007087260 0.999515474
1341846232.419782 0.023781940 -0.016411401 -0.007095000 0.026139295 -0.014561024 -0.009013919 0.999511600
1341846232.451780 0.023756966 -0.016115336 -0.005706599 0.027320549 -0.015470183 -0.008005949 0.999474943
1341846232.484170 0.028782830 -0.018556766 -0.005666988 0.027276883 -0.017163375 -0.008858202 0.999441326
1341846232.519889 0.028306426 -0.018052708 -0.004430226 0.028794585 -0.017009797 -0.008886881 0.999401152
1341846232.551877 0.027721347 -0.017866548 -0.003910366 0.029287551 -0.017002067 -0.009008683 0.999385834
1341846232.583846 0.029286627 -0.019457111 -0.005774211 0.029617757 -0.017324561 -0.008272598 0.999376893
1341846232.619798 0.028719625 -0.019360084 -0.005358132 0.031961467 -0.016711529 -0.007968316 0.999317586
1341846232.651799 0.026617048 -0.018412143 -0.005167626 0.033352613 -0.015279989 -0.007359674 0.999299765
1341846232.688092 0.025729069 -0.018785814 -0.006932211 0.034484334 -0.014640817 -0.008036703 0.999265671
1341846232.719804 0.026279226 -0.016435817 -0.003295772 0.037929144 -0.014184999 -0.008515945 0.999143481
1341846232.751767 0.025660627 -0.016511736 -0.004416870 0.039620865 -0.013171563 -0.009180032 0.999085784
1341846232.787894 0.025926601 -0.015765732 -0.002831566 0.041972727 -0.012152014 -0.010655368 0.998988032
1341846232.819886 0.023820149 -0.016587036 -0.002710945 0.043655928 -0.010271692 -0.011183654 0.998931229
1341846232.855850 0.022092853 -0.016312329 -0.002141929 0.045741495 -0.008897612 -0.011686071 0.998845339
1341846232.887989 0.026693549 -0.017241815 -0.003863224 0.046502985 -0.010062288 -0.012283444 0.998791933
1341846232.919822 0.027008982 -0.017878585 -0.003816990 0.046840981 -0.009560494 -0.013279612 0.998768330
1341846232.955993 0.026727645 -0.018508388 -0.003107519 0.047772147 -0.009287989 -0.013355599 0.998725772
1341846232.987965 0.026753018 -0.017779142 -0.004306964 0.048068460 -0.008885910 -0.012705431 0.998723686
1341846233.023868 0.027532693 -0.018278999 -0.004149457 0.046437725 -0.007248417 -0.013095255 0.998809040
1341846233.055880 0.027357247 -0.018672144 -0.004608983 0.044912878 -0.005738733 -0.013172884 0.998887539
1341846233.087872 0.025191730 -0.020080594 -0.003774478 0.043348134 -0.004447510 -0.015019344 0.998937190
1341846233.124060 0.026112357 -0.020402305 -0.003945887 0.043945305 -0.005423744 -0.016410993 0.998884380
1341846233.155902 0.025665881 -0.020535694 -0.003083887 0.046077307 -0.006450643 -0.017297331 0.998767257
1341846233.218177 0.026683686 -0.020277655 -0.005016357 0.050319403 -0.007965025 -0.018600194 0.998528183
1341846233.249926 0.026292821 -0.020440612 -0.004494259 0.049002845 -0.007656636 -0.020155935 0.998565912
1341846233.286015 0.025096912 -0.020326694 -0.003375407 0.048071038 -0.007074617 -0.021669591 0.998583734
1341846233.317870 0.025757561 -0.019982645 -0.004604534 0.048489075 -0.006167129 -0.021350317 0.998576462
1341846233.349815 0.025840187 -0.020752231 -0.003543446 0.049360834 -0.005533910 -0.021085722 0.998543084
1341846233.385857 0.024904501 -0.020023832 -0.003062359 0.049904652 -0.005846551 -0.019700317 0.998542547
1341846233.417990 0.025492497 -0.019872246 -0.003881490 0.049768370 -0.006507910 -0.020065229 0.998538017
1341846233.453822 0.024309967 -0.019862112 -0.003087352 0.050414603 -0.006758894 -0.019830303 0.998508573
1341846233.485912 0.024565112 -0.019860422 -0.003166594 0.051630080 -0.007820936 -0.019901434 0.998437345
1341846233.517954 0.024991464 -0.019862108 -0.003572960 0.051590063 -0.008813975 -0.021318095 0.998401880
1341846233.553882 0.024921373 -0.019967295 -0.003439906 0.051177837 -0.009857342 -0.021947466 0.998399675
1341846233.585968 0.025318667 -0.019893590 -0.004317250 0.052231643 -0.010974020 -0.020364795 0.998367012
1341846233.621898 0.024850244 -0.019993007 -0.003405917 0.053560190 -0.010898092 -0.019446669 0.998315752
1341846233.654396 0.025302088 -0.019879399 -0.004136024 0.053529173 -0.010017379 -0.019903690 0.998317659
1341846233.685848 0.025304887 -0.019915773 -0.004166167 0.052553590 -0.008792746 -0.021510789 0.998347700
1341846233.721879 0.025244666 -0.019547801 -0.002809033 0.052207362 -0.008557024 -0.021080324 0.998377085
1341846233.753961 0.025059527 -0.021481065 -0.003756713 0.050884180 -0.008295164 -0.020855891 0.998452306
1341846233.786032 0.025439719 -0.020019837 -0.004337300 0.050701778 -0.007713288 -0.019900141 0.998485744
1341846233.822009 0.025362516 -0.019694094 -0.003005830 0.050246790 -0.007105529 -0.019093540 0.998529017
1341846233.853971 0.025263453 -0.019731114 -0.003636474 0.049201902 -0.006854175 -0.019111669 0.998582482
1341846233.889920 0.026348066 -0.019454848 -0.003485630 0.048515253 -0.007557719 -0.019599950 0.998601496
1341846233.922045 0.024059216 -0.019246291 -0.003154272 0.047937166 -0.007231518 -0.020208307 0.998619735
1341846233.953967 0.025387336 -0.019632638 -0.002187915 0.047277696 -0.008436537 -0.019820254 0.998649478
1341846233.989945 0.024955813 -0.019912861 -0.004304020 0.046728745 -0.009511003 -0.019563466 0.998670757
1341846234.021936 0.024599770 -0.019147201 -0.003808707 0.046077460 -0.010094200 -0.019654876 0.998693466
1341846234.053904 0.025092937 -0.019543592 -0.003349006 0.045287155 -0.010450410 -0.019990122 0.998719275
1341846234.089899 0.025569055 -0.019605149 -0.002656704 0.045291271 -0.009999380 -0.020325616 0.998716950
1341846234.121984 0.027246831 -0.020685045 -0.003338203 0.044360735 -0.010216482 -0.020815773 0.998746455
1341846234.158063 0.027229717 -0.020960895 -0.003724990 0.044067942 -0.010251937 -0.020815900 0.998759031
1341846234.189961 0.027452176 -0.020709738 -0.003602962 0.045322962 -0.010343048 -0.019968692 0.998719215
1341846234.222130 0.027834797 -0.020697007 -0.004307418 0.045216665 -0.009955925 -0.019442640 0.998738348
1341846234.257875 0.027581351 -0.020460855 -0.004608192 0.043867100 -0.009532426 -0.018994307 0.998811305
1341846234.289820 0.027146902 -0.020463333 -0.003791332 0.043125786 -0.008947065 -0.018312212 0.998861730
1341846234.321998 0.031353857 -0.023174562 -0.005090262 0.043242421 -0.009467239 -0.020162925 0.998816252
1341846234.357904 0.031164298 -0.023150088 -0.004844653 0.043868784 -0.009147032 -0.021576267 0.998762369
1341846234.389919 0.026887186 -0.019932674 -0.004451190 0.045781557 -0.007898151 -0.021498270 0.998688877
1341846234.425915 0.026887214 -0.019879287 -0.004403261 0.046903826 -0.008784231 -0.019606203 0.998668373
1341846234.457800 0.027119190 -0.019979365 -0.004445066 0.047005296 -0.009258520 -0.019149780 0.998668134
1341846234.490016 0.027136540 -0.020105282 -0.004455523 0.043997072 -0.009701611 -0.019418893 0.998795807
1341846234.525867 0.027107459 -0.020048311 -0.004297085 0.042762104 -0.009821808 -0.018675050 0.998862445
1341846234.557961 0.027166743 -0.019980133 -0.004408622 0.042541020 -0.009900463 -0.017988293 0.998883724
1341846234.593900 0.027119264 -0.019993348 -0.004443371 0.041019551 -0.010515939 -0.016949153 0.998959243
1341846234.626439 0.027075384 -0.020052701 -0.004254630 0.040136315 -0.011570043 -0.014903143 0.999016106
1341846234.658173 0.027064973 -0.019901007 -0.004226548 0.040077366 -0.012764569 -0.014042720 0.999016404
1341846234.694104 0.027020946 -0.020109426 -0.004205186 0.039564472 -0.013789877 -0.014321099 0.999019206
1341846234.725911 0.027117360 -0.020160796 -0.004408710 0.039555345 -0.015359216 -0.012929582 0.999015689
1341846234.758643 0.027246403 -0.020183345 -0.004324221 0.040721022 -0.016371530 -0.011859133 0.998966038
1341846234.793907 0.027276419 -0.020173736 -0.004473495 0.039990604 -0.016308099 -0.012526778 0.998988450
1341846234.826106 0.027261563 -0.020215331 -0.004394315 0.039109334 -0.016116416 -0.012811859 0.999022782
1341846234.862270 0.027210118 -0.020196704 -0.004295526 0.039050609 -0.016257854 -0.012600568 0.999025524
1341846234.893971 0.027212257 -0.020202609 -0.004327305 0.040275186 -0.017013028 -0.012333067 0.998967648
1341846234.926031 0.027218930 -0.020106867 -0.004260789 0.040936694 -0.017131889 -0.012733066 0.998933673
1341846234.961979 0.027225336 -0.020120887 -0.004457556 0.041313030 -0.016991986 -0.013687075 0.998907983
1341846234.994016 0.027164128 -0.020169700 -0.004353865 0.042107698 -0.017400831 -0.014410926 0.998857617
1341846235.026311 0.027203279 -0.020063423 -0.004450757 0.041086543 -0.018298304 -0.015133967 0.998873353
1341846235.061915 0.027214507 -0.020103659 -0.004331071 0.039341722 -0.018112483 -0.015806586 0.998936594
1341846235.094075 0.027198156 -0.020139942 -0.004291563 0.038520373 -0.017871628 -0.015859878 0.998972058
1341846235.130068 0.026929699 -0.019981770 -0.003921126 0.038982563 -0.018164979 -0.015473682 0.998954892
1341846235.162449 0.026983241 -0.020004380 -0.004074987 0.040010747 -0.019588413 -0.014527270 0.998901606
1341846235.193917 0.027095480 -0.020046756 -0.004103459 0.040859852 -0.020409113 -0.014147169 0.998856246
1341846235.229939 0.027155299 -0.020087160 -0.004209625 0.041715786 -0.019864425 -0.014530311 0.998826325
1341846235.261811 0.027036171 -0.020135012 -0.003917045 0.042065013 -0.019922957 -0.015256244 0.998799682
1341846235.294134 0.027139377 -0.020136543 -0.004127606 0.042898525 -0.020304978 -0.016008738 0.998744786
1341846235.329890 0.027156796 -0.020054758 -0.004219122 0.043117009 -0.020408643 -0.016730178 0.998721421
1341846235.361974 0.027192701 -0.020041758 -0.004139604 0.041756313 -0.019801635 -0.018688375 0.998756766
1341846235.398097 0.027008509 -0.019896956 -0.003967030 0.039261315 -0.019361529 -0.020679491 0.998827338
1341846235.429943 0.026975779 -0.019947663 -0.003982964 0.038861707 -0.019432297 -0.020883569 0.998837352
1341846235.462163 0.026986448 -0.019836277 -0.004014011 0.039457310 -0.019602463 -0.020936532 0.998809576
1341846235.498142 0.027075039 -0.019969024 -0.003889838 0.038612530 -0.019489847 -0.022763571 0.998804808
1341846235.529989 0.028137932 -0.020848922 -0.004355336 0.037223637 -0.020095123 -0.023833828 0.998820543
1341846235.561921 0.028169731 -0.020842548 -0.004447512 0.038223244 -0.020612011 -0.023750804 0.998774230
1341846235.597951 0.028177621 -0.020894151 -0.004383153 0.039020810 -0.020842042 -0.024125040 0.998729646
1341846235.630160 0.031038126 -0.022761980 -0.004960347 0.036647007 -0.022534873 -0.024836136 0.998765409
1341846235.667679 0.030991461 -0.022881387 -0.004755950 0.037022427 -0.023152087 -0.024702024 0.998740792
1341846235.705783 0.028175510 -0.020821180 -0.004440611 0.039716817 -0.022078982 -0.024452314 0.998667717
1341846235.730392 0.028129654 -0.020801676 -0.004355820 0.040054109 -0.021912016 -0.025843075 0.998622894
1341846235.766032 0.031067641 -0.022834808 -0.004932478 0.040078323 -0.023522628 -0.026560664 0.998566449
1341846235.797942 0.031025872 -0.022821007 -0.004895011 0.041311841 -0.023858309 -0.026491920 0.998510063
1341846235.833964 0.028170694 -0.020893343 -0.004352956 0.042791381 -0.022294438 -0.026084781 0.998494625
1341846235.866037 0.028176188 -0.020862306 -0.004587772 0.042939931 -0.022235807 -0.025423294 0.998506606
1341846235.898007 0.028170861 -0.020904813 -0.004539363 0.043007478 -0.022122558 -0.023926046 0.998543143
1341846235.934106 0.028178874 -0.020932702 -0.004569862 0.044871934 -0.021436132 -0.022774918 0.998503029
1341846235.965921 0.028347598 -0.020954622 -0.004746805 0.046164036 -0.020603182 -0.022521241 0.998467445
1341846235.997897 0.028383786 -0.021003084 -0.004858383 0.045788240 -0.019746820 -0.022556283 0.998501241
1341846236.034072 0.028343884 -0.020989453 -0.004757054 0.045989480 -0.018791111 -0.022384651 0.998514295
1341846236.065823 0.028283454 -0.020944973 -0.004654394 0.047579896 -0.018050533 -0.022417486 0.998452663
1341846236.101989 0.028610224 -0.020961957 -0.005345575 0.046883389 -0.018488731 -0.022380009 0.998478472
1341846236.134258 0.028613249 -0.020986641 -0.005345389 0.045855381 -0.018652275 -0.022003457 0.998531520
1341846236.166269 0.028638082 -0.021021603 -0.005419481 0.046465583 -0.018829562 -0.021260206 0.998516083
1341846236.202022 0.028664796 -0.020981858 -0.005455607 0.046179473 -0.018320790 -0.021647045 0.998530567
1341846236.233893 0.028688155 -0.021010354 -0.005514016 0.043958493 -0.018051395 -0.022172777 0.998624146
1341846236.265924 0.028620284 -0.020994408 -0.005342747 0.043715142 -0.017854692 -0.021109747 0.998661399
1341846236.302018 0.028609056 -0.020981818 -0.005313808 0.044197083 -0.017749354 -0.020464802 0.998655498
1341846236.333756 0.028676078 -0.020995747 -0.005468824 0.044324655 -0.017546054 -0.021099193 0.998640239
1341846236.369949 0.028684866 -0.021015173 -0.005515712 0.043978181 -0.016920889 -0.021486152 0.998658121
1341846236.401964 0.028720466 -0.021050440 -0.005495654 0.043777678 -0.016173525 -0.021606376 0.998676658
1341846236.433828 0.028675281 -0.021090558 -0.005405634 0.044002958 -0.015868716 -0.022709001 0.998647213
1341846236.469948 0.028696209 -0.021102238 -0.005361990 0.044724617 -0.015652370 -0.022608273 0.998620808
1341846236.501946 0.032439630 -0.023734834 -0.005432650 0.044182867 -0.016652247 -0.022120394 0.998639703
1341846236.534764 0.032429688 -0.023725906 -0.005437753 0.043197345 -0.016054310 -0.021531055 0.998705506
1341846236.569956 0.032400839 -0.023809992 -0.005421170 0.042533658 -0.015338171 -0.019173389 0.998793244
1341846236.601901 0.032455072 -0.023742536 -0.005390022 0.043534633 -0.015110868 -0.017453397 0.998785138
1341846236.637896 0.032479245 -0.023694288 -0.005517773 0.042793028 -0.014424398 -0.018128764 0.998815298
1341846236.669818 0.034220401 -0.025502646 -0.005909416 0.039733469 -0.014156609 -0.019379618 0.998922050
1341846236.702100 0.034187540 -0.025555585 -0.005852693 0.039264828 -0.012758689 -0.019951096 0.998948157
1341846236.738521 0.031936768 -0.023953561 -0.005028265 0.044154689 -0.011484290 -0.017966036 0.998797119
1341846236.769905 0.032027315 -0.023804940 -0.005244058 0.053632610 -0.012699324 -0.014918330 0.998368502
1341846236.805999 0.031385250 -0.023226563 -0.005254208 0.056647658 -0.013513384 -0.013946972 0.998205364
1341846236.844067 0.031504352 -0.023281958 -0.005133115 0.056196868 -0.013501566 -0.014627404 0.998221219
1341846236.876573 0.031451646 -0.023179907 -0.005140094 0.055559311 -0.013121148 -0.016528474 0.998232305
1341846236.911899 0.031457741 -0.023319487 -0.005329214 0.052205477 -0.012971344 -0.018943669 0.998372436
1341846236.944484 0.031426821 -0.023447253 -0.005167149 0.051722806 -0.013246635 -0.018242076 0.998407006
1341846236.975811 0.031392064 -0.023192547 -0.005360887 0.053961638 -0.013417180 -0.016414702 0.998317897
1341846237.011848 0.031528350 -0.023296041 -0.005253380 0.053484865 -0.013027687 -0.016686087 0.998344243
1341846237.043850 0.021470405 -0.015792860 -0.004049635 0.055476297 -0.007763316 -0.017600149 0.998274684
1341846237.075882 0.021391522 -0.015677875 -0.004226275 0.056202054 -0.007601990 -0.016640343 0.998251796
1341846237.111887 0.021508072 -0.015840553 -0.004102123 0.058754031 -0.008942083 -0.013970824 0.998134673
1341846237.143863 0.031403441 -0.023399903 -0.005223084 0.058052544 -0.013185356 -0.014169999 0.998125851
1341846237.175838 0.031394631 -0.023245949 -0.005321181 0.057789050 -0.013485827 -0.014113262 0.998137951
1341846237.211847 0.031461123 -0.023205867 -0.005408379 0.055740714 -0.013540392 -0.013624895 0.998260498
1341846237.243895 0.031475876 -0.023479640 -0.005207101 0.056158621 -0.012401108 -0.013342273 0.998255670
1341846237.280228 0.031431984 -0.023407059 -0.005370922 0.057579730 -0.011957443 -0.012638928 0.998189270
1341846237.312079 0.031396899 -0.023322785 -0.005393161 0.057115246 -0.012796572 -0.011668367 0.998217344
1341846237.343828 0.031434800 -0.023353003 -0.005388239 0.057322949 -0.012958582 -0.010680940 0.998214424
1341846237.379983 0.031429354 -0.023137443 -0.005362814 0.057271134 -0.012676527 -0.010137236 0.998226702
1341846237.411962 0.031380314 -0.023275580 -0.005220406 0.055733625 -0.012544727 -0.010619136 0.998310387
1341846237.443790 0.031493917 -0.023323318 -0.005327509 0.053977191 -0.012778393 -0.012021892 0.998387992
1341846237.479911 0.021545233 -0.015729230 -0.004220043 0.055874661 -0.007880745 -0.013422682 0.998316467
1341846237.511862 0.021455968 -0.015738226 -0.004248912 0.054445446 -0.007688276 -0.014949871 0.998375237
1341846237.547914 0.021352381 -0.015720097 -0.004115281 0.052962936 -0.009262297 -0.013875757 0.998457134
1341846237.579956 0.021359401 -0.015736515 -0.004072910 0.052185692 -0.010391856 -0.013082197 0.998497605
1341846237.611852 0.021385282 -0.015714776 -0.004096723 0.051592484 -0.010687157 -0.012660017 0.998530805
1341846237.647976 0.021423452 -0.015787911 -0.004123781 0.051036190 -0.011217921 -0.012971085 0.998549581
1341846237.680417 0.021379890 -0.015742468 -0.004137154 0.050819315 -0.011827723 -0.012121728 0.998564243
1341846237.711902 0.021334596 -0.015808813 -0.004064479 0.051175147 -0.012524801 -0.010805977 0.998552680
1341846237.747860 0.021410303 -0.015811035 -0.004094547 0.052590970 -0.013218177 -0.010649221 0.998471856
1341846237.779848 0.021377690 -0.015742423 -0.004109916 0.053212356 -0.013350516 -0.010787550 0.998435736
1341846237.815934 0.021352284 -0.015664371 -0.004055657 0.052382663 -0.014237308 -0.010276292 0.998472691
1341846237.847966 0.021335222 -0.015687509 -0.004096069 0.050985500 -0.015308687 -0.009457604 0.998537302
1341846237.879781 0.021341236 -0.015791912 -0.004293110 0.050231073 -0.015677363 -0.009903645 0.998565435
1341846237.916026 0.021343192 -0.015788149 -0.004385514 0.049127821 -0.016011611 -0.010308206 0.998610973
1341846237.947857 0.021382388 -0.015856734 -0.004402811 0.048540074 -0.016480973 -0.010118156 0.998633981
1341846237.978064 0.021335753 -0.015794659 -0.004283199 0.048330713 -0.016172836 -0.010054813 0.998649836
1341846238.010069 0.021343214 -0.015772477 -0.004357871 0.047540467 -0.016037881 -0.010668436 0.998683572
1341846238.045995 0.021369090 -0.015783913 -0.004344447 0.046145454 -0.016207317 -0.010441706 0.998748660
1341846238.077963 0.021351045 -0.015803276 -0.004323047 0.045036595 -0.016288206 -0.010514745 0.998797178
1341846238.109791 0.021351773 -0.015839214 -0.004330642 0.044857845 -0.016269565 -0.010747231 0.998803079
1341846238.145837 0.021315053 -0.015812058 -0.004187808 0.046020422 -0.015984515 -0.010928353 0.998752832
1341846238.177943 0.021354044 -0.015822135 -0.004335389 0.047013238 -0.015255826 -0.011521120 0.998711288
1341846238.209943 0.021332532 -0.015779497 -0.004324751 0.044944908 -0.015082274 -0.013020770 0.998790741
1341846238.246227 0.021313928 -0.015797645 -0.004227392 0.044548236 -0.015041269 -0.013023500 0.998809099
1341846238.278227 0.021395192 -0.015823588 -0.004390866 0.045010563 -0.014822294 -0.012593989 0.998797178
1341846238.314018 0.021377042 -0.015833130 -0.004378495 0.045310210 -0.014474250 -0.013559132 0.998776078
1341846238.345918 0.021392565 -0.015864791 -0.004406934 0.044863924 -0.014007173 -0.015195302 0.998779356
1341846238.377978 0.021344075 -0.015821949 -0.004292170 0.045781508 -0.014213039 -0.014930088 0.998738766
1341846238.413879 0.021282349 -0.015763231 -0.004153130 0.046976965 -0.014911380 -0.014420433 0.998680592
1341846238.445979 0.021407073 -0.015812842 -0.004463182 0.047250226 -0.015108701 -0.015317307 0.998651385
1341846238.478188 0.021340290 -0.015795538 -0.004276483 0.046799779 -0.014691235 -0.016474176 0.998660386
1341846238.515328 0.021343576 -0.015811078 -0.004285882 0.047052324 -0.014816005 -0.016503738 0.998646200
1341846238.545906 0.021355923 -0.015820850 -0.004323130 0.048215125 -0.015351591 -0.016764443 0.998578310
1341846238.587827 0.021371994 -0.015819136 -0.004328238 0.048983432 -0.015429538 -0.016942803 0.998536706
1341846238.613933 0.021319618 -0.015776925 -0.004208240 0.049007997 -0.014509876 -0.017294928 0.998543262
1341846238.645944 0.021308959 -0.015765943 -0.004196443 0.047671936 -0.014182013 -0.017444927 0.998610020
1341846238.681933 0.021319410 -0.015824821 -0.004260786 0.046692789 -0.014442266 -0.017066050 0.998659074
1341846238.713917 0.021318169 -0.015821654 -0.004233132 0.047301251 -0.014594806 -0.015789883 0.998649240
1341846238.745925 0.021388950 -0.015828202 -0.004380681 0.048123524 -0.014714704 -0.014982956 0.998620629
1341846238.781932 0.021362621 -0.015779566 -0.004362260 0.047245391 -0.015153285 -0.015359919 0.998650253
1341846238.813869 0.021405704 -0.015810585 -0.004443277 0.046145622 -0.014806531 -0.016077928 0.998695552
1341846238.849931 0.021290919 -0.015775332 -0.004154115 0.045073669 -0.014119481 -0.016582064 0.998746216
1341846238.881927 0.030212700 -0.022509249 -0.004754694 0.042682640 -0.018572595 -0.016697913 0.998776495
1341846238.914000 0.030191472 -0.022588724 -0.004789125 0.044842601 -0.020328309 -0.014369042 0.998683870
1341846238.949903 0.030756028 -0.023084691 -0.004787234 0.048028748 -0.022225924 -0.012351372 0.998522222
1341846238.981942 0.030790832 -0.023039632 -0.004663000 0.050595708 -0.022643348 -0.013010156 0.998377740
1341846239.017941 0.030809855 -0.022986950 -0.004610892 0.051012669 -0.022297908 -0.015382372 0.998330534
1341846239.050041 0.030797368 -0.023067998 -0.004748141 0.051166948 -0.021640897 -0.017311428 0.998305559
1341846239.081902 0.030807128 -0.023066185 -0.004715809 0.051467143 -0.021666642 -0.018439636 0.998269320
1341846239.117866 0.030878611 -0.023078248 -0.004823103 0.052238714 -0.021679565 -0.019432873 0.998210132
1341846239.149976 0.026832404 -0.019909840 -0.004115929 0.054039665 -0.018940527 -0.019633137 0.998166084
1341846239.181897 0.026843509 -0.019799398 -0.004184025 0.053693205 -0.018646438 -0.019772481 0.998187542
1341846239.217929 0.026807940 -0.019861529 -0.004397254 0.051720880 -0.018901547 -0.020084133 0.998280644
1341846239.250009 0.026832398 -0.019759616 -0.004104382 0.050738588 -0.018640565 -0.020029353 0.998337090
1341846239.285917 0.026869789 -0.019793203 -0.004157984 0.049648147 -0.017904175 -0.019795682 0.998410046
1341846239.318442 0.026827799 -0.019750329 -0.004071682 0.048505668 -0.017230053 -0.019865433 0.998476684
1341846239.349930 0.021298701 -0.015802450 -0.003975354 0.048389517 -0.014797602 -0.019388784 0.998530746
1341846239.386011 0.030233521 -0.022458980 -0.004735931 0.045646343 -0.017855730 -0.018606219 0.998624742
1341846239.417983 0.029975256 -0.022217004 -0.004725181 0.045986854 -0.017733362 -0.018590715 0.998611569
1341846239.450112 0.029966515 -0.022033349 -0.004761273 0.045580894 -0.017710501 -0.018936807 0.998624086
1341846239.485973 0.030040214 -0.022050308 -0.004791390 0.044352952 -0.017641339 -0.018108685 0.998695970
1341846239.517913 0.030049346 -0.022161823 -0.004886677 0.043186165 -0.017086603 -0.017578626 0.998766184
1341846239.553979 0.029892778 -0.022055481 -0.004825670 0.042372759 -0.016855819 -0.017258860 0.998810589
1341846239.585911 0.029917775 -0.022016585 -0.004765126 0.041226547 -0.016900353 -0.016743705 0.998866558
1341846239.617967 0.029945835 -0.022011522 -0.004578522 0.041243706 -0.016876355 -0.015952293 0.998879194
1341846239.653941 0.029874856 -0.022017891 -0.004792986 0.042270958 -0.016845986 -0.015226837 0.998848081
1341846239.685852 0.029949982 -0.021960728 -0.004688158 0.042709555 -0.017234012 -0.014701908 0.998830676
1341846239.717923 0.029823475 -0.021917580 -0.004979637 0.042291488 -0.017501513 -0.014447371 0.998847544
1341846239.753857 0.029781409 -0.021866979 -0.004764055 0.042179365 -0.017699670 -0.013891042 0.998856664
1341846239.785918 0.029853206 -0.022039395 -0.005121577 0.041555323 -0.017644057 -0.013785530 0.998885274
1341846239.821950 0.029753696 -0.021953302 -0.004824176 0.040896483 -0.018227860 -0.013620744 0.998904288
1341846239.854023 0.029805601 -0.021978652 -0.004858200 0.042368047 -0.018511757 -0.013011632 0.998845816
1341846239.891801 0.029802103 -0.021831099 -0.004906288 0.042513251 -0.018656814 -0.013536858 0.998829961
1341846239.921795 0.029651390 -0.021710781 -0.005123102 0.041280828 -0.018586632 -0.014167400 0.998874187
1341846239.953963 0.029524110 -0.021787494 -0.005022523 0.041492943 -0.018360186 -0.014373652 0.998866677
1341846239.985997 0.029577710 -0.021650916 -0.004995387 0.042320721 -0.018729609 -0.014746728 0.998819649
1341846240.022055 0.029575145 -0.021792725 -0.005101131 0.041992001 -0.019379318 -0.016187517 0.998798847
1341846240.053998 0.029822627 -0.022032065 -0.004619934 0.042734396 -0.019288631 -0.016885918 0.998757541
1341846240.089841 0.029826833 -0.021977047 -0.004706405 0.044021491 -0.019202573 -0.016876245 0.998703420
1341846240.121795 0.029833175 -0.022008784 -0.004673899 0.044519488 -0.019742504 -0.017681865 0.998656869
1341846240.159862 0.029926402 -0.022100285 -0.004765035 0.045992378 -0.019466937 -0.018445188 0.998581767
1341846240.195884 0.029765520 -0.022052335 -0.005030257 0.046851814 -0.018901048 -0.018417653 0.998553157
1341846240.227927 0.029801974 -0.021940477 -0.004962533 0.046896100 -0.019114286 -0.018227274 0.998550534
1341846240.259887 0.029808890 -0.022008035 -0.004972717 0.047365099 -0.019468227 -0.017820677 0.998528898
1341846240.290031 0.030046003 -0.022191791 -0.004787418 0.048177373 -0.019652694 -0.016809633 0.998503923
1341846240.322206 0.030065149 -0.022298934 -0.004866593 0.047790531 -0.020215053 -0.016460953 0.998517156
1341846240.357948 0.026141416 -0.020265017 -0.004744626 0.047841650 -0.019047184 -0.016777026 0.998532355
1341846240.390055 0.026150063 -0.020302283 -0.004655095 0.048267525 -0.019476930 -0.016049556 0.998515546
1341846240.422212 0.030133231 -0.022526279 -0.004363749 0.049107715 -0.020966927 -0.016830202 0.998431563
1341846240.458143 0.029375112 -0.022206038 -0.003024753 0.049703512 -0.020679582 -0.018668000 0.998375416
1341846240.490243 0.026701769 -0.020329701 -0.005365411 0.050204005 -0.020586668 -0.017989893 0.998364687
1341846240.525976 0.025499051 -0.021113671 -0.006260638 0.050104253 -0.020776877 -0.018164501 0.998362660
1341846240.557894 0.027085153 -0.020261744 -0.003889685 0.051899716 -0.021705909 -0.019028781 0.998234987
1341846240.590418 0.025280097 -0.020690804 -0.005529279 0.051828481 -0.020748399 -0.020512544 0.998229682
1341846240.626172 0.029771611 -0.022069959 -0.004609297 0.051805660 -0.023090061 -0.021118602 0.998166800
1341846240.657964 0.030494697 -0.021539006 -0.004613357 0.052222896 -0.024180619 -0.020384675 0.998134494
1341846240.689825 0.025691578 -0.021167461 -0.004030596 0.053405184 -0.022489889 -0.020822594 0.998102427
1341846240.725903 0.025224106 -0.018452587 -0.003986503 0.054503411 -0.022528617 -0.020248896 0.998054028
1341846240.757973 0.025619373 -0.019438691 -0.003538248 0.054163240 -0.023079906 -0.020934008 0.998045802
1341846240.794024 0.026155718 -0.018678432 -0.004909281 0.055748474 -0.023406660 -0.020279523 0.997964442
1341846240.826068 0.025309155 -0.019125147 -0.003213140 0.056582190 -0.023218546 -0.020564690 0.997916043
1341846240.858147 0.024861483 -0.017871901 -0.003771373 0.056502014 -0.022893379 -0.020656528 0.997926235
1341846240.894038 0.026061932 -0.017468398 -0.006405285 0.055294603 -0.023112999 -0.020575821 0.997990429
1341846240.925975 0.026234729 -0.017473588 -0.004911961 0.054914255 -0.023080092 -0.020231990 0.998019218
1341846240.958080 0.023455052 -0.016091270 -0.005990000 0.054872770 -0.021970063 -0.019491410 0.998061299
1341846240.994099 0.023101404 -0.015538408 -0.004592068 0.054993328 -0.021897487 -0.019949740 0.998047233
1341846241.026041 0.026599538 -0.018743539 -0.003826034 0.054563418 -0.023502944 -0.019443396 0.998044252
1341846241.062449 0.026939161 -0.018104309 -0.004713055 0.055779655 -0.023263074 -0.019643821 0.997978747
1341846241.094372 0.027128125 -0.018035969 -0.005850455 0.054657143 -0.023132831 -0.020991884 0.998016417
1341846241.126068 0.026833169 -0.018465148 -0.005656732 0.053830292 -0.022934394 -0.020959731 0.998066604
1341846241.167863 0.026559224 -0.019224759 -0.005277941 0.054608107 -0.022791110 -0.022088876 0.998003304
1341846241.194236 0.028071705 -0.018523801 -0.009609792 0.054919235 -0.023693489 -0.022405988 0.997958124
1341846241.230127 0.025711190 -0.020608947 -0.009833042 0.053222120 -0.022590123 -0.023897436 0.998041093
1341846241.261868 0.025925986 -0.016811376 -0.007277598 0.055656146 -0.023046488 -0.022937719 0.997920394
1341846241.295211 0.024705131 -0.016122531 -0.007397144 0.056232207 -0.022667427 -0.023473879 0.997884333
1341846241.329804 0.023732070 -0.019497547 -0.007988694 0.054185189 -0.021834251 -0.025257004 0.997972608
1341846241.362000 0.024661476 -0.015965350 -0.006121970 0.055721976 -0.022163142 -0.024387170 0.997902334
1341846241.394012 0.023215106 -0.017174751 -0.006030979 0.054916732 -0.021253565 -0.025600661 0.997936428
1341846241.430126 0.019694401 -0.013832104 -0.005246256 0.056451265 -0.019995673 -0.025793107 0.997871816
1341846241.462018 0.023338519 -0.017608568 -0.005819825 0.055037286 -0.021285307 -0.026268415 0.997911692
1341846241.497907 0.023485558 -0.017069926 -0.006913383 0.054970473 -0.021083318 -0.026450736 0.997914851
1341846241.529930 0.026249867 -0.018764816 -0.006060778 0.054455433 -0.022095371 -0.027082318 0.997904301
1341846241.562493 0.024154274 -0.018432133 -0.004927107 0.054250494 -0.021689884 -0.027044136 0.997925341
1341846241.598412 0.023688486 -0.018730730 -0.005358328 0.054217312 -0.021398999 -0.027085472 0.997932315
1341846241.629998 0.023756536 -0.017254518 -0.005097457 0.055133533 -0.021227399 -0.026781166 0.997894049
1341846241.662234 0.024106950 -0.017533164 -0.005247165 0.054979887 -0.021414682 -0.026543334 0.997904837
1341846241.698098 0.024892034 -0.019523170 -0.007500832 0.054312319 -0.021478999 -0.027341800 0.997918487
1341846241.729805 0.022961400 -0.017385408 -0.005113498 0.055193126 -0.020925859 -0.027212627 0.997885406
1341846241.765805 0.022215309 -0.017104998 -0.004222116 0.055333510 -0.020677630 -0.027357098 0.997878850
1341846241.797970 0.021285504 -0.016672567 -0.003760217 0.056043237 -0.020267520 -0.027124807 0.997853994
1341846241.830240 0.021168983 -0.016712444 -0.004141576 0.056205116 -0.020100616 -0.027358163 0.997841895
1341846241.865867 0.021428438 -0.015629703 -0.005315984 0.056180980 -0.020269845 -0.026790328 0.997855246
1341846241.898156 0.021655442 -0.015668014 -0.005453094 0.056298304 -0.020354036 -0.027066788 0.997839451
1341846241.898156 0.021655442 -0.015668014 -0.005453094 0.056298304 -0.020354036 -0.027066788 0.997839451
1341846241.898156 0.021655442 -0.015668014 -0.005453094 0.056298304 -0.020354036 -0.027066788 0.997839451
1341846241.898156 0.021655442 -0.015668014 -0.005453094 0.056298304 -0.020354036 -0.027066788 0.997839451
1341846241.898156 0.021655442 -0.015668014 -0.005453094 0.056298304 -0.020354036 -0.027066788 0.997839451
1341846241.898156 0.021655442 -0.015668014 -0.005453094 0.056298304 -0.020354036 -0.027066788 0.997839451
1341846241.898156 0.021655442 -0.015668014 -0.005453094 0.056298304 -0.020354036 -0.027066788 0.997839451
1341846241.898156 0.021655442 -0.015668014 -0.005453094 0.056298304 -0.020354036 -0.027066788 0.997839451
1341846241.898156 0.021655442 -0.015668014 -0.005453094 0.056298304 -0.020354036 -0.027066788 0.997839451
1341846241.898156 0.021655442 -0.015668014 -0.005453094 0.056298304 -0.020354036 -0.027066788 0.997839451
1341846241.898156 0.021655442 -0.015668014 -0.005453094 0.056298304 -0.020354036 -0.027066788 0.997839451
1341846241.898156 0.021655442 -0.015668014 -0.005453094 0.056298304 -0.020354036 -0.027066788 0.997839451
1341846241.898156 0.021655442 -0.015668014 -0.005453094 0.056298304 -0.020354036 -0.027066788 0.997839451
1341846241.898156 0.021655442 -0.015668014 -0.005453094 0.056298304 -0.020354036 -0.027066788 0.997839451
1341846242.366000 0.024685919 -0.018764364 -0.007448238 0.061400689 -0.020336803 -0.027320689 0.997531950
1341846242.401903 0.027315568 -0.020214878 0.003649386 0.063564517 -0.020618143 -0.029438436 0.997330368
1341846242.433933 0.026252244 -0.019554297 -0.005381732 0.061551049 -0.020733422 -0.028608877 0.997478366
1341846242.469883 0.026214760 -0.019515598 -0.005434626 0.062753595 -0.020423673 -0.028138513 0.997423232
1341846242.501972 0.026236150 -0.019507451 -0.005442434 0.063150682 -0.020493897 -0.028483478 0.997386932
1341846242.534063 0.026201902 -0.019504501 -0.005375355 0.062313415 -0.020474864 -0.029647574 0.997406065
1341846242.569931 0.026183857 -0.019581346 -0.005402626 0.062201317 -0.020042799 -0.029664949 0.997421324
1341846242.602000 0.026187131 -0.019448768 -0.005420764 0.062596068 -0.019876458 -0.029195389 0.997413814
1341846242.634077 0.021353450 -0.015731663 -0.004650421 0.063019335 -0.018397020 -0.028706988 0.997429669
1341846242.670215 0.021350237 -0.015951116 -0.004514495 0.062343497 -0.018346053 -0.028714377 0.997472882
1341846242.701929 0.025505457 -0.018709106 -0.005675903 0.061080296 -0.019613113 -0.028979775 0.997519255
1341846242.737996 0.025536340 -0.018752227 -0.005704636 0.060666252 -0.019972779 -0.029129354 0.997533083
1341846242.769937 0.025567772 -0.018841999 -0.005789780 0.061235145 -0.020411806 -0.028835461 0.997497916
1341846242.808080 0.025532629 -0.018730558 -0.005777509 0.061904833 -0.020138051 -0.030086087 0.997425258
1341846242.837887 0.025570059 -0.018725332 -0.005765995 0.061146934 -0.020175952 -0.030175101 0.997468531
1341846242.869936 0.025524924 -0.018763600 -0.005857434 0.060285598 -0.020391064 -0.030576551 0.997504354
1341846242.902131 0.025648009 -0.018738532 -0.005813045 0.060357355 -0.020501919 -0.030483354 0.997500598
1341846242.938061 0.025516421 -0.018819578 -0.005805030 0.060679100 -0.020649642 -0.030753486 0.997469723
1341846242.969969 0.025552223 -0.018790087 -0.005816407 0.061515626 -0.021285491 -0.031021398 0.997396827
1341846243.005810 0.025286743 -0.018560613 -0.005806222 0.062347665 -0.021428803 -0.030815514 0.997348487
1341846243.038095 0.025276355 -0.018539602 -0.005847713 0.062127564 -0.021913355 -0.030496262 0.997361481
1341846243.070041 0.025332058 -0.018495876 -0.005875959 0.061216801 -0.022289487 -0.030534053 0.997408330
1341846243.106059 0.025307018 -0.018552097 -0.005762589 0.059939414 -0.022418628 -0.031398453 0.997456133
1341846243.137899 0.025348352 -0.018521866 -0.005937158 0.060353167 -0.022108756 -0.031150291 0.997445881
1341846243.169985 0.025370913 -0.018517790 -0.005919798 0.060465876 -0.022316750 -0.030433837 0.997456551
1341846243.206007 0.025403632 -0.018539898 -0.006023616 0.060364984 -0.022207011 -0.031522006 0.997431338
1341846243.237999 0.025378870 -0.018542118 -0.006011588 0.059443418 -0.021658329 -0.031800378 0.997489929
1341846243.274026 0.023466161 -0.017717024 -0.006134080 0.059398536 -0.020568244 -0.032367487 0.997497439
1341846243.305879 0.023452876 -0.017686442 -0.006044526 0.060347844 -0.020531284 -0.033099025 0.997417212
1341846243.338022 0.023456670 -0.017765218 -0.006263536 0.061223712 -0.020637607 -0.032771442 0.997372448
1341846243.374348 0.023441602 -0.017656337 -0.006228756 0.062135842 -0.020562099 -0.032739237 0.997318625
1341846243.405837 0.023477750 -0.017631100 -0.006188783 0.062410530 -0.021208005 -0.032192558 0.997305751
1341846243.442193 0.023858571 -0.017887123 -0.006487479 0.062445503 -0.021553982 -0.032349546 0.997291088
1341846243.473902 0.023848126 -0.017887391 -0.006436255 0.062665105 -0.021492466 -0.032090530 0.997286975
1341846243.505839 0.023982216 -0.017372271 -0.006515533 0.062955052 -0.021833679 -0.032352652 0.997252882
1341846243.542001 0.023874553 -0.017095510 -0.006355067 0.062794209 -0.021946965 -0.032399047 0.997258961
1341846243.574058 0.023472108 -0.017470254 -0.007943968 0.062377289 -0.021408390 -0.031894054 0.997313142
1341846243.605841 0.023754170 -0.018060960 -0.006900384 0.062573008 -0.021137716 -0.031598508 0.997316062
1341846243.642015 0.023664743 -0.018008318 -0.007212908 0.063439034 -0.020964678 -0.031750247 0.997260213
1341846243.673926 0.023245180 -0.017782461 -0.007279586 0.063219517 -0.020608708 -0.032157328 0.997268498
1341846243.710095 0.023221660 -0.017757056 -0.007241637 0.063580774 -0.020295205 -0.032006305 0.997256815
1341846243.741951 0.023464708 -0.017969187 -0.007261352 0.063625388 -0.020905619 -0.031974114 0.997242391
1341846243.774067 0.023366535 -0.017867463 -0.007628323 0.062828302 -0.020871723 -0.032510828 0.997276306
1341846243.809881 0.023249513 -0.018080384 -0.008200668 0.062323462 -0.020489065 -0.032786530 0.997306883
1341846243.841971 0.023423465 -0.018012524 -0.007402901 0.062837109 -0.020740757 -0.031359192 0.997315347
1341846243.874062 0.023369728 -0.018031092 -0.007811658 0.063424349 -0.021278184 -0.031186365 0.997272253
1341846243.910022 0.023387713 -0.017977232 -0.007529434 0.064245827 -0.021297842 -0.031501669 0.997209370
1341846243.941928 0.023549987 -0.018107660 -0.007888256 0.064984687 -0.020671017 -0.032189794 0.997152686
1341846243.978045 0.023448858 -0.018224820 -0.008568235 0.063987054 -0.019946344 -0.032422937 0.997224391
1341846244.009892 0.023561550 -0.018275037 -0.007900774 0.062882125 -0.019752234 -0.032092966 0.997309268
1341846244.042105 0.023589015 -0.018121976 -0.007389111 0.063983299 -0.019488744 -0.030843740 0.997283816
1341846244.077884 0.023525912 -0.018192930 -0.008147460 0.064625882 -0.019485593 -0.030480243 0.997253597
1341846244.115904 0.023666883 -0.018034235 -0.007340781 0.064214148 -0.019446189 -0.030539548 0.997279167
1341846244.151850 0.023676926 -0.018080821 -0.007347387 0.063549489 -0.019475892 -0.030158080 0.997332752
1341846244.184334 0.023687745 -0.018071152 -0.007350643 0.064553253 -0.019346407 -0.029246587 0.997297943
1341846244.215953 0.023604896 -0.018080223 -0.007769303 0.064529844 -0.019098742 -0.029672280 0.997291684
1341846244.251877 0.023671024 -0.018087873 -0.007479656 0.063678898 -0.019284952 -0.029746940 0.997340560
1341846244.283880 0.023768196 -0.018051989 -0.006983995 0.064682335 -0.019422879 -0.029680066 0.997275293
1341846244.316068 0.023593027 -0.018087702 -0.007739431 0.065252125 -0.019466855 -0.029838184 0.997232616
1341846244.351999 0.023562718 -0.018047957 -0.007583819 0.065013587 -0.019733429 -0.030086555 0.997235477
1341846244.384040 0.023599191 -0.017975083 -0.007263038 0.065402135 -0.020283015 -0.029076254 0.997228980
1341846244.419869 0.023799695 -0.017936936 -0.006849257 0.065867670 -0.020633986 -0.028621772 0.997204304
1341846244.451888 0.023844719 -0.018014731 -0.007041351 0.065128595 -0.020019704 -0.029298624 0.997245729
1341846244.483871 0.023813201 -0.018026672 -0.006765149 0.063935414 -0.019260937 -0.029712643 0.997325659
1341846244.519923 0.023751713 -0.018153656 -0.006943262 0.063953973 -0.018542765 -0.029191125 0.997353435
1341846244.551942 0.024393305 -0.018770847 -0.006771536 0.064596027 -0.018268876 -0.028582614 0.997334778
1341846244.583892 0.024436884 -0.018684004 -0.006493242 0.065092050 -0.017617052 -0.026720891 0.997365832
1341846244.619870 0.024357028 -0.018774794 -0.006872172 0.064930752 -0.017478591 -0.024797421 0.997428477
1341846244.651850 0.024573259 -0.018586135 -0.006367988 0.065439120 -0.017468188 -0.023721777 0.997421563
1341846244.683815 0.024474265 -0.018648928 -0.006348512 0.066361338 -0.017388321 -0.022508606 0.997390151
1341846244.719873 0.024494931 -0.018701915 -0.006575885 0.066069081 -0.016820692 -0.022401823 0.997421741
1341846244.751827 0.024634542 -0.018607544 -0.005896117 0.065793894 -0.016204454 -0.022717182 0.997442961
1341846244.788300 0.024703629 -0.018477909 -0.005300983 0.066837445 -0.015930032 -0.022789970 0.997376382
1341846244.820099 0.024744499 -0.018530203 -0.005389191 0.067392796 -0.015335361 -0.022924813 0.997345209
1341846244.851973 0.024878474 -0.019083815 -0.005887316 0.068865396 -0.014530581 -0.022943879 0.997256219
1341846244.887873 0.025005478 -0.018861910 -0.005276065 0.070830435 -0.013396714 -0.022478906 0.997145057
1341846244.920072 0.025001077 -0.018773211 -0.005139924 0.070999570 -0.012060285 -0.022585995 0.997147679
1341846244.952621 0.025163904 -0.018732743 -0.005742425 0.071680002 -0.011385770 -0.022161536 0.997116446
1341846244.987985 0.025144054 -0.018689120 -0.005609306 0.072368026 -0.010878086 -0.020810179 0.997101545
1341846245.020060 0.025129741 -0.018645870 -0.005951086 0.071461119 -0.010675616 -0.019786354 0.997189939
1341846245.051869 0.025444055 -0.018364454 -0.005050486 0.070085652 -0.009971395 -0.020978410 0.997270525
1341846245.088236 0.025352400 -0.018388852 -0.005061476 0.069078900 -0.009151307 -0.021536060 0.997336745
1341846245.119935 0.025435723 -0.018415211 -0.005017601 0.068732314 -0.009096495 -0.021254972 0.997367203
1341846245.151835 0.025396971 -0.018519903 -0.005070159 0.068759292 -0.008828351 -0.021574911 0.997360885
1341846245.187889 0.025277901 -0.018628204 -0.005290165 0.069548503 -0.008535939 -0.021665493 0.997306764
1341846245.219842 0.025348881 -0.018540166 -0.005235867 0.069594003 -0.008560717 -0.021411890 0.997308850
1341846245.256030 0.024856817 -0.018233480 -0.005064988 0.069005460 -0.008272410 -0.021847282 0.997342706
1341846245.287962 0.024847874 -0.018310560 -0.005363535 0.068647265 -0.007770066 -0.022946807 0.997346818
1341846245.319885 0.024795992 -0.018436525 -0.005496921 0.068588994 -0.007645208 -0.024277050 0.997320294
1341846245.355859 0.024751825 -0.018286940 -0.005354827 0.068609893 -0.008245849 -0.024274850 0.997314095
1341846245.387919 0.024711506 -0.018362189 -0.005592783 0.068445921 -0.008483161 -0.024862489 0.997308910
1341846245.423977 0.024820892 -0.018425345 -0.005074772 0.068835571 -0.008259709 -0.025312653 0.997272611
1341846245.455822 0.024797713 -0.018374424 -0.005040471 0.069349758 -0.008139925 -0.025840349 0.997224450
1341846245.487804 0.024736768 -0.018329974 -0.004941489 0.069743924 -0.008227750 -0.025621507 0.997201920
1341846245.523916 0.024677686 -0.018390324 -0.005327571 0.069842167 -0.008307497 -0.025632937 0.997194052
1341846245.555797 0.024685677 -0.018256838 -0.004531748 0.069636546 -0.008070713 -0.025564568 0.997212112
1341846245.591988 0.024528999 -0.018326106 -0.005376318 0.070344202 -0.008055740 -0.025728794 0.997158349
1341846245.623837 0.024949363 -0.018047405 -0.005028524 0.071737304 -0.008659481 -0.024383096 0.997087896
1341846245.655890 0.025512056 -0.017467119 -0.004550234 0.072154105 -0.008615249 -0.024306411 0.997060061
1341846245.692060 0.024930283 -0.017771248 -0.005438468 0.071437396 -0.007662896 -0.025597945 0.997087121
1341846245.724517 0.024904074 -0.017805651 -0.004331090 0.071701236 -0.007478733 -0.025612576 0.997069240
1341846245.760068 0.024080653 -0.018212086 -0.005196209 0.072592467 -0.006894877 -0.024737561 0.997031033
1341846245.791914 0.023851316 -0.018008297 -0.006330299 0.072826393 -0.006555063 -0.024493780 0.997022271
1341846245.824142 0.025113465 -0.017349917 -0.005626685 0.072795093 -0.006457397 -0.024222670 0.997031808
1341846245.860005 0.024352821 -0.017021246 -0.006493778 0.072480761 -0.005578415 -0.023999689 0.997065425
1341846245.891878 0.023920389 -0.017463271 -0.006795355 0.071329974 -0.005117849 -0.024996687 0.997126341
1341846245.927903 0.024738317 -0.017781705 -0.005740305 0.071619049 -0.004825500 -0.024748268 0.997113287
1341846245.959920 0.021003051 -0.015143827 -0.006788859 0.073214859 -0.002815872 -0.024917981 0.997000873
1341846245.986182 0.021104183 -0.014671321 -0.006864997 0.073557273 -0.003359919 -0.024833238 0.996976078
1341846246.022057 0.020654442 -0.015559334 -0.006553824 0.073705643 -0.003371778 -0.025400583 0.996950805
1341846246.053871 0.024055205 -0.018056134 -0.005852117 0.074103385 -0.004967117 -0.024653675 0.996933401
1341846246.085916 0.023537355 -0.018070197 -0.006689546 0.075485863 -0.005644299 -0.023833867 0.996846020
1341846246.121806 0.025128972 -0.017991940 -0.006667652 0.076153696 -0.007462843 -0.024110667 0.996776581
1341846246.153949 0.025034906 -0.017791808 -0.006861973 0.076949194 -0.007756915 -0.025457272 0.996679783
1341846246.190063 0.024316791 -0.017350717 -0.007219286 0.078162432 -0.006932210 -0.027081350 0.996548653
1341846246.222002 0.023572629 -0.016804554 -0.008637248 0.077634454 -0.006551670 -0.028517431 0.996552408
1341846246.253984 0.024385132 -0.018989841 -0.010307093 0.076307505 -0.007186187 -0.029808292 0.996612728
1341846246.289808 0.023975816 -0.017112730 -0.007735568 0.078640886 -0.006590415 -0.030599119 0.996411502
1341846246.322001 0.024093147 -0.017895926 -0.010769591 0.077645250 -0.005399771 -0.031475488 0.996469438
1341846246.353946 0.022095857 -0.015149326 -0.006723573 0.077552594 -0.003641844 -0.033703569 0.996411741
1341846246.389885 0.022008041 -0.015518342 -0.007007515 0.076189235 -0.002751759 -0.033647448 0.996521711
1341846246.421855 0.022792481 -0.016661366 -0.006665791 0.076029889 -0.002715776 -0.032138005 0.996583760
1341846246.457915 0.022449523 -0.014743919 -0.005605090 0.076430999 -0.002571899 -0.029888572 0.996623456
1341846246.489829 0.023917340 -0.015977528 -0.006700030 0.074664794 -0.002305002 -0.028514583 0.996798277
1341846246.521912 0.023392314 -0.014946316 -0.006766729 0.074004486 -0.000277238 -0.027657876 0.996874273
1341846246.558038 0.023348942 -0.015886068 -0.007747968 0.072863236 0.001414225 -0.028749302 0.996926486
1341846246.589826 0.023467751 -0.016935583 -0.005454631 0.073160052 0.001873518 -0.027906181 0.996927977
1341846246.622033 0.022974720 -0.015766613 -0.005645983 0.073925994 0.001800306 -0.025464633 0.996936917
1341846246.658046 0.024017068 -0.015648544 -0.006585234 0.073203713 0.000773786 -0.023458069 0.997040808
1341846246.689939 0.022960175 -0.015572006 -0.005789174 0.072806910 0.000649439 -0.024567399 0.997043252
1341846246.725903 0.024464631 -0.015466084 -0.006838979 0.072596855 -0.000451248 -0.024677388 0.997055948
1341846246.757894 0.024648191 -0.015437082 -0.007147863 0.071867175 -0.000519822 -0.025650602 0.997084200
1341846246.789989 0.023904633 -0.015566439 -0.005974928 0.071105033 -0.000222143 -0.026090425 0.997127533
1341846246.826059 0.022895698 -0.015769118 -0.004143076 0.071254991 -0.000048425 -0.026413284 0.997108340
1341846246.857869 0.023204057 -0.016061366 -0.006896206 0.071874499 -0.000582009 -0.025693648 0.997082531
1341846246.893944 0.023069981 -0.016023241 -0.006755580 0.071857668 -0.001205830 -0.025132539 0.997097492
1341846246.925896 0.023581255 -0.015958756 -0.005520468 0.071489051 -0.001970714 -0.025524182 0.997112811
1341846246.958090 0.024138460 -0.015165257 -0.003457655 0.072030038 -0.002332527 -0.024745766 0.997092664
1341846246.993936 0.023711616 -0.014967460 -0.003620457 0.072008707 -0.002348178 -0.025758853 0.997068524
1341846247.026204 0.023941349 -0.015084781 -0.003337979 0.071864091 -0.002576357 -0.027578088 0.997029781
1341846247.057936 0.023720546 -0.016370967 -0.004423236 0.072081789 -0.002353129 -0.028520297 0.996988118
1341846247.093899 0.023160022 -0.015500819 -0.004815961 0.073260747 -0.002829652 -0.027239133 0.996936738
1341846247.126028 0.022900851 -0.014319016 -0.003243642 0.073653065 -0.003418758 -0.027004179 0.996912420
1341846247.162093 0.023929214 -0.017725954 -0.004409575 0.072969392 -0.004039865 -0.026277017 0.996979773
1341846247.194072 0.024096882 -0.017965050 -0.005702774 0.075878851 -0.002993878 -0.024713023 0.996806264
1341846247.225977 0.023430837 -0.016487030 -0.005725533 0.077535838 -0.002378874 -0.022886652 0.996724010
1341846247.261953 0.024150126 -0.018372124 -0.004439748 0.079644196 -0.002349932 -0.023706479 0.996538639
1341846247.293957 0.024217136 -0.018354123 -0.004434369 0.084329732 -0.001187203 -0.023602588 0.996157587
1341846247.325987 0.024147511 -0.016396811 -0.005485439 0.086171217 -0.001938488 -0.022485882 0.996024668
1341846247.361940 0.024352390 -0.016214864 -0.005987769 0.084018812 -0.003147482 -0.022108119 0.996213913
1341846247.394053 0.023828624 -0.016250471 -0.005182537 0.082154036 -0.002947588 -0.021875026 0.996375144
1341846247.430187 0.023590496 -0.016097086 -0.005096580 0.079868630 -0.003418190 -0.023133816 0.996531010
1341846247.462223 0.024016168 -0.016531622 -0.004503631 0.078891046 -0.004725894 -0.023735449 0.996589422
1341846247.493952 0.024730640 -0.016647190 -0.004205151 0.079331249 -0.005387513 -0.024517320 0.996532202
1341846247.530027 0.024721315 -0.017338388 -0.003541266 0.079766460 -0.005183380 -0.024456695 0.996500015
1341846247.562209 0.024105711 -0.018040553 -0.003112296 0.081728332 -0.004701750 -0.023422459 0.996368289
1341846247.594166 0.023922563 -0.017129386 -0.003573617 0.083689556 -0.004814046 -0.022432212 0.996227682
1341846247.630035 0.024138365 -0.016737860 -0.003389044 0.082440801 -0.005928696 -0.022003295 0.996335387
1341846247.662701 0.025231065 -0.017319294 -0.002413906 0.081185944 -0.006797498 -0.021073943 0.996452987
1341846247.697913 0.024956204 -0.016391112 -0.003068940 0.082373843 -0.005865926 -0.019506438 0.996393323
1341846247.730051 0.024464281 -0.016898423 -0.002326787 0.080644868 -0.006670591 -0.018905172 0.996541262
1341846247.762180 0.025403559 -0.017277004 -0.001620670 0.081324235 -0.007655345 -0.017774161 0.996499777
1341846247.798768 0.024851928 -0.017022131 -0.002658121 0.083369531 -0.007043277 -0.015658339 0.996370733
1341846247.830259 0.026019178 -0.013092357 -0.002144853 0.083917759 -0.007749911 -0.014750062 0.996333361
1341846247.865875 0.025149943 -0.017134812 -0.001270080 0.080390461 -0.007199975 -0.015828282 0.996611714
1341846247.898157 0.025465271 -0.017332664 -0.001844867 0.082574263 -0.006156463 -0.014975545 0.996453345
1341846247.930002 0.024320776 -0.014159090 -0.001822374 0.085150220 -0.007123420 -0.014191955 0.996241570
1341846247.966006 0.024651095 -0.017231796 -0.001809643 0.082724690 -0.009323095 -0.013700270 0.996434629
1341846247.998062 0.025613364 -0.017444387 -0.001631545 0.084733933 -0.009712300 -0.012489270 0.996277988
1341846248.030615 0.025565267 -0.016101090 -0.002203245 0.086801030 -0.008941946 -0.013607159 0.996092618
1341846248.065891 0.025930695 -0.012660048 -0.000543201 0.087260135 -0.009121059 -0.013490703 0.996052444
1341846248.098211 0.029430436 -0.015325483 -0.001914057 0.085037045 -0.009861166 -0.013343807 0.996239603
1341846248.133929 0.030431926 -0.015045880 -0.002362932 0.086817563 -0.006195120 -0.015922068 0.996077716
1341846248.166050 0.028549768 -0.014379315 -0.002049734 0.086478539 -0.003233898 -0.018579636 0.996075153
1341846248.198024 0.025496751 -0.017444683 -0.001151068 0.083809748 -0.001937242 -0.020065023 0.996277869
1341846248.233930 0.027536925 -0.017729098 0.000064228 0.085964881 -0.002831362 -0.019500887 0.996103287
1341846248.265968 0.028254466 -0.014516179 -0.001431371 0.087611020 -0.002217979 -0.020469837 0.995941937
1341846248.297927 0.027534541 -0.015596516 -0.001862947 0.084721409 -0.002201290 -0.023278130 0.996130288
1341846248.333956 0.027118372 -0.017491106 -0.000327278 0.084516488 -0.002514623 -0.025588505 0.996090293
1341846248.366013 0.027178857 -0.016707649 -0.000463240 0.086439081 -0.002621365 -0.025390230 0.995930076
1341846248.402093 0.027172368 -0.015121170 -0.000469321 0.086812094 -0.003478168 -0.024932917 0.995906532
1341846248.433862 0.028365038 -0.017011225 -0.001782300 0.085955039 -0.004372937 -0.025330996 0.995967329
1341846248.466804 0.028393315 -0.015903546 -0.000897123 0.087555349 -0.003081613 -0.026051436 0.995814145
1341846248.502139 0.027136246 -0.012396388 0.001107554 0.087397337 -0.002521561 -0.027076326 0.995802283
1341846248.534215 0.024579348 -0.016957089 0.000474246 0.082764141 -0.003494693 -0.026400615 0.996213257
1341846248.565971 0.028396523 -0.016383357 -0.001170439 0.084918790 -0.005544815 -0.025713470 0.996040583
1341846248.602003 0.027809158 -0.012638758 -0.000124195 0.085573584 -0.004068621 -0.025935264 0.995985925
1341846248.640295 0.028176652 -0.016420737 -0.001279890 0.082486816 -0.004089660 -0.026401250 0.996234000
1341846248.675831 0.027897434 -0.017567236 0.000048641 0.084900498 -0.003717119 -0.025645277 0.996052384
1341846248.708095 0.028472355 -0.016333170 -0.000706619 0.087031685 -0.002646595 -0.025968784 0.995863497
1341846248.740085 0.026840884 -0.016715914 0.000247143 0.086216241 -0.002220480 -0.026108623 0.995931804
1341846248.775948 0.027655039 -0.018757073 -0.000669627 0.086800523 -0.003537251 -0.026619082 0.995863736
1341846248.802167 0.028648315 -0.016318880 -0.002268888 0.089030385 -0.003562247 -0.026174366 0.995678604
1341846248.833950 0.026400855 -0.017913427 0.000179663 0.087971792 -0.002656714 -0.026758591 0.995759964
1341846248.869901 0.026733182 -0.018257417 0.000077795 0.089293629 -0.003282055 -0.026198655 0.995655358
1341846248.901932 0.026460029 -0.018159924 0.000161260 0.090949439 -0.002868063 -0.026105361 0.995509148
1341846248.938035 0.024947774 -0.017239349 0.000449572 0.090950891 -0.002183431 -0.026241668 0.995507181
1341846248.969908 0.025501786 -0.017386969 0.001093648 0.090180494 -0.003082021 -0.026330253 0.995572567
1341846249.001964 0.025222288 -0.017617410 0.000439175 0.089535929 -0.002916334 -0.026706802 0.995621204
1341846249.037998 0.024733029 -0.017064271 -0.000439022 0.089852750 -0.002605786 -0.026410401 0.995601416
1341846249.069961 0.025602009 -0.016716393 -0.000089225 0.088514850 -0.003963965 -0.025184514 0.995748520
1341846249.105888 0.026529856 -0.017230581 0.000692054 0.088294007 -0.003888034 -0.024949592 0.995774329
1341846249.138041 0.025799738 -0.016911162 0.000552413 0.088630334 -0.002547876 -0.024751512 0.995753765
1341846249.169904 0.025901321 -0.017482111 0.000802917 0.088106140 -0.002622733 -0.023322618 0.995834529
1341846249.206013 0.026295178 -0.017730130 0.000984875 0.089616708 -0.002331078 -0.022709260 0.995714664
1341846249.237872 0.026223004 -0.016990690 0.000937977 0.090060577 -0.000779788 -0.023053121 0.995669127
1341846249.269963 0.026167661 -0.017227396 0.000968003 0.088388532 -0.000585363 -0.023469694 0.995809376
1341846249.306095 0.026737649 -0.017584089 0.002129153 0.089155465 -0.000526331 -0.023317106 0.995744646
1341846249.337853 0.026554635 -0.017133823 0.001805728 0.090370968 0.000907764 -0.022769364 0.995647430
1341846249.373854 0.026317593 -0.017014548 0.001498183 0.088753887 0.001270931 -0.023293091 0.995780408
1341846249.405928 0.027949389 -0.018066255 0.001915731 0.087515078 0.001524227 -0.023942852 0.995874286
1341846249.437945 0.029774327 -0.016638655 -0.000086434 0.088966526 0.002534226 -0.024362192 0.995733380
1341846249.474182 0.029263005 -0.014475381 0.001252271 0.089553706 0.002794852 -0.024292929 0.995681763
1341846249.505956 0.030165952 -0.015783511 0.000427207 0.087480173 0.002263296 -0.024273237 0.995867908
1341846249.538288 0.030236125 -0.015900657 0.000583540 0.087356806 0.002534461 -0.024600461 0.995870054
1341846249.574263 0.030149519 -0.015635943 -0.000250556 0.086878575 0.002626128 -0.024127366 0.995923221
1341846249.606015 0.029762078 -0.015217148 0.001530863 0.085703976 0.001697549 -0.022719327 0.996060133
1341846249.641995 0.028960695 -0.016588112 0.000533751 0.085311413 0.000863573 -0.020647261 0.996140003
1341846249.674108 0.029736858 -0.013861176 0.001523830 0.085398100 -0.000765845 -0.019106958 0.996163368
1341846249.706034 0.028816326 -0.013429014 0.002123707 0.082764782 -0.001149856 -0.018864086 0.996389866
1341846249.742012 0.028308924 -0.015200503 0.002107752 0.081725843 -0.002335957 -0.017572692 0.996497154
1341846249.773906 0.028666275 -0.014341647 0.002016192 0.082947880 -0.004636306 -0.014359507 0.996439695
1341846249.806093 0.027527930 -0.013027234 0.001871595 0.082440443 -0.007174593 -0.011538994 0.996503353
1341846249.842148 0.027822657 -0.013711571 0.001707455 0.081345439 -0.008885861 -0.011153312 0.996583939
1341846249.873923 0.027376212 -0.013825132 0.001071636 0.081144311 -0.010609697 -0.009433565 0.996601224
1341846249.909991 0.027180742 -0.012311364 0.001556687 0.081667647 -0.014244443 -0.006760647 0.996534884
1341846249.942024 0.027332837 -0.012362424 0.000846341 0.081180982 -0.017359799 -0.004327225 0.996538818
1341846249.974199 0.029271202 -0.014185588 0.000760825 0.081010051 -0.019509252 -0.005324873 0.996508121
1341846250.010384 0.030363679 -0.011677661 0.001608499 0.081825942 -0.021223119 -0.005451321 0.996405721
1341846250.042022 0.029702423 -0.011741045 0.002564380 0.081935301 -0.023374412 -0.003420611 0.996357620
1341846250.078047 0.031375252 -0.010737906 0.003496230 0.084374443 -0.024248736 -0.002553302 0.996135712
1341846250.109945 0.031927392 -0.007851262 0.003361959 0.085428111 -0.022675868 -0.003788283 0.996079028
1341846250.141849 0.032620445 -0.008457203 0.001427109 0.082875684 -0.021624153 -0.004175075 0.996316493
1341846250.177803 0.034071498 -0.008717541 0.002835690 0.083238855 -0.020151181 -0.003636520 0.996319234
1341846250.210137 0.033378832 -0.008341468 0.001646271 0.083738498 -0.015704006 -0.005300531 0.996349931
1341846250.241903 0.033228058 -0.007846961 0.001777948 0.082879722 -0.013253871 -0.008024584 0.996439099
1341846250.277878 0.032514594 -0.007375872 0.003721368 0.082616590 -0.011562598 -0.010195856 0.996462166
1341846250.309873 0.032253098 -0.007546006 0.003184418 0.081929520 -0.011135627 -0.010772427 0.996517718
1341846250.346142 0.032633584 -0.007656052 0.003769928 0.082104325 -0.011731395 -0.010960755 0.996494412
1341846250.377944 0.032665066 -0.007552261 0.003564381 0.082748987 -0.011783913 -0.010774624 0.996442497
1341846250.410038 0.032274466 -0.007772579 0.004056918 0.083294027 -0.011691372 -0.010216786 0.996404052
1341846250.445984 0.032752503 -0.007602815 0.003211609 0.084363244 -0.011884460 -0.011390842 0.996299088
1341846250.477872 0.032547493 -0.006817831 0.003350964 0.084194355 -0.011912198 -0.011929573 0.996306717
1341846250.509930 0.032028444 -0.006996217 0.003580940 0.083816923 -0.013726814 -0.009880931 0.996337593
1341846250.546119 0.032401353 -0.007308719 0.004486223 0.084525816 -0.015128142 -0.009613065 0.996260047
1341846250.577998 0.032523472 -0.007053472 0.003870392 0.083289549 -0.014259512 -0.010956381 0.996363103
1341846250.613828 0.032799046 -0.007251471 0.004101117 0.081785321 -0.014272949 -0.010096909 0.996496618
1341846250.646114 0.032731343 -0.007848568 0.004094962 0.081871420 -0.014499538 -0.007340072 0.996510386
1341846250.677812 0.032985147 -0.006587705 0.002993462 0.082003102 -0.014321228 -0.005218125 0.996515512
1341846250.713958 0.033506308 -0.006531237 0.002214865 0.080358043 -0.013575052 -0.005053655 0.996660829
1341846250.745904 0.032463901 -0.006983879 0.003163664 0.079516232 -0.012776440 -0.003568219 0.996745288
1341846250.777886 0.031616405 -0.007107041 0.004156142 0.079034582 -0.014089753 -0.001341484 0.996771395
1341846250.814024 0.031769350 -0.007343205 0.004103669 0.078132801 -0.014897240 -0.000918136 0.996831238
1341846250.846025 0.031817731 -0.007364577 0.004194368 0.076663174 -0.014543692 -0.002259821 0.996948421
1341846250.881824 0.031684775 -0.007379549 0.004415222 0.077085502 -0.014868164 -0.001417132 0.996912599
1341846250.913808 0.031685539 -0.007399510 0.004449388 0.078928143 -0.014818585 -0.001126663 0.996769488
1341846250.946118 0.031815507 -0.007264427 0.004044374 0.079604149 -0.014183908 -0.001550773 0.996724427
1341846250.981803 0.031983942 -0.007116936 0.003606479 0.080564946 -0.014219516 -0.002246842 0.996645391
1341846251.014047 0.032160498 -0.006897371 0.003471931 0.080761880 -0.015573715 -0.003793426 0.996604502
1341846251.046033 0.032426059 -0.007206878 0.004232062 0.081406035 -0.016598891 -0.003951762 0.996534944
1341846251.081959 0.032144051 -0.007924245 0.005932644 0.082926936 -0.016101846 -0.004475850 0.996415496
1341846251.114058 0.032270886 -0.007761270 0.005552035 0.084777303 -0.015639758 -0.005340723 0.996262848
1341846251.149920 0.032059483 -0.007928554 0.004791744 0.085847475 -0.015081378 -0.005517054 0.996178865
1341846251.181983 0.032564174 -0.007440874 0.004529163 0.086828604 -0.014313138 -0.006876012 0.996096671
1341846251.214205 0.032672182 -0.006967884 0.003761072 0.088087924 -0.014524213 -0.006937394 0.995982647
1341846251.249978 0.031624954 -0.007354206 0.004361879 0.088035896 -0.016067645 -0.006108480 0.995968997
1341846251.281923 0.031662591 -0.007295210 0.004395839 0.088937931 -0.017452890 -0.006596340 0.995862424
1341846251.318026 0.031899903 -0.007142768 0.003803476 0.088357225 -0.018748669 -0.006665930 0.995890081
1341846251.350003 0.031948350 -0.007086777 0.003683250 0.086230323 -0.021000924 -0.007189012 0.996027946
1341846251.382003 0.031690728 -0.007340287 0.004325780 0.086361766 -0.023146536 -0.006683241 0.995972514
1341846251.417971 0.032051120 -0.007042734 0.003474656 0.086500250 -0.024059353 -0.007632131 0.995932043
1341846251.449878 0.032602705 -0.007126638 0.003044740 0.083532237 -0.024851810 -0.009480744 0.996150017
1341846251.481872 0.032434113 -0.007351466 0.003517882 0.081191309 -0.026558040 -0.009216825 0.996302009
1341846251.517870 0.032062192 -0.006979678 0.003335740 0.079965815 -0.027858755 -0.008396878 0.996372819
1341846251.549884 0.031977724 -0.007002526 0.003604087 0.078092493 -0.028237402 -0.008769025 0.996507585
1341846251.586071 0.031773493 -0.007172861 0.004035527 0.077531621 -0.027873179 -0.007757626 0.996569991
1341846251.618241 0.031891871 -0.007097112 0.003765240 0.078320734 -0.028665081 -0.006279164 0.996496260
1341846251.649917 0.031382497 -0.007386728 0.004742962 0.078978896 -0.027858907 -0.005528616 0.996471584
1341846251.686034 0.031511486 -0.007222360 0.004591329 0.079653464 -0.025609616 -0.007590840 0.996464670
1341846251.718103 0.031848080 -0.007082314 0.003832849 0.079717591 -0.024513254 -0.008909035 0.996476173
1341846251.749907 0.031639811 -0.007003850 0.004412946 0.080195233 -0.024998242 -0.007841600 0.996434808
