1341846227.989985 0.017087793 -0.008042014 -0.000762498 0.009398943 -0.013641380 -0.028849065 0.999446511
1341846228.021937 0.015833290 -0.014714601 -0.000102526 0.006542099 -0.012431610 -0.029037312 0.999479592
1341846228.058222 0.017273480 -0.014387670 -0.000375591 0.009275218 -0.012941616 -0.027564829 0.999493182
1341846228.090097 0.017363198 -0.008320248 -0.001528236 0.011462102 -0.011564391 -0.027588582 0.999486744
1341846228.121845 0.018944856 -0.008193360 -0.001293836 0.008151551 -0.010347959 -0.026962066 0.999549627
1341846228.157875 0.017107340 -0.008288784 -0.000400244 0.006008079 -0.009702493 -0.023438409 0.999660134
1341846228.189872 0.019226145 -0.009204790 -0.001176850 0.003124802 -0.011286725 -0.021304889 0.999704421
1341846228.225994 0.017395711 -0.008832623 0.000675565 0.001749215 -0.010271797 -0.022570724 0.999690950
1341846228.258336 0.019010836 -0.009495655 0.000982320 0.002262590 -0.011859726 -0.023317089 0.999655187
1341846228.289941 0.019087022 -0.009430152 0.000880449 0.002851614 -0.012281148 -0.022509810 0.999667108
1341846228.326018 0.019110870 -0.009516009 0.001054976 0.003323426 -0.011363030 -0.022786139 0.999670267
1341846228.358243 0.019295692 -0.009513966 0.000625116 0.003638179 -0.009693770 -0.022762666 0.999687254
1341846228.389779 0.018995866 -0.009418781 0.000586345 0.003340772 -0.009231134 -0.021375278 0.999723315
1341846228.426073 0.019558696 -0.009741849 0.000913408 0.003568977 -0.008678303 -0.021886762 0.999716401
1341846228.457823 0.019246893 -0.009473661 0.000495464 0.004726689 -0.006280484 -0.021397639 0.999740124
1341846228.493915 0.019337721 -0.009408237 -0.000507234 0.003965997 -0.006368359 -0.020642577 0.999758780
1341846228.525907 0.019450232 -0.009451973 -0.000535587 0.003388535 -0.007332181 -0.019843746 0.999770463
1341846228.558208 0.019093551 -0.009501196 -0.000192233 0.003331929 -0.006486010 -0.019331362 0.999786496
1341846228.593899 0.019246358 -0.009471628 -0.000407209 0.003712958 -0.006188598 -0.018793410 0.999797344
1341846228.626021 0.019124914 -0.009431892 -0.000999427 0.003480054 -0.007734420 -0.017628500 0.999808609
1341846228.658069 0.018972494 -0.009448498 -0.001022682 0.002458565 -0.008642103 -0.016895955 0.999816895
1341846228.693942 0.017915767 -0.008947005 -0.001069649 0.001689078 -0.007346742 -0.017600028 0.999816656
1341846228.726069 0.019039432 -0.009523777 -0.001482868 0.000946257 -0.006480980 -0.017626023 0.999823213
1341846228.762090 0.018962376 -0.009575422 -0.001317595 0.000907182 -0.006448075 -0.015544017 0.999857962
1341846228.794000 0.018828219 -0.009574901 -0.001922814 0.001852609 -0.006870365 -0.014521850 0.999869227
1341846228.825934 0.020313345 -0.010426588 -0.002707361 0.002117892 -0.006930587 -0.013943032 0.999876499
1341846228.862015 0.018800413 -0.009655614 -0.002644318 0.002682742 -0.006293274 -0.012496363 0.999898493
1341846228.893856 0.018900031 -0.009601805 -0.003041684 0.003071265 -0.007474471 -0.012204548 0.999892890
1341846228.926548 0.019270180 -0.009746729 -0.003746495 0.003074888 -0.007535268 -0.012491916 0.999888837
1341846228.961940 0.019313840 -0.009685103 -0.003451993 0.002816844 -0.006726725 -0.012087354 0.999900341
1341846228.994040 0.019488035 -0.009617734 -0.004503513 0.001677955 -0.006718669 -0.011941881 0.999904692
1341846229.029897 0.019183852 -0.009553481 -0.002471821 0.001894363 -0.006832898 -0.012216581 0.999900222
1341846229.061870 0.019240765 -0.009215338 -0.003362215 0.003371364 -0.006343866 -0.012091609 0.999901116
1341846229.094829 0.019547656 -0.009418052 -0.003047641 0.003215573 -0.005871417 -0.010648012 0.999920905
1341846229.129930 0.019509412 -0.009545166 -0.003999474 0.002589258 -0.005159445 -0.009886866 0.999934435
1341846229.161882 0.019662986 -0.009859090 -0.002998007 0.002094993 -0.004820371 -0.010791135 0.999927938
1341846229.197882 0.026900720 -0.015092687 -0.004097332 -0.000039140 -0.008118931 -0.009829130 0.999918699
1341846229.229812 0.023644831 -0.014150674 -0.003565691 0.001593648 -0.007434208 -0.009773768 0.999923348
1341846229.261994 0.024080893 -0.014268778 -0.004097004 0.002752622 -0.007973484 -0.010526618 0.999909043
1341846229.297920 0.027061690 -0.014638548 -0.004413564 0.002649416 -0.009553084 -0.011081678 0.999889433
1341846229.329933 0.024101295 -0.013250542 -0.004652924 0.003212870 -0.009071345 -0.011609901 0.999886274
1341846229.361996 0.026439380 -0.014447677 -0.003856676 0.002778477 -0.010559359 -0.010846748 0.999881566
1341846229.398029 0.026810387 -0.019000348 -0.003548763 0.003129940 -0.010381676 -0.010824939 0.999882638
1341846229.430182 0.024598725 -0.015261665 -0.003345495 0.007469047 -0.009691317 -0.010838676 0.999866426
1341846229.471963 0.023308404 -0.014755715 -0.005191233 0.008343261 -0.009135339 -0.010298540 0.999870420
1341846229.498348 0.025377091 -0.016701438 -0.005115043 0.008389285 -0.009689801 -0.009579441 0.999871969
1341846229.530149 0.026643487 -0.016124541 -0.005333141 0.009471233 -0.009872172 -0.008148977 0.999873221
1341846229.566064 0.026530154 -0.017106419 -0.005365054 0.009148599 -0.009840816 -0.006734301 0.999887049
1341846229.598057 0.028272100 -0.017375220 -0.005082832 0.011057835 -0.009877595 -0.004667738 0.999879181
1341846229.630063 0.030027257 -0.017905004 -0.006863690 0.012006372 -0.009136007 -0.002842993 0.999882162
1341846229.665946 0.028267408 -0.017660508 -0.007042711 0.011331988 -0.007938007 -0.002517556 0.999901116
1341846229.698150 0.028869968 -0.018999368 -0.006247589 0.011674552 -0.007925691 -0.001359190 0.999899507
1341846229.733828 0.028398763 -0.020481782 -0.007289973 0.013838451 -0.006297532 -0.000593023 0.999884248
1341846229.765937 0.026527138 -0.016549680 -0.009053641 0.016138962 -0.004184605 -0.000600546 0.999860823
1341846229.798002 0.026635891 -0.016732464 -0.007572417 0.014360773 -0.003911649 -0.000924400 0.999888778
1341846229.833857 0.026658678 -0.017134100 -0.006199823 0.014033135 -0.003729760 -0.001581222 0.999893308
1341846229.865928 0.029829849 -0.020061715 -0.006990996 0.014412211 -0.004138378 -0.001505360 0.999886453
1341846229.897926 0.029849498 -0.019295258 -0.008101925 0.014258922 -0.003817266 -0.002050227 0.999888957
1341846229.939857 0.027098445 -0.016320437 -0.007914521 0.013820129 -0.002606572 -0.002321169 0.999898374
1341846229.965948 0.029611111 -0.016390691 -0.006240990 0.012814187 -0.002785887 -0.002112621 0.999911785
1341846230.002061 0.025085412 -0.013935890 -0.007287624 0.012038885 -0.000502280 -0.003960037 0.999919534
1341846230.033858 0.026673354 -0.014993669 -0.006323572 0.008899938 -0.001612503 -0.004215451 0.999950230
1341846230.065938 0.026633313 -0.015080127 -0.005398814 0.008556718 -0.000832938 -0.003583556 0.999956608
1341846230.103878 0.025173623 -0.014096475 -0.005662723 0.009145585 0.000597090 -0.002515328 0.999954820
1341846230.144719 0.024346365 -0.013014777 -0.005630536 0.008760049 0.001099949 -0.002917696 0.999956727
1341846230.172747 0.025776904 -0.014886326 -0.005423016 0.007375893 0.000887788 -0.002038528 0.999970317
1341846230.208544 0.026064200 -0.015040106 -0.005605150 0.008198587 0.001514206 -0.000632228 0.999965012
1341846230.271971 0.026712986 -0.016007833 -0.005153527 0.006588380 0.001173089 -0.000425373 0.999977529
1341846230.302303 0.027382104 -0.017446563 -0.005341311 0.008365626 0.000899284 0.001758415 0.999963045
1341846230.334051 0.027757797 -0.016009888 -0.005417781 0.010858187 0.001168844 0.001784888 0.999938786
1341846230.370031 0.026696857 -0.016948456 -0.004704437 0.012360821 0.002542449 0.000538228 0.999920249
1341846230.401932 0.027210793 -0.017019128 -0.006151263 0.014329330 0.003251710 -0.000335052 0.999891996
1341846230.437965 0.027682478 -0.017576145 -0.005288432 0.015852064 0.003664707 -0.000944569 0.999867201
1341846230.469920 0.027667701 -0.016167596 -0.005742748 0.017839449 0.004013618 -0.002203986 0.999830365
1341846230.501933 0.025171533 -0.013888909 -0.006295077 0.018618764 0.005340718 -0.003232871 0.999807179
1341846230.537834 0.025001595 -0.013580251 -0.005232140 0.018035384 0.005051461 -0.002921405 0.999820352
1341846230.569803 0.027989328 -0.014818270 -0.005671327 0.018852457 0.003045546 -0.002877349 0.999813497
1341846230.601945 0.026694259 -0.018587869 -0.007553020 0.019064378 0.002922543 -0.004082342 0.999805629
1341846230.637789 0.027130006 -0.018899521 -0.007984980 0.020128308 0.002351792 -0.003501587 0.999788523
1341846230.670057 0.025064418 -0.015771892 -0.007961392 0.021026986 0.002492208 -0.003847085 0.999768376
1341846230.705937 0.027806534 -0.017284632 -0.006969712 0.019201962 0.000457013 -0.004379638 0.999805927
1341846230.737932 0.027223129 -0.019682689 -0.007344346 0.019268986 0.000679268 -0.004009930 0.999806046
1341846230.769960 0.026289394 -0.017594665 -0.005785285 0.021367773 0.000801664 -0.002673615 0.999767780
1341846230.805852 0.028238852 -0.018980924 -0.007369652 0.020675469 -0.000336217 -0.003131731 0.999781251
1341846230.837804 0.028668121 -0.019468799 -0.007774176 0.020696912 -0.001059434 -0.003812091 0.999777973
1341846230.869829 0.032036547 -0.020860706 -0.008251383 0.021123897 -0.001990585 -0.003572570 0.999768496
1341846230.905851 0.029809644 -0.018670458 -0.008393350 0.022593034 -0.001356111 -0.003191228 0.999738753
1341846230.937917 0.030149261 -0.019313751 -0.008111512 0.022135515 -0.002674354 -0.003824433 0.999744058
1341846230.973933 0.029170409 -0.019671254 -0.006639086 0.022647556 -0.002689668 -0.003723419 0.999732971
1341846231.006047 0.029477866 -0.020600609 -0.006580040 0.023424303 -0.002849723 -0.002807822 0.999717593
1341846231.037936 0.030615598 -0.018391894 -0.008027557 0.024541011 -0.004066144 -0.002681035 0.999686956
1341846231.074310 0.030511908 -0.020090263 -0.007811067 0.023582095 -0.004555135 -0.003333723 0.999705970
1341846231.106085 0.028732348 -0.021728991 -0.006952471 0.024113650 -0.004123265 -0.002939371 0.999696374
1341846231.138083 0.029559074 -0.020595999 -0.007666499 0.025542043 -0.005005624 -0.002737958 0.999657452
1341846231.174011 0.027343027 -0.019016610 -0.007403561 0.026296351 -0.004432905 -0.003186873 0.999639273
1341846231.205909 0.028061684 -0.023351299 -0.007961695 0.025441291 -0.004876717 -0.003877262 0.999656916
1341846231.241869 0.028846700 -0.021136900 -0.008355462 0.027430069 -0.005200389 -0.003452573 0.999604225
1341846231.273832 0.028487336 -0.021653304 -0.008742820 0.027282801 -0.005168276 -0.004147568 0.999605775
1341846231.305846 0.026916049 -0.017492706 -0.007754255 0.030232444 -0.004955513 -0.003486293 0.999524534
1341846231.341923 0.029568711 -0.019971214 -0.009327725 0.029195415 -0.006341360 -0.003499250 0.999547482
1341846231.374263 0.030403756 -0.020029303 -0.008604868 0.027579512 -0.007219647 -0.003816329 0.999586284
1341846231.410022 0.029048992 -0.018631252 -0.008044795 0.027251940 -0.006693731 -0.004123397 0.999597669
1341846231.442103 0.028235471 -0.020175053 -0.008799061 0.026515188 -0.006524565 -0.003502675 0.999620974
1341846231.484245 0.028316217 -0.021252757 -0.007842429 0.026047107 -0.007371155 -0.002808033 0.999629617
1341846231.516816 0.029243326 -0.020617647 -0.007203475 0.025492685 -0.008039613 -0.003365054 0.999637008
1341846231.547853 0.030113155 -0.019092586 -0.009344369 0.024196219 -0.007380438 -0.004350649 0.999670506
1341846231.583898 0.030827718 -0.017999897 -0.009702930 0.021346679 -0.005915875 -0.006614090 0.999732733
1341846231.615993 0.031333167 -0.020899359 -0.007531703 0.018540891 -0.004176157 -0.009805179 0.999771297
1341846231.648015 0.028457025 -0.022459270 -0.006460247 0.019529287 -0.003064178 -0.011930133 0.999733388
1341846231.683822 0.028876930 -0.028649839 -0.006059855 0.022007355 -0.005095904 -0.013409833 0.999654889
1341846231.716153 0.028132487 -0.032436587 -0.008110814 0.026683819 -0.005782670 -0.012263255 0.999551952
1341846231.747846 0.026853424 -0.024191575 -0.007973824 0.034043867 -0.006548856 -0.012924711 0.999315321
1341846231.783993 0.028486246 -0.020605313 -0.006890125 0.036363408 -0.008285857 -0.012521301 0.999225855
1341846231.817027 0.031172777 -0.022811428 -0.008102607 0.035030637 -0.009385977 -0.011681965 0.999273896
1341846231.852317 0.029694028 -0.021367665 -0.009759496 0.034647748 -0.008958165 -0.012134995 0.999285758
1341846231.883853 0.027813440 -0.020625552 -0.009858732 0.032664418 -0.009418866 -0.011710467 0.999353409
1341846231.909867 0.026891954 -0.021473374 -0.007498873 0.030917430 -0.010357880 -0.010402167 0.999414146
1341846231.945837 0.028866123 -0.022702612 -0.008254049 0.030429030 -0.011941247 -0.009087815 0.999424279
1341846231.978027 0.026754659 -0.022584790 -0.010220346 0.030266730 -0.011174923 -0.010017558 0.999429166
1341846232.009966 0.026249323 -0.022365950 -0.009829138 0.029091181 -0.011459950 -0.009653327 0.999464452
1341846232.045845 0.029915594 -0.021516865 -0.008273684 0.028913049 -0.014627810 -0.008086655 0.999442160
1341846232.077961 0.028838500 -0.021742506 -0.006453898 0.029559994 -0.015281020 -0.007223147 0.999420106
1341846232.109864 0.029764082 -0.022152653 -0.007784527 0.029261533 -0.016069612 -0.007797851 0.999412179
1341846232.145999 0.030925389 -0.022532126 -0.010299930 0.028414607 -0.016418336 -0.008901473 0.999421716
1341846232.178314 0.031106904 -0.023236204 -0.007693507 0.027790654 -0.016327960 -0.008695559 0.999442577
1341846232.215951 0.030615294 -0.023535719 -0.006470672 0.028346034 -0.015783211 -0.008797884 0.999434829
1341846232.252037 0.031610012 -0.023059545 -0.006520594 0.029574655 -0.015872926 -0.007842407 0.999405742
1341846232.283944 0.032416195 -0.025844648 -0.008036141 0.029016769 -0.016569221 -0.005177269 0.999428153
1341846232.319867 0.033847742 -0.025247762 -0.009301795 0.029045017 -0.016848203 -0.004527227 0.999425828
1341846232.351854 0.034556631 -0.026597878 -0.009778884 0.026557995 -0.016701732 -0.005282259 0.999493778
1341846232.383877 0.031479016 -0.024077557 -0.008460287 0.025332013 -0.015210909 -0.008081319 0.999530673
1341846232.419782 0.028564265 -0.024207804 -0.007188241 0.024636680 -0.015149261 -0.009800111 0.999533653
1341846232.451780 0.031226013 -0.027131539 -0.008168729 0.024719559 -0.016631665 -0.009789358 0.999508142
1341846232.484170 0.031642344 -0.024828536 -0.006279508 0.026820937 -0.016446924 -0.009573143 0.999459088
1341846232.519889 0.032539990 -0.026311338 -0.007376287 0.026836101 -0.017149685 -0.008369469 0.999457657
1341846232.551877 0.031277873 -0.025736235 -0.007114771 0.027596643 -0.016890910 -0.009060595 0.999435365
1341846232.583846 0.031272780 -0.028409148 -0.007527776 0.027863076 -0.016581312 -0.008246612 0.999440193
1341846232.619798 0.033248477 -0.026787611 -0.007076369 0.030459218 -0.016584652 -0.008962641 0.999358237
1341846232.651799 0.032970466 -0.026102014 -0.006959517 0.031916074 -0.016089244 -0.007840986 0.999330282
1341846232.688092 0.033406567 -0.026314814 -0.005405406 0.033523511 -0.015930582 -0.008409495 0.999275565
1341846232.719804 0.033675451 -0.025358954 -0.005394626 0.035949349 -0.015450317 -0.008737536 0.999195933
1341846232.751767 0.033274546 -0.024890730 -0.005758993 0.037873112 -0.014338126 -0.009811150 0.999131501
1341846232.787894 0.033875607 -0.025478190 -0.005214931 0.039568428 -0.013651796 -0.010710235 0.999066174
1341846232.819886 0.032638546 -0.025089838 -0.006062841 0.041511301 -0.012039536 -0.011670062 0.998997331
1341846232.855850 0.033402696 -0.026196662 -0.006745452 0.043088309 -0.011713506 -0.011952624 0.998931110
1341846232.887989 0.031991359 -0.023758899 -0.006069415 0.045585234 -0.010327650 -0.012836172 0.998824596
1341846232.919822 0.035064556 -0.025164448 -0.006480259 0.045509156 -0.011101766 -0.013255022 0.998814285
1341846232.955993 0.033598151 -0.025736047 -0.006132002 0.046230271 -0.010248811 -0.013642641 0.998785079
1341846232.987965 0.033048432 -0.025001733 -0.008008455 0.046546463 -0.009421064 -0.013288992 0.998783290
1341846233.023868 0.035645839 -0.024200343 -0.007917364 0.045305010 -0.008423604 -0.013332441 0.998848677
1341846233.055880 0.034076415 -0.024460822 -0.007002316 0.044034902 -0.006485126 -0.013869732 0.998912632
1341846233.087872 0.033341341 -0.026747881 -0.006753979 0.042257462 -0.005906175 -0.015059236 0.998975813
1341846233.124060 0.033295665 -0.027882686 -0.005423874 0.042579092 -0.006488227 -0.016391335 0.998937547
1341846233.155902 0.031197866 -0.026447373 -0.005501092 0.045226201 -0.007016318 -0.017051075 0.998806596
1341846233.218177 0.034982547 -0.023936206 -0.005949542 0.050493103 -0.009493546 -0.018388540 0.998510003
1341846233.249926 0.033159524 -0.022685144 -0.006479033 0.049705666 -0.008616889 -0.020086398 0.998524725
1341846233.286015 0.024083888 -0.013682867 -0.006977234 0.052151985 -0.004587875 -0.023325507 0.998356164
1341846233.317870 0.023096951 -0.015176388 -0.004768238 0.052152872 -0.003016955 -0.023249861 0.998363853
1341846233.349815 0.033592347 -0.025904058 -0.005872121 0.048887186 -0.006880037 -0.021149946 0.998556674
1341846233.385857 0.030534150 -0.024243472 -0.008405153 0.049543500 -0.006028351 -0.021217370 0.998528361
1341846233.417990 0.032531895 -0.024076981 -0.008193251 0.049527705 -0.007471791 -0.020478131 0.998534858
1341846233.453822 0.030789290 -0.026086584 -0.009313229 0.049202029 -0.007626796 -0.019568617 0.998567998
1341846233.485912 0.031490214 -0.027627649 -0.007208285 0.049861487 -0.008899591 -0.019977558 0.998516679
1341846233.517954 0.030650631 -0.024720192 -0.007464704 0.051018938 -0.009307046 -0.022215389 0.998407185
1341846233.553882 0.032607738 -0.025712164 -0.007505580 0.050340604 -0.010968230 -0.022826649 0.998410940
1341846233.585968 0.031038249 -0.028136786 -0.006984320 0.050718561 -0.011328802 -0.021777865 0.998411238
1341846233.621898 0.033816483 -0.028528837 -0.007929926 0.051665276 -0.012461388 -0.020349998 0.998379350
1341846233.654396 0.031435151 -0.023989439 -0.008066565 0.053247664 -0.010521573 -0.021179695 0.998301268
1341846233.685848 0.031205259 -0.026765509 -0.009684909 0.050986562 -0.009374163 -0.021935351 0.998414457
1341846233.721879 0.033857029 -0.026644349 -0.007185626 0.050576877 -0.010038626 -0.021467810 0.998438954
1341846233.753961 0.031101197 -0.024365671 -0.006768252 0.051118799 -0.008848380 -0.021795334 0.998415530
1341846233.786032 0.031455547 -0.024254410 -0.006015250 0.050526395 -0.008373291 -0.020349398 0.998480260
1341846233.822009 0.033150114 -0.025580306 -0.006823716 0.049227867 -0.008361218 -0.019854773 0.998555183
1341846233.853971 0.032735743 -0.025257723 -0.007040886 0.048454326 -0.008046187 -0.019462015 0.998603344
1341846233.889920 0.029646166 -0.022585545 -0.006136294 0.048566036 -0.007168345 -0.020376071 0.998586357
1341846233.922045 0.028968375 -0.021895183 -0.005237449 0.048156351 -0.007473780 -0.020889752 0.998593390
1341846233.953967 0.030180564 -0.023937443 -0.005335456 0.046831168 -0.008642940 -0.020571647 0.998653591
1341846233.989945 0.030855626 -0.024329571 -0.006273147 0.046360373 -0.010006135 -0.020871647 0.998656571
1341846234.021936 0.027975356 -0.021495378 -0.008743864 0.046232112 -0.009903642 -0.020489791 0.998671472
1341846234.053904 0.031012474 -0.024388798 -0.005601492 0.044768304 -0.010954679 -0.020860227 0.998719513
1341846234.089899 0.031740591 -0.024500519 -0.004622243 0.044769142 -0.010564953 -0.021624286 0.998707414
1341846234.121984 0.031664670 -0.024155749 -0.005111114 0.044509515 -0.010184171 -0.021729808 0.998720706
1341846234.158063 0.035878148 -0.027890299 -0.005206246 0.042999808 -0.011800707 -0.021057855 0.998783410
1341846234.189961 0.036315132 -0.028090296 -0.004837414 0.043925747 -0.011952932 -0.020081509 0.998761415
1341846234.222130 0.031738877 -0.024270127 -0.005930293 0.045227207 -0.009703142 -0.020188445 0.998725593
1341846234.257875 0.034718525 -0.023562931 -0.006756243 0.044033095 -0.010519546 -0.019580143 0.998782814
1341846234.289820 0.034448523 -0.024467794 -0.006344348 0.042996690 -0.009837152 -0.019207681 0.998842120
1341846234.321998 0.037657540 -0.026892707 -0.005573223 0.043321136 -0.010043818 -0.020498218 0.998800397
1341846234.357904 0.036599789 -0.026341248 -0.005044435 0.044087484 -0.009565651 -0.021840006 0.998743117
1341846234.389919 0.036445957 -0.026783109 -0.004609108 0.044355091 -0.010137420 -0.021616906 0.998730481
1341846234.425915 0.036636639 -0.027439926 -0.005346135 0.045409650 -0.010823325 -0.019592596 0.998717666
1341846234.457800 0.037603684 -0.024112185 -0.004997753 0.046953913 -0.011485997 -0.018933835 0.998651564
1341846234.490016 0.037076320 -0.023033084 -0.004904979 0.044474449 -0.011854439 -0.018990893 0.998759627
1341846234.525867 0.035693288 -0.023369512 -0.006028575 0.042548001 -0.011890581 -0.018701982 0.998848617
1341846234.557961 0.035272706 -0.021680959 -0.006257326 0.042924698 -0.011775084 -0.017957337 0.998847485
1341846234.593900 0.041742343 -0.025614439 -0.004425260 0.040181991 -0.014659082 -0.016807627 0.998943448
1341846234.626439 0.042182237 -0.027232973 -0.004544066 0.038612328 -0.015902678 -0.015022410 0.999014795
1341846234.658173 0.035520107 -0.021076353 -0.005903066 0.040636189 -0.014652410 -0.014495309 0.998961389
1341846234.694104 0.035348304 -0.020950526 -0.005835365 0.040280271 -0.015812987 -0.014159168 0.998962939
1341846234.725911 0.040953826 -0.025857467 -0.002473477 0.038792793 -0.019189287 -0.012745060 0.998981714
1341846234.758643 0.041470509 -0.026003022 -0.003622109 0.039816372 -0.020245772 -0.012078428 0.998928905
1341846234.793907 0.041871484 -0.024923053 -0.003900431 0.039604377 -0.020401491 -0.012301942 0.998931408
1341846234.826106 0.042117380 -0.025898626 -0.004314434 0.038268257 -0.020240651 -0.012928379 0.998978853
1341846234.862270 0.043619521 -0.028457731 -0.004153184 0.037207864 -0.021127321 -0.012868031 0.999001324
1341846234.893971 0.042322379 -0.028615585 -0.003422756 0.038307421 -0.021305086 -0.012267670 0.998963535
1341846234.926031 0.042225551 -0.026604751 -0.002455397 0.039941411 -0.021419680 -0.012733024 0.998891234
1341846234.961979 0.042110570 -0.026735272 -0.002288728 0.040257335 -0.021273114 -0.013421204 0.998872697
1341846234.994016 0.041939404 -0.027516548 -0.003588364 0.040548038 -0.021785745 -0.013990245 0.998842120
1341846235.026311 0.041555859 -0.025161825 -0.003916592 0.040339682 -0.022304917 -0.014828528 0.998826981
1341846235.061915 0.041721478 -0.025857102 -0.004164745 0.038538765 -0.022286918 -0.015485197 0.998888552
1341846235.094075 0.042236578 -0.025993081 -0.003686470 0.037674211 -0.022257892 -0.015546570 0.998921156
1341846235.130068 0.041437540 -0.026764862 -0.003288688 0.037701268 -0.022257777 -0.015385244 0.998922646
1341846235.162449 0.041701201 -0.026642000 -0.003062841 0.038973767 -0.023765819 -0.014442706 0.998853147
1341846235.193917 0.042104982 -0.026163826 -0.003568682 0.039809953 -0.024637451 -0.013922062 0.998806477
1341846235.229939 0.042238582 -0.026251199 -0.003964295 0.040756032 -0.024094841 -0.014266355 0.998776674
1341846235.261811 0.042005170 -0.025861295 -0.003265216 0.041124642 -0.024218392 -0.015113307 0.998746097
1341846235.294134 0.041909963 -0.025884323 -0.003137178 0.042053651 -0.024531558 -0.015550043 0.998693109
1341846235.329890 0.042029247 -0.025791481 -0.003582650 0.042387124 -0.024698928 -0.016554132 0.998658717
1341846235.361974 0.042670373 -0.026138671 -0.004514171 0.040583666 -0.024294583 -0.018691139 0.998705864
1341846235.398097 0.042341225 -0.026136698 -0.003917906 0.038172729 -0.023809506 -0.020535799 0.998776376
1341846235.429943 0.041517451 -0.025698818 -0.003250621 0.038044285 -0.023558106 -0.020694083 0.998783946
1341846235.462163 0.041141864 -0.025522523 -0.002575261 0.038681414 -0.023605611 -0.020734079 0.998757541
1341846235.498142 0.041861221 -0.025638569 -0.004090862 0.037815388 -0.023716388 -0.022110282 0.998758554
1341846235.529989 0.041375443 -0.025616774 -0.003119378 0.036810316 -0.023671897 -0.023898104 0.998755991
1341846235.561921 0.041093834 -0.025624858 -0.002319624 0.037823010 -0.024154704 -0.024059823 0.998702705
1341846235.597951 0.041243583 -0.024894208 -0.003575165 0.038909905 -0.024260595 -0.024242548 0.998653948
1341846235.630160 0.041275308 -0.025044635 -0.003567121 0.037523039 -0.024665270 -0.024692615 0.998686075
1341846235.667679 0.041274838 -0.025609173 -0.002683051 0.037793495 -0.025360933 -0.024406450 0.998665512
1341846235.705783 0.041240484 -0.025033299 -0.003514505 0.039528187 -0.025556248 -0.024566116 0.998589456
1341846235.730392 0.041176327 -0.025010793 -0.003286788 0.039865986 -0.025442570 -0.025865491 0.998546124
1341846235.766032 0.041291464 -0.025688674 -0.002765880 0.040774651 -0.025621587 -0.026393639 0.998491049
1341846235.797942 0.041341573 -0.026288288 -0.003554638 0.041682277 -0.026081936 -0.026118293 0.998448849
1341846235.833964 0.041264556 -0.026059570 -0.003466652 0.042186227 -0.025840009 -0.026241019 0.998430789
1341846235.866037 0.040624958 -0.026056536 -0.003006457 0.042441320 -0.025533551 -0.025801588 0.998439312
1341846235.898007 0.040758517 -0.027290832 -0.002167243 0.042082343 -0.025558334 -0.024017943 0.998498380
1341846235.934106 0.041315496 -0.026916474 -0.002886599 0.043999553 -0.025144108 -0.022652140 0.998458147
1341846235.965921 0.041799810 -0.026431309 -0.003985396 0.045406964 -0.024381382 -0.022356745 0.998420715
1341846235.997897 0.042985763 -0.027100015 -0.004491227 0.044731356 -0.023929421 -0.022421734 0.998460650
1341846236.034072 0.041979615 -0.027727328 -0.003178809 0.044860013 -0.022564629 -0.022213092 0.998491347
1341846236.065823 0.041622572 -0.027159564 -0.002980282 0.046621412 -0.021764252 -0.022084100 0.998431265
1341846236.101989 0.041705500 -0.024347590 -0.004386794 0.046954788 -0.021967201 -0.022400556 0.998404205
1341846236.134258 0.041831251 -0.025487097 -0.003786132 0.045611914 -0.022098042 -0.021988414 0.998472691
1341846236.166269 0.041182265 -0.026028760 -0.003459881 0.046071868 -0.021948032 -0.021231202 0.998471260
1341846236.202022 0.041947011 -0.024402937 -0.004855139 0.046236534 -0.021740992 -0.021777863 0.998456419
1341846236.233893 0.041999992 -0.025470791 -0.004312030 0.043710817 -0.021545606 -0.022274101 0.998563468
1341846236.265924 0.041985899 -0.026567373 -0.003553206 0.043072198 -0.021377195 -0.021000924 0.998622417
1341846236.302018 0.037994284 -0.024399037 -0.003475505 0.044559445 -0.019449314 -0.020412317 0.998608768
1341846236.333756 0.038085576 -0.024051795 -0.003889342 0.044812582 -0.019356234 -0.020907642 0.998589039
1341846236.369949 0.038525086 -0.024121342 -0.004459709 0.044400379 -0.018818956 -0.021562140 0.998603761
1341846236.401964 0.038432766 -0.024180468 -0.003752561 0.044186953 -0.018114319 -0.021551076 0.998626530
1341846236.433828 0.038193803 -0.023888925 -0.003709491 0.044528663 -0.017746938 -0.022203432 0.998603642
1341846236.469948 0.037845548 -0.024251938 -0.003067834 0.045190498 -0.017401043 -0.022365974 0.998576343
1341846236.501946 0.042701684 -0.025897624 -0.004865036 0.044930469 -0.018807048 -0.021886175 0.998573244
1341846236.534764 0.042996027 -0.025931535 -0.005558163 0.043856919 -0.018327296 -0.021246366 0.998643696
1341846236.569956 0.042509921 -0.025924729 -0.004564281 0.043441612 -0.017407209 -0.019270124 0.998718381
1341846236.601901 0.042532202 -0.026132802 -0.004772943 0.044289131 -0.017180702 -0.017588394 0.998716116
1341846236.637896 0.042791527 -0.025950493 -0.005565334 0.043415509 -0.016492154 -0.018005069 0.998758674
1341846236.669818 0.040253151 -0.023568993 -0.005651257 0.042328525 -0.014371755 -0.018869903 0.998822153
1341846236.702100 0.040775210 -0.026400261 -0.004698636 0.040881228 -0.013138813 -0.019691439 0.998883545
1341846236.738521 0.041349169 -0.032660525 -0.008609961 0.042639464 -0.012887899 -0.017786365 0.998849034
1341846236.769905 0.039874796 -0.032827646 -0.006253174 0.051882241 -0.013523735 -0.014218891 0.998460412
1341846236.805999 0.043141782 -0.026490746 -0.004725444 0.056972306 -0.016139273 -0.013980614 0.998147368
1341846236.844067 0.044957802 -0.028507564 -0.005566598 0.055806912 -0.016729997 -0.014849434 0.998190939
1341846236.876573 0.044237573 -0.027000936 -0.006820419 0.055458464 -0.015938239 -0.016786862 0.998192608
1341846236.911899 0.044179201 -0.027092345 -0.006786131 0.052304309 -0.016018962 -0.018953951 0.998322785
1341846236.944484 0.043365169 -0.027183333 -0.005178202 0.052040253 -0.015884165 -0.018700911 0.998343527
1341846236.975811 0.042988528 -0.026854128 -0.004520625 0.054312725 -0.015902495 -0.016935533 0.998253703
1341846237.011848 0.043083161 -0.026595714 -0.004610229 0.053825203 -0.015468479 -0.017238380 0.998281717
1341846237.043850 0.043365244 -0.026900904 -0.005144386 0.052861158 -0.014262968 -0.018394383 0.998330534
1341846237.075882 0.042722180 -0.026903480 -0.004158172 0.053496320 -0.014020889 -0.016996739 0.998324931
1341846237.111887 0.042974770 -0.026872510 -0.004295191 0.056232248 -0.015511361 -0.014435685 0.998192847
1341846237.143863 0.043322675 -0.027032005 -0.005228203 0.058378760 -0.015845265 -0.014421186 0.998064578
1341846237.175838 0.043874860 -0.026974643 -0.006308443 0.057968400 -0.016363181 -0.013948740 0.998086810
1341846237.211847 0.043774713 -0.026795473 -0.005798496 0.055983916 -0.016214220 -0.013600633 0.998207331
1341846237.243895 0.043311518 -0.026998909 -0.004755580 0.056537412 -0.014942426 -0.013697283 0.998194695
1341846237.280228 0.043666821 -0.027056480 -0.005831157 0.057753745 -0.014768542 -0.012567264 0.998142481
1341846237.312079 0.043503448 -0.027012626 -0.005680232 0.057325315 -0.015680579 -0.011948485 0.998160899
1341846237.343828 0.043136742 -0.026769292 -0.004739082 0.057795998 -0.015563203 -0.010709773 0.998149633
1341846237.379983 0.043894146 -0.026986182 -0.006011291 0.057364505 -0.015484446 -0.010464157 0.998178363
1341846237.411962 0.043561563 -0.026908962 -0.005830306 0.055898264 -0.015301820 -0.010488189 0.998264074
1341846237.443790 0.043477558 -0.026716571 -0.005775369 0.054202486 -0.015407471 -0.011890410 0.998340309
1341846237.479911 0.043446131 -0.026973858 -0.005887837 0.052954663 -0.014373716 -0.014265090 0.998391569
1341846237.511862 0.043600358 -0.026710317 -0.006167854 0.051397298 -0.014402798 -0.015308201 0.998457074
1341846237.547914 0.043239493 -0.027105773 -0.005815606 0.049925346 -0.015902143 -0.015128850 0.998511732
1341846237.579956 0.043098684 -0.026816377 -0.005123463 0.049296167 -0.016960800 -0.014090120 0.998540759
1341846237.611852 0.043537144 -0.026647156 -0.006003995 0.048682559 -0.017474722 -0.013454733 0.998570800
1341846237.647976 0.042668559 -0.026355930 -0.005347765 0.048490193 -0.017622720 -0.013305332 0.998579562
1341846237.680417 0.042721625 -0.025927071 -0.005471895 0.048351288 -0.018267050 -0.012754034 0.998581886
1341846237.711902 0.042654850 -0.026292667 -0.005178091 0.048551146 -0.019016501 -0.011510460 0.998573303
1341846237.747860 0.042048957 -0.026300825 -0.004073352 0.050087795 -0.019341866 -0.011449395 0.998491883
1341846237.779848 0.042290244 -0.026299575 -0.004791166 0.050643548 -0.019686759 -0.011888260 0.998451948
1341846237.815934 0.042662155 -0.026224326 -0.005674745 0.049634635 -0.020677479 -0.011065724 0.998492062
1341846237.847966 0.042375844 -0.026263166 -0.005077627 0.048274215 -0.021688320 -0.010201251 0.998546541
1341846237.879781 0.042365085 -0.026068442 -0.005297660 0.047635194 -0.022045530 -0.010328641 0.998568058
1341846237.916026 0.042638604 -0.026199862 -0.005470573 0.046533089 -0.022518283 -0.010551171 0.998607159
1341846237.947857 0.042774636 -0.026392698 -0.005990793 0.045863379 -0.022960173 -0.010659422 0.998626947
1341846237.978064 0.043072198 -0.026575407 -0.005129934 0.045549627 -0.022874737 -0.010636870 0.998643517
1341846238.010069 0.042990059 -0.026362998 -0.006433374 0.044809211 -0.022774298 -0.011192803 0.998673201
1341846238.045995 0.043206792 -0.026400033 -0.006925436 0.043300588 -0.022957556 -0.010976980 0.998737991
1341846238.077963 0.042900607 -0.026414881 -0.006260840 0.042165585 -0.022885788 -0.011042299 0.998787463
1341846238.109791 0.042070456 -0.025970545 -0.004690596 0.042443514 -0.022490997 -0.011119863 0.998783767
1341846238.145837 0.042517561 -0.026325839 -0.004717561 0.043582320 -0.022524994 -0.011197136 0.998733103
1341846238.177943 0.041936275 -0.025788182 -0.004166404 0.044685088 -0.021526951 -0.011885629 0.998698473
1341846238.209943 0.042024802 -0.025868274 -0.004429029 0.042690564 -0.021392042 -0.013646162 0.998766065
1341846238.246227 0.041895397 -0.025857579 -0.004187042 0.042222198 -0.021130130 -0.013477394 0.998793840
1341846238.278227 0.042058505 -0.026017644 -0.004363230 0.042641796 -0.021084735 -0.013006577 0.998783231
1341846238.314018 0.042366758 -0.026083332 -0.004853348 0.042863905 -0.020800473 -0.014018655 0.998766005
1341846238.345918 0.042064976 -0.025983611 -0.004427202 0.042580616 -0.020122908 -0.015712852 0.998766780
1341846238.377978 0.042099480 -0.026090641 -0.004335755 0.043366306 -0.020397227 -0.015551273 0.998729885
1341846238.413879 0.041975893 -0.025987169 -0.004217260 0.044663142 -0.021198137 -0.014773008 0.998667896
1341846238.445979 0.043239411 -0.026600165 -0.005738567 0.044637647 -0.021749504 -0.015734594 0.998642504
1341846238.478188 0.042916406 -0.026513936 -0.005031127 0.044217624 -0.021342777 -0.016581828 0.998656273
1341846238.515328 0.042895108 -0.026501771 -0.004990469 0.044602726 -0.021373898 -0.016729319 0.998636007
1341846238.545906 0.042789403 -0.026503127 -0.004674295 0.045781150 -0.021947140 -0.016835053 0.998568475
1341846238.587827 0.042974565 -0.027642503 -0.005415265 0.045887154 -0.021936659 -0.017299954 0.998555899
1341846238.613933 0.043383047 -0.027263757 -0.005532841 0.046034362 -0.021232232 -0.017689895 0.998557508
1341846238.645944 0.042293578 -0.026181089 -0.005475026 0.045016080 -0.020603135 -0.018060645 0.998610497
1341846238.681933 0.042217825 -0.027368290 -0.004827791 0.043761682 -0.020853922 -0.017466981 0.998671591
1341846238.713917 0.042251427 -0.027475340 -0.004553117 0.044426084 -0.020971986 -0.016258834 0.998660207
1341846238.745925 0.042401224 -0.027162332 -0.005200855 0.045300256 -0.021135179 -0.015437433 0.998630524
1341846238.781932 0.042935245 -0.026552010 -0.005359076 0.044659581 -0.021790607 -0.015885202 0.998638272
1341846238.813869 0.043103531 -0.026552944 -0.005356820 0.043682985 -0.021495113 -0.016494464 0.998677969
1341846238.849931 0.042384814 -0.027197629 -0.004177064 0.042209905 -0.020628085 -0.017060436 0.998750091
1341846238.881927 0.041744459 -0.028515341 -0.003500587 0.042223249 -0.021203268 -0.016726131 0.998743117
1341846238.914000 0.042334411 -0.028378509 -0.004842837 0.044305056 -0.023245392 -0.014258799 0.998645782
1341846238.949903 0.042110600 -0.028359184 -0.003995544 0.047869973 -0.024811825 -0.012128430 0.998471737
1341846238.981942 0.042415824 -0.027975574 -0.004353524 0.050474707 -0.025261225 -0.012834905 0.998323321
1341846239.017941 0.042284369 -0.027187578 -0.004788963 0.051063422 -0.024797179 -0.015488203 0.998267353
1341846239.050041 0.042188391 -0.027284363 -0.004781059 0.051208641 -0.024135426 -0.017465694 0.998243511
1341846239.081902 0.042232834 -0.027278978 -0.004955402 0.051573552 -0.024259189 -0.018322570 0.998206377
1341846239.117866 0.042101886 -0.027242366 -0.004554178 0.052377395 -0.024061801 -0.019425793 0.998148441
1341846239.149976 0.042222913 -0.027233949 -0.004727476 0.052667204 -0.023169097 -0.020286307 0.998137176
1341846239.181897 0.042243551 -0.027243365 -0.004764753 0.052149016 -0.022929123 -0.020161483 0.998172462
1341846239.217929 0.042380642 -0.027185010 -0.005310040 0.050273042 -0.023365872 -0.020518441 0.998251259
1341846239.250009 0.042255756 -0.027141115 -0.004808113 0.049089756 -0.022938965 -0.020173764 0.998327136
1341846239.285917 0.042298034 -0.027226038 -0.004980320 0.048244260 -0.022082459 -0.020464323 0.998381734
1341846239.318442 0.042313263 -0.027169354 -0.004991806 0.047051743 -0.021503992 -0.020463105 0.998451293
1341846239.349930 0.044028547 -0.028705275 -0.004667410 0.044842441 -0.021775471 -0.019851042 0.998559415
1341846239.386011 0.043948177 -0.028704548 -0.004510939 0.044915885 -0.021165285 -0.019091308 0.998584032
1341846239.417983 0.043982387 -0.028719667 -0.004701194 0.045030806 -0.021291729 -0.018938202 0.998579085
1341846239.450112 0.044047050 -0.028657012 -0.004801675 0.044458982 -0.021256406 -0.019156665 0.998601317
1341846239.485973 0.044022426 -0.028687356 -0.004817185 0.043370631 -0.021085111 -0.018505653 0.998665094
1341846239.517913 0.042551000 -0.027436787 -0.004927867 0.042644877 -0.020001126 -0.017754605 0.998732269
1341846239.553979 0.042496923 -0.027433375 -0.004824026 0.041808702 -0.019959370 -0.017111966 0.998779655
1341846239.585911 0.042556752 -0.027408555 -0.004943501 0.040658537 -0.019945564 -0.016721319 0.998834074
1341846239.617967 0.042425185 -0.027455712 -0.004585785 0.040778648 -0.019843042 -0.015908901 0.998844445
1341846239.653941 0.042453557 -0.027442608 -0.004697004 0.041848071 -0.019961730 -0.015130220 0.998809934
1341846239.685852 0.042532463 -0.027395150 -0.004932185 0.042113673 -0.020273406 -0.014940801 0.998795331
1341846239.717923 0.042540386 -0.027525919 -0.004797707 0.041672554 -0.020762760 -0.014347374 0.998812497
1341846239.753857 0.042456135 -0.027512638 -0.004674734 0.041582610 -0.020742962 -0.014094947 0.998820245
1341846239.785918 0.042335849 -0.027386576 -0.004474770 0.041164774 -0.020687172 -0.014102329 0.998838603
1341846239.821950 0.042189799 -0.027387843 -0.004039535 0.040492702 -0.021240612 -0.013842953 0.998858154
1341846239.854023 0.042376399 -0.027391078 -0.004470238 0.041925766 -0.021577405 -0.013293498 0.998799205
1341846239.891801 0.042509850 -0.027625093 -0.003747716 0.041905161 -0.021869440 -0.013860829 0.998786032
1341846239.921795 0.042403147 -0.027644273 -0.003484203 0.040642589 -0.021728128 -0.014771813 0.998828232
1341846239.953963 0.042361796 -0.027672132 -0.003428924 0.041057393 -0.021558810 -0.015008361 0.998811424
1341846239.985997 0.038063187 -0.024383586 -0.003570101 0.043050274 -0.020222576 -0.014679859 0.998760343
1341846240.022055 0.038091935 -0.024405453 -0.003634317 0.042782173 -0.020839270 -0.015848493 0.998741329
1341846240.053998 0.038016472 -0.024412828 -0.003483247 0.043608464 -0.020354943 -0.016855404 0.998699069
1341846240.089841 0.037951063 -0.024393981 -0.003329923 0.044825871 -0.020396411 -0.016639451 0.998647988
1341846240.121795 0.037996646 -0.024383843 -0.003453683 0.045365222 -0.021002963 -0.017133588 0.998602688
1341846240.159862 0.042684637 -0.028035689 -0.003139127 0.045330223 -0.022894179 -0.018102957 0.998545587
1341846240.195884 0.042670254 -0.027999150 -0.003164426 0.046303015 -0.022294501 -0.018473236 0.998507738
1341846240.227927 0.042604059 -0.027953094 -0.003065876 0.046415895 -0.022538034 -0.018594671 0.998494804
1341846240.259887 0.042580448 -0.027953168 -0.002909216 0.046917550 -0.023050912 -0.018145189 0.998467922
1341846240.290031 0.037821930 -0.024364134 -0.003070978 0.049341779 -0.020827526 -0.017266104 0.998415470
1341846240.322206 0.037993282 -0.024474876 -0.003593476 0.049031436 -0.021337971 -0.017161272 0.998421848
1341846240.357948 0.037901953 -0.024439104 -0.003452593 0.048080597 -0.021621944 -0.017618341 0.998453975
1341846240.390055 0.042442229 -0.027667031 -0.003551662 0.047291428 -0.024065144 -0.016653918 0.998452306
1341846240.422212 0.039318662 -0.025972351 -0.002402450 0.049622368 -0.022342147 -0.017142251 0.998370945
1341846240.458143 0.039366111 -0.025932919 -0.002550544 0.050095987 -0.022722758 -0.018203029 0.998319924
1341846240.490243 0.040468618 -0.026529875 -0.003333568 0.049469747 -0.024082344 -0.018037545 0.998322308
1341846240.525976 0.040435642 -0.026545493 -0.003111376 0.049796972 -0.024633514 -0.018192621 0.998289764
1341846240.557894 0.040547088 -0.026799256 -0.001933393 0.051167857 -0.024842340 -0.019588675 0.998188853
1341846240.590418 0.042353630 -0.027749181 -0.003023989 0.050818168 -0.025919797 -0.020240504 0.998166323
1341846240.626172 0.042342868 -0.027732138 -0.003233341 0.051161826 -0.026410554 -0.020484837 0.998130918
1341846240.657964 0.042501695 -0.027810840 -0.003531323 0.051510014 -0.027112946 -0.020457273 0.998094738
1341846240.689825 0.042376146 -0.027796710 -0.003134174 0.052621182 -0.027153093 -0.020596836 0.998032808
1341846240.725903 0.043041393 -0.027701739 -0.004994525 0.052420884 -0.027586026 -0.020719331 0.998028934
1341846240.757973 0.042280849 -0.027778585 -0.002679166 0.052623380 -0.027670547 -0.020913552 0.998011887
1341846240.794024 0.042389087 -0.027696023 -0.003205976 0.053906556 -0.027971778 -0.020412004 0.997945368
1341846240.826068 0.042572215 -0.027596364 -0.004019816 0.054693073 -0.028042778 -0.020613492 0.997896492
1341846240.858147 0.038802449 -0.023963507 -0.005345616 0.055564445 -0.025913687 -0.020859333 0.997900784
1341846240.894038 0.038812011 -0.024398195 -0.006077364 0.054186229 -0.025872659 -0.020511560 0.997984827
1341846240.925975 0.038539182 -0.024326624 -0.005934195 0.053842064 -0.025466962 -0.020851305 0.998006880
1341846240.958080 0.038522094 -0.023860751 -0.006221595 0.053617965 -0.025665956 -0.019628236 0.998038650
1341846240.994099 0.041994303 -0.026632138 -0.006338948 0.051990025 -0.027383575 -0.020126391 0.998069167
1341846241.026041 0.042382922 -0.027541466 -0.007219252 0.052516703 -0.027849345 -0.019956393 0.998032153
1341846241.062449 0.042647567 -0.026797265 -0.008716342 0.053682618 -0.027561009 -0.020392688 0.997969329
1341846241.094372 0.040819623 -0.025360195 -0.006289086 0.053311601 -0.026728258 -0.021204554 0.997994959
1341846241.126068 0.041326035 -0.025857057 -0.006294081 0.052374970 -0.027192924 -0.021404736 0.998027682
1341846241.167863 0.041165207 -0.026733590 -0.007876788 0.053090755 -0.027091749 -0.021614268 0.997988105
1341846241.194236 0.039445721 -0.028059583 -0.008793729 0.052592609 -0.026286548 -0.023042550 0.998004019
1341846241.230127 0.038735889 -0.030847853 -0.009067745 0.050754558 -0.026060000 -0.023875711 0.998085558
1341846241.261868 0.038585208 -0.028767068 -0.006926951 0.052324113 -0.026044626 -0.023804996 0.998006582
1341846241.295211 0.038179748 -0.026482178 -0.006840958 0.053416997 -0.025862062 -0.024170736 0.997944653
1341846241.329804 0.035810962 -0.026509194 -0.005827145 0.052895658 -0.024849748 -0.024991294 0.997977912
1341846241.362000 0.036780052 -0.025200926 -0.005731617 0.053021155 -0.024723578 -0.025780957 0.997954309
1341846241.394012 0.036969017 -0.030272808 -0.009209858 0.050904106 -0.024896588 -0.025944892 0.998055995
1341846241.430126 0.035996299 -0.027639695 -0.006191547 0.052397110 -0.024721609 -0.025836485 0.997985840
1341846241.462018 0.031928446 -0.023730116 -0.006355404 0.053991057 -0.022968695 -0.026515353 0.997925043
1341846241.497907 0.034436043 -0.025011444 -0.006665478 0.053168561 -0.024009582 -0.026112862 0.997955263
1341846241.529930 0.034249887 -0.024769615 -0.006224443 0.053183079 -0.023946017 -0.026586775 0.997943521
1341846241.562493 0.030239671 -0.022231691 -0.006622416 0.053959526 -0.022642102 -0.026278341 0.997940421
1341846241.598412 0.034138173 -0.024863588 -0.006266288 0.052908111 -0.024175907 -0.026896060 0.997944295
1341846241.629998 0.034125395 -0.024763510 -0.005892586 0.053123664 -0.023935521 -0.026941657 0.997937441
1341846241.662234 0.034211222 -0.025115361 -0.006307019 0.053033959 -0.023985200 -0.026824608 0.997944176
1341846241.698098 0.034800723 -0.025227411 -0.007915386 0.053316023 -0.024135130 -0.026934290 0.997922540
1341846241.729805 0.034568865 -0.024948487 -0.007425306 0.053389043 -0.023906657 -0.026988663 0.997922719
1341846241.765805 0.034681808 -0.025432564 -0.007712833 0.053183500 -0.023925813 -0.027641311 0.997915328
1341846241.797970 0.033631049 -0.024578443 -0.005777004 0.054230396 -0.023638081 -0.027150702 0.997879326
1341846241.830240 0.033752948 -0.024834881 -0.006194225 0.054245457 -0.023597326 -0.027330980 0.997874558
1341846241.865867 0.034811359 -0.025178187 -0.007817005 0.053892791 -0.023962369 -0.027318785 0.997885287
1341846241.898156 0.032843154 -0.024246726 -0.003107681 0.054601233 -0.023957254 -0.027307251 0.997847199
1341846241.929917 0.035433568 -0.026296880 -0.007791158 0.054305445 -0.023823619 -0.027881363 0.997850657
1341846241.965882 0.031740520 -0.025644435 -0.008647475 0.054645877 -0.022095190 -0.029717239 0.997818887
1341846241.998017 0.035030179 -0.027810087 -0.010102917 0.053352956 -0.023532500 -0.029496880 0.997862518
1341846242.034019 0.027119070 -0.031273678 -0.005089102 0.053815190 -0.021259928 -0.030505557 0.997858405
1341846242.066365 0.026246401 -0.030221559 -0.002830462 0.054714859 -0.021275317 -0.028444337 0.997870028
1341846242.097916 0.039266460 -0.033157378 -0.003055100 0.054442089 -0.025193689 -0.029796626 0.997754216
1341846242.133980 0.029669870 -0.029074285 -0.009083561 0.055705778 -0.021935035 -0.027797427 0.997819126
1341846242.165895 0.033635888 -0.026489936 -0.008855689 0.057164144 -0.022750048 -0.028672406 0.997693658
1341846242.197924 0.032681223 -0.028253805 -0.009102123 0.056906860 -0.022503447 -0.029591301 0.997687101
1341846242.234487 0.033859115 -0.029453220 -0.007933967 0.057693563 -0.022906477 -0.028810168 0.997655630
1341846242.269588 0.034757838 -0.027270427 -0.006510032 0.059609465 -0.023101509 -0.028831463 0.997537851
1341846242.301972 0.033975042 -0.026270859 -0.007457712 0.059478842 -0.022475693 -0.029602794 0.997537374
1341846242.333996 0.033485264 -0.026796302 -0.006927485 0.059244901 -0.022094101 -0.028986910 0.997577906
1341846242.366000 0.034442794 -0.027116336 -0.008472158 0.059952188 -0.022261411 -0.028431449 0.997547925
1341846242.401903 0.035051968 -0.025527786 -0.007118482 0.060547762 -0.022834545 -0.028591337 0.997494400
1341846242.433933 0.035682142 -0.027179345 -0.006540611 0.059950463 -0.022972587 -0.029067831 0.997513533
1341846242.469883 0.035038400 -0.027965702 -0.007295201 0.060772464 -0.022312487 -0.028590329 0.997492552
1341846242.501972 0.033668421 -0.026787823 -0.009052227 0.061643343 -0.021947507 -0.028948579 0.997436881
1341846242.534063 0.033896245 -0.026032448 -0.009148227 0.061184477 -0.022061234 -0.029749673 0.997439086
1341846242.569931 0.034422491 -0.026614429 -0.008154388 0.060721092 -0.021854827 -0.029824922 0.997469664
1341846242.602000 0.034261797 -0.025142500 -0.007956674 0.061390050 -0.021515870 -0.029786492 0.997437239
1341846242.634077 0.035021592 -0.024036657 -0.008761625 0.060915362 -0.022062417 -0.029423429 0.997465193
1341846242.670215 0.023649843 -0.019696202 -0.007800649 0.061989538 -0.017687300 -0.029681014 0.997478545
1341846242.701929 0.023640746 -0.019591162 -0.007315109 0.061835952 -0.017529592 -0.029823646 0.997486651
1341846242.737996 0.023629798 -0.019531943 -0.007456544 0.061455689 -0.017889643 -0.029815260 0.997503996
1341846242.769937 0.035088845 -0.025890343 -0.008689078 0.059668940 -0.022606011 -0.029508209 0.997525871
1341846242.808080 0.034301180 -0.023615010 -0.008289501 0.061125558 -0.022010896 -0.029922491 0.997438610
1341846242.837887 0.034114584 -0.023299605 -0.008857772 0.060382061 -0.021909220 -0.030545041 0.997467279
1341846242.869936 0.034816179 -0.023820920 -0.008113289 0.059483554 -0.022563035 -0.030819409 0.997498274
1341846242.902131 0.034805115 -0.023804773 -0.008100829 0.059537560 -0.022452231 -0.030997355 0.997492015
1341846242.938061 0.035052083 -0.024111429 -0.009029875 0.059760202 -0.022836922 -0.031126970 0.997465968
1341846242.969969 0.034557141 -0.023686485 -0.009020998 0.060859915 -0.023140920 -0.030931005 0.997398496
1341846243.005810 0.034416504 -0.023602845 -0.008633347 0.061622549 -0.023261338 -0.030978439 0.997347414
1341846243.038095 0.032499760 -0.021571601 -0.009670648 0.062021587 -0.022959655 -0.031086335 0.997326314
1341846243.070041 0.032826010 -0.021657711 -0.010297428 0.061016653 -0.023459736 -0.031359214 0.997368157
1341846243.106059 0.034825202 -0.023847431 -0.009583946 0.059113633 -0.024386108 -0.031825248 0.997445762
1341846243.137899 0.034488551 -0.023621369 -0.009021278 0.059567850 -0.023861123 -0.031524464 0.997440994
1341846243.169985 0.034555413 -0.023680000 -0.009089759 0.059698515 -0.024139909 -0.030931178 0.997445047
1341846243.206007 0.034603596 -0.023390669 -0.010062281 0.059609681 -0.024142906 -0.031573139 0.997430146
1341846243.237999 0.034347143 -0.023533054 -0.009602834 0.058691431 -0.023495758 -0.032033347 0.997485399
1341846243.274026 0.034230120 -0.023590555 -0.009346417 0.058423448 -0.023065936 -0.032386418 0.997499764
1341846243.305879 0.034856070 -0.023829404 -0.010432021 0.059005048 -0.023262247 -0.033324331 0.997430086
1341846243.338022 0.035060786 -0.023915725 -0.010109236 0.060066018 -0.023368508 -0.033005286 0.997374892
1341846243.374348 0.033894628 -0.023938537 -0.010413009 0.061050013 -0.022824544 -0.032919802 0.997330546
1341846243.405837 0.033780120 -0.023892699 -0.010319429 0.061332375 -0.023493130 -0.032652531 0.997306466
1341846243.442193 0.035111044 -0.023410846 -0.009991300 0.061638955 -0.024177069 -0.032715935 0.997269154
1341846243.473902 0.035039999 -0.023530204 -0.010051390 0.061880756 -0.023970183 -0.032829933 0.997255445
1341846243.505839 0.035132755 -0.023591850 -0.010561858 0.061782714 -0.024347331 -0.032516856 0.997262657
1341846243.542001 0.034072608 -0.025021371 -0.011121435 0.060740650 -0.024090346 -0.033097696 0.997313797
1341846243.574058 0.034783047 -0.024455125 -0.010346864 0.061143983 -0.023918713 -0.032515958 0.997312427
1341846243.605841 0.033810832 -0.026469134 -0.011789513 0.060552929 -0.023097331 -0.032469798 0.997369349
1341846243.642015 0.035336610 -0.023729570 -0.010788656 0.062557794 -0.023674047 -0.032030813 0.997246265
1341846243.673926 0.035379540 -0.023990212 -0.010796876 0.062063158 -0.023528501 -0.032423422 0.997267902
1341846243.710095 0.035666827 -0.025007360 -0.011115237 0.061943892 -0.023367900 -0.032139283 0.997288287
1341846243.741951 0.035549786 -0.024057884 -0.010312584 0.062526308 -0.023729861 -0.032228440 0.997240543
1341846243.774067 0.035714533 -0.024084574 -0.010257204 0.061767366 -0.023871444 -0.032780286 0.997266471
1341846243.809881 0.034340139 -0.024689293 -0.011658954 0.061104495 -0.022950482 -0.033165369 0.997316182
1341846243.841971 0.034744628 -0.024912154 -0.010598836 0.061398014 -0.023318253 -0.032177366 0.997321963
1341846243.874062 0.035047885 -0.023679556 -0.010151897 0.062631547 -0.024022052 -0.031126514 0.997261941
1341846243.910022 0.036513448 -0.025203902 -0.010169595 0.062843651 -0.024699613 -0.031513013 0.997219920
1341846243.941928 0.037141908 -0.024358125 -0.010868061 0.063972242 -0.024034465 -0.032138806 0.997144401
1341846243.978045 0.037394781 -0.024133168 -0.012126056 0.062961221 -0.023627577 -0.032425698 0.997209191
1341846244.009892 0.036418505 -0.025234485 -0.011534171 0.061513465 -0.022942185 -0.032068197 0.997327089
1341846244.042105 0.036309171 -0.025253158 -0.011201950 0.062567927 -0.022583904 -0.031087318 0.997300744
1341846244.077884 0.036463466 -0.025038976 -0.011377386 0.063389234 -0.022548718 -0.030667285 0.997262716
1341846244.115904 0.036944319 -0.024267569 -0.011158252 0.063089989 -0.022730051 -0.030807376 0.997273266
1341846244.151850 0.036487315 -0.025509983 -0.011570565 0.061840393 -0.022525452 -0.030578870 0.997363150
1341846244.184334 0.037678059 -0.027154271 -0.012447358 0.062278416 -0.022977542 -0.029360803 0.997362256
1341846244.215953 0.037303191 -0.023838218 -0.011873702 0.063666165 -0.022611715 -0.029790575 0.997270226
1341846244.251877 0.036097530 -0.025176633 -0.011697195 0.062290378 -0.022308867 -0.030003902 0.997357488
1341846244.283880 0.036395211 -0.026431471 -0.011594193 0.062672243 -0.022487760 -0.030121762 0.997326016
1341846244.316068 0.036202740 -0.024797399 -0.011802162 0.063868918 -0.022482535 -0.030380655 0.997242332
1341846244.351999 0.036381818 -0.024227306 -0.010662353 0.063974969 -0.022814300 -0.030185336 0.997233927
1341846244.384040 0.035410523 -0.025718149 -0.010065336 0.063760526 -0.023111178 -0.029465731 0.997262359
1341846244.419869 0.037003689 -0.025206147 -0.011399622 0.064254411 -0.023911290 -0.028691407 0.997234404
1341846244.451888 0.037740052 -0.022859719 -0.010757528 0.064519860 -0.023494627 -0.029584652 0.997201025
1341846244.483871 0.037911247 -0.025071200 -0.010550661 0.062584139 -0.022845156 -0.029976111 0.997327805
1341846244.519923 0.039715629 -0.025774283 -0.010382151 0.062417082 -0.022865536 -0.029168302 0.997361779
1341846244.551942 0.039428428 -0.026259786 -0.009870659 0.063242570 -0.022095624 -0.028822653 0.997337162
1341846244.583892 0.040616706 -0.024470214 -0.009131163 0.064309821 -0.021821907 -0.027075799 0.997323930
1341846244.619870 0.039549299 -0.024945598 -0.008699811 0.064109117 -0.021238238 -0.025103761 0.997400999
1341846244.651850 0.038559392 -0.026557378 -0.010056152 0.063849099 -0.020840878 -0.023735045 0.997459590
1341846244.683815 0.039393537 -0.027543545 -0.010371283 0.064426385 -0.021032808 -0.022498878 0.997447073
1341846244.719873 0.041676987 -0.024132753 -0.008243842 0.065726221 -0.021279687 -0.022264659 0.997362316
1341846244.751827 0.042150863 -0.026135312 -0.008772466 0.064408869 -0.020851074 -0.022603035 0.997449696
1341846244.788300 0.042850126 -0.026900718 -0.008965877 0.064904548 -0.020716272 -0.023223367 0.997406125
1341846244.820099 0.042697366 -0.027872520 -0.009507373 0.065150157 -0.020021793 -0.023138059 0.997406244
1341846244.851973 0.044126730 -0.030397596 -0.008935028 0.066076629 -0.019758370 -0.022976266 0.997354269
1341846244.887873 0.044664428 -0.028404305 -0.010060398 0.068421125 -0.018779185 -0.022762176 0.997219980
1341846244.920072 0.044615850 -0.028553035 -0.010835384 0.068516843 -0.017416576 -0.023212554 0.997227788
1341846244.952621 0.044722978 -0.029055439 -0.011150012 0.069100469 -0.016716868 -0.022416715 0.997217715
1341846244.987985 0.044747751 -0.028706361 -0.011062671 0.069710791 -0.016021479 -0.021075601 0.997215867
1341846245.020060 0.044681486 -0.028240753 -0.010721677 0.069071740 -0.015976775 -0.020199414 0.997279227
1341846245.051869 0.044725560 -0.029703757 -0.010024992 0.066868186 -0.015135082 -0.021316286 0.997419238
1341846245.088236 0.044686206 -0.028199969 -0.009143994 0.066523053 -0.014372136 -0.021692000 0.997445524
1341846245.119935 0.044676784 -0.028119799 -0.009685427 0.066291861 -0.014121911 -0.021496814 0.997468710
1341846245.151835 0.044541292 -0.028373094 -0.009662279 0.066381857 -0.013872974 -0.021717295 0.997461438
1341846245.187889 0.044557288 -0.028108997 -0.008842140 0.067416422 -0.013676966 -0.022037603 0.997387767
1341846245.219842 0.043490727 -0.026134644 -0.008354471 0.068124056 -0.013282806 -0.021623991 0.997354031
1341846245.256030 0.044928234 -0.026221033 -0.008685423 0.067433916 -0.013830247 -0.022042677 0.997384310
1341846245.287962 0.045212176 -0.028827744 -0.008369931 0.066093288 -0.013608542 -0.023065727 0.997453988
1341846245.319885 0.044873755 -0.028921854 -0.009410526 0.066002227 -0.013244882 -0.024460748 0.997431695
1341846245.355859 0.043717522 -0.027060255 -0.009674667 0.066581517 -0.013372496 -0.024591964 0.997388244
1341846245.387919 0.043824613 -0.028007541 -0.008743665 0.066263147 -0.013822705 -0.024814868 0.997397780
1341846245.423977 0.043959681 -0.027955372 -0.008663767 0.066570416 -0.013542993 -0.025319178 0.997368455
1341846245.455822 0.043623537 -0.028529093 -0.008932372 0.066930890 -0.013190115 -0.026363291 0.997322023
1341846245.487804 0.042412478 -0.028476065 -0.009819846 0.067171142 -0.012822626 -0.026326893 0.997311652
1341846245.523916 0.043036904 -0.026748896 -0.009097618 0.068042971 -0.013146366 -0.026026357 0.997256219
1341846245.555797 0.042988561 -0.027339224 -0.009223903 0.067506775 -0.012900645 -0.026186142 0.997291684
1341846245.591988 0.042317245 -0.028124096 -0.007910037 0.067985654 -0.012744916 -0.025788382 0.997271538
1341846245.623837 0.041365739 -0.028008105 -0.008230660 0.069357306 -0.012750640 -0.024861924 0.997200549
1341846245.655890 0.041762955 -0.026674407 -0.009119090 0.069869161 -0.012707608 -0.024499722 0.997174323
1341846245.692060 0.042862460 -0.026028272 -0.008659448 0.069609456 -0.012317646 -0.025904009 0.997161865
1341846245.724517 0.042343702 -0.028620873 -0.007114233 0.068918772 -0.012036166 -0.025705937 0.997218370
1341846245.760068 0.040649563 -0.028800836 -0.008387199 0.070082128 -0.011223246 -0.025078805 0.997162759
1341846245.791914 0.041241076 -0.027679805 -0.008758455 0.070713215 -0.011237934 -0.025065713 0.997118354
1341846245.824142 0.040965445 -0.027284618 -0.009201994 0.070338145 -0.010241251 -0.024642292 0.997166216
1341846245.860005 0.040535305 -0.025443109 -0.007009367 0.070742480 -0.009810823 -0.023961710 0.997158527
1341846245.891878 0.041599337 -0.026936363 -0.008626726 0.069063835 -0.010110277 -0.024510171 0.997259855
1341846245.927903 0.040577292 -0.029030470 -0.007598730 0.068739563 -0.009024158 -0.024739122 0.997287035
1341846245.959920 0.039403431 -0.027277831 -0.008731408 0.070090756 -0.008074479 -0.024380414 0.997209966
1341846245.986182 0.039278101 -0.026447719 -0.007447586 0.070621669 -0.008457754 -0.024884414 0.997156858
1341846246.022057 0.038466446 -0.028408380 -0.007152920 0.070530899 -0.008385190 -0.025049819 0.997159779
1341846246.053871 0.038488425 -0.028734680 -0.008032845 0.071594335 -0.008493782 -0.024807490 0.997089088
1341846246.085916 0.037685156 -0.029125782 -0.008733613 0.072738133 -0.009026309 -0.024118165 0.997018576
1341846246.121806 0.037408683 -0.028305182 -0.008394564 0.073848024 -0.010096290 -0.024721822 0.996911883
1341846246.153949 0.037819866 -0.028143076 -0.008979311 0.074652158 -0.010658709 -0.026460927 0.996801496
1341846246.190063 0.037147000 -0.027991107 -0.009792618 0.075745560 -0.010024600 -0.028033856 0.996682584
1341846246.222002 0.037316632 -0.026804391 -0.009476525 0.075443082 -0.010097039 -0.029013608 0.996676803
1341846246.253984 0.036914527 -0.026511127 -0.008068353 0.075700454 -0.010053483 -0.031267945 0.996589541
1341846246.289808 0.037150957 -0.027175078 -0.009123298 0.076569870 -0.009670500 -0.031704575 0.996513128
1341846246.322001 0.038271483 -0.023497213 -0.008862195 0.077404045 -0.008920953 -0.032464374 0.996431172
1341846246.353946 0.037291825 -0.023323420 -0.007365029 0.075893052 -0.007640119 -0.033809520 0.996513307
1341846246.389885 0.037547920 -0.024993913 -0.006881452 0.074024513 -0.007018879 -0.033930171 0.996654272
1341846246.421855 0.036784220 -0.026528515 -0.008048359 0.073770426 -0.006193045 -0.031562541 0.996756434
1341846246.457915 0.035483830 -0.024311477 -0.008118852 0.074026413 -0.005639935 -0.030280650 0.996780515
1341846246.489829 0.039241135 -0.025215125 -0.007112966 0.072564080 -0.006519031 -0.028240569 0.996942520
1341846246.521912 0.039021350 -0.024616301 -0.009426817 0.071533427 -0.004596580 -0.027668107 0.997043788
1341846246.558038 0.038894415 -0.025824260 -0.008791612 0.070428647 -0.002738250 -0.028748643 0.997098684
1341846246.589826 0.037424557 -0.025892014 -0.005622334 0.071039766 -0.001959532 -0.026783714 0.997111917
1341846246.622033 0.037745424 -0.026384573 -0.008836167 0.070901029 -0.002065441 -0.025137691 0.997164428
1341846246.658046 0.036937550 -0.025294095 -0.006992756 0.070862018 -0.002454262 -0.023735937 0.997200668
1341846246.689939 0.037744727 -0.026786650 -0.008806256 0.069848135 -0.003413849 -0.024545195 0.997249782
1341846246.725903 0.038117379 -0.025847726 -0.007276200 0.070041150 -0.003890908 -0.024826253 0.997227550
1341846246.757894 0.038148236 -0.025023645 -0.007787644 0.069622293 -0.003861703 -0.025780234 0.997232735
1341846246.789989 0.037774503 -0.025781503 -0.006682863 0.068681180 -0.003642502 -0.026318859 0.997284770
1341846246.826059 0.037573326 -0.026300404 -0.006306357 0.068429962 -0.004003754 -0.026290858 0.997301400
1341846246.857869 0.038616445 -0.026072880 -0.006571810 0.069676265 -0.004669010 -0.026080735 0.997217774
1341846246.893944 0.038317584 -0.024153369 -0.007378544 0.070269920 -0.005095116 -0.025922814 0.997178137
1341846246.925896 0.037954822 -0.024406018 -0.006887205 0.069464132 -0.005485846 -0.025424620 0.997245312
1341846246.958090 0.037278213 -0.024992691 -0.006281357 0.069357269 -0.005383073 -0.025191220 0.997259200
1341846246.993936 0.037390228 -0.024572002 -0.006718313 0.069436915 -0.005704355 -0.025896486 0.997233868
1341846247.026204 0.038011953 -0.025904158 -0.006815373 0.068919763 -0.006199739 -0.027804917 0.997215390
1341846247.057936 0.036841840 -0.025731526 -0.006397386 0.069786988 -0.005669075 -0.028328681 0.997143507
1341846247.093899 0.037583862 -0.025140867 -0.007310682 0.070916146 -0.006417648 -0.027417071 0.997084796
1341846247.126028 0.038037013 -0.024939425 -0.008688570 0.070754007 -0.007226280 -0.027374925 0.997091889
1341846247.162093 0.037356280 -0.028063567 -0.007840563 0.070382439 -0.007206134 -0.026947748 0.997129977
1341846247.194072 0.039433360 -0.028542986 -0.008656096 0.073129952 -0.006850610 -0.024883106 0.996988416
1341846247.225977 0.038583271 -0.026460692 -0.006343761 0.075233042 -0.006387256 -0.022930847 0.996881843
1341846247.261953 0.039145987 -0.030141218 -0.007146012 0.076681294 -0.006102418 -0.023647962 0.996756494
1341846247.293957 0.039753128 -0.030724393 -0.006850787 0.080990277 -0.005153561 -0.023661146 0.996420681
1341846247.325987 0.038367592 -0.025676031 -0.006261239 0.083954558 -0.005288479 -0.022745095 0.996195912
1341846247.361940 0.039129090 -0.024847273 -0.006256824 0.082086250 -0.006724452 -0.022405416 0.996350646
1341846247.394053 0.040671434 -0.025773507 -0.007583946 0.079816632 -0.007402818 -0.022070460 0.996537745
1341846247.430187 0.039601088 -0.023272248 -0.004491179 0.078648530 -0.007533275 -0.022953978 0.996609628
1341846247.462223 0.039352816 -0.025721317 -0.004471458 0.076892011 -0.008550376 -0.023944486 0.996715188
1341846247.493952 0.040502213 -0.025820030 -0.004392295 0.077210002 -0.009292110 -0.024501516 0.996670425
1341846247.530027 0.041621648 -0.028118223 -0.006382918 0.077050455 -0.009446609 -0.024348108 0.996685088
1341846247.562209 0.041461676 -0.030777922 -0.005539970 0.078468576 -0.009040839 -0.023441626 0.996599913
1341846247.594166 0.040477417 -0.025783369 -0.003807384 0.081939191 -0.009067332 -0.022233605 0.996348023
1341846247.630035 0.041898962 -0.023798054 -0.004131014 0.081035458 -0.010513833 -0.022016017 0.996412575
1341846247.662701 0.043290198 -0.026904378 -0.004066816 0.078966305 -0.011298642 -0.021356748 0.996584415
1341846247.697913 0.042901047 -0.024975741 -0.004896491 0.080476090 -0.010535481 -0.019792480 0.996504366
1341846247.730051 0.041133393 -0.024966914 -0.004613054 0.079037137 -0.010858986 -0.018912148 0.996633112
1341846247.762180 0.043245275 -0.028962640 -0.003775434 0.078371480 -0.012076315 -0.017820863 0.996691763
1341846247.798768 0.044726603 -0.027257217 -0.004948408 0.080912478 -0.012233674 -0.015610965 0.996523857
1341846247.830259 0.043043576 -0.021953879 -0.001677278 0.081800066 -0.011815186 -0.015246467 0.996462107
1341846247.865875 0.043887556 -0.026054334 -0.002064072 0.078559533 -0.012104888 -0.015546175 0.996714711
1341846247.898157 0.044360247 -0.028825901 -0.003636310 0.079834886 -0.011117142 -0.015140573 0.996631086
1341846247.930002 0.040607575 -0.024443801 -0.003107722 0.082431331 -0.011236600 -0.014400796 0.996429324
1341846247.966006 0.043524917 -0.025632208 -0.002857801 0.080943629 -0.014341762 -0.013643499 0.996522129
1341846247.998062 0.046027884 -0.028788790 -0.005206746 0.081835359 -0.014934531 -0.013063789 0.996448338
1341846248.030615 0.043274779 -0.025477650 -0.002305793 0.084758095 -0.013376462 -0.013360972 0.996222198
1341846248.065891 0.044165995 -0.020837924 -0.002541655 0.085126400 -0.013620543 -0.013668173 0.996183276
1341846248.098211 0.047884867 -0.025292233 -0.003898872 0.082640834 -0.014068376 -0.014170827 0.996379316
1341846248.133929 0.048657086 -0.025678597 -0.002831455 0.084222838 -0.010527820 -0.016558476 0.996253729
1341846248.166050 0.045569722 -0.022205327 -0.001535260 0.084727779 -0.007274054 -0.018819802 0.996199846
1341846248.198024 0.043483343 -0.024963088 -0.000008452 0.082608268 -0.006612039 -0.019785400 0.996363759
1341846248.233930 0.046220135 -0.029202528 -0.000924861 0.083154671 -0.007398031 -0.019651292 0.996315420
1341846248.265968 0.044781871 -0.025383564 0.000502603 0.084918983 -0.006029529 -0.020768678 0.996153116
1341846248.297927 0.043902297 -0.024824908 0.000542643 0.082850173 -0.006085549 -0.023423782 0.996268094
1341846248.333956 0.044019174 -0.028769115 -0.000799218 0.081704535 -0.006639429 -0.025878336 0.996298432
1341846248.366013 0.044407018 -0.025873588 -0.000333540 0.084540248 -0.006781630 -0.025904961 0.996060193
1341846248.402093 0.044428945 -0.024700139 -0.000228340 0.084615186 -0.007644082 -0.025225347 0.996065021
1341846248.433862 0.044692189 -0.027337044 -0.001683847 0.083515711 -0.008172703 -0.025069494 0.996157587
1341846248.466804 0.044901442 -0.025519796 -0.000698346 0.085305341 -0.006891339 -0.026597252 0.995975971
1341846248.502139 0.044367373 -0.024849009 -0.000928391 0.083527200 -0.006769686 -0.027817480 0.996094167
1341846248.534215 0.043094438 -0.025799591 0.001178103 0.080976993 -0.008354704 -0.026603051 0.996325850
1341846248.565971 0.044301644 -0.025826145 0.000108840 0.082993135 -0.009212277 -0.025989432 0.996168554
1341846248.602003 0.046307512 -0.022308007 -0.000690845 0.083027788 -0.008722534 -0.026565528 0.996154904
1341846248.640295 0.045639805 -0.024147483 0.000446778 0.081270307 -0.008261926 -0.026906384 0.996294618
1341846248.675831 0.046726778 -0.024660856 0.001467506 0.084138103 -0.008361883 -0.026158920 0.996075571
1341846248.708095 0.047198322 -0.023863481 0.001149318 0.085830577 -0.007468869 -0.025818985 0.995947123
1341846248.740085 0.043922141 -0.026460879 0.000223161 0.084125146 -0.006496922 -0.026214501 0.996089101
1341846248.775948 0.046025928 -0.028392203 0.000632243 0.085020252 -0.008167162 -0.026349690 0.995997250
1341846248.802167 0.045974638 -0.025006428 0.000709869 0.087538809 -0.007802757 -0.026225973 0.995785236
1341846248.833950 0.045756143 -0.028179742 -0.000523397 0.085659198 -0.007775803 -0.026828796 0.995932817
1341846248.869901 0.045630887 -0.031448275 -0.000917596 0.085839964 -0.008099281 -0.026302980 0.995928764
1341846248.901932 0.045725446 -0.029414697 -0.002008769 0.088253669 -0.007934265 -0.026023200 0.995726407
1341846248.938035 0.044542350 -0.026136052 -0.000935183 0.089149192 -0.007232995 -0.026306452 0.995644569
1341846248.969908 0.045477718 -0.026538284 -0.000952396 0.088026822 -0.008323302 -0.026361646 0.995734394
1341846249.001964 0.045283109 -0.026570598 0.000212683 0.087665506 -0.008182151 -0.026767556 0.995756626
1341846249.037998 0.044379931 -0.025651611 0.000332632 0.088281006 -0.007792461 -0.026236003 0.995719552
1341846249.069961 0.044231348 -0.025363544 -0.000434638 0.086791568 -0.008891813 -0.024934640 0.995874703
1341846249.105888 0.047701575 -0.027410511 -0.000814447 0.085968703 -0.009603669 -0.024724500 0.995944738
1341846249.138041 0.044937640 -0.026054906 -0.000027496 0.086716741 -0.007471997 -0.024923153 0.995893180
1341846249.169904 0.044452142 -0.027796436 0.000324065 0.085802026 -0.007291701 -0.023491163 0.996008515
1341846249.206013 0.046595339 -0.028058091 0.000633798 0.087405168 -0.007561292 -0.022641573 0.995886803
1341846249.237872 0.046926603 -0.024823666 -0.000143832 0.088546328 -0.006486744 -0.022558270 0.995795429
1341846249.269963 0.046689495 -0.025698682 0.000582955 0.086766213 -0.006054146 -0.023029583 0.995944083
1341846249.306095 0.048087906 -0.028994085 -0.000025243 0.086336322 -0.006308465 -0.023111405 0.995977938
1341846249.337853 0.049568042 -0.023578923 0.000625692 0.089489907 -0.005552197 -0.022328487 0.995721936
1341846249.373854 0.047326230 -0.024636751 -0.000127072 0.087223113 -0.004454637 -0.023029415 0.995912611
1341846249.405928 0.047415726 -0.026789997 0.001999216 0.085815445 -0.003525694 -0.023890043 0.996018350
1341846249.437945 0.047418691 -0.027003890 0.001911459 0.086857148 -0.001717145 -0.024954228 0.995906711
1341846249.474182 0.046443678 -0.024481468 0.001461131 0.087102383 -0.001263459 -0.025021253 0.995884299
1341846249.505956 0.048731547 -0.024824731 0.001531441 0.085611776 -0.002222941 -0.024444493 0.996026218
1341846249.538288 0.047964159 -0.026126979 0.002594497 0.085159235 -0.001660443 -0.024862826 0.996055722
1341846249.574263 0.047370065 -0.026000280 0.001562736 0.084518291 -0.001417505 -0.024632640 0.996116400
1341846249.606015 0.048263773 -0.025927709 0.000764026 0.083024904 -0.002730903 -0.023024619 0.996277690
1341846249.641995 0.046934471 -0.027478965 0.001045572 0.082798764 -0.003615112 -0.020878708 0.996340990
1341846249.674108 0.049105573 -0.024324464 0.000686101 0.082715444 -0.005416646 -0.019452225 0.996368647
1341846249.706034 0.046948690 -0.024197042 0.002484136 0.080040343 -0.005590195 -0.019255267 0.996589899
1341846249.742012 0.046017475 -0.025072480 0.003221313 0.079517029 -0.006649987 -0.018101523 0.996646941
1341846249.773906 0.047604389 -0.023081211 0.002885010 0.080924124 -0.009350918 -0.014961212 0.996564090
1341846249.806093 0.045871042 -0.022560945 0.002436291 0.079967864 -0.011567173 -0.012512144 0.996651769
1341846249.842148 0.046595957 -0.022231303 0.002530574 0.079368435 -0.013628632 -0.011287388 0.996688247
1341846249.873923 0.044769730 -0.022006605 0.003570845 0.079435639 -0.014890296 -0.009914435 0.996679485
1341846249.909991 0.048239619 -0.020731121 0.001451023 0.079719037 -0.019531099 -0.007489046 0.996597886
1341846249.942024 0.049808521 -0.020895962 0.000544241 0.079174519 -0.023090854 -0.004989373 0.996580780
1341846249.974199 0.048170406 -0.020025356 0.001974887 0.080009267 -0.023968378 -0.005734170 0.996489406
1341846250.010384 0.049013712 -0.019745806 0.000573180 0.079667374 -0.025420442 -0.006180339 0.996478140
1341846250.042022 0.048985753 -0.019672051 0.000604287 0.079810567 -0.027759347 -0.004229815 0.996414423
1341846250.078047 0.049634911 -0.020789633 -0.001324704 0.080993287 -0.028033853 -0.003726284 0.996313334
1341846250.109945 0.050045785 -0.019700071 -0.002518602 0.081069395 -0.026488980 -0.004746437 0.996345103
1341846250.141849 0.054061253 -0.015236494 0.002023393 0.080975547 -0.026426030 -0.005453708 0.996350765
1341846250.177803 0.060443997 -0.013354681 0.004308150 0.082357377 -0.026627515 -0.004950874 0.996234775
1341846250.210137 0.060468137 -0.014363563 0.001412661 0.082266465 -0.022437965 -0.006393818 0.996337235
1341846250.241903 0.059178069 -0.014600639 0.002241234 0.081082910 -0.019766601 -0.009024493 0.996470451
1341846250.277878 0.056695297 -0.012970235 0.003019978 0.081173353 -0.017314719 -0.011410017 0.996484280
1341846250.309873 0.056708414 -0.012924095 0.003055527 0.080609441 -0.017106341 -0.012313603 0.996522903
1341846250.346142 0.056608111 -0.012851604 0.002820329 0.080714509 -0.017434588 -0.012206542 0.996510029
1341846250.377944 0.056689773 -0.012745230 0.002991962 0.081464693 -0.017456133 -0.012003013 0.996451080
1341846250.410038 0.056495901 -0.013124706 0.003354471 0.081995331 -0.017574590 -0.011760648 0.996408343
1341846250.445984 0.057206850 -0.013701560 0.002312713 0.082655892 -0.017710106 -0.012684773 0.996340036
1341846250.477872 0.057152160 -0.013612043 0.002388255 0.082130134 -0.017945709 -0.012856442 0.996377110
1341846250.509930 0.056592278 -0.013860563 0.003416417 0.081878148 -0.019810546 -0.010914624 0.996385694
1341846250.546119 0.056764457 -0.013702184 0.002814059 0.082495965 -0.021020867 -0.010628386 0.996312976
1341846250.577998 0.057130281 -0.013420326 0.002523481 0.081244446 -0.020397343 -0.011817524 0.996415377
1341846250.613828 0.056813866 -0.013739389 0.003147932 0.079781882 -0.020103646 -0.011201419 0.996546626
1341846250.646114 0.056637701 -0.014060286 0.003382392 0.080132402 -0.020256009 -0.008608314 0.996541202
1341846250.677812 0.057605982 -0.013523766 0.001430743 0.079744294 -0.020181227 -0.006596458 0.996589243
1341846250.713958 0.058087137 -0.013364307 0.001041306 0.078267284 -0.019420186 -0.006084493 0.996724665
1341846250.745904 0.056712683 -0.014022082 0.002986204 0.077403992 -0.018548660 -0.004518417 0.996817052
1341846250.777886 0.056424886 -0.013813938 0.003237357 0.077066667 -0.020257428 -0.002425907 0.996817172
1341846250.814024 0.056911692 -0.013813084 0.002663806 0.076236770 -0.021424858 -0.001507306 0.996858418
1341846250.846025 0.057302099 -0.013650877 0.002466973 0.074850492 -0.021051070 -0.003023416 0.996967971
1341846250.881824 0.056648362 -0.014107692 0.003489212 0.075101741 -0.021194199 -0.002237804 0.996948123
1341846250.913808 0.056820776 -0.013962168 0.003221904 0.077126451 -0.021242140 -0.002005758 0.996792972
1341846250.946118 0.056780305 -0.014097334 0.003317853 0.077575549 -0.020536991 -0.002574780 0.996771634
1341846250.981803 0.056817349 -0.013808675 0.002841565 0.078707963 -0.020492738 -0.003301787 0.996681631
1341846251.014047 0.056251351 -0.013947026 0.003493520 0.078630850 -0.021588681 -0.004641159 0.996659219
1341846251.046033 0.056299496 -0.014167145 0.003921122 0.079335943 -0.022407880 -0.004694073 0.996585011
1341846251.081959 0.056485508 -0.014191586 0.004060174 0.081033923 -0.022071028 -0.005376644 0.996452451
1341846251.114058 0.056493256 -0.014239457 0.003658023 0.082809240 -0.021560660 -0.005917294 0.996314585
1341846251.149920 0.057120416 -0.013738273 0.002367562 0.084186979 -0.021266473 -0.006317945 0.996203005
1341846251.181983 0.057553165 -0.013821670 0.002308928 0.084846877 -0.020317618 -0.007705669 0.996156991
1341846251.214205 0.056434464 -0.014577685 0.002992541 0.085636690 -0.020095000 -0.008180066 0.996090174
1341846251.249978 0.054889701 -0.016284648 0.001863298 0.085104622 -0.021555185 -0.007501307 0.996110559
1341846251.281923 0.051869143 -0.017601199 0.003308443 0.085467339 -0.021990163 -0.007572395 0.996069491
1341846251.318026 0.051394507 -0.016684446 0.001669442 0.085112847 -0.022920875 -0.008258498 0.996073425
1341846251.350003 0.052223884 -0.013786557 0.002350981 0.084145956 -0.025436105 -0.008414222 0.996093154
1341846251.382003 0.056115184 -0.014478474 0.003328545 0.084202297 -0.029098272 -0.007571582 0.995994925
1341846251.417971 0.056521691 -0.011906163 0.001799073 0.085218973 -0.029884787 -0.008473601 0.995877922
1341846251.449878 0.055869486 -0.011873645 0.002610119 0.082315989 -0.030429984 -0.009666634 0.996094704
1341846251.481872 0.053328834 -0.010896804 0.002849293 0.080388770 -0.031188074 -0.010331876 0.996221960
1341846251.517870 0.053757392 -0.010781659 0.003603629 0.079216912 -0.032977626 -0.009092461 0.996270299
1341846251.549884 0.053871352 -0.010095926 0.003802001 0.077582166 -0.033419419 -0.009391266 0.996381402
1341846251.586071 0.053251311 -0.012981319 0.003490793 0.075766571 -0.032764293 -0.009035771 0.996546209
1341846251.618241 0.053603660 -0.010264462 0.003605540 0.077730820 -0.033679541 -0.007142002 0.996379733
1341846251.649917 0.053745877 -0.010275766 0.003939370 0.078395367 -0.033177894 -0.006473234 0.996349096
1341846251.686034 0.053800099 -0.010253481 0.004106310 0.079003021 -0.030963862 -0.008153527 0.996360004
1341846251.718103 0.053491876 -0.010609733 0.004264662 0.078907184 -0.029619291 -0.009490272 0.996396661
1341846251.749907 0.053050634 -0.010134099 0.005243677 0.079670683 -0.030141884 -0.008341999 0.996330500
