1341845689.198264 0.008107683 -0.049329303 -0.020902039 -0.028818795 -0.030722605 0.023256153 0.998841703
1341845689.234322 0.008222897 -0.049519856 -0.020906154 -0.031565391 -0.029824736 0.025306527 0.998736024
1341845689.265745 0.007979329 -0.044274934 -0.020264721 -0.030324096 -0.029001655 0.026529310 0.998767018
1341845689.297769 0.007871881 -0.047678512 -0.021529207 -0.033056438 -0.029458081 0.027761681 0.998633444
1341845689.333650 0.008050910 -0.047758318 -0.021006394 -0.034399852 -0.028651629 0.028114872 0.998601675
1341845689.365881 0.009159925 -0.047255546 -0.020293059 -0.033720706 -0.028527988 0.027149512 0.998655081
1341845689.401592 0.009079638 -0.047732990 -0.021090509 -0.032809202 -0.029276079 0.026896831 0.998670638
1341845689.433744 0.008467235 -0.047932889 -0.020870583 -0.032217164 -0.029921267 0.026625842 0.998678029
1341845689.465651 0.017241010 -0.040585622 -0.016699847 -0.026386868 -0.034379058 0.023978129 0.998772681
1341845689.501840 0.007759194 -0.048902649 -0.019392841 -0.025924889 -0.034203809 0.024878185 0.998768747
1341845689.533687 0.017182063 -0.043730389 -0.019073037 -0.021868760 -0.039962970 0.018834766 0.998784244
1341845689.565814 0.018704010 -0.042934485 -0.017929493 -0.019152261 -0.040403225 0.014849993 0.998889506
1341845689.601682 0.007800106 -0.048982061 -0.019073062 -0.018708475 -0.037646253 0.014178587 0.999015391
1341845689.633591 0.019367151 -0.046492148 -0.019400496 -0.015582261 -0.045455903 0.008388218 0.998809576
1341845689.669672 0.020168029 -0.046111453 -0.019653387 -0.014672733 -0.047273092 0.006016674 0.998756111
1341845689.701700 0.022153152 -0.045874599 -0.018477000 -0.013229664 -0.050136115 0.005893312 0.998637378
1341845689.733773 0.013766688 -0.049333826 -0.019620055 -0.014450926 -0.049640611 0.006411637 0.998642027
1341845689.769822 0.023877725 -0.044935945 -0.017996486 -0.012210937 -0.055341508 0.003336214 0.998387218
1341845689.802003 0.025192915 -0.044625342 -0.017585577 -0.011803439 -0.057489380 0.002132979 0.998274088
1341845689.833757 0.023577623 -0.045098625 -0.018056726 -0.011183292 -0.059860960 0.001372050 0.998143137
1341845689.869861 0.022158770 -0.045408268 -0.018648775 -0.010464492 -0.061536573 0.000236171 0.998049915
1341845689.901825 0.024614390 -0.045400485 -0.018240480 -0.010251357 -0.063995674 0.000233293 0.997897506
1341845689.937674 0.024823278 -0.044968184 -0.018207978 -0.009063446 -0.066328190 0.000259172 0.997756660
1341845689.969679 0.023614792 -0.045550626 -0.018874478 -0.009301156 -0.067219988 0.000880889 0.997694433
1341845690.003830 0.024476428 -0.045516495 -0.018590031 -0.009413946 -0.067752175 0.001203415 0.997657061
1341845690.037686 0.024426997 -0.045490015 -0.017864525 -0.009342827 -0.068234488 -0.000610776 0.997625351
1341845690.069636 0.023295736 -0.045496371 -0.018509660 -0.008880215 -0.067422591 -0.001012820 0.997684479
1341845690.106587 0.022867605 -0.044914063 -0.019051004 -0.008678716 -0.067412049 -0.000008826 0.997687459
1341845690.138859 0.022766044 -0.045412168 -0.019208135 -0.009214407 -0.068176508 -0.000776664 0.997630417
1341845690.169919 0.023495631 -0.045364633 -0.018809807 -0.008964388 -0.067668550 -0.000638728 0.997667372
1341845690.206103 0.023098374 -0.045332409 -0.018926673 -0.009332712 -0.067609943 -0.000211724 0.997668147
1341845690.237700 0.023633618 -0.045471959 -0.018480336 -0.010192585 -0.068203367 -0.000813446 0.997619033
1341845690.269981 0.023453550 -0.045380920 -0.017732527 -0.009433893 -0.069387481 -0.001146919 0.997544527
1341845690.306143 0.024314532 -0.044768024 -0.018474055 -0.008561093 -0.070991278 -0.002394427 0.997437298
1341845690.338646 0.024572963 -0.044655193 -0.019048799 -0.009317444 -0.071232192 -0.002032878 0.997414172
1341845690.373833 0.024722889 -0.044506066 -0.019450666 -0.010382865 -0.071753547 -0.001218038 0.997367620
1341845690.405976 0.024320265 -0.044827737 -0.018420236 -0.010457222 -0.071868218 -0.002311241 0.997356653
1341845690.437908 0.023515079 -0.045477949 -0.018372841 -0.010562498 -0.070924751 -0.003000287 0.997421205
1341845690.473654 0.023704497 -0.045185599 -0.018555263 -0.010458166 -0.071473464 -0.001618171 0.997386336
1341845690.505978 0.023998415 -0.045112029 -0.018990671 -0.010051976 -0.073263086 -0.001271194 0.997261167
1341845690.537884 0.006872951 -0.048429236 -0.020571968 -0.011168895 -0.066584960 -0.000366793 0.997718155
1341845690.573708 0.006093665 -0.049678713 -0.021063101 -0.012416474 -0.064921163 0.000202447 0.997813165
1341845690.605848 0.006715307 -0.048631355 -0.020740956 -0.012214571 -0.064667277 0.001732731 0.997830629
1341845690.641747 0.006929168 -0.047582317 -0.019973019 -0.010821437 -0.065099366 0.001366961 0.997819185
1341845690.673751 0.006752762 -0.048380557 -0.020915156 -0.011195393 -0.064450629 0.000482422 0.997857988
1341845690.706003 0.006589048 -0.048456460 -0.020656420 -0.011045567 -0.063323334 0.000948277 0.997931480
1341845690.741684 0.024517355 -0.044525933 -0.019328587 -0.008448246 -0.070153698 -0.002938742 0.997496068
1341845690.773770 0.024081863 -0.044758592 -0.018662104 -0.008151251 -0.069304302 -0.002976942 0.997557819
1341845690.805715 0.023968425 -0.044746518 -0.019203361 -0.007874998 -0.068264924 -0.002203363 0.997633696
1341845690.841674 0.023412898 -0.045044869 -0.018325076 -0.007725678 -0.067415416 -0.001588754 0.997693837
1341845690.873770 0.024000470 -0.044768106 -0.019012447 -0.007979344 -0.066789970 -0.001730497 0.997733653
1341845690.909837 0.023769582 -0.044889666 -0.018641224 -0.008673506 -0.065840274 -0.001329117 0.997791588
1341845690.941576 0.023813246 -0.044930235 -0.018218646 -0.008620729 -0.065772638 -0.000911321 0.997796953
1341845690.973879 0.023741670 -0.044962008 -0.018137677 -0.008756946 -0.065384433 -0.000743797 0.997821450
1341845691.011558 0.024040511 -0.044797581 -0.018583197 -0.008811695 -0.064781979 0.000287499 0.997860491
1341845691.041642 0.024038034 -0.044907618 -0.017862128 -0.008854893 -0.064316191 0.000835675 0.997889936
1341845691.077986 0.024227481 -0.044816647 -0.018112313 -0.008291421 -0.064897299 -0.000771800 0.997857213
1341845691.109685 0.024019938 -0.044946671 -0.017826868 -0.007922592 -0.064225130 -0.001334677 0.997903109
1341845691.141759 0.024434734 -0.044694282 -0.018525476 -0.007295613 -0.063263245 -0.000740439 0.997969925
1341845691.177729 0.024077088 -0.044868834 -0.018080117 -0.006555091 -0.063348964 -0.001662402 0.997968495
1341845691.209644 0.024371097 -0.044730667 -0.018499108 -0.006384500 -0.063811019 -0.003395308 0.997935832
1341845691.241757 0.024160888 -0.044850219 -0.018230969 -0.006625042 -0.062586069 -0.003356235 0.998011947
1341845691.277595 0.024329742 -0.044735875 -0.018398719 -0.005705226 -0.062316392 -0.003046451 0.998035491
1341845691.310138 0.024318738 -0.044740029 -0.018430077 -0.005143209 -0.064289466 -0.003868659 0.997910559
1341845691.345620 0.024491495 -0.044631656 -0.018898547 -0.005330565 -0.064256310 -0.004356791 0.997909665
1341845691.378062 0.024337115 -0.044714890 -0.018645404 -0.004873028 -0.062241204 -0.005299826 0.998035192
1341845691.451922 0.024591336 -0.044531353 -0.019372238 -0.004122140 -0.061663616 -0.007527905 0.998060048
1341845691.478799 0.024270551 -0.044706322 -0.018897332 -0.005466964 -0.060377594 -0.006635514 0.998138607
1341845691.509739 0.024086677 -0.044793885 -0.018540474 -0.005058093 -0.060000028 -0.006950040 0.998161376
1341845691.545833 0.024496909 -0.044573713 -0.019178508 -0.004429930 -0.060703039 -0.008548733 0.998109400
1341845691.578399 0.024361072 -0.044704624 -0.018655991 -0.005553660 -0.059724774 -0.010312204 0.998146176
1341845691.613857 0.024441592 -0.044678178 -0.018785534 -0.005640646 -0.057211827 -0.013705819 0.998252034
1341845691.645632 0.012532520 -0.049181763 -0.018228792 -0.006341511 -0.048820332 -0.016296944 0.998654485
1341845691.677793 0.012842472 -0.048994064 -0.018713634 -0.005140924 -0.048739225 -0.015616457 0.998676181
1341845691.713727 0.012743846 -0.049178250 -0.018252835 -0.004800251 -0.050104365 -0.012594818 0.998653054
1341845691.746050 0.012660990 -0.049204357 -0.018168110 -0.004438587 -0.050608322 -0.012699569 0.998627961
1341845691.778411 0.012758643 -0.049174696 -0.018345067 -0.005533134 -0.048273608 -0.015066233 0.998705208
1341845691.813646 0.012482160 -0.049175877 -0.017958460 -0.006804317 -0.046579398 -0.013845528 0.998795450
1341845691.845603 0.012895727 -0.048978552 -0.018589752 -0.006690802 -0.047818024 -0.012485304 0.998755634
1341845691.881595 0.012441589 -0.049194291 -0.018160991 -0.006506433 -0.048826806 -0.013761883 0.998691261
1341845691.913600 0.011914563 -0.049452197 -0.017373487 -0.006666941 -0.047563337 -0.013863066 0.998749793
1341845691.945997 0.011915200 -0.049360577 -0.017672656 -0.005937777 -0.047763810 -0.011599122 0.998773694
1341845691.981657 0.014260458 -0.049007207 -0.018453624 -0.003989438 -0.053231828 -0.010012442 0.998524010
1341845692.013904 0.013757605 -0.049286686 -0.017693503 -0.002138937 -0.056966715 -0.007495056 0.998345673
1341845692.049676 0.023832994 -0.045106832 -0.017218970 0.000279093 -0.061959382 -0.007284854 0.998052061
1341845692.081862 0.023618285 -0.045211632 -0.016846061 0.000592798 -0.062579677 -0.006906416 0.998015881
1341845692.113695 0.023968942 -0.045059968 -0.017374191 0.001449352 -0.064217336 -0.007229324 0.997908711
1341845692.149736 0.024021976 -0.045023777 -0.017543266 0.000863951 -0.063456334 -0.008515641 0.997947931
1341845692.182123 0.012410891 -0.049741577 -0.015779408 -0.000050151 -0.057688940 -0.006174372 0.998315513
1341845692.213661 0.012664781 -0.049419403 -0.016525025 0.001211620 -0.058144327 -0.005425952 0.998292685
1341845692.249828 0.012133445 -0.049990658 -0.015105591 0.000885828 -0.058083232 -0.004566649 0.998300910
1341845692.282146 0.011654416 -0.050667759 -0.013574897 0.000048913 -0.056932840 -0.005310335 0.998363853
1341845692.317711 0.012560888 -0.049558207 -0.016209967 0.000193968 -0.057867933 -0.006137567 0.998305321
1341845692.349688 0.012480212 -0.049555916 -0.016143370 0.000518395 -0.059299976 -0.005661999 0.998224020
1341845692.381560 0.012248034 -0.049867269 -0.015493918 0.001595417 -0.059357028 -0.006367292 0.998215199
1341845692.417776 0.012345384 -0.049715601 -0.015741935 0.002805115 -0.059115365 -0.007450004 0.998219430
1341845692.449672 0.012691704 -0.049373299 -0.016696032 0.003431901 -0.059458528 -0.008684035 0.998187065
1341845692.481594 0.022954432 -0.046157502 -0.014878424 0.005934292 -0.064094946 -0.010869752 0.997866929
1341845692.517778 0.023161484 -0.045959637 -0.015463896 0.007106732 -0.064674206 -0.011109126 0.997819245
1341845692.549744 0.022863904 -0.046345826 -0.014578030 0.008612463 -0.064323485 -0.011159010 0.997829497
1341845692.585822 0.022882741 -0.046356112 -0.014564217 0.008848377 -0.064356387 -0.012272358 0.997812271
1341845692.617836 0.023345146 -0.045706660 -0.016084457 0.009354137 -0.063813485 -0.012063565 0.997845113
1341845692.649770 0.022813197 -0.046995152 -0.015809866 0.009673443 -0.063239537 -0.011824619 0.997881413
1341845692.685749 0.022756141 -0.046976987 -0.015811926 0.009857887 -0.064141102 -0.011476872 0.997826159
1341845692.717676 0.023424046 -0.046044584 -0.015221315 0.010581229 -0.064181142 -0.012390216 0.997805238
1341845692.749897 0.023272121 -0.046255030 -0.014701273 0.010662751 -0.062568970 -0.011702564 0.997915089
1341845692.785833 0.022737008 -0.047043748 -0.015608179 0.011173915 -0.063086875 -0.011714461 0.997876704
1341845692.817657 0.023447733 -0.045886099 -0.015613029 0.012890025 -0.064229906 -0.015635213 0.997729361
1341845692.853833 0.023141073 -0.046280436 -0.014621423 0.013647190 -0.062823519 -0.017148999 0.997783959
1341845692.885614 0.023133194 -0.046291944 -0.014622390 0.015355814 -0.062691331 -0.017105632 0.997768223
1341845692.917728 0.023519263 -0.046668030 -0.016188474 0.015990846 -0.063482784 -0.017981194 0.997692764
1341845692.953573 0.023527335 -0.046622019 -0.016218243 0.016879395 -0.063062996 -0.018749133 0.997690678
1341845692.985667 0.023581700 -0.046575796 -0.016267342 0.018172706 -0.062551372 -0.018388487 0.997706831
1341845693.017585 0.024468785 -0.045448650 -0.015947577 0.018890139 -0.063265599 -0.018566705 0.997645199
1341845693.053684 0.024217194 -0.045738820 -0.015146813 0.018636903 -0.062300365 -0.018875787 0.997704864
1341845693.086059 0.024231602 -0.045681659 -0.015245709 0.019735059 -0.062179938 -0.018172950 0.997704327
1341845693.121690 0.024140034 -0.046346828 -0.016751518 0.019454727 -0.063104928 -0.016664818 0.997678101
1341845693.153852 0.024041018 -0.046483580 -0.016506199 0.018482629 -0.064022027 -0.016666928 0.997638106
1341845693.185655 0.024136424 -0.046290003 -0.016879989 0.017700454 -0.062840201 -0.017687509 0.997709870
1341845693.221687 0.024088945 -0.046436775 -0.016545296 0.017915342 -0.061936677 -0.015281922 0.997802258
1341845693.254518 0.023768548 -0.046753634 -0.015789354 0.018144522 -0.064539999 -0.013698387 0.997656107
1341845693.289735 0.024545079 -0.046192054 -0.016678575 0.018585382 -0.065938823 -0.013180984 0.997563481
1341845693.321741 0.024683630 -0.046275124 -0.016613966 0.017854683 -0.062528498 -0.013172217 0.997796535
1341845693.353715 0.024228454 -0.046756245 -0.015336441 0.017961783 -0.058383841 -0.012006306 0.998060405
1341845693.389830 0.024353515 -0.046444386 -0.016166613 0.018180398 -0.056968305 -0.012488686 0.998132288
1341845693.421993 0.024422079 -0.046361942 -0.016414015 0.018379953 -0.055107817 -0.013424982 0.998220980
1341845693.453700 0.024484947 -0.046272207 -0.016535752 0.018569598 -0.053558264 -0.015194759 0.998276412
1341845693.489783 0.024061678 -0.046458960 -0.016181966 0.019526919 -0.051744394 -0.015899202 0.998342812
1341845693.522084 0.023791611 -0.046713579 -0.015744369 0.021556903 -0.052328859 -0.015269149 0.998280466
1341845693.557666 0.023595322 -0.046829630 -0.015444747 0.023209309 -0.053710409 -0.016418615 0.998151779
1341845693.589792 0.023997135 -0.046358343 -0.016623938 0.024167240 -0.054465175 -0.017242817 0.998074234
1341845693.622158 0.023951665 -0.046370588 -0.016583208 0.024338633 -0.053553559 -0.018099269 0.998104215
1341845693.657659 0.023968693 -0.046353944 -0.016722130 0.023745855 -0.052381646 -0.017151611 0.998197436
1341845693.689929 0.024350338 -0.045942284 -0.017732989 0.023492269 -0.052337419 -0.016768796 0.998212278
1341845693.721602 0.025109209 -0.046005610 -0.017043831 0.021406069 -0.051307879 -0.017480733 0.998300433
1341845693.757636 0.025177980 -0.045891985 -0.017197780 0.019556589 -0.050473969 -0.018614443 0.998360336
1341845693.789776 0.024929609 -0.046214309 -0.016359286 0.018678272 -0.051249132 -0.017797993 0.998352587
1341845693.825637 0.024298174 -0.046011485 -0.017624291 0.017175138 -0.051298499 -0.017744185 0.998377979
1341845693.857724 0.024080493 -0.046297278 -0.016830454 0.016039990 -0.051035739 -0.017387860 0.998416662
1341845693.889741 0.024237407 -0.046169441 -0.017259896 0.016682966 -0.050904397 -0.015779540 0.998439491
1341845693.925573 0.024101153 -0.046242006 -0.016987188 0.016110266 -0.050357383 -0.014797962 0.998491704
1341845693.957722 0.024924619 -0.046224467 -0.016375924 0.016679352 -0.050758794 -0.013535878 0.998479903
1341845693.990410 0.025177727 -0.045901239 -0.017047256 0.017693924 -0.050053615 -0.013153981 0.998503149
1341845694.025740 0.024776913 -0.046175785 -0.016618580 0.017997736 -0.047939200 -0.014770821 0.998578846
1341845694.057728 0.024894426 -0.046275102 -0.016412413 0.018426903 -0.047050357 -0.015357336 0.998604476
1341845694.093631 0.024794901 -0.046373922 -0.016117740 0.019934855 -0.046911854 -0.015092874 0.998586059
1341845694.125598 0.025051866 -0.046127453 -0.016779687 0.021496886 -0.047418907 -0.014933367 0.998532116
1341845694.157890 0.025017865 -0.046107031 -0.016745539 0.022143174 -0.046801161 -0.015166861 0.998543620
1341845694.193528 0.024750749 -0.046441894 -0.015921416 0.022888716 -0.046316870 -0.015024354 0.998551488
1341845694.226254 0.024898304 -0.046263985 -0.016290836 0.024337450 -0.046640128 -0.015032804 0.998502076
1341845694.261793 0.024927327 -0.046321500 -0.016149726 0.024682499 -0.046210509 -0.014142206 0.998526573
1341845694.293655 0.024940811 -0.046330515 -0.016108572 0.025355056 -0.046321910 -0.012518480 0.998526216
1341845694.325844 0.024771722 -0.046445850 -0.015829563 0.026464211 -0.047710516 -0.010653627 0.998453736
1341845694.361761 0.024889464 -0.046426453 -0.015787894 0.028062236 -0.050133564 -0.008351636 0.998313248
1341845694.393754 0.025039863 -0.046321202 -0.016068347 0.028997697 -0.052355863 -0.007761556 0.998177230
1341845694.425809 0.025080394 -0.046245474 -0.016330147 0.028849142 -0.053479619 -0.008363060 0.998117089
1341845694.461731 0.025070149 -0.046245076 -0.016305275 0.028744571 -0.054759562 -0.008705607 0.998047769
1341845694.493931 0.025124034 -0.046220560 -0.016423572 0.027342677 -0.054799184 -0.009837263 0.998074472
1341845694.529694 0.025196970 -0.046164040 -0.016559038 0.026100084 -0.054177262 -0.011399867 0.998125076
1341845694.561652 0.025104458 -0.046226632 -0.016396400 0.025996350 -0.055403836 -0.011179497 0.998062909
1341845694.595586 0.024910122 -0.046362281 -0.016002722 0.026699470 -0.056677595 -0.010589102 0.997979283
1341845694.629850 0.020115042 -0.047234226 -0.017580720 0.027751710 -0.057563521 -0.007485862 0.997927964
1341845694.661659 0.020216450 -0.047163386 -0.017842218 0.029181050 -0.058265641 -0.006082385 0.997855961
1341845694.693720 0.016230591 -0.047432624 -0.020806348 0.028496912 -0.053374417 -0.004141027 0.998159289
1341845694.735664 0.016121285 -0.047524124 -0.020628661 0.026526725 -0.046176504 -0.003002975 0.998576522
1341845694.767988 0.025982799 -0.045583881 -0.017918393 0.025410937 -0.044016868 -0.003623867 0.998700976
1341845694.803611 0.025720490 -0.045793250 -0.017450392 0.023306537 -0.038535558 -0.002684644 0.998981774
1341845694.835585 0.025001662 -0.046264399 -0.016158903 0.022229146 -0.034080222 -0.001921588 0.999170005
1341845694.867728 0.025038704 -0.046237987 -0.016218653 0.021649648 -0.031305611 -0.001675418 0.999273956
1341845694.903566 0.024920847 -0.046340570 -0.015992219 0.019929636 -0.028734272 -0.001224798 0.999387622
1341845694.935679 0.015508977 -0.047964294 -0.019396111 0.018738044 -0.023676973 0.001506616 0.999542892
1341845694.967669 0.015417291 -0.048038881 -0.019180328 0.019119006 -0.022381799 0.002349432 0.999563873
1341845695.003730 0.015552741 -0.047916081 -0.019560726 0.019175399 -0.020683503 0.003276954 0.999596775
1341845695.035689 0.014252757 -0.048922360 -0.016813392 0.018824730 -0.016704174 0.003904110 0.999675632
1341845695.072465 0.013761238 -0.049275283 -0.015867252 0.018685129 -0.014336640 0.003981739 0.999714673
1341845695.103895 0.013975553 -0.049101420 -0.016300658 0.019157035 -0.015905503 0.004333700 0.999680579
1341845695.135680 0.014298282 -0.048850428 -0.016875802 0.020152150 -0.019474164 0.004777234 0.999595821
1341845695.172193 0.022913896 -0.047537420 -0.013248111 0.023806909 -0.027628247 0.003416486 0.999328911
1341845695.203618 0.023083685 -0.047340728 -0.013858035 0.026383968 -0.035283133 0.005475713 0.999014020
1341845695.235612 0.023387698 -0.047119580 -0.014386142 0.030111767 -0.042768352 0.006057745 0.998612761
1341845695.271738 0.023693198 -0.046853874 -0.015162239 0.033271153 -0.049058530 0.005411323 0.998226941
1341845695.303569 0.024130540 -0.046725061 -0.015433357 0.035019685 -0.053717550 0.004131387 0.997933328
1341845695.335657 0.015564866 -0.047888204 -0.019535867 0.035122178 -0.054226823 0.003407183 0.997904956
1341845695.371706 0.015450270 -0.048021946 -0.019300416 0.035366993 -0.057018265 0.000014103 0.997746527
1341845695.403745 0.024476940 -0.046500616 -0.015844645 0.036536392 -0.062954932 -0.003732370 0.997340381
1341845695.435657 0.024480898 -0.046457808 -0.015968295 0.038002264 -0.066412166 -0.004410530 0.997058570
1341845695.471720 0.024419658 -0.046522979 -0.015837533 0.039709181 -0.070296884 -0.003941262 0.996727645
1341845695.503710 0.024477789 -0.046507765 -0.015840307 0.039753046 -0.073757164 -0.004692046 0.996472597
1341845695.539693 0.024776671 -0.046379734 -0.016094396 0.039477065 -0.076580934 -0.005914915 0.996263981
1341845695.603908 0.024801791 -0.046391118 -0.016071919 0.040174149 -0.079099797 -0.007834794 0.996026039
1341845695.633744 0.025110088 -0.046255853 -0.016257750 0.040224962 -0.080740198 -0.008669031 0.995885432
1341845695.665980 0.025148105 -0.046227433 -0.016315818 0.039749850 -0.082041517 -0.009562552 0.995790005
1341845695.701693 0.025230961 -0.046144743 -0.016584761 0.039815374 -0.083148234 -0.009416363 0.995696962
1341845695.733686 0.025044577 -0.045282427 -0.017017698 0.039785001 -0.083961077 -0.008706752 0.995636404
1341845695.769679 0.025154434 -0.045330297 -0.016994080 0.039364211 -0.084200382 -0.008461445 0.995635033
1341845695.801697 0.025190152 -0.045278959 -0.017104622 0.038161140 -0.083879180 -0.007457389 0.995717049
1341845695.833635 0.025012283 -0.045346022 -0.016837249 0.037094109 -0.083643794 -0.007062189 0.995780051
1341845695.869766 0.024931058 -0.045464296 -0.016560892 0.036905508 -0.083234757 -0.006100184 0.995827675
1341845695.901827 0.024957933 -0.045407292 -0.016662017 0.035978958 -0.083118767 -0.005429738 0.995875120
1341845695.933900 0.025083249 -0.046242785 -0.016377330 0.034004822 -0.083245143 -0.004538149 0.995938420
1341845695.969774 0.015706223 -0.047748625 -0.019905239 0.032381266 -0.079481572 -0.001858436 0.996308506
1341845696.001940 0.015705751 -0.047736086 -0.020013312 0.031558488 -0.078700304 -0.000685613 0.996398449
1341845696.037778 0.015641786 -0.047800381 -0.019797418 0.030803280 -0.077952735 0.000857679 0.996480703
1341845696.069962 0.015633378 -0.047822490 -0.019771477 0.029662071 -0.077954412 0.002667347 0.996511996
1341845696.102048 0.015585364 -0.047881145 -0.019664550 0.029611913 -0.078724898 0.004319486 0.996447146
1341845696.137759 0.015793761 -0.047705442 -0.020116787 0.029139670 -0.079187021 0.005128181 0.996420622
1341845696.169934 0.025128324 -0.046095576 -0.016678045 0.028901102 -0.082472660 0.002419858 0.996171236
1341845696.201602 0.024668548 -0.046133753 -0.017023150 0.028333638 -0.082488537 0.001899220 0.996187389
1341845696.237582 0.024719648 -0.046140365 -0.017059594 0.026793605 -0.082621686 0.000750717 0.996220469
1341845696.269654 0.024581311 -0.046203755 -0.016845739 0.025340265 -0.083135478 0.000329921 0.996215999
1341845696.305713 0.024637543 -0.046132579 -0.017006263 0.025028212 -0.084127501 0.001076557 0.996140063
1341845696.337790 0.024617607 -0.046179879 -0.016916743 0.024627002 -0.084536694 0.001804149 0.996114373
1341845696.369780 0.024668634 -0.046151474 -0.017009664 0.024363844 -0.085404620 0.003060082 0.996043742
1341845696.406019 0.024820482 -0.046036072 -0.017298862 0.023139525 -0.085943945 0.002775424 0.996027350
1341845696.437910 0.024871046 -0.046010431 -0.017247489 0.021231581 -0.086102553 0.003052275 0.996055305
1341845696.473667 0.024842683 -0.046051707 -0.017157752 0.019945268 -0.085495740 0.002492092 0.996135771
1341845696.505801 0.024913847 -0.045983069 -0.017354857 0.018303974 -0.084710144 0.002747138 0.996233702
1341845696.537879 0.024918055 -0.046050534 -0.017331656 0.017306723 -0.084526941 0.003700747 0.996263981
1341845696.573790 0.024862079 -0.046058264 -0.017241344 0.017017284 -0.085370809 0.004713519 0.996192753
1341845696.611644 0.024848867 -0.046043221 -0.017193018 0.016827255 -0.085971124 0.004646429 0.996144652
1341845696.648592 0.024875270 -0.046036761 -0.017227761 0.016369307 -0.086400688 0.005091319 0.996112943
1341845696.679660 0.024915492 -0.046001278 -0.017329892 0.015447541 -0.086317837 0.005483874 0.996132791
1341845696.705640 0.024936924 -0.046041127 -0.017377635 0.013914057 -0.085564107 0.005037788 0.996222734
1341845696.741801 0.024788849 -0.046088599 -0.017123502 0.013208714 -0.084103011 0.004459854 0.996359527
1341845696.773765 0.015780857 -0.047791045 -0.020006908 0.012516990 -0.080465011 0.008083574 0.996646047
1341845696.805698 0.015722781 -0.047786403 -0.019929336 0.011132371 -0.080269426 0.009029388 0.996670127
1341845696.841908 0.024855083 -0.046037011 -0.017396981 0.011379500 -0.082747266 0.007305162 0.996478796
1341845696.873637 0.024846647 -0.046050880 -0.017370827 0.010649297 -0.081407838 0.008063533 0.996591389
1341845696.905693 0.020599078 -0.047885928 -0.017801108 0.008430058 -0.078971848 0.008311411 0.996806562
1341845696.941841 0.020903621 -0.047665820 -0.018206101 0.007313359 -0.078451633 0.009329219 0.996847451
1341845696.973560 0.020555677 -0.047917388 -0.017649850 0.006242621 -0.077864081 0.011245454 0.996881008
1341845697.009723 0.020716390 -0.047814026 -0.017912509 0.005597594 -0.077741951 0.012225555 0.996882856
1341845697.041678 0.020546885 -0.047921591 -0.017700339 0.004199426 -0.076264538 0.011699502 0.997010171
1341845697.073636 0.020467866 -0.048018616 -0.017362118 0.004320415 -0.075059585 0.010692244 0.997112334
1341845697.109770 0.020632070 -0.047890000 -0.017712088 0.004748664 -0.074514538 0.009991736 0.997158587
1341845697.141787 0.020441694 -0.048028003 -0.017332973 0.003989721 -0.074108161 0.009956140 0.997192562
1341845697.173791 0.020425234 -0.048042722 -0.017303372 0.004085037 -0.073986918 0.010230888 0.997198403
1341845697.209803 0.020560719 -0.047931481 -0.017626557 0.004280773 -0.073701300 0.011079634 0.997209609
1341845697.241685 0.020682022 -0.047842517 -0.017824160 0.004001164 -0.073451780 0.011159984 0.997228324
1341845697.277780 0.020608641 -0.047863357 -0.017809188 0.003602819 -0.073211312 0.011394675 0.997244835
1341845697.309575 0.020697348 -0.047789175 -0.018002981 0.003504958 -0.073456086 0.011487745 0.997226119
1341845697.342252 0.020629738 -0.047880370 -0.017722402 0.003140243 -0.073573619 0.011673822 0.997216523
1341845697.377604 0.020538630 -0.047944307 -0.017552877 0.003240254 -0.073590040 0.011236644 0.997220039
1341845697.409528 0.020486714 -0.047983453 -0.017470187 0.003267620 -0.073306613 0.010962298 0.997243822
1341845697.441666 0.020296453 -0.048157752 -0.016992843 0.003223497 -0.072909303 0.010549941 0.997277558
1341845697.477718 0.021961369 -0.047784206 -0.017449403 0.004397358 -0.074464522 0.011185148 0.997151196
1341845697.509822 0.021887273 -0.047854405 -0.017313251 0.004372796 -0.074349426 0.010163122 0.997170866
1341845697.545892 0.021879509 -0.047875494 -0.017339744 0.004296351 -0.074516371 0.010087851 0.997159481
1341845697.577742 0.022188410 -0.047594901 -0.018019678 0.004975734 -0.075700276 0.010857522 0.997059047
1341845697.609653 0.022265833 -0.047542561 -0.018088210 0.005154788 -0.076108135 0.011614311 0.997018576
1341845697.645769 0.022265188 -0.047523413 -0.018183405 0.004786857 -0.076589413 0.011857108 0.996980727
1341845697.677795 0.022233853 -0.047552090 -0.018087201 0.004432781 -0.076809227 0.011959192 0.996964216
1341845697.713520 0.022211690 -0.047574736 -0.018045720 0.003974994 -0.076545201 0.012303049 0.996982276
1341845697.745975 0.022280259 -0.047503375 -0.018205633 0.003449079 -0.076859623 0.012990946 0.996951342
1341845697.777683 0.022192018 -0.047583386 -0.018072566 0.003424231 -0.077150494 0.013016046 0.996928573
1341845697.813673 0.022208905 -0.047540151 -0.018168801 0.002456800 -0.076993503 0.012869966 0.996945500
1341845697.845793 0.022174923 -0.047602672 -0.017994676 0.001311951 -0.076587096 0.012790071 0.996980011
1341845697.877887 0.022213953 -0.047592722 -0.018012736 0.000272471 -0.076770283 0.012851886 0.996965945
1341845697.913637 0.022129623 -0.047629260 -0.017940326 -0.000077153 -0.076889373 0.012717615 0.996958494
1341845697.945734 0.022238689 -0.047579739 -0.018064039 -0.000604780 -0.077015750 0.011940744 0.996958196
1341845697.981763 0.022053318 -0.047734167 -0.017653992 -0.001119300 -0.076824315 0.011324797 0.996979713
1341845698.013639 0.022031132 -0.047745600 -0.017621197 -0.000859511 -0.076536477 0.011114087 0.997004449
1341845698.045700 0.022174850 -0.047622044 -0.017905954 -0.000424223 -0.076724745 0.010859690 0.996993065
1341845698.081804 0.022158243 -0.047617756 -0.017933194 -0.000521217 -0.077452995 0.010922045 0.996936023
1341845698.113733 0.022123199 -0.047647331 -0.017846331 -0.000503462 -0.077852391 0.010521933 0.996909261
1341845698.145605 0.022228090 -0.047588896 -0.018045438 -0.000052676 -0.078018658 0.009968909 0.996902049
1341845698.181637 0.022391386 -0.047430646 -0.018381801 0.000090538 -0.078192636 0.009486041 0.996893167
1341845698.213981 0.022162186 -0.047623485 -0.017946864 0.000260020 -0.078958683 0.009703610 0.996830642
1341845698.249641 0.022334753 -0.047380555 -0.018440181 0.001039462 -0.080202386 0.009260406 0.996735036
1341845698.281737 0.022464875 -0.047446992 -0.018310070 -0.000246032 -0.080451816 0.008730659 0.996720254
1341845698.313940 0.022289997 -0.047618277 -0.017888764 -0.000547953 -0.080614574 0.008425732 0.996709585
1341845698.349629 0.022401033 -0.047573324 -0.018152306 -0.000154889 -0.080625311 0.007347173 0.996717334
1341845698.381667 0.022425294 -0.047381457 -0.018476443 0.000013571 -0.081299342 0.007341537 0.996662676
1341845698.413724 0.022326117 -0.047520138 -0.018289359 0.000164176 -0.082411453 0.007970165 0.996566474
1341845698.449543 0.022201015 -0.047585897 -0.017964602 0.000706389 -0.083887279 0.008320349 0.996440232
1341845698.481693 0.022369422 -0.047468357 -0.018349044 0.000635187 -0.085116871 0.008092809 0.996337891
1341845698.517644 0.022336110 -0.047400646 -0.018460602 0.000694754 -0.085724428 0.007822230 0.996287942
1341845698.549633 0.022075839 -0.047660314 -0.017803675 0.001276083 -0.086314909 0.006760561 0.996244133
1341845698.581773 0.022187931 -0.047604065 -0.018023606 0.001987694 -0.086947702 0.005071875 0.996197999
1341845698.617608 0.022144664 -0.047624331 -0.017976537 0.002199520 -0.087079957 0.004195003 0.996190071
1341845698.649887 0.022299873 -0.047640357 -0.017969653 0.002636960 -0.087713256 0.003716970 0.996135354
1341845698.685838 0.022721006 -0.047309119 -0.018694172 0.003833215 -0.088313848 0.003636628 0.996078670
1341845698.717744 0.023344288 -0.046840616 -0.019829383 0.003827540 -0.088553369 0.003735710 0.996057093
1341845698.749680 0.022749485 -0.047264520 -0.018782018 0.003147843 -0.087964438 0.004163850 0.996109962
1341845698.785826 0.022793651 -0.047191955 -0.019034997 0.003108849 -0.087866895 0.004921066 0.996115208
1341845698.817603 0.022521660 -0.047450457 -0.018407183 0.002453162 -0.087599427 0.004122690 0.996144235
1341845698.849705 0.022466395 -0.047484078 -0.018338060 0.001304087 -0.087298095 0.003705729 0.996174514
1341845698.885714 0.022509154 -0.047431637 -0.018388826 0.001104079 -0.087528959 0.003725409 0.996154368
1341845698.917723 0.022906113 -0.047162313 -0.019026602 0.000565996 -0.087680958 0.003562045 0.996142089
1341845698.953706 0.022808995 -0.047250506 -0.019014461 -0.000330890 -0.086886935 0.003026744 0.996213496
1341845698.985694 0.022510158 -0.047430377 -0.018459104 -0.000994471 -0.086469226 0.003191459 0.996248901
1341845699.017571 0.023113985 -0.047009829 -0.019468902 -0.001655523 -0.087402128 0.004064422 0.996163428
1341845699.053593 0.023082344 -0.047059126 -0.019468095 -0.002895034 -0.087688670 0.004337721 0.996134281
1341845699.086340 0.023497151 -0.046711810 -0.020168204 -0.004334562 -0.087843701 0.004290679 0.996115565
1341845699.117688 0.023254568 -0.046846196 -0.019934760 -0.006313156 -0.087563373 0.003657848 0.996132195
1341845699.153695 0.023383046 -0.046852846 -0.019971078 -0.007776686 -0.087370791 0.003174336 0.996140420
1341845699.185845 0.023325894 -0.046913955 -0.019839721 -0.008970247 -0.086925708 0.003005490 0.996169865
1341845699.221973 0.023039024 -0.047116935 -0.019302586 -0.010041822 -0.086127229 0.002130367 0.996231258
1341845699.253571 0.022877609 -0.047230557 -0.019013261 -0.010354637 -0.086406261 0.003006527 0.996201634
1341845699.285622 0.022746257 -0.047232963 -0.018974597 -0.009350219 -0.087684803 0.003699194 0.996097505
1341845699.321906 0.022715198 -0.047322925 -0.018682282 -0.008672642 -0.088558137 0.004290453 0.996024013
1341845699.354916 0.023236055 -0.046917293 -0.019681893 -0.008788440 -0.089495346 0.005370993 0.995933950
1341845699.385859 0.022190280 -0.047118317 -0.019594559 -0.008691134 -0.088943675 0.004803909 0.995987177
1341845699.421535 0.022140179 -0.047159396 -0.019509889 -0.007925884 -0.088301636 0.003171119 0.996057212
1341845699.454093 0.022359082 -0.047001019 -0.019935373 -0.007918124 -0.087898053 0.002460903 0.996094942
1341845699.489836 0.022063090 -0.047233231 -0.019322101 -0.008432824 -0.086929411 0.002311299 0.996176124
1341845699.522001 0.022020914 -0.047251396 -0.019214451 -0.008176434 -0.087606370 0.003002721 0.996117115
1341845699.556281 0.021978000 -0.047261886 -0.019217107 -0.007403484 -0.088026017 0.003095586 0.996085882
1341845699.595416 0.022040127 -0.047211703 -0.019382535 -0.007119115 -0.087579198 0.003521241 0.996125937
1341845699.628631 0.022441464 -0.047002591 -0.020001436 -0.007343610 -0.086858287 0.002796144 0.996189713
1341845699.663810 0.022230646 -0.047155488 -0.019608952 -0.007505941 -0.085931689 0.003590923 0.996266305
1341845699.696113 0.022481784 -0.046914741 -0.020050041 -0.006461784 -0.085932620 0.005264237 0.996266067
1341845699.727683 0.022979800 -0.046602391 -0.020959647 -0.007338258 -0.086087316 0.005188334 0.996247053
1341845699.763748 0.022318792 -0.047103066 -0.019714095 -0.009433544 -0.085264392 0.004477647 0.996303678
1341845699.789808 0.022401361 -0.047005534 -0.019898880 -0.009604393 -0.084626585 0.003901516 0.996358812
1341845699.821737 0.022317609 -0.047074161 -0.019743135 -0.009547400 -0.083882563 0.003391879 0.996424139
1341845699.857825 0.026157714 -0.044919763 -0.020542564 -0.008725560 -0.085792407 0.003524059 0.996268570
1341845699.889686 0.026250126 -0.044964813 -0.020485008 -0.008595950 -0.086220846 0.003958915 0.996231139
1341845699.925749 0.026286786 -0.045049716 -0.020276345 -0.008285712 -0.085825212 0.003632520 0.996269166
1341845699.957536 0.026400326 -0.044912290 -0.020530766 -0.007474788 -0.085538685 0.004280164 0.996297657
1341845699.989671 0.026188340 -0.044947114 -0.020300211 -0.006651863 -0.085767731 0.005358488 0.996278524
1341845700.025810 0.026207088 -0.044924114 -0.020365730 -0.005627828 -0.085641153 0.005988316 0.996292114
1341845700.058133 0.026459035 -0.044860724 -0.020766051 -0.004843829 -0.085494228 0.004807848 0.996315300
1341845700.090754 0.026558129 -0.044699963 -0.020953238 -0.004488296 -0.085005641 0.004391498 0.996360660
1341845700.125852 0.026390638 -0.044850260 -0.020636011 -0.004463089 -0.084981367 0.003719999 0.996365607
1341845700.157773 0.026498703 -0.044908356 -0.020609310 -0.003755550 -0.085291587 0.003725546 0.996342003
1341845700.193533 0.026512645 -0.044839609 -0.020875631 -0.003668062 -0.084445164 0.003042801 0.996416688
1341845700.225771 0.026257180 -0.045057278 -0.020532686 -0.003686718 -0.084045023 0.004174632 0.996446371
1341845700.257669 0.026315311 -0.045070387 -0.020587675 -0.003430752 -0.083682097 0.004384741 0.996476948
1341845700.293641 0.026312856 -0.044938974 -0.020795451 -0.003506801 -0.083270922 0.005309284 0.996506631
1341845700.325714 0.026193721 -0.044979889 -0.020529183 -0.003312829 -0.083220348 0.005983121 0.996507704
1341845700.357742 0.026272841 -0.044900697 -0.021111509 -0.003205910 -0.082750700 0.005248189 0.996551275
1341845700.393681 0.026306244 -0.044997867 -0.020669397 -0.003766839 -0.081657186 0.004466972 0.996643305
1341845700.425997 0.026118755 -0.045031682 -0.020482505 -0.003976257 -0.081119284 0.003945604 0.996688664
1341845700.461682 0.026178215 -0.045099542 -0.020435344 -0.004046003 -0.080987498 0.003152021 0.996701896
1341845700.493808 0.026361102 -0.044953994 -0.020779604 -0.004008767 -0.081165053 0.003137608 0.996687651
1341845700.526106 0.026193293 -0.045061786 -0.020502789 -0.004555638 -0.080982566 0.002984152 0.996700644
1341845700.562458 0.026058882 -0.045138396 -0.020240540 -0.004936298 -0.080655590 0.003568707 0.996723413
1341845700.594110 0.026196195 -0.045065641 -0.020453144 -0.005089386 -0.080774434 0.003887541 0.996711791
1341845700.626137 0.026323756 -0.044972442 -0.020783998 -0.005178482 -0.080967546 0.003777800 0.996696115
1341845700.661872 0.026397035 -0.045009647 -0.020834165 -0.005546512 -0.080247968 0.002654327 0.996755958
1341845700.693861 0.026299309 -0.044982828 -0.020765631 -0.006098307 -0.079683825 0.002374363 0.996798694
1341845700.732394 0.026168196 -0.045073781 -0.020434354 -0.006053418 -0.080354273 0.002908019 0.996743679
1341845700.767794 0.026299920 -0.045049261 -0.020514114 -0.005640601 -0.080756955 0.003703313 0.996710956
1341845700.799058 0.026303165 -0.044959668 -0.020694830 -0.005131705 -0.080328837 0.003519124 0.996748984
1341845700.829639 0.026278133 -0.044973280 -0.020648554 -0.004857471 -0.080371894 0.002785019 0.996749222
1341845700.867749 0.026216464 -0.045080870 -0.020448120 -0.005190875 -0.079977758 0.002689349 0.996779501
1341845700.897703 0.025980026 -0.045161776 -0.020061446 -0.004912020 -0.079825878 0.003543349 0.996790409
1341845700.930007 0.025913309 -0.045226905 -0.019914823 -0.004133563 -0.080716968 0.003690830 0.996721685
1341845700.961797 0.026098249 -0.045164157 -0.020257704 -0.004252804 -0.080487370 0.002393666 0.996743679
1341845700.997752 0.026005978 -0.045174275 -0.020072047 -0.004328758 -0.080490552 0.002572712 0.996742666
1341845701.029597 0.026232129 -0.045038875 -0.020396296 -0.004123623 -0.081231087 0.001994788 0.996684730
1341845701.061618 0.026151869 -0.045031726 -0.020435499 -0.003955849 -0.081441119 0.002091473 0.996668100
1341845701.097561 0.026093626 -0.045160931 -0.020264251 -0.003826165 -0.081498913 0.001714798 0.996664584
1341845701.129741 0.026218547 -0.045103930 -0.020376856 -0.003554804 -0.081272334 0.002057649 0.996683419
1341845701.165734 0.026275041 -0.044981085 -0.020622972 -0.003817442 -0.081215702 0.002220880 0.996686757
1341845701.197714 0.026154550 -0.044976350 -0.020501593 -0.003205041 -0.081530944 0.002212993 0.996663153
1341845701.230497 0.026106875 -0.045178711 -0.020203704 -0.003062460 -0.081740417 0.002343760 0.996646225
1341845701.265852 0.026170975 -0.045146134 -0.020246085 -0.002792273 -0.082275473 0.002340760 0.996603012
1341845701.297730 0.026343020 -0.045065492 -0.020640504 -0.001939450 -0.082979165 0.001710793 0.996547937
1341845701.329611 0.026274243 -0.045043193 -0.020680586 -0.001900890 -0.082710460 0.000787041 0.996571481
1341845701.365791 0.026226100 -0.045022052 -0.020644289 -0.002305426 -0.082302719 0.000609513 0.996604502
1341845701.397757 0.026288267 -0.045023307 -0.020635720 -0.002529896 -0.082331665 0.000327185 0.996601701
1341845701.433542 0.026164452 -0.045033120 -0.020516923 -0.003020318 -0.082019098 0.000778631 0.996625841
1341845701.465617 0.026225420 -0.045013506 -0.020646103 -0.002809703 -0.082088940 0.001971804 0.996619046
1341845701.497704 0.026202152 -0.044999879 -0.020563446 -0.003001100 -0.082089476 0.002842665 0.996616364
1341845701.533597 0.026225938 -0.045043945 -0.020621568 -0.003394317 -0.082212016 0.002835769 0.996605039
1341845701.565815 0.026334034 -0.045080144 -0.020618131 -0.003498964 -0.081817135 0.002008130 0.996639192
1341845701.597762 0.026429214 -0.044930004 -0.020894840 -0.003481177 -0.081405982 0.001811988 0.996673286
1341845701.633825 0.026486205 -0.044847131 -0.021026915 -0.002987055 -0.081666760 0.002037983 0.996653140
1341845701.665709 0.026347794 -0.044973139 -0.020791773 -0.002340918 -0.081403397 0.001724077 0.996676981
1341845701.701676 0.026475074 -0.044911448 -0.020946680 -0.001640239 -0.081033073 0.002166513 0.996707678
1341845701.733527 0.026424395 -0.044961765 -0.020850275 -0.001175510 -0.081240200 0.001791488 0.996692240
1341845701.765764 0.018359926 -0.046857968 -0.021240668 -0.001994025 -0.077796727 0.001931333 0.996965408
1341845701.801701 0.018490462 -0.046833914 -0.021409772 -0.001912343 -0.077581957 0.001640183 0.996982813
1341845701.833700 0.018436119 -0.046839371 -0.021296686 -0.001880695 -0.077557094 0.001952273 0.996984243
1341845701.865775 0.018554898 -0.046781767 -0.021520184 -0.001516895 -0.077605955 0.002698156 0.996979296
1341845701.901711 0.018414654 -0.046825372 -0.021334643 -0.001686473 -0.077462003 0.002168045 0.996991515
1341845701.933585 0.018446624 -0.046811067 -0.021355098 -0.001999695 -0.076931976 0.001818057 0.997032642
1341845701.969726 0.018383894 -0.046834927 -0.021257712 -0.002261151 -0.076905832 0.001492560 0.997034669
1341845702.002544 0.018434761 -0.046839561 -0.021340463 -0.002331305 -0.076904424 0.001501056 0.997034609
1341845702.034379 0.018265357 -0.046875071 -0.020981168 -0.002132207 -0.076470256 0.001251983 0.997068822
1341845702.070436 0.018431708 -0.046841204 -0.021226695 -0.001921306 -0.076578163 0.000782619 0.997061431
1341845702.101809 0.018348074 -0.046820771 -0.020989111 -0.001623949 -0.076979510 0.001023454 0.997030795
1341845702.137663 0.020090900 -0.045338146 -0.017674025 0.000147095 -0.079328030 0.001489066 0.996847451
1341845702.169629 0.019970747 -0.045376841 -0.017507071 0.000593403 -0.079276413 0.001026423 0.996851981
1341845702.201769 0.020013226 -0.045368906 -0.017580720 0.001047308 -0.078919172 0.000000252 0.996880472
1341845702.237691 0.019990042 -0.045385107 -0.017520305 0.000998708 -0.078467146 0.000013275 0.996916175
1341845702.269760 0.019747753 -0.045284327 -0.016937699 0.001434561 -0.078481920 -0.000096852 0.996914506
1341845702.301761 0.019789884 -0.045243621 -0.017089229 0.001494066 -0.078234635 -0.000437314 0.996933758
1341845702.337713 0.018906672 -0.045116503 -0.015309209 0.001475340 -0.077307105 -0.000834063 0.997005880
1341845702.369720 0.018840101 -0.045102969 -0.015250442 0.001161701 -0.077528909 -0.000492045 0.996989310
1341845702.405655 0.018519156 -0.045102328 -0.014477058 0.001322260 -0.077399336 -0.000268155 0.996999264
1341845702.437629 0.018243982 -0.045068484 -0.013986917 0.001259952 -0.076984726 0.000036590 0.997031450
1341845702.469691 0.019560814 -0.043058533 -0.012785410 0.002804334 -0.077604890 0.000756142 0.996979952
1341845702.506265 0.020345740 -0.043310594 -0.013172401 0.002781865 -0.077809744 0.000847076 0.996963978
1341845702.537648 0.021360261 -0.044654489 -0.014576898 0.001878212 -0.078654192 0.001211854 0.996899426
1341845702.569753 0.020887773 -0.044649690 -0.013554577 0.001800737 -0.078480229 0.001585284 0.996912777
1341845702.605685 0.022796933 -0.043695923 -0.014007171 0.001984539 -0.079925157 0.002233625 0.996796429
1341845702.637718 0.022089060 -0.044167295 -0.013603711 0.001104822 -0.079382323 0.002186131 0.996841252
1341845702.673733 0.021945558 -0.043725457 -0.013637407 0.001326639 -0.079198495 0.001955454 0.996856034
1341845702.705735 0.027181504 -0.044802077 -0.017273322 -0.000491843 -0.079596087 -0.000313826 0.996827006
1341845702.737648 0.026606895 -0.043402702 -0.017405940 -0.000620795 -0.078779548 -0.001645589 0.996890485
1341845702.773644 0.027495796 -0.044943862 -0.018688267 -0.003234029 -0.078410663 -0.002903962 0.996911645
1341845702.805893 0.027395230 -0.045053631 -0.018058179 -0.004454009 -0.077795729 -0.003727737 0.996952415
1341845702.837969 0.027500020 -0.044215921 -0.017437683 -0.005056987 -0.077064827 -0.004958412 0.997000933
1341845702.874009 0.027268261 -0.044421822 -0.017167205 -0.007154468 -0.076301225 -0.005293791 0.997045100
1341845702.908704 0.027178315 -0.044273041 -0.016747931 -0.007486215 -0.075739868 -0.005372645 0.997085035
1341845702.941673 0.026983745 -0.044617865 -0.016519211 -0.006815027 -0.076158561 -0.004401478 0.997062743
1341845702.973595 0.025675233 -0.045994651 -0.016267052 -0.005670675 -0.076380350 -0.002911545 0.997058392
1341845703.005769 0.024989542 -0.045529310 -0.016582785 -0.003683687 -0.077391401 -0.001246916 0.996993184
1341845703.041648 0.025519619 -0.045378331 -0.016173447 -0.002348751 -0.078483038 -0.000641053 0.996912479
1341845703.073714 0.025589822 -0.044429500 -0.015583181 -0.002311707 -0.078424118 -0.001460760 0.996916354
1341845703.109699 0.026241796 -0.044382960 -0.015253979 -0.004439158 -0.077362105 -0.003349808 0.996987522
1341845703.142006 0.026701845 -0.044497434 -0.015283530 -0.005847411 -0.076141089 -0.005003790 0.997067332
1341845703.173706 0.025713941 -0.044677597 -0.014834365 -0.007330727 -0.074963570 -0.005913843 0.997141778
1341845703.209732 0.024665320 -0.044310555 -0.014438018 -0.007372639 -0.074458405 -0.005929831 0.997179210
1341845703.242050 0.025095744 -0.046322126 -0.014823532 -0.007571836 -0.074808158 -0.006069124 0.997150719
1341845703.273874 0.025319809 -0.045747757 -0.016292742 -0.006600511 -0.075576201 -0.005207630 0.997104585
1341845703.309758 0.024645049 -0.045583930 -0.016203949 -0.005676347 -0.076044753 -0.003888463 0.997080684
1341845703.341850 0.026640153 -0.045422301 -0.016124839 -0.004926830 -0.077716120 -0.003375553 0.996957660
1341845703.377702 0.025924888 -0.045251571 -0.015894504 -0.004257523 -0.076480977 -0.003783801 0.997054756
1341845703.409585 0.026942870 -0.045676466 -0.017564245 -0.004211182 -0.076520063 -0.004716523 0.997048020
1341845703.441629 0.026926616 -0.045063950 -0.018141408 -0.004146666 -0.076918922 -0.005064041 0.997015893
1341845703.477741 0.026352564 -0.045073017 -0.016805407 -0.004027712 -0.076759063 -0.005432430 0.997026742
1341845703.509995 0.026657376 -0.045442551 -0.016326750 -0.003910673 -0.076825149 -0.005758202 0.997020304
1341845703.541800 0.025629217 -0.045049768 -0.015544528 -0.002772270 -0.076239094 -0.006433467 0.997064948
1341845703.577765 0.025590941 -0.045852788 -0.016474456 -0.003360900 -0.076146387 -0.007025577 0.997066200
1341845703.609650 0.025238933 -0.046164412 -0.016023494 -0.003081977 -0.076180592 -0.007765917 0.997059047
1341845703.651761 0.025479965 -0.045215629 -0.015980888 -0.002102954 -0.076761439 -0.007404169 0.997019768
1341845703.677758 0.026719717 -0.046435662 -0.017553348 -0.002673666 -0.078204460 -0.006665836 0.996911466
1341845703.709916 0.026556334 -0.045936275 -0.017322537 -0.002489462 -0.078776963 -0.006835503 0.996865749
1341845703.745719 0.025426157 -0.045522068 -0.015968664 -0.003267012 -0.077600129 -0.008149931 0.996945918
1341845703.777733 0.026542738 -0.045183711 -0.016669413 -0.004465696 -0.077437662 -0.007787010 0.996956766
1341845703.809711 0.026033387 -0.045644768 -0.016797388 -0.005233904 -0.076429501 -0.008004669 0.997029126
1341845703.845769 0.025301572 -0.045461562 -0.015722996 -0.004924800 -0.076218590 -0.008115188 0.997045934
1341845703.877728 0.025794130 -0.045174610 -0.014579917 -0.004672152 -0.076446980 -0.008422017 0.997027099
1341845703.913808 0.026956074 -0.045764204 -0.016947869 -0.005888792 -0.076841429 -0.007986188 0.996993959
1341845703.945653 0.026528299 -0.045990676 -0.015987825 -0.005938868 -0.076217398 -0.008753023 0.997035086
1341845703.977870 0.026380381 -0.045799069 -0.016000120 -0.005236521 -0.075944126 -0.008579222 0.997061431
1341845704.013637 0.025156392 -0.045285057 -0.014624159 -0.003997004 -0.075465143 -0.008855775 0.997101128
1341845704.045703 0.025869017 -0.045735404 -0.015048929 -0.003296450 -0.076293059 -0.007908399 0.997048616
1341845704.077666 0.026456242 -0.046477970 -0.015628429 -0.003312142 -0.076474018 -0.007766218 0.997035861
1341845704.113706 0.027072869 -0.045929231 -0.016175220 -0.002947050 -0.076776206 -0.007323159 0.997017086
1341845704.145681 0.026406758 -0.045657091 -0.015773956 -0.003270709 -0.075978987 -0.007802024 0.997073531
1341845704.181785 0.026345633 -0.045738600 -0.015632151 -0.003677134 -0.075569205 -0.007647135 0.997104466
1341845704.213778 0.025498277 -0.044745427 -0.014889174 -0.003154137 -0.075139977 -0.007825322 0.997137308
1341845704.245863 0.025350163 -0.044143952 -0.013852192 -0.002799918 -0.075094365 -0.007756256 0.997142315
1341845704.281578 0.024227444 -0.042973932 -0.009625846 -0.001851958 -0.073989838 -0.008290051 0.997222781
1341845704.313707 0.028224317 -0.043902650 -0.015046091 -0.003728136 -0.076169141 -0.006704484 0.997065425
1341845704.349873 0.028592270 -0.041939270 -0.013123189 -0.002975937 -0.075447492 -0.006154336 0.997126341
1341845704.381729 0.028206641 -0.041637458 -0.012274302 -0.003584254 -0.073226161 -0.007390373 0.997281551
1341845704.413817 0.025063073 -0.042174455 -0.008405216 -0.003734165 -0.069754392 -0.007653969 0.997527838
1341845704.449837 0.025365099 -0.041565441 -0.008026984 -0.003154427 -0.068429865 -0.008028943 0.997618616
1341845704.481600 0.024979696 -0.042533610 -0.008175335 -0.005018433 -0.066446431 -0.008626252 0.997740090
1341845704.513671 0.024616782 -0.042075936 -0.007742310 -0.003960055 -0.065783225 -0.007542229 0.997797608
1341845704.549869 0.023648068 -0.044653226 -0.008895085 -0.001253002 -0.066194430 -0.005921728 0.997788370
1341845704.581901 0.023973815 -0.044657387 -0.009427848 0.002802697 -0.068084322 -0.003821725 0.997668326
1341845704.617838 0.024006037 -0.044599496 -0.009489922 0.004889736 -0.069334388 -0.003026943 0.997576892
1341845704.650477 0.024514040 -0.044440586 -0.010169753 0.005813804 -0.069812074 -0.004773006 0.997531772
1341845704.681708 0.024180679 -0.044521745 -0.009757897 0.006689980 -0.069862917 -0.004825834 0.997522473
1341845704.717704 0.019818308 -0.045453414 -0.012018572 0.007365820 -0.069740653 -0.003472474 0.997531950
1341845704.749702 0.019918825 -0.045409024 -0.012103742 0.007855437 -0.070381053 -0.004371654 0.997479677
1341845704.781791 0.020373132 -0.044656079 -0.012047391 0.007623706 -0.070209906 -0.006367010 0.997482777
1341845704.817744 0.019944813 -0.045132630 -0.012704306 0.007650401 -0.070519321 -0.007723346 0.997451186
1341845704.849705 0.020184085 -0.045781966 -0.013351079 0.008988433 -0.072230212 -0.007980921 0.997315586
1341845704.885675 0.020150702 -0.045801383 -0.013243590 0.009047239 -0.073166929 -0.008406382 0.997243285
1341845704.917742 0.019977549 -0.045072764 -0.013109529 0.009051061 -0.073695593 -0.008423949 0.997204185
1341845704.949746 0.023128523 -0.044794038 -0.011679319 0.008407444 -0.074795067 -0.011045729 0.997102261
1341845704.985761 0.023412928 -0.044628486 -0.011940460 0.007641258 -0.075376235 -0.011658609 0.997057736
1341845705.017537 0.023690041 -0.044598691 -0.012570623 0.006954775 -0.076067433 -0.012049234 0.997005641
1341845705.049660 0.024128489 -0.044658665 -0.012317844 0.006303930 -0.076525368 -0.012851255 0.996964872
1341845705.085710 0.023957450 -0.045270514 -0.012614738 0.005234187 -0.076885633 -0.013439808 0.996935606
1341845705.117831 0.023912221 -0.044242650 -0.012514336 0.005990269 -0.077599801 -0.013324200 0.996877551
1341845705.154005 0.024159335 -0.043281775 -0.011603376 0.005413460 -0.078121051 -0.013715417 0.996834815
1341845705.185648 0.023892090 -0.044023506 -0.011393266 0.003919071 -0.077536538 -0.014015179 0.996883333
1341845705.217695 0.024375556 -0.044412330 -0.011304497 0.003744754 -0.077446848 -0.013792562 0.996894062
1341845705.253735 0.024328867 -0.043328870 -0.011567148 0.003921293 -0.076931454 -0.013774598 0.996933520
1341845705.285554 0.024148762 -0.043694969 -0.011234528 0.003293460 -0.076824509 -0.014531489 0.996933281
1341845705.321646 0.024251608 -0.043800239 -0.012497823 0.003632415 -0.077714629 -0.012646024 0.996888816
1341845705.353674 0.024431448 -0.043687887 -0.012486681 0.003805756 -0.078119606 -0.012174765 0.996862411
1341845705.385774 0.024441680 -0.044126719 -0.012400759 0.003888400 -0.078279294 -0.012214368 0.996849060
1341845705.421801 0.024824698 -0.044714175 -0.012354571 0.004469419 -0.078366704 -0.012276730 0.996838987
1341845705.453568 0.024307512 -0.044090059 -0.012154542 0.006975912 -0.078043871 -0.012061460 0.996852577
1341845705.485749 0.023811653 -0.044408601 -0.012985511 0.008742101 -0.078845985 -0.010600753 0.996792078
1341845705.521655 0.024098307 -0.044706311 -0.013081772 0.009929758 -0.079626486 -0.009410239 0.996730864
1341845705.553548 0.024415094 -0.044101477 -0.012530540 0.011171144 -0.080045633 -0.008197352 0.996694863
1341845705.589775 0.024131659 -0.044249080 -0.013091196 0.010603051 -0.079524130 -0.008904537 0.996736765
1341845705.621894 0.023805562 -0.043868691 -0.012883889 0.011022520 -0.079195313 -0.008873387 0.996758640
1341845705.653569 0.023280725 -0.044194918 -0.014376297 0.010671645 -0.081198528 -0.006964309 0.996616483
1341845705.689868 0.023839008 -0.044235226 -0.013728781 0.011183815 -0.083333291 -0.007731060 0.996428967
1341845705.721810 0.024869284 -0.044017527 -0.013479766 0.011396188 -0.083341755 -0.007341026 0.996428788
1341845705.753738 0.024598449 -0.044716742 -0.013337230 0.010746065 -0.082321197 -0.009185258 0.996505558
1341845705.789861 0.023423878 -0.044287656 -0.013638972 0.011093886 -0.080892101 -0.008749567 0.996622682
1341845705.821704 0.022669885 -0.044695728 -0.013938383 0.010461780 -0.079607598 -0.008433460 0.996735692
1341845705.863629 0.022735082 -0.044587962 -0.013147884 0.011066847 -0.080570988 -0.008437736 0.996651709
1341845705.895623 0.022009177 -0.045542546 -0.013025155 0.012108967 -0.081313960 -0.007627050 0.996585786
1341845705.931726 0.021953035 -0.045502942 -0.012754498 0.013830144 -0.083672918 -0.005134293 0.996384025
1341845705.963641 0.021462150 -0.045075215 -0.013495578 0.013937678 -0.085024871 -0.006618382 0.996259332
1341845705.995677 0.023039492 -0.045146756 -0.012126610 0.012695677 -0.085965134 -0.010342374 0.996163547
1341845706.031837 0.023224231 -0.044799384 -0.012248126 0.010436832 -0.084081478 -0.012509257 0.996325672
1341845706.063631 0.021444842 -0.045499492 -0.012567636 0.008823088 -0.083402313 -0.012332128 0.996400595
1341845706.095737 0.021575855 -0.045204777 -0.011624820 0.009378383 -0.085308805 -0.012889936 0.996227026
1341845706.131716 0.021345977 -0.044013482 -0.012194903 0.009010181 -0.084956229 -0.013851608 0.996247649
1341845706.163718 0.021593727 -0.045532297 -0.010744777 0.007183207 -0.083826974 -0.013589624 0.996361732
1341845706.195662 0.020507164 -0.044070520 -0.011379233 0.009037055 -0.083356939 -0.012860620 0.996395767
1341845706.231610 0.021596385 -0.043444946 -0.010520985 0.008642230 -0.084106930 -0.011716362 0.996350348
1341845706.263724 0.021070182 -0.043756030 -0.010465980 0.007046083 -0.081643723 -0.010943375 0.996576607
1341845706.299838 0.019575568 -0.043602370 -0.010697000 0.006253791 -0.079763710 -0.011227519 0.996730924
1341845706.331753 0.019878734 -0.043550245 -0.010576800 0.005824474 -0.080994427 -0.011130363 0.996635377
1341845706.363574 0.020175692 -0.043532226 -0.009631258 0.005409326 -0.081112415 -0.010731818 0.996632516
1341845706.399690 0.019462449 -0.043688037 -0.010371010 0.005681210 -0.081889659 -0.008907928 0.996585369
1341845706.431735 0.020029774 -0.043216657 -0.009656479 0.006500838 -0.082256883 -0.008585690 0.996552944
1341845706.463612 0.020045882 -0.043504305 -0.009494200 0.006359631 -0.081167333 -0.008146111 0.996646881
1341845706.499655 0.019436307 -0.043866172 -0.009408606 0.006643029 -0.081237882 -0.006886301 0.996648788
1341845706.531782 0.020405089 -0.043658733 -0.009739349 0.007647722 -0.083003417 -0.006249970 0.996500313
1341845706.563559 0.021428160 -0.043934491 -0.008764507 0.007590536 -0.081941694 -0.005841311 0.996591091
1341845706.599529 0.020534789 -0.043668833 -0.008538057 0.008536976 -0.078603961 -0.007255802 0.996842980
1341845706.631786 0.020671366 -0.043723818 -0.008213748 0.010378535 -0.080155857 -0.007912612 0.996696889
1341845706.667647 0.021493994 -0.043513525 -0.008493118 0.011412987 -0.079897717 -0.008182902 0.996704102
1341845706.700732 0.021415444 -0.043737665 -0.008392107 0.011407765 -0.077669017 -0.007379060 0.996886611
1341845706.732115 0.020938057 -0.043882020 -0.008490733 0.011872189 -0.076856852 -0.007210256 0.996945381
1341845706.768143 0.021607531 -0.043701503 -0.008010125 0.012885429 -0.077067800 -0.005231389 0.996928871
1341845706.800357 0.021462014 -0.043829665 -0.008249544 0.013213045 -0.076227777 -0.003672458 0.996996105
1341845706.832602 0.021163350 -0.043715928 -0.008468525 0.013299859 -0.076076791 -0.003937912 0.997005463
1341845706.869449 0.021656932 -0.043625839 -0.008399434 0.012917550 -0.076235369 -0.004169838 0.996997416
1341845706.904495 0.021269800 -0.043783441 -0.009123631 0.011694008 -0.076372765 -0.003756334 0.997003675
1341845706.933651 0.021703906 -0.044041209 -0.008861743 0.011631539 -0.076997921 -0.003057332 0.996958733
1341845706.964608 0.021402230 -0.043968625 -0.008748949 0.011347189 -0.076447450 -0.002786878 0.997005165
1341845706.994021 0.021444403 -0.044015471 -0.008586247 0.010325063 -0.076507062 -0.001954929 0.997013688
1341845707.029674 0.021965764 -0.044124287 -0.008535966 0.010920775 -0.077550292 0.000187035 0.996928573
1341845707.061864 0.022308331 -0.044231385 -0.008335684 0.011474851 -0.077553555 -0.000000553 0.996922135
1341845707.097704 0.022293253 -0.044280998 -0.008230881 0.011677347 -0.076178864 0.000436593 0.997025669
1341845707.129770 0.022072576 -0.044820961 -0.008208205 0.013219336 -0.076037176 0.001613448 0.997016013
1341845707.161817 0.022111379 -0.045005687 -0.008659985 0.015491149 -0.076561294 0.002058173 0.996942401
1341845707.197721 0.022476733 -0.045090590 -0.008530810 0.016194308 -0.075762175 0.001879439 0.996992648
1341845707.229795 0.022429084 -0.044951301 -0.008562435 0.017055152 -0.074614480 0.000957483 0.997066140
1341845707.261851 0.022290785 -0.045336399 -0.008864794 0.017235711 -0.074493639 0.002179856 0.997070134
1341845707.297710 0.022773279 -0.044664752 -0.008740831 0.017743373 -0.073958360 0.002585934 0.997100115
1341845707.329761 0.023268756 -0.044637505 -0.008296600 0.017053999 -0.072698191 0.001785186 0.997206569
1341845707.365850 0.022974452 -0.044967938 -0.009693711 0.017175652 -0.071728699 0.003685769 0.997269452
1341845707.397796 0.023276685 -0.045127537 -0.009459320 0.018556222 -0.071964748 0.006174381 0.997215450
1341845707.429752 0.023616321 -0.045317180 -0.009611734 0.019342918 -0.072245151 0.007489566 0.997171223
1341845707.465767 0.024097404 -0.045505714 -0.009065990 0.019989900 -0.071062841 0.006691698 0.997249067
1341845707.497642 0.023975063 -0.045378018 -0.008935154 0.020683631 -0.069384605 0.006899644 0.997351646
1341845707.533665 0.024185374 -0.045425195 -0.008532770 0.021657320 -0.068496600 0.007311976 0.997389436
1341845707.565754 0.024776978 -0.045466952 -0.007098991 0.022500355 -0.066555135 0.007355659 0.997501910
1341845707.597603 0.024872717 -0.045381013 -0.007361874 0.023073914 -0.064712867 0.006230601 0.997617662
1341845707.633748 0.024683308 -0.045658123 -0.007233351 0.023205161 -0.064264819 0.007395224 0.997635603
1341845707.665870 0.024825644 -0.045630433 -0.007681306 0.023626693 -0.064470641 0.008640953 0.997602463
1341845707.698455 0.025337502 -0.045497347 -0.007195793 0.023188779 -0.064308964 0.008249475 0.997626424
1341845707.734303 0.025024367 -0.045320537 -0.007280256 0.022864606 -0.063468784 0.006859597 0.997698307
1341845707.766259 0.025224702 -0.045708429 -0.006949181 0.022461403 -0.063976847 0.007048785 0.997673631
1341845707.801730 0.025543833 -0.045725130 -0.006963732 0.023564408 -0.064234823 0.007672513 0.997627020
1341845707.836344 0.025202353 -0.045318581 -0.007048579 0.024462661 -0.063801400 0.006917110 0.997638762
1341845707.866230 0.024803864 -0.045161951 -0.008288728 0.024328046 -0.064523727 0.006931897 0.997595489
1341845707.901694 0.024997696 -0.045152754 -0.008061873 0.023829497 -0.065074816 0.007941599 0.997564197
1341845707.933640 0.024728885 -0.045207717 -0.007906263 0.024028573 -0.065227821 0.007732169 0.997551084
1341845707.965831 0.025200494 -0.045422763 -0.006928102 0.024307411 -0.065393709 0.007557333 0.997534811
1341845708.001954 0.024942514 -0.045376804 -0.008011892 0.024197388 -0.065090701 0.008428510 0.997550309
1341845708.034393 0.024607934 -0.045773782 -0.008235859 0.024130790 -0.065547764 0.007613052 0.997528553
1341845708.069946 0.024901776 -0.045943782 -0.008202325 0.023693742 -0.065927029 0.007777446 0.997512758
1341845708.101700 0.024755305 -0.046068989 -0.006984786 0.023245957 -0.065057345 0.006680148 0.997588336
1341845708.133697 0.024426296 -0.046085656 -0.007954422 0.023502124 -0.066399902 0.006729240 0.997493565
1341845708.169675 0.024757164 -0.046030398 -0.007964528 0.023612211 -0.067116864 0.006825081 0.997442305
1341845708.201793 0.024450410 -0.046130642 -0.007863601 0.023084739 -0.066491023 0.005812711 0.997502983
1341845708.233744 0.024478173 -0.045986820 -0.007369466 0.023764282 -0.067487873 0.005207079 0.997423470
1341845708.269711 0.024787586 -0.046023134 -0.007450626 0.024104774 -0.068523526 0.005861101 0.997341037
1341845708.301629 0.024637364 -0.045846388 -0.007754683 0.024569329 -0.068716742 0.004942366 0.997321367
1341845708.337612 0.024903683 -0.045954168 -0.007495124 0.023986567 -0.068885200 0.003861437 0.997328699
1341845708.369900 0.024812894 -0.045947358 -0.007739453 0.023576271 -0.068447210 0.002741746 0.997372329
1341845708.401883 0.024905428 -0.045736749 -0.008130521 0.023864545 -0.069175117 0.002528350 0.997315824
1341845708.443610 0.025080977 -0.045578994 -0.008235505 0.024431201 -0.069547795 0.002306138 0.997276783
1341845708.470492 0.025104951 -0.045446031 -0.008212098 0.024130469 -0.069828853 0.002185064 0.997264683
1341845708.501776 0.025240613 -0.045564339 -0.008436539 0.023651393 -0.071127489 0.003249720 0.997181475
1341845708.543852 0.024888203 -0.045425758 -0.008831897 0.024202220 -0.072498001 0.003661294 0.997068167
1341845708.569583 0.025015751 -0.045278288 -0.008869505 0.023997763 -0.073844224 0.002600916 0.996977627
1341845708.605675 0.024700793 -0.045308441 -0.009058327 0.023349993 -0.073360197 0.001085256 0.997031569
1341845708.637641 0.024030779 -0.045123853 -0.008568184 0.023734884 -0.074609995 0.000030596 0.996930301
1341845708.669692 0.024650214 -0.045245409 -0.008980605 0.023711579 -0.076968379 -0.000305817 0.996751487
1341845708.705736 0.024682403 -0.045171272 -0.009165484 0.022689139 -0.076633357 -0.001808115 0.996799529
1341845708.738027 0.024483869 -0.045219582 -0.008905091 0.022299394 -0.077178724 -0.002486469 0.996764779
1341845708.773829 0.024424944 -0.044954635 -0.009515131 0.022694567 -0.079118133 -0.002709028 0.996603191
1341845708.805763 0.023838948 -0.044688918 -0.009900818 0.022086125 -0.078783609 -0.003695488 0.996640205
1341845708.838653 0.023455875 -0.044675663 -0.009693975 0.021921253 -0.079192050 -0.005209794 0.996604681
1341845708.873912 0.023533793 -0.044411894 -0.009860655 0.022128485 -0.080592327 -0.006414455 0.996480823
1341845708.905735 0.023440547 -0.044486247 -0.010144670 0.021618892 -0.080727570 -0.006858287 0.996478140
1341845708.938426 0.023576504 -0.045147415 -0.010077693 0.021051012 -0.081451595 -0.008487958 0.996418834
1341845708.973642 0.023807285 -0.044754814 -0.009558742 0.021634964 -0.082844123 -0.007924103 0.996296167
1341845709.005742 0.023709172 -0.044491068 -0.010295031 0.021209469 -0.083599702 -0.007950448 0.996241987
1341845709.041686 0.023298142 -0.044448204 -0.010226215 0.021384379 -0.083447129 -0.009719692 0.996235311
1341845709.073656 0.023658333 -0.044423010 -0.010431474 0.021028252 -0.084678113 -0.010852282 0.996127367
1341845709.105658 0.023327544 -0.044165622 -0.009915577 0.021154046 -0.085060552 -0.011593291 0.996083736
1341845709.141741 0.023521176 -0.044240210 -0.010036444 0.021006865 -0.086524814 -0.011853946 0.995957673
1341845709.173646 0.023463396 -0.044274699 -0.010242327 0.020482201 -0.086435236 -0.011229302 0.995983601
1341845709.205765 0.023359025 -0.044225007 -0.010134871 0.020103771 -0.086424135 -0.010934399 0.995995581
1341845709.241765 0.023534773 -0.044337407 -0.010431978 0.019401429 -0.086646676 -0.010885174 0.995990694
1341845709.273754 0.023510294 -0.044577219 -0.010400269 0.018605165 -0.086363673 -0.010901937 0.996030331
1341845709.309890 0.023314467 -0.044412505 -0.010712737 0.018814651 -0.086191736 -0.009761173 0.996053100
1341845709.341728 0.023293002 -0.044363052 -0.010165450 0.018195737 -0.086412676 -0.008701203 0.996055245
1341845709.373776 0.023300596 -0.044253446 -0.010273671 0.017382957 -0.086250052 -0.008903006 0.996082067
1341845709.409657 0.023258936 -0.044076961 -0.010475616 0.015656304 -0.086064532 -0.007964741 0.996134698
1341845709.442072 0.023156650 -0.043318227 -0.009598675 0.014323784 -0.086477324 -0.005916900 0.996133268
1341845709.473660 0.023486784 -0.043537311 -0.009686031 0.012388738 -0.087332904 -0.005129286 0.996088922
1341845709.509632 0.022937028 -0.043168440 -0.010309140 0.011082347 -0.086477317 -0.005391989 0.996177554
1341845709.541673 0.023255406 -0.043139797 -0.009783196 0.008839168 -0.087591387 -0.004809014 0.996105671
1341845709.578645 0.022746118 -0.043375343 -0.010184316 0.007702052 -0.088339046 -0.005019341 0.996048033
1341845709.609672 0.022617683 -0.043138642 -0.010376793 0.007745711 -0.089746036 -0.005570002 0.995918989
1341845709.642057 0.022444895 -0.043095168 -0.011324674 0.007214293 -0.090434484 -0.005144631 0.995862961
1341845709.677625 0.022393992 -0.042800307 -0.011043235 0.006973004 -0.091439888 -0.005276954 0.995772183
1341845709.709730 0.022511732 -0.043067165 -0.010605724 0.006088587 -0.091976136 -0.005427364 0.995727777
1341845709.745593 0.022464091 -0.042743564 -0.011143665 0.005811072 -0.091596596 -0.006366163 0.995758891
1341845709.777709 0.022147821 -0.042941943 -0.011338973 0.005016701 -0.091625147 -0.005699368 0.995764613
1341845709.809687 0.022528758 -0.042760808 -0.011222098 0.005443374 -0.092190295 -0.006342400 0.995706320
1341845709.845686 0.023082208 -0.042755056 -0.010753612 0.005415982 -0.091179527 -0.008015982 0.995787501
1341845709.878752 0.022754364 -0.043078855 -0.011648299 0.004983822 -0.089136325 -0.009436143 0.995962262
1341845709.909693 0.022562543 -0.043318231 -0.011560471 0.005744264 -0.088341415 -0.008599830 0.996036589
1341845709.945663 0.022201432 -0.043433283 -0.011588115 0.007325009 -0.089177437 -0.007518468 0.995960414
1341845709.977698 0.022730865 -0.043465752 -0.011464605 0.008655853 -0.089907803 -0.007175141 0.995886624
1341845710.013739 0.022463808 -0.043652527 -0.011964841 0.008896675 -0.089028098 -0.007710204 0.995959520
1341845710.045754 0.022135247 -0.044150371 -0.012127116 0.009301306 -0.087919965 -0.008262981 0.996049821
1341845710.077705 0.022372907 -0.043431699 -0.011635085 0.010087037 -0.088755533 -0.009056707 0.995961189
1341845710.113730 0.022652423 -0.043816146 -0.012030136 0.009821479 -0.088731125 -0.008966548 0.995966852
1341845710.145759 0.022179283 -0.043584991 -0.012269388 0.010236065 -0.088304527 -0.008442073 0.996005118
1341845710.177824 0.021992877 -0.043812685 -0.012571568 0.010432887 -0.088687271 -0.008573835 0.995967984
1341845710.213581 0.022545069 -0.043633569 -0.012330644 0.010973419 -0.089548372 -0.008640314 0.995884538
1341845710.245636 0.022500470 -0.043622501 -0.011752679 0.011914866 -0.089786090 -0.008376209 0.995854557
1341845710.281582 0.021870060 -0.043738894 -0.012220170 0.013751811 -0.090787180 -0.010490554 0.995720088
1341845710.313617 0.022383435 -0.043250903 -0.012491120 0.014622387 -0.091745205 -0.010651309 0.995618165
1341845710.345643 0.022190917 -0.043573715 -0.012085078 0.014330466 -0.090912737 -0.009805097 0.995707452
1341845710.381860 0.022125784 -0.043794204 -0.012650601 0.014986872 -0.091539212 -0.009748306 0.995640934
1341845710.413817 0.022733627 -0.043331653 -0.012185422 0.015609482 -0.092650108 -0.009601430 0.995530069
1341845710.445824 0.022380613 -0.043461028 -0.012180613 0.014886537 -0.091443762 -0.009330415 0.995655239
1341845710.481794 0.022146512 -0.043927081 -0.012385861 0.014460940 -0.092056692 -0.009392787 0.995604455
1341845710.513650 0.022805652 -0.043951292 -0.012428364 0.014642978 -0.092721313 -0.009042257 0.995543361
1341845710.549635 0.022022614 -0.044101775 -0.012674547 0.014790846 -0.092008539 -0.007962195 0.995616496
1341845710.581654 0.022431692 -0.043948568 -0.012551915 0.015892796 -0.092926890 -0.007897470 0.995514750
1341845710.613694 0.022456765 -0.043488938 -0.012433833 0.016421191 -0.092437558 -0.007031998 0.995558202
1341845710.649564 0.022269862 -0.043922987 -0.012372766 0.016302176 -0.092181273 -0.006596891 0.995586932
1341845710.681648 0.022496689 -0.043814596 -0.012360369 0.017185407 -0.092497692 -0.006954427 0.995540321
1341845710.713728 0.022836447 -0.043710060 -0.012092714 0.017490659 -0.092227228 -0.006750914 0.995561481
1341845710.749785 0.022648359 -0.044009741 -0.012843518 0.017470794 -0.091347031 -0.005874139 0.995648563
1341845710.781816 0.023153817 -0.043942858 -0.012352319 0.018156523 -0.091999732 -0.006044629 0.995575130
1341845710.817567 0.023125328 -0.043607451 -0.012230803 0.018515600 -0.091551185 -0.006360672 0.995607913
1341845710.850205 0.022991678 -0.043638993 -0.012314491 0.018124580 -0.090550393 -0.005939952 0.995709240
1341845710.882136 0.022550667 -0.043739304 -0.012183858 0.017811287 -0.090559565 -0.005102740 0.995718658
1341845710.917631 0.023277557 -0.043548580 -0.011829069 0.017874602 -0.091284782 -0.005531372 0.995649040
1341845710.950281 0.023301719 -0.043704983 -0.011626408 0.017547568 -0.090426527 -0.004792188 0.995737016
1341845710.985647 0.022589048 -0.044116832 -0.011585508 0.018368902 -0.090444192 -0.004946416 0.995719790
1341845711.017722 0.023434371 -0.043782923 -0.011427719 0.020087451 -0.092700079 -0.006556529 0.995469809
1341845711.049965 0.024312379 -0.043390367 -0.011531779 0.019267013 -0.091990218 -0.007415982 0.995545864
1341845711.085583 0.023397416 -0.043814279 -0.011287665 0.017825160 -0.088737115 -0.007893878 0.995864272
1341845711.117670 0.022933535 -0.043786023 -0.011394436 0.018789437 -0.089123599 -0.007822460 0.995812595
1341845711.149770 0.023641964 -0.043467928 -0.011178188 0.018946227 -0.090303496 -0.006344494 0.995713830
1341845711.191691 0.023818292 -0.043702736 -0.011282628 0.017748944 -0.088995486 -0.006562334 0.995852232
1341845711.218829 0.023388786 -0.044198964 -0.010949075 0.018058414 -0.088788517 -0.006794871 0.995863616
1341845711.253627 0.023314659 -0.043615565 -0.011468208 0.019168817 -0.090676747 -0.006948774 0.995671630
1341845711.285627 0.023946110 -0.043486100 -0.011444476 0.018088777 -0.091538839 -0.007008901 0.995612562
1341845711.317874 0.023769392 -0.043659303 -0.010826667 0.017276758 -0.090645969 -0.006684641 0.995710850
1341845711.353756 0.024127452 -0.043317765 -0.010647435 0.016431881 -0.090226956 -0.008072732 0.995752931
1341845711.385687 0.024415214 -0.043613669 -0.010628632 0.014314122 -0.088529505 -0.008493518 0.995934486
1341845711.417635 0.023909209 -0.043940306 -0.010407590 0.013695575 -0.087613113 -0.008246660 0.996026278
1341845711.453809 0.023484409 -0.043686155 -0.010542792 0.015282026 -0.088698082 -0.007460211 0.995913386
1341845711.485895 0.023916535 -0.043823007 -0.010617313 0.015596419 -0.089811809 -0.006700730 0.995814085
1341845711.521704 0.024274001 -0.043670867 -0.010351664 0.016184116 -0.089652397 -0.006055047 0.995823205
1341845711.553696 0.024171971 -0.043553676 -0.010675374 0.016789427 -0.089222901 -0.005450927 0.995855272
1341845711.585708 0.024358399 -0.043328043 -0.011050606 0.016079227 -0.088407598 -0.006687743 0.995932102
1341845711.621659 0.024320090 -0.043758906 -0.010855635 0.015123785 -0.087259762 -0.006683766 0.996048391
1341845711.653731 0.023881447 -0.043834955 -0.011426833 0.015360991 -0.087201118 -0.006710724 0.996049643
1341845711.685758 0.024051670 -0.043653663 -0.011538800 0.015317646 -0.087496318 -0.005737553 0.996030509
1341845711.721850 0.024223493 -0.043752391 -0.011311500 0.015673917 -0.087420508 -0.004797063 0.996036649
1341845711.754323 0.024141366 -0.043678951 -0.011224306 0.016326124 -0.088107757 -0.004798101 0.995965600
1341845711.789716 0.024344707 -0.043646988 -0.011344151 0.016353153 -0.089320034 -0.003936618 0.995860934
1341845711.821820 0.024244925 -0.043586213 -0.011210038 0.016548997 -0.088835135 -0.004547797 0.995898485
1341845711.854173 0.024331372 -0.043778412 -0.011341784 0.016604235 -0.088802949 -0.004957722 0.995898485
1341845711.889875 0.024878923 -0.043563075 -0.011350793 0.016368162 -0.087867275 -0.006334907 0.995977521
1341845711.923959 0.024547646 -0.043512732 -0.011308095 0.015657514 -0.085404217 -0.006427519 0.996202648
1341845711.957595 0.024024848 -0.043579929 -0.011472044 0.014863108 -0.084727682 -0.007860807 0.996262252
1341845711.989820 0.024656229 -0.043498959 -0.011403448 0.014241579 -0.084636383 -0.008990648 0.996269584
1341845712.021796 0.023904452 -0.043583523 -0.011636937 0.013191448 -0.082828991 -0.008082059 0.996443689
1341845712.057899 0.023659268 -0.043774750 -0.011929146 0.012621409 -0.083285958 -0.006883091 0.996421993
1341845712.090038 0.024977187 -0.043352358 -0.011969357 0.012030863 -0.083805390 -0.009364882 0.996365488
1341845712.127587 0.024363145 -0.043051071 -0.011752938 0.011112607 -0.080739439 -0.010901876 0.996613681
1341845712.164065 0.023364428 -0.043749698 -0.012137904 0.010635253 -0.081382379 -0.008994290 0.996585608
1341845712.195638 0.023655782 -0.043698817 -0.011838271 0.012341327 -0.084951244 -0.007715563 0.996278822
1341845712.225662 0.024779893 -0.042941015 -0.011971667 0.012269036 -0.085019074 -0.008773074 0.996265173
1341845712.257830 0.024557801 -0.043318577 -0.011430624 0.011234500 -0.082444951 -0.010847975 0.996473253
1341845712.289935 0.024356315 -0.043270562 -0.011160893 0.011858082 -0.082862899 -0.010142808 0.996438801
