1341845690.537884 0.015320958 -0.053952716 -0.023941692 -0.013633341 -0.071274161 0.002660675 0.997360051
1341845690.573708 0.011320381 -0.053562906 -0.027332582 -0.014446411 -0.068583250 0.003981262 0.997532845
1341845690.605848 0.011591229 -0.054123167 -0.026570948 -0.014876271 -0.068019859 0.005351808 0.997558713
1341845690.641747 0.015128914 -0.054790631 -0.024881884 -0.014151092 -0.069938965 0.004235416 0.997441888
1341845690.673751 0.014268405 -0.055088826 -0.025497114 -0.014368138 -0.068982601 0.003609732 0.997507870
1341845690.706003 0.015239217 -0.055205494 -0.023124328 -0.014070003 -0.068143390 0.004062967 0.997568071
1341845690.741684 0.013258443 -0.053637508 -0.024460619 -0.012608242 -0.066831090 0.002829921 0.997680604
1341845690.773770 0.016270159 -0.054134186 -0.022709716 -0.012394988 -0.067462355 0.002519199 0.997641623
1341845690.805715 0.015324002 -0.054778274 -0.023719702 -0.012442461 -0.066050336 0.003560612 0.997732341
1341845690.841674 0.016090367 -0.052905090 -0.023455573 -0.011520068 -0.065530479 0.003258937 0.997778714
1341845690.873770 0.014533635 -0.054238096 -0.024320621 -0.012279858 -0.064318761 0.003689946 0.997847021
1341845690.909837 0.013534141 -0.054012861 -0.024882114 -0.012899932 -0.063096270 0.004008552 0.997915983
1341845690.941576 0.014063201 -0.054309670 -0.023738550 -0.013014001 -0.063143462 0.004477309 0.997909546
1341845690.973879 0.015289219 -0.054293081 -0.022551609 -0.012896961 -0.063235201 0.004182243 0.997906506
1341845691.011558 0.013941452 -0.053709563 -0.024372613 -0.012875987 -0.061995581 0.005412609 0.997978687
1341845691.041642 0.014804593 -0.054625448 -0.023049578 -0.013303389 -0.061838530 0.006147398 0.997978568
1341845691.077986 0.014628080 -0.054411426 -0.023360863 -0.012663581 -0.062229495 0.004840791 0.997969806
1341845691.109685 0.014663668 -0.054006875 -0.022882678 -0.011952733 -0.061787553 0.003834547 0.998010397
1341845691.141759 0.014599693 -0.053779546 -0.023127018 -0.011345462 -0.060519546 0.004237237 0.998093545
1341845691.177729 0.014585652 -0.054281801 -0.024095768 -0.010883692 -0.060815457 0.003468136 0.998083651
1341845691.209644 0.013817388 -0.054547668 -0.025097180 -0.010900132 -0.060851566 0.002218535 0.998084843
1341845691.241757 0.014344377 -0.053929504 -0.023877110 -0.010878148 -0.059864394 0.001640653 0.998145938
1341845691.277595 0.015304952 -0.054007228 -0.022780677 -0.009878557 -0.059954658 0.002176230 0.998149872
1341845691.310138 0.014179619 -0.054543760 -0.024250880 -0.009493942 -0.061626099 0.001747265 0.998052597
1341845691.345620 0.015669310 -0.053097200 -0.022272531 -0.009043976 -0.061952561 0.000704392 0.998037875
1341845691.378062 0.014352228 -0.053816713 -0.022611484 -0.008941414 -0.059399597 -0.000170710 0.998194218
1341845691.451922 0.013650293 -0.053661969 -0.023700872 -0.008098395 -0.058719333 -0.001852732 0.998239994
1341845691.478799 0.012865408 -0.053883653 -0.024731051 -0.009805491 -0.056990534 -0.001474336 0.998325467
1341845691.509739 0.014340787 -0.054309223 -0.023255710 -0.009457718 -0.057222310 -0.001962510 0.998314738
1341845691.545833 0.014464216 -0.054130413 -0.023350507 -0.008775183 -0.057706699 -0.003712812 0.998288095
1341845691.578399 0.014175756 -0.054353986 -0.024624011 -0.010007707 -0.056992576 -0.005057504 0.998311639
1341845691.613857 0.014494344 -0.053604946 -0.023232104 -0.009717725 -0.054445434 -0.008518966 0.998433113
1341845691.645632 0.013990710 -0.053815361 -0.023668500 -0.008453850 -0.050852213 -0.012771029 0.998588741
1341845691.677793 0.013878641 -0.054005094 -0.023507528 -0.007544589 -0.050381195 -0.011906849 0.998630583
1341845691.713727 0.014064305 -0.053843964 -0.023166586 -0.007121024 -0.051947601 -0.008966423 0.998584151
1341845691.746050 0.014910426 -0.053958040 -0.023534672 -0.006662758 -0.053104509 -0.009064117 0.998525620
1341845691.778411 0.014467429 -0.053754095 -0.023390336 -0.007593100 -0.050398588 -0.011685848 0.998631954
1341845691.813646 0.014550595 -0.054079439 -0.022686645 -0.009078620 -0.048819281 -0.010710920 0.998708963
1341845691.845603 0.014301385 -0.054174073 -0.022679724 -0.008995241 -0.049642485 -0.009152221 0.998684585
1341845691.881595 0.013820845 -0.051123217 -0.021558860 -0.007083740 -0.050611716 -0.010745386 0.998635471
1341845691.913600 0.013744259 -0.050997328 -0.021854302 -0.006919840 -0.049845871 -0.010726733 0.998675346
1341845691.945997 0.003994457 -0.036962871 -0.025041522 -0.001099487 -0.045390606 -0.010278777 0.998915851
1341845691.981657 0.013403600 -0.054318253 -0.024668105 -0.006559153 -0.054260120 -0.005997146 0.998487294
1341845692.013904 0.014106141 -0.052714046 -0.021498177 -0.003596195 -0.058307979 -0.004377869 0.998282552
1341845692.049676 0.014270218 -0.054016627 -0.023285417 -0.003704957 -0.059770066 -0.002011132 0.998203278
1341845692.081862 0.014108730 -0.053645097 -0.023161096 -0.003165008 -0.060347132 -0.001733404 0.998170972
1341845692.113695 0.014388823 -0.052704599 -0.022220783 -0.001950849 -0.061860815 -0.001927738 0.998081028
1341845692.149736 0.014615444 -0.052173126 -0.020483280 -0.001938491 -0.061224379 -0.003236539 0.998116910
1341845692.182123 0.014466213 -0.052622180 -0.021263104 -0.001408745 -0.060315553 -0.002763382 0.998174548
1341845692.213661 0.014297802 -0.052603792 -0.021808257 -0.000228716 -0.060614768 -0.002182154 0.998158813
1341845692.249828 0.015062292 -0.051987477 -0.020269612 0.000057093 -0.061078578 -0.001234095 0.998132169
1341845692.282146 0.015221445 -0.051113300 -0.018198743 -0.000030725 -0.060122211 -0.002384894 0.998188138
1341845692.317711 0.014502871 -0.052248739 -0.021308566 -0.001115138 -0.060269125 -0.002867302 0.998177409
1341845692.349688 0.014751652 -0.052596513 -0.020439934 -0.000785577 -0.061959874 -0.002322817 0.998075604
1341845692.381560 0.016388854 -0.042167962 -0.018819949 0.005007155 -0.062378649 -0.005496664 0.998024881
1341845692.417776 0.014317335 -0.046134196 -0.019633980 0.004291718 -0.061090022 -0.005679978 0.998106837
1341845692.449672 0.014349803 -0.043632846 -0.019383563 0.006021140 -0.061233617 -0.006935684 0.998081207
1341845692.481594 0.016219232 -0.042705804 -0.018304231 0.007502873 -0.062262405 -0.008425029 0.997996032
1341845692.517778 0.016688308 -0.042205509 -0.018065698 0.008748924 -0.062786862 -0.008922284 0.997948706
1341845692.549744 0.015802234 -0.038839798 -0.018036967 0.011753689 -0.062275838 -0.009461346 0.997944891
1341845692.585822 0.011098145 -0.037120122 -0.021253526 0.012443278 -0.060550928 -0.010202361 0.998035371
1341845692.617836 0.013110829 -0.035684850 -0.018450879 0.013591680 -0.060240131 -0.010834932 0.998032570
1341845692.649770 0.014930004 -0.039898742 -0.018523404 0.012756302 -0.060845520 -0.009818300 0.998017371
1341845692.685749 0.013736327 -0.039533623 -0.019761978 0.012962639 -0.061412524 -0.009655994 0.997981548
1341845692.717676 0.012284529 -0.036298104 -0.019545702 0.014437624 -0.060549613 -0.010611071 0.998004377
1341845692.749897 0.008005884 -0.025337551 -0.018195257 0.019434245 -0.056980357 -0.011367997 0.998121381
1341845692.785833 0.008133636 -0.025495160 -0.018091897 0.020332202 -0.057421796 -0.012016062 0.998070657
1341845692.817657 0.013342772 -0.036086772 -0.020321440 0.016700149 -0.061055116 -0.013374697 0.997905076
1341845692.853833 0.013077282 -0.035862677 -0.020276716 0.017555222 -0.059642944 -0.015094960 0.997951269
1341845692.885614 0.012558606 -0.036406670 -0.021308832 0.018941909 -0.058972649 -0.015662925 0.997956932
1341845692.917728 0.012657882 -0.036015738 -0.021573300 0.020058082 -0.059880786 -0.016302271 0.997870862
1341845692.953573 0.012593356 -0.035408545 -0.020638086 0.021209329 -0.059241194 -0.016780285 0.997877300
1341845692.985667 0.012607357 -0.035220321 -0.020395339 0.022648713 -0.058676403 -0.017021129 0.997874916
1341845693.017585 0.013298344 -0.035361957 -0.021778222 0.022557229 -0.059219271 -0.017156739 0.997842610
1341845693.053684 0.013068088 -0.035312224 -0.021127040 0.022390584 -0.058372632 -0.017764701 0.997885644
1341845693.086059 0.013350169 -0.035163049 -0.021676926 0.023424111 -0.058205336 -0.016860569 0.997887373
1341845693.121690 0.013978902 -0.034427736 -0.020725219 0.024112485 -0.059434362 -0.015583372 0.997819245
1341845693.153852 0.014302257 -0.035137180 -0.021700578 0.022900512 -0.060718529 -0.015135326 0.997777402
1341845693.185655 0.012758082 -0.034260038 -0.020293791 0.022473101 -0.058695313 -0.016326234 0.997889400
1341845693.221687 0.012201688 -0.034363091 -0.020539785 0.022601185 -0.057333436 -0.014585162 0.997992635
1341845693.254518 0.012823069 -0.034332708 -0.020696050 0.023008823 -0.060321730 -0.012790317 0.997831821
1341845693.289735 0.008226653 -0.025423691 -0.020117007 0.027029756 -0.059282418 -0.013995109 0.997777045
1341845693.321741 0.008276487 -0.025355171 -0.019503471 0.026492113 -0.055429012 -0.013992185 0.998013020
1341845693.353715 0.005392643 -0.021628182 -0.019819129 0.028293330 -0.050098892 -0.013316138 0.998254597
1341845693.389830 0.005602028 -0.021859912 -0.020027064 0.028515089 -0.049296219 -0.012950664 0.998293042
1341845693.421993 0.004050578 -0.018658267 -0.019069979 0.030113786 -0.046868891 -0.013651126 0.998353720
1341845693.453700 0.004220366 -0.018979620 -0.019542007 0.030007105 -0.045251526 -0.015951356 0.998397410
1341845693.489783 0.002877351 -0.018276250 -0.018822489 0.031410366 -0.043034695 -0.017113671 0.998432994
1341845693.522084 0.004550748 -0.019563878 -0.019070558 0.032816276 -0.044136442 -0.016349042 0.998352528
1341845693.557666 0.004119659 -0.018774809 -0.018677084 0.035059128 -0.045520931 -0.017160764 0.998200476
1341845693.589792 0.004440617 -0.019224074 -0.018090069 0.035761490 -0.046269175 -0.018034302 0.998125792
1341845693.622158 0.003867964 -0.019594755 -0.017134391 0.035905879 -0.045007914 -0.019046569 0.998159468
1341845693.657659 0.003939814 -0.020321099 -0.018790588 0.034572620 -0.044324759 -0.018997360 0.998238027
1341845693.689929 0.019426106 -0.048208699 -0.018624425 0.022543088 -0.051347084 -0.015721485 0.998302639
1341845693.721602 0.016862996 -0.044135258 -0.019106161 0.022097358 -0.048685569 -0.017579094 0.998414934
1341845693.757636 0.019181812 -0.047573794 -0.019859504 0.018642878 -0.048829339 -0.017846333 0.998473644
1341845693.789776 0.019664209 -0.049971841 -0.018764449 0.016998503 -0.049688760 -0.016970797 0.998475909
1341845693.825637 0.018491657 -0.049239621 -0.019952822 0.015733646 -0.049933746 -0.016644292 0.998489857
1341845693.857724 0.018617980 -0.049858019 -0.018752545 0.014505459 -0.049725380 -0.015915636 0.998530805
1341845693.889741 0.019412596 -0.047739558 -0.019268641 0.016007394 -0.049824879 -0.014854153 0.998519242
1341845693.925573 0.003991492 -0.018491032 -0.020646751 0.027884498 -0.042066246 -0.015734013 0.998601675
1341845693.957722 0.003982089 -0.016261274 -0.019627541 0.029210931 -0.041578770 -0.015250298 0.998591661
1341845693.990410 0.006235830 -0.015521520 -0.019081419 0.030594530 -0.041646566 -0.015053461 0.998550415
1341845694.025740 0.004160196 -0.018226687 -0.018777564 0.029956622 -0.039327659 -0.015830213 0.998651743
1341845694.057728 0.005334208 -0.021087684 -0.018992474 0.028945513 -0.039153393 -0.016008448 0.998685598
1341845694.093631 0.005146453 -0.020822382 -0.018623268 0.030571332 -0.038973838 -0.015945608 0.998645186
1341845694.125598 0.005272794 -0.020173147 -0.019304819 0.032186355 -0.039383434 -0.015921053 0.998578727
1341845694.157890 0.004243782 -0.019957682 -0.019827858 0.032837190 -0.038420830 -0.016125150 0.998591781
1341845694.193528 0.005532911 -0.017993815 -0.017853586 0.034794044 -0.038273484 -0.016911604 0.998518169
1341845694.226254 0.005752194 -0.018193020 -0.018151436 0.036015302 -0.038514718 -0.016907927 0.998465657
1341845694.261793 0.005647490 -0.016078688 -0.017860044 0.037456594 -0.038139228 -0.016449993 0.998434663
1341845694.293655 0.004755134 -0.019125566 -0.018791853 0.036478475 -0.037794795 -0.014560180 0.998513341
1341845694.325844 0.005658568 -0.019826356 -0.017474577 0.037532832 -0.039650459 -0.012520784 0.998429954
1341845694.361761 0.005501920 -0.020387050 -0.018286537 0.038789116 -0.041915685 -0.010079529 0.998317003
1341845694.393754 0.006253216 -0.020163305 -0.018602926 0.039746832 -0.044195168 -0.009477198 0.998186886
1341845694.425809 0.002315964 -0.017774571 -0.020103417 0.040565569 -0.044037059 -0.009608235 0.998159707
1341845694.461731 0.014581657 -0.041403510 -0.020120773 0.030552465 -0.050991371 -0.008286062 0.998197258
1341845694.493931 0.015738012 -0.039385367 -0.019736467 0.030232636 -0.051292989 -0.010089472 0.998174906
1341845694.529694 0.011149411 -0.038707241 -0.021052094 0.029031912 -0.049032651 -0.010735383 0.998317420
1341845694.561652 0.015038783 -0.044785883 -0.020184528 0.026364591 -0.051813006 -0.010544493 0.998253047
1341845694.595586 0.014325180 -0.041001659 -0.019382961 0.028861690 -0.052792862 -0.010293952 0.998135209
1341845694.629850 0.006153979 -0.023675930 -0.018823287 0.037269790 -0.050894063 -0.010198184 0.997956276
1341845694.661659 -0.000576483 -0.013702532 -0.019678151 0.042938266 -0.048873834 -0.009533185 0.997836053
1341845694.693720 -0.000101074 0.005569635 -0.015193807 0.051039010 -0.044825356 -0.012738618 0.997608840
1341845694.735664 0.004475565 0.008571573 -0.014049998 0.050540425 -0.039215375 -0.013397920 0.997861862
1341845694.767988 -0.002988269 0.005228560 -0.015790321 0.047251124 -0.030919556 -0.010474320 0.998349428
1341845694.803611 0.000525713 0.004159266 -0.016302647 0.044800431 -0.027211238 -0.008598581 0.998588264
1341845694.835585 0.000840740 0.002724204 -0.014390321 0.043449745 -0.022851218 -0.008132737 0.998761117
1341845694.867728 0.001616504 0.003714706 -0.013818457 0.043403752 -0.020333573 -0.007614669 0.998821616
1341845694.903566 0.002272662 0.002786541 -0.011506899 0.041603342 -0.017880578 -0.007761914 0.998944044
1341845694.935679 0.004006229 0.003321418 -0.009067598 0.041663885 -0.016466724 -0.007919697 0.998964608
1341845694.967669 0.004023585 0.003575596 -0.008953119 0.042261608 -0.015444216 -0.006552509 0.998965740
1341845695.003730 0.004642149 0.003124476 -0.007159433 0.042455025 -0.013990670 -0.005534427 0.998985112
1341845695.035689 -0.002765561 0.002581689 -0.009770618 0.041745674 -0.007806242 -0.004258065 0.999088705
1341845695.072465 -0.003186847 0.002123265 -0.010672053 0.041468266 -0.005692969 -0.003639391 0.999116957
1341845695.103895 -0.003343571 0.002249258 -0.010790392 0.041836031 -0.006857981 -0.003039806 0.999096334
1341845695.135680 -0.002737649 0.002318027 -0.009347741 0.042900082 -0.010275035 -0.002975681 0.999022067
1341845695.172193 0.006041465 -0.017009083 -0.014706274 0.036873151 -0.020474941 0.000927735 0.999109745
1341845695.203618 0.011836851 -0.027591988 -0.015203793 0.034900665 -0.030883102 0.003446404 0.998907566
1341845695.235612 0.005132189 -0.001933910 -0.011496374 0.049795467 -0.034330081 -0.000182153 0.998169243
1341845695.271738 -0.000835264 0.001803298 -0.010538536 0.054378677 -0.037720893 -0.001637722 0.997806311
1341845695.303569 0.001416132 -0.000069628 -0.010218678 0.055332184 -0.043109670 -0.002862439 0.997532845
1341845695.335657 0.004629266 -0.005061495 -0.011286787 0.053825963 -0.047778416 -0.004266649 0.997397482
1341845695.371706 0.003367718 -0.003727912 -0.014314356 0.054459676 -0.050239410 -0.006793869 0.997228146
1341845695.403745 0.004840563 -0.006049711 -0.014284481 0.053881135 -0.053834852 -0.009066312 0.997053862
1341845695.435657 0.004842692 -0.005546752 -0.013119810 0.055518005 -0.057179864 -0.009794905 0.996770918
1341845695.471720 0.004976724 -0.006374157 -0.013985835 0.056770716 -0.061250463 -0.009418539 0.996462107
1341845695.503710 0.005629597 -0.006112819 -0.013262570 0.057198375 -0.064906150 -0.009897929 0.996201575
1341845695.539693 0.007873056 -0.005348017 -0.011756938 0.057206627 -0.068398140 -0.011641252 0.995948613
1341845695.603908 0.008216212 -0.000273944 -0.011363093 0.059892308 -0.070773832 -0.015386339 0.995573819
1341845695.633744 0.010591914 -0.001828206 -0.011505498 0.059264623 -0.073027268 -0.016328812 0.995433629
1341845695.665980 0.009049059 -0.003553870 -0.012151844 0.057779249 -0.073910207 -0.016163690 0.995458484
1341845695.701693 0.007421635 0.000396735 -0.012423841 0.059464134 -0.074299119 -0.016246572 0.995328963
1341845695.733686 0.006992271 -0.000545104 -0.013159157 0.058583885 -0.074913055 -0.015109650 0.995353043
1341845695.769679 0.006022007 -0.000396886 -0.013825961 0.058235493 -0.074965261 -0.014531146 0.995378137
1341845695.801697 0.005775779 0.000765717 -0.014467884 0.057426099 -0.074362412 -0.014741875 0.995467305
1341845695.833635 0.006936168 -0.000494641 -0.013457115 0.055879883 -0.074671723 -0.013905823 0.995544195
1341845695.869766 0.007500098 0.000136842 -0.012227119 0.056068338 -0.074603170 -0.013076520 0.995549977
1341845695.901827 0.006169903 -0.000042770 -0.013772770 0.055075686 -0.073823363 -0.012118945 0.995675623
1341845695.933900 0.003923043 0.001341655 -0.013990106 0.054072760 -0.073015459 -0.011746858 0.995794594
1341845695.969774 0.003178290 0.004856643 -0.012694599 0.054878000 -0.071839757 -0.012063229 0.995832324
1341845696.001940 0.004223331 0.001783821 -0.013201619 0.052796151 -0.071549743 -0.011018085 0.995977819
1341845696.037778 0.004130959 0.004067586 -0.012378386 0.052962758 -0.070595473 -0.009831763 0.996049464
1341845696.069962 0.004818213 0.003062994 -0.012887046 0.051418439 -0.070870206 -0.007707533 0.996129572
1341845696.102048 0.006156823 0.002902650 -0.012260496 0.051256146 -0.072268791 -0.005701882 0.996051013
1341845696.137759 0.003674144 0.003609565 -0.014043542 0.050957933 -0.071663201 -0.004977053 0.996113896
1341845696.169934 0.004369910 -0.000964269 -0.013957263 0.048153251 -0.072532125 -0.004325392 0.996193588
1341845696.201602 0.004342914 0.001342481 -0.013841977 0.048459049 -0.072617605 -0.005570765 0.996166348
1341845696.237582 0.004410311 0.001698015 -0.013886152 0.046998706 -0.072569273 -0.006689407 0.996232927
1341845696.269654 0.004827996 0.001594316 -0.013055075 0.045630157 -0.073251046 -0.007261932 0.996242642
1341845696.305713 0.004405477 0.001006414 -0.013197704 0.045041993 -0.074094363 -0.006531569 0.996212125
1341845696.337790 0.004443565 0.001777546 -0.010914186 0.045256916 -0.074563593 -0.006323874 0.996168673
1341845696.369780 0.003610760 0.001934884 -0.011681837 0.045031771 -0.075052343 -0.005291411 0.996148229
1341845696.406019 0.003328343 0.002119592 -0.012304810 0.043831907 -0.075467564 -0.005166663 0.996171057
1341845696.437910 0.004113358 0.002653082 -0.011523172 0.042296313 -0.075960003 -0.005080857 0.996200442
1341845696.473667 0.005193801 0.004197377 -0.010924732 0.041707147 -0.075602092 -0.005982905 0.996247470
1341845696.505801 0.003823422 0.005219103 -0.012333957 0.040354200 -0.074225508 -0.005337343 0.996410370
1341845696.537879 0.003992744 0.001046637 -0.012681406 0.037632708 -0.074330017 -0.003954741 0.996515512
1341845696.573790 0.005460485 0.002484307 -0.012490042 0.038001977 -0.075664461 -0.002889744 0.996404767
1341845696.611644 0.003454821 0.002944595 -0.011074947 0.038225990 -0.075571716 -0.003430320 0.996401489
1341845696.648592 0.003573789 0.005862292 -0.010112351 0.039170098 -0.075879984 -0.003351725 0.996341646
1341845696.679660 0.005162005 0.009777899 -0.009046651 0.039830420 -0.076231420 -0.004019015 0.996286154
1341845696.705640 0.004659703 0.008194447 -0.009171335 0.037839793 -0.075389467 -0.004124807 0.996427417
1341845696.741801 0.003967959 0.008931381 -0.008656642 0.037565112 -0.073915035 -0.004297405 0.996547520
1341845696.773765 0.002552425 0.007584590 -0.010198870 0.036665484 -0.072427578 -0.003287319 0.996694088
1341845696.805698 0.002510479 0.007966506 -0.010970865 0.035481554 -0.072101057 -0.002149991 0.996763706
1341845696.841908 0.005461645 0.007438423 -0.008167434 0.034943044 -0.073018096 -0.001588408 0.996717036
1341845696.873637 0.001615191 0.014767790 -0.011600053 0.036971934 -0.069911204 -0.001496028 0.996866703
1341845696.905693 0.002912129 0.012561060 -0.011498176 0.034779679 -0.069867067 -0.000838904 0.996949494
1341845696.941841 -0.000703554 0.016442776 -0.012233785 0.034970436 -0.067345858 -0.000836579 0.997116268
1341845696.973560 0.008912151 0.007763064 -0.006716896 0.031299420 -0.071122259 0.002407098 0.996973515
1341845697.009723 0.008317418 0.009236376 -0.007005449 0.031267349 -0.070587270 0.003178698 0.997010410
1341845697.041678 0.008385737 0.009853946 -0.005024884 0.030398870 -0.069408357 0.001991960 0.997123063
1341845697.073636 0.009916249 0.010905050 -0.004070987 0.030957518 -0.068654008 0.000911273 0.997159719
1341845697.109770 0.009200679 0.011211978 -0.005866725 0.031327676 -0.067644984 0.000264178 0.997217476
1341845697.141787 0.008755096 0.010295218 -0.006039289 0.030369030 -0.067357652 0.000430100 0.997266531
1341845697.173791 0.009699976 0.007827976 -0.005575687 0.029201781 -0.067628480 0.001523885 0.997282028
1341845697.209803 0.009414485 0.012233043 -0.005979002 0.031268608 -0.067041606 0.001309247 0.997259259
1341845697.241685 0.007202269 0.012506822 -0.007217945 0.030940246 -0.065827958 0.001714131 0.997349739
1341845697.277780 0.007995998 0.010625551 -0.006249448 0.029846365 -0.065968290 0.002233306 0.997372746
1341845697.309575 0.003849333 0.014108138 -0.007238976 0.030945359 -0.064270586 0.001204276 0.997451842
1341845697.342252 0.003871776 0.016525576 -0.006248338 0.031784717 -0.064372666 0.000643050 0.997419417
1341845697.377604 0.004046266 0.017671714 -0.004823620 0.032665279 -0.064554632 -0.000148523 0.997379422
1341845697.409528 0.002163976 0.018719170 -0.005642123 0.033090357 -0.063583985 -0.000409247 0.997427642
1341845697.441666 0.002316348 0.015874201 -0.004437756 0.031863678 -0.063424520 -0.000346862 0.997477770
1341845697.477718 0.002908421 0.016523499 -0.004667988 0.033043653 -0.063835517 -0.000349275 0.997413158
1341845697.509822 0.006576786 0.013372932 -0.005665146 0.031922530 -0.065437794 0.000477948 0.997345805
1341845697.545892 0.003518844 0.014311433 -0.005027069 0.032244559 -0.064317204 -0.000837977 0.997408092
1341845697.577742 0.004443930 0.013429781 -0.006058105 0.032191839 -0.065568790 -0.000241338 0.997328639
1341845697.609653 0.003876207 0.015853593 -0.006042189 0.033456389 -0.065914139 -0.000065634 0.997264266
1341845697.645769 0.008095819 0.015288504 -0.004358131 0.033031814 -0.068091027 0.000986431 0.997131705
1341845697.677795 0.007867969 0.014927847 -0.004349590 0.032596193 -0.068094321 0.001188135 0.997145593
1341845697.713520 0.007427675 0.014051661 -0.005728359 0.031665999 -0.067784511 0.001666616 0.997195959
1341845697.745975 0.008080310 0.014625283 -0.004803963 0.031351965 -0.068261176 0.001754853 0.997173250
1341845697.777683 0.007026209 0.014597840 -0.005140991 0.031268824 -0.068248458 0.002234774 0.997175753
1341845697.813673 0.005676197 0.018687479 -0.004350584 0.032421295 -0.067448966 0.001601887 0.997194588
1341845697.845793 0.002265366 0.022600789 -0.004670651 0.032625612 -0.065308698 -0.000307425 0.997331560
1341845697.877887 0.002835206 0.023400225 -0.001950787 0.032280367 -0.065319985 -0.000716881 0.997341812
1341845697.913637 0.001474175 0.022817984 -0.004033389 0.031407408 -0.065178402 -0.000271396 0.997379184
1341845697.945734 0.002530266 0.022239875 -0.004283985 0.030643769 -0.065669768 -0.000857568 0.997370362
1341845697.981763 0.002367654 0.021832209 -0.003509338 0.030047810 -0.065513849 -0.001738937 0.997397602
1341845698.013639 0.003066918 0.019429334 -0.004655869 0.029103173 -0.065830253 -0.001441792 0.997405291
1341845698.045700 0.002183262 0.019700829 -0.004994941 0.029587118 -0.065382719 -0.001550216 0.997420311
1341845698.081804 0.002815964 0.019714614 -0.004390978 0.029550498 -0.066222414 -0.001893504 0.997365415
1341845698.113733 0.005451943 0.019476296 -0.003343178 0.029625969 -0.067812465 -0.002261579 0.997255564
1341845698.145605 0.004259973 0.021190314 -0.003393387 0.030746030 -0.067484610 -0.002742207 0.997242689
1341845698.181637 0.003757100 0.019712143 -0.005455142 0.029978875 -0.067443021 -0.002935968 0.997268319
1341845698.213981 0.002057997 0.018237250 -0.005324391 0.029512933 -0.067475237 -0.002770672 0.997280478
1341845698.249641 0.004016635 0.019336062 -0.004817811 0.030781504 -0.069351695 -0.003431542 0.997111380
1341845698.281737 0.003573664 0.020447746 -0.005486011 0.030094685 -0.069441639 -0.004041988 0.997123778
1341845698.313940 0.006621439 0.017077008 -0.004073449 0.028520459 -0.071160987 -0.004025790 0.997048855
1341845698.349629 0.002610599 0.022748778 -0.004040891 0.031180639 -0.069113791 -0.005538827 0.997105956
1341845698.381667 0.002514599 0.017466381 -0.006633388 0.028678933 -0.069829307 -0.004677580 0.997135639
1341845698.413724 0.004284720 0.017287645 -0.005164220 0.029053165 -0.071941383 -0.004440012 0.996975720
1341845698.449543 0.002866627 0.019008920 -0.005012925 0.030239180 -0.072622932 -0.004256535 0.996891856
1341845698.481693 0.003695166 0.021108896 -0.005118991 0.031121651 -0.074296206 -0.004100078 0.996742070
1341845698.517644 0.004153288 0.020788111 -0.003975649 0.031081498 -0.074957624 -0.005093082 0.996689200
1341845698.549633 0.003893214 0.020980347 -0.003160593 0.031871013 -0.075705886 -0.006098993 0.996602058
1341845698.581773 0.004841019 0.020308383 -0.004114781 0.032361452 -0.076608419 -0.007491755 0.996507764
1341845698.617608 0.004286596 0.018765040 -0.005582219 0.031779360 -0.076835953 -0.008169559 0.996503651
1341845698.649887 0.003657984 0.021551905 -0.003662081 0.033551093 -0.076767109 -0.009220081 0.996441722
1341845698.685838 0.003491238 0.021807026 -0.004475375 0.034600712 -0.077037983 -0.009192822 0.996385157
1341845698.717744 0.003325301 0.024612535 -0.004131309 0.035657395 -0.076642856 -0.009954142 0.996371090
1341845698.749680 0.004545243 0.023477597 -0.003330971 0.034637764 -0.076945990 -0.009525785 0.996387839
1341845698.785826 0.004569147 0.022497874 -0.004155820 0.034119759 -0.076985903 -0.008762565 0.996409655
1341845698.817603 0.003481829 0.023448678 -0.004616297 0.033929959 -0.076332606 -0.008673940 0.996467173
1341845698.849705 0.002218651 0.025881656 -0.003915212 0.033919070 -0.075582594 -0.009853389 0.996513724
1341845698.885714 0.003788148 0.023680987 -0.004045160 0.032741282 -0.076490365 -0.009389254 0.996488333
1341845698.917723 0.003094171 0.027366772 -0.002212140 0.033952989 -0.075770594 -0.010854198 0.996487916
1341845698.953706 0.004631778 0.023144430 -0.004204771 0.031072374 -0.076024674 -0.010072329 0.996570766
1341845698.985694 0.005852134 0.021466190 -0.003513765 0.030055102 -0.076455772 -0.009448253 0.996575117
1341845699.017571 0.003408000 0.026075343 -0.003168015 0.031210663 -0.075643621 -0.009946491 0.996596694
1341845699.053593 0.003041793 0.026119152 -0.003813641 0.029835457 -0.075670928 -0.009647191 0.996639669
1341845699.086340 0.003454496 0.028023591 -0.003756315 0.029096980 -0.075431921 -0.010433771 0.996671736
1341845699.117688 0.002950820 0.027191855 -0.003401842 0.026955133 -0.075221263 -0.010479629 0.996747375
1341845699.153695 0.002964562 0.027975144 -0.003427543 0.025736779 -0.074953675 -0.011103496 0.996792972
1341845699.185845 0.003749210 0.028452717 -0.002962272 0.024930242 -0.074836798 -0.011324593 0.996819794
1341845699.221973 0.001580230 0.026330270 -0.004647785 0.022755072 -0.073485069 -0.011197217 0.996973813
1341845699.253571 0.001236809 0.024751773 -0.004706187 0.021744691 -0.073793545 -0.010393656 0.996982276
1341845699.285622 0.003202772 0.023055682 -0.004591930 0.021975107 -0.076037198 -0.009513137 0.996817410
1341845699.321906 0.003037613 0.024456281 -0.005157637 0.023241358 -0.076997600 -0.008870997 0.996720850
1341845699.354916 0.002224563 0.024351057 -0.005093039 0.023157919 -0.077265829 -0.008357340 0.996706486
1341845699.385859 0.004095844 0.024699414 -0.004761259 0.023586383 -0.078350022 -0.008657615 0.996609271
1341845699.421535 0.004884375 0.024731858 -0.003508628 0.024413398 -0.078193769 -0.009692132 0.996592104
1341845699.454093 0.004290740 0.026319575 -0.004054540 0.025066270 -0.076979078 -0.011318429 0.996653318
1341845699.489836 0.004533439 0.026846047 -0.003667952 0.024894103 -0.076133735 -0.012303490 0.996710896
1341845699.522001 0.002881120 0.024957318 -0.004072940 0.024146616 -0.076247290 -0.010926481 0.996736646
1341845699.556281 0.004931920 0.023298772 -0.004359796 0.024113556 -0.077827252 -0.009812243 0.996626914
1341845699.595416 0.005968268 0.024505524 -0.002892375 0.025317229 -0.077901259 -0.009583171 0.996593475
1341845699.628631 0.005668018 0.026776336 -0.002813585 0.025957871 -0.076475143 -0.010995632 0.996672928
1341845699.663810 0.006816679 0.023831259 -0.002281565 0.024662087 -0.076218434 -0.010372741 0.996732116
1341845699.696113 0.004823633 0.027058668 -0.001626208 0.026807554 -0.074909516 -0.009402988 0.996785581
1341845699.727683 0.002856040 0.031397291 -0.003788310 0.027666466 -0.073727652 -0.009569663 0.996848643
1341845699.763748 0.004630966 0.028839657 -0.002620881 0.024733404 -0.074072629 -0.009657824 0.996899307
1341845699.789808 0.005657966 0.028459830 -0.001409450 0.024502575 -0.073981620 -0.010366367 0.996904671
1341845699.821737 0.004618293 0.027992157 -0.002580189 0.024314990 -0.072712712 -0.010506933 0.997001112
1341845699.857825 0.003865731 0.027727405 -0.004033646 0.023952708 -0.072496913 -0.010274751 0.997027993
1341845699.889686 0.005218917 0.027351167 -0.002302891 0.023957068 -0.073657081 -0.010149561 0.996944189
1341845699.925749 0.005196600 0.027229352 -0.002297924 0.024335615 -0.073085427 -0.010631406 0.996972024
1341845699.957536 0.005212622 0.027239129 -0.002199652 0.024938505 -0.072763793 -0.010237621 0.996984780
1341845699.989671 0.005130016 0.027175477 -0.001940130 0.025966959 -0.073086053 -0.009090942 0.996946096
1341845700.025810 0.005284925 0.027283609 -0.001838926 0.027043836 -0.073352054 -0.008337247 0.996904492
1341845700.058133 0.005927498 0.027620519 -0.002909205 0.027852533 -0.073069490 -0.009320547 0.996894300
1341845700.090754 0.005384537 0.027583452 -0.002512462 0.028038325 -0.072483554 -0.009947333 0.996925771
1341845700.125852 0.004823766 0.027882380 -0.001487251 0.028365051 -0.072220661 -0.010434128 0.996930659
1341845700.157773 0.005026427 0.027318940 -0.001372678 0.028728720 -0.072496675 -0.010490669 0.996899605
1341845700.193533 0.006114355 0.030521808 0.000722940 0.030668905 -0.072145462 -0.011884477 0.996851623
1341845700.225771 0.006006594 0.029474443 0.000149468 0.030088417 -0.071428522 -0.011872972 0.996921122
1341845700.257669 0.006037601 0.030119177 0.000346175 0.030615479 -0.070848122 -0.011848095 0.996946812
1341845700.293641 0.006316992 0.028411498 -0.000186718 0.029705860 -0.070798591 -0.010530864 0.996992648
1341845700.325714 0.007758402 0.027458617 0.000205827 0.029435871 -0.071461715 -0.009579390 0.996962905
1341845700.357742 0.006645987 0.032006104 0.000985574 0.031745981 -0.070445314 -0.010735896 0.996952593
1341845700.393681 0.005997007 0.030044369 -0.000646823 0.030235453 -0.069202244 -0.011033089 0.997083366
1341845700.425997 0.007853902 0.028803501 0.000526452 0.029628756 -0.069634780 -0.011328709 0.997068107
1341845700.461682 0.006713132 0.029223124 0.000522051 0.029601570 -0.068919115 -0.012193732 0.997108459
1341845700.493808 0.006234643 0.030301346 0.000599498 0.030120602 -0.068501934 -0.012670117 0.997115731
1341845700.526106 0.005071539 0.029196747 0.000127966 0.029100524 -0.067950383 -0.012418860 0.997186899
1341845700.562458 0.004678223 0.030043388 -0.000315522 0.029248986 -0.067611307 -0.012039799 0.997210264
1341845700.594110 0.005459702 0.030384243 0.000342446 0.029050119 -0.068045691 -0.011518299 0.997192681
1341845700.626137 0.005853381 0.031259276 0.001380353 0.029625071 -0.068309262 -0.011840103 0.997153938
1341845700.661872 0.006607932 0.034146383 0.003113891 0.030825954 -0.068041340 -0.013317521 0.997117281
1341845700.693861 0.007173027 0.033003770 0.001476622 0.029568702 -0.067667998 -0.014085572 0.997170210
1341845700.732394 0.005790374 0.031581130 0.001188973 0.029008225 -0.067682900 -0.013409145 0.997194946
1341845700.767794 0.006404276 0.032699119 0.002400391 0.029987575 -0.068353966 -0.012529541 0.997131646
1341845700.799058 0.007315301 0.031775583 0.001289921 0.029762635 -0.068334579 -0.012557765 0.997139335
1341845700.829639 0.005800642 0.032539517 0.000807740 0.030250935 -0.067537829 -0.013046405 0.997172654
1341845700.867749 0.006229094 0.036929864 0.003328705 0.032275025 -0.067317888 -0.013751355 0.997114658
1341845700.897703 0.006583712 0.032913137 0.002358421 0.030629477 -0.067652799 -0.012714255 0.997157574
1341845700.930007 0.007471755 0.032835927 0.002569312 0.031438671 -0.068952985 -0.012396361 0.997047365
1341845700.961797 0.006755647 0.036000211 0.003557139 0.033078104 -0.068348184 -0.013942212 0.997015536
1341845700.997752 0.007316908 0.034682512 0.003660737 0.032182731 -0.068457834 -0.014338455 0.997031689
1341845701.029597 0.008064206 0.034169648 0.002667319 0.031904463 -0.069303185 -0.014179269 0.996984541
1341845701.061618 0.006980790 0.033817384 0.002608276 0.032078397 -0.069159940 -0.014322552 0.996986866
1341845701.097561 0.007454075 0.033192180 0.002737586 0.032093059 -0.069737867 -0.014299450 0.996946454
1341845701.129741 0.007691585 0.034412585 0.001851370 0.032674305 -0.069339864 -0.014317686 0.996955097
1341845701.165734 0.007221803 0.034279346 0.002496388 0.032417536 -0.068846725 -0.014519132 0.996994734
1341845701.197714 0.007702864 0.031186711 0.001292144 0.031459495 -0.069759205 -0.013563222 0.996975422
1341845701.230497 0.007260233 0.033619452 0.001906249 0.032743372 -0.069780335 -0.014039122 0.996926069
1341845701.265852 0.008570042 0.029994747 0.001772269 0.031446770 -0.070756927 -0.014114737 0.996897876
1341845701.297730 0.006353204 0.030681722 0.001593708 0.032619011 -0.070764259 -0.014417582 0.996855378
1341845701.329611 0.008012411 0.034736000 0.002412580 0.034501754 -0.071176030 -0.015917838 0.996739864
1341845701.365791 0.005932893 0.034672514 0.001773677 0.033823967 -0.069874465 -0.015999166 0.996853828
1341845701.397757 0.004914657 0.035320014 0.001266269 0.033921957 -0.069278263 -0.016429825 0.996885121
1341845701.433542 0.006910722 0.034816414 0.001862853 0.033284128 -0.069620825 -0.015866311 0.996891856
1341845701.465617 0.006041611 0.034689523 0.000745934 0.033315010 -0.069427907 -0.013732282 0.996935964
1341845701.497704 0.005026829 0.033896089 0.000446603 0.032831818 -0.068897791 -0.013828174 0.996987462
1341845701.533597 0.006484346 0.033989165 0.001964884 0.032550715 -0.069734864 -0.013632382 0.996941209
1341845701.565815 0.006025904 0.037450366 0.002788307 0.034102861 -0.068964072 -0.014704420 0.996927679
1341845701.597762 0.005366004 0.038755111 0.002023733 0.034562796 -0.068104818 -0.015268024 0.996962428
1341845701.633825 0.004772104 0.035830200 0.001804914 0.033744432 -0.068303138 -0.014557540 0.996987522
1341845701.665709 0.007774374 0.038199935 0.005375357 0.035832047 -0.069445714 -0.015482877 0.996821821
1341845701.701676 0.008390715 0.036790919 0.005230380 0.035871793 -0.069451697 -0.015010274 0.996827185
1341845701.733527 0.006784347 0.033468675 0.003328718 0.034526795 -0.068795517 -0.015547655 0.996911883
1341845701.765764 0.006873876 0.035361413 0.004283670 0.035358075 -0.068562776 -0.016222741 0.996888041
1341845701.801701 0.006487950 0.034941375 0.004050822 0.035240617 -0.068401933 -0.016120834 0.996904910
1341845701.833700 0.008570990 0.035483092 0.004551908 0.035609346 -0.069115184 -0.016063476 0.996843517
1341845701.865775 0.007537563 0.034180675 0.003611142 0.035353974 -0.068744034 -0.015348293 0.996889591
1341845701.901711 0.007724271 0.036711246 0.004841425 0.036412202 -0.068405800 -0.016288148 0.996859848
1341845701.933585 0.007807991 0.034936268 0.004430140 0.035384491 -0.068222411 -0.016349373 0.996908367
1341845701.969726 0.008806366 0.032242741 0.003488343 0.033821627 -0.068902500 -0.015962008 0.996922135
1341845702.002544 0.010156428 0.032887191 0.005519604 0.034302440 -0.069176085 -0.016327215 0.996880829
1341845702.034379 0.010793275 0.033507772 0.006153629 0.034927607 -0.069063514 -0.017018693 0.996855378
1341845702.070436 0.010042863 0.032424223 0.004887842 0.034499817 -0.068838634 -0.017009152 0.996886015
1341845702.101809 0.008107702 0.032711409 0.003929588 0.034681480 -0.068114370 -0.017191101 0.996926308
1341845702.137663 0.009364501 0.032165170 0.005441931 0.034860279 -0.069238909 -0.017180871 0.996842802
1341845702.169629 0.008364357 0.033073768 0.005351357 0.035697598 -0.069124050 -0.017444614 0.996816576
1341845702.201769 0.007287605 0.035558578 0.005416289 0.037141662 -0.068181567 -0.018431330 0.996810973
1341845702.237691 0.007220762 0.033280257 0.003694336 0.036031462 -0.067740440 -0.018103739 0.996887803
1341845702.269760 0.006876447 0.033588242 0.003651011 0.036374211 -0.067667179 -0.018224346 0.996878088
1341845702.301761 0.007996992 0.034839544 0.005373599 0.037236236 -0.067820594 -0.019164789 0.996818185
1341845702.337713 0.005718355 0.036011133 0.003261896 0.037122227 -0.066265501 -0.019476760 0.996921003
1341845702.369720 0.003659864 0.036385559 0.002417899 0.036928471 -0.065706432 -0.019302666 0.996968567
1341845702.405655 -0.000538571 0.037781615 0.001724880 0.037519030 -0.064238288 -0.018664725 0.997054398
1341845702.437629 0.003352828 0.038753796 0.004014061 0.037918925 -0.065256186 -0.019115321 0.996964574
1341845702.469691 0.004236351 0.039248098 0.005709418 0.038600881 -0.065387718 -0.019163851 0.996928871
1341845702.506265 0.005495895 0.035352875 0.004848048 0.037075762 -0.065833949 -0.018432239 0.996971190
1341845702.537648 0.002396231 0.035304938 0.004187134 0.036904812 -0.064864561 -0.017494651 0.997057974
1341845702.569753 0.004359356 0.036873423 0.005346420 0.037618965 -0.065779768 -0.016955448 0.996980667
1341845702.605685 0.004190316 0.037915666 0.005283397 0.037806671 -0.065876253 -0.016989436 0.996966600
1341845702.637718 0.004823300 0.038874373 0.005514391 0.037485093 -0.065746620 -0.017821796 0.996972799
1341845702.673733 0.004617853 0.038924005 0.005714261 0.037551764 -0.065525837 -0.017975740 0.996982038
1341845702.705735 0.002677434 0.043602411 0.006401251 0.039151039 -0.064032778 -0.019185429 0.996994913
1341845702.737648 0.003802433 0.044598438 0.006313890 0.038678516 -0.063645326 -0.020843394 0.997004926
1341845702.773644 0.002520569 0.045189150 0.004276370 0.037064567 -0.062380847 -0.021799123 0.997125685
1341845702.805893 0.002964322 0.044329919 0.005732057 0.035474025 -0.061974041 -0.022611612 0.997190833
1341845702.837969 0.003329714 0.043582559 0.005506806 0.034238286 -0.061507415 -0.023385769 0.997245073
1341845702.874009 0.002958498 0.046106469 0.005933006 0.033374723 -0.060428549 -0.023746196 0.997331798
1341845702.908704 0.002802949 0.047126848 0.006046790 0.033158228 -0.059875194 -0.024018239 0.997365832
1341845702.941673 0.002213938 0.046775844 0.006521069 0.033774447 -0.060119651 -0.023174338 0.997350454
1341845702.973595 0.002008766 0.046400737 0.007284789 0.035707753 -0.061265256 -0.021735940 0.997245729
1341845703.005769 0.004931152 0.038605463 0.005410275 0.033953834 -0.064149790 -0.018986875 0.997181773
1341845703.041648 0.005992049 0.038214315 0.005523061 0.035136856 -0.065600447 -0.018513937 0.997055292
1341845703.073714 0.003967770 0.046025559 0.006101112 0.038062844 -0.064216964 -0.020255694 0.997004032
1341845703.109699 0.006470323 0.045435831 0.007312632 0.035604756 -0.063597731 -0.022280371 0.997091413
1341845703.142006 0.002146619 0.050980251 0.006204771 0.036452182 -0.060197517 -0.023903126 0.997234225
1341845703.173706 0.003677744 0.047813382 0.006207086 0.033719882 -0.060241897 -0.024323687 0.997317553
1341845703.209732 0.003630785 0.044387989 0.004932837 0.031847332 -0.060493223 -0.023762517 0.997377396
1341845703.242050 0.006128676 0.040066034 0.005169710 0.031036431 -0.062005468 -0.022854973 0.997331321
1341845703.273874 0.004158146 0.042470261 0.004695779 0.032712001 -0.061747752 -0.022957837 0.997291386
1341845703.309758 0.004790012 0.044189237 0.006140777 0.034518328 -0.062833771 -0.022227723 0.997179210
1341845703.341850 0.005850189 0.045546047 0.008213526 0.035890054 -0.063352503 -0.022136105 0.997099996
1341845703.377702 0.006614912 0.045324247 0.007656261 0.036242578 -0.062968329 -0.022622475 0.997100651
1341845703.409585 0.006299699 0.043925725 0.006834380 0.036064543 -0.062737234 -0.022665121 0.997120678
1341845703.441629 0.006477737 0.043066889 0.005501777 0.035412796 -0.063170865 -0.022983272 0.997109413
1341845703.477741 0.007423978 0.042080931 0.006088083 0.034937792 -0.063650236 -0.023546662 0.997082531
1341845703.509995 0.007335051 0.043506321 0.006948015 0.035961196 -0.063390851 -0.024196222 0.997047126
1341845703.541800 0.007409008 0.043129895 0.006492509 0.036438823 -0.063335061 -0.024478706 0.997026443
1341845703.577765 0.006787841 0.043653943 0.006287521 0.036791012 -0.063182548 -0.025238119 0.997004271
1341845703.609650 0.006600930 0.042202421 0.005864359 0.036478568 -0.063341521 -0.025310807 0.997003794
1341845703.651761 0.006130897 0.043616150 0.005879176 0.037522014 -0.063516065 -0.025506122 0.996948957
1341845703.677758 0.005814915 0.039967060 0.006039226 0.036340117 -0.064002648 -0.024842197 0.996978402
1341845703.709916 0.003563250 0.046707753 0.005987690 0.038958915 -0.063418783 -0.025521791 0.996899664
1341845703.745719 0.004253533 0.048632041 0.006437206 0.038739562 -0.063355148 -0.026492100 0.996886909
1341845703.777733 0.004914550 0.048462708 0.006573742 0.037401661 -0.062488679 -0.027213549 0.996973276
1341845703.809711 0.005011378 0.044480551 0.006471333 0.035219889 -0.062155627 -0.026295265 0.997098207
1341845703.845769 0.005811807 0.043936808 0.006706996 0.035060752 -0.062632814 -0.026378490 0.997071803
1341845703.877728 0.005643141 0.045219310 0.006904882 0.035524096 -0.062505744 -0.026767191 0.997052968
1341845703.913808 0.005517502 0.044968214 0.005962630 0.034752797 -0.062331703 -0.026419330 0.997100353
1341845703.945653 0.007493016 0.044944789 0.007486052 0.034841776 -0.062754132 -0.027166808 0.997050643
1341845703.977870 0.006984086 0.043077778 0.006776410 0.034630056 -0.062357295 -0.027055435 0.997085989
1341845704.013637 0.005806375 0.041671269 0.006273079 0.034688324 -0.062168229 -0.026633685 0.997107089
1341845704.045703 0.007129628 0.044001181 0.007186552 0.036750652 -0.063019305 -0.026409069 0.996985734
1341845704.077666 0.006287865 0.043639161 0.007170625 0.037144255 -0.062749714 -0.025859345 0.997002542
1341845704.113706 0.007301406 0.047173873 0.008127388 0.038817156 -0.062725343 -0.026494589 0.996923685
1341845704.145681 0.007334153 0.046378482 0.007428362 0.038019717 -0.062526219 -0.026256057 0.996973217
1341845704.181785 0.006381513 0.045771588 0.007337852 0.037447657 -0.061695360 -0.026761759 0.997033238
1341845704.213778 0.005576561 0.044863023 0.006395361 0.036708709 -0.061359335 -0.026477402 0.997089028
1341845704.245863 0.005398128 0.045522202 0.006675652 0.036934920 -0.061236005 -0.026261697 0.997093976
1341845704.281578 0.004967188 0.047661521 0.006533315 0.037704568 -0.060660254 -0.026511451 0.997093737
1341845704.313707 0.006124369 0.049547926 0.007648857 0.037802260 -0.060420290 -0.026701577 0.997099519
1341845704.349873 0.007175534 0.050704919 0.009477072 0.038070314 -0.059482027 -0.027025435 0.997137010
1341845704.381729 0.006391111 0.053530339 0.011413085 0.038654655 -0.057224166 -0.028117208 0.997216463
1341845704.413817 0.006446963 0.053413320 0.011430711 0.038475905 -0.055683076 -0.027776454 0.997320175
1341845704.449837 0.006633818 0.053190384 0.010610836 0.038478155 -0.054323774 -0.027481277 0.997403204
1341845704.481600 0.005235803 0.052573476 0.009175394 0.036926743 -0.052065164 -0.027873257 0.997571409
1341845704.513671 0.006573960 0.047381777 0.010175974 0.035366923 -0.052132711 -0.026926279 0.997650445
1341845704.549869 0.004431925 0.042580079 0.008539604 0.037171703 -0.052677933 -0.024153654 0.997627139
1341845704.581901 0.003284174 0.042765480 0.007323943 0.041301869 -0.054161556 -0.022106487 0.997432709
1341845704.617838 0.004923469 0.042960633 0.007187419 0.043659262 -0.056108985 -0.021265402 0.997242928
1341845704.650477 0.006493791 0.043675590 0.008645412 0.044741493 -0.056586646 -0.023136204 0.997126281
1341845704.681708 0.004590926 0.042268477 0.007602126 0.044850990 -0.056092307 -0.023379514 0.997143626
1341845704.717704 0.005358387 0.041475732 0.007280410 0.045858826 -0.057842378 -0.023174407 0.997002602
1341845704.749702 0.005156882 0.043585207 0.007129283 0.047194615 -0.058014996 -0.024535069 0.996897638
1341845704.781791 0.005606978 0.044012517 0.007410526 0.046539061 -0.057465844 -0.026719356 0.996904135
1341845704.817744 0.005551199 0.038427044 0.006297316 0.044266019 -0.058357026 -0.026533443 0.996960878
1341845704.849705 0.004210513 0.039584901 0.005397457 0.046226181 -0.059469596 -0.027205370 0.996788025
1341845704.885675 0.004058953 0.039776862 0.005105158 0.046624389 -0.060380261 -0.027676554 0.996701777
1341845704.917742 0.003573609 0.038922586 0.004565251 0.045759119 -0.060750209 -0.027478479 0.996724844
1341845704.949746 0.003872247 0.039761629 0.004539532 0.045375265 -0.061276674 -0.028741391 0.996674597
1341845704.985761 0.003979669 0.039581511 0.004113590 0.044493761 -0.061766032 -0.029306661 0.996667624
1341845705.017537 0.004491806 0.040095549 0.004395410 0.044046871 -0.062207449 -0.030107511 0.996636152
1341845705.049660 0.005291171 0.041364230 0.004089057 0.043850150 -0.062770523 -0.031099375 0.996579111
1341845705.085710 0.005091091 0.037679713 0.003999124 0.041737624 -0.063271895 -0.030956727 0.996642530
1341845705.117831 0.002992793 0.042262830 0.003733505 0.043582838 -0.063082419 -0.031755362 0.996550441
1341845705.154005 0.002364696 0.047713034 0.004255321 0.044728577 -0.062746324 -0.033229601 0.996472836
1341845705.185648 0.004857440 0.042667851 0.005117438 0.041786060 -0.063666038 -0.032545649 0.996564746
1341845705.217695 0.004353689 0.043934111 0.005594927 0.042381212 -0.063004248 -0.032833401 0.996572256
1341845705.253735 0.004119867 0.046678051 0.005376176 0.043015402 -0.062102661 -0.033622667 0.996575356
1341845705.285554 0.004244028 0.043681294 0.004679126 0.041261144 -0.062444713 -0.033242710 0.996640921
1341845705.321646 0.005453310 0.045520492 0.005726369 0.042586267 -0.063339390 -0.032683611 0.996547222
1341845705.353674 0.003613844 0.045456640 0.005251011 0.042558465 -0.063039698 -0.031468883 0.996606469
1341845705.385774 0.006598750 0.041551068 0.006330824 0.041502800 -0.064592369 -0.031083541 0.996563673
1341845705.421801 0.008334047 0.041683894 0.008484441 0.042765372 -0.064858682 -0.032017715 0.996463418
1341845705.453568 0.006559224 0.041667622 0.006848315 0.044654753 -0.064258553 -0.031718038 0.996428967
1341845705.485749 0.005349672 0.037686709 0.004616080 0.044682160 -0.065220274 -0.029273856 0.996440053
1341845705.521655 0.007103334 0.038401790 0.006050876 0.046588536 -0.066535063 -0.028448129 0.996289730
1341845705.553548 0.006227491 0.040433560 0.005852323 0.048163906 -0.066241786 -0.027628535 0.996257424
1341845705.589775 0.005612440 0.042394038 0.006258234 0.048837002 -0.065785296 -0.028344829 0.996234834
1341845705.621894 0.004312997 0.040325068 0.004338672 0.047787875 -0.065360256 -0.027691003 0.996332049
1341845705.653569 0.003369212 0.035927735 0.001588246 0.045631349 -0.067388088 -0.025226489 0.996363461
1341845705.689868 0.005277173 0.039945491 0.004396296 0.048099395 -0.069693990 -0.026639892 0.996051967
1341845705.721810 0.005971950 0.042885665 0.006227605 0.049493473 -0.069072679 -0.027652407 0.995999336
1341845705.753738 0.007783330 0.041815288 0.007639637 0.049085312 -0.069077700 -0.028815489 0.995986223
1341845705.789861 0.008820227 0.041699141 0.006873861 0.049020812 -0.068616435 -0.029064594 0.996014059
1341845705.821704 0.007047945 0.040558178 0.005806733 0.048233770 -0.067105696 -0.027842410 0.996190310
1341845705.863629 0.006577852 0.037473742 0.005566976 0.047214605 -0.068038575 -0.027260218 0.996191919
1341845705.895623 0.004868496 0.035319701 0.005008309 0.047903333 -0.069020577 -0.025420455 0.996140122
1341845705.931726 0.003640558 0.037210286 0.002458779 0.049851991 -0.070857145 -0.023118859 0.995971620
1341845705.963641 0.000569949 0.045359060 0.002853942 0.053298499 -0.071121283 -0.024650153 0.995737612
1341845705.995677 0.003289143 0.050739840 0.006151555 0.054530200 -0.071401060 -0.030806750 0.995479465
1341845706.031837 -0.000100390 0.053220410 0.005224725 0.052949354 -0.067760408 -0.032790057 0.995755851
1341845706.063631 -0.000559287 0.043570120 0.003564999 0.047870748 -0.068699598 -0.030041071 0.996035278
1341845706.095737 -0.000860739 0.045975003 0.003680050 0.049117353 -0.070197485 -0.031587474 0.995822310
1341845706.131716 -0.000600715 0.055092666 0.007286647 0.052230895 -0.069231831 -0.034657083 0.995629370
1341845706.163718 0.001176281 0.047945481 0.007494787 0.048478518 -0.068968467 -0.033200730 0.995886981
1341845706.195662 -0.002539000 0.049760122 0.005518256 0.049776591 -0.067802802 -0.032370824 0.995930314
1341845706.231610 -0.001814799 0.057533920 0.008806774 0.052600559 -0.067265734 -0.033561673 0.995782197
1341845706.263724 -0.002679110 0.060325496 0.009989116 0.052653026 -0.064734571 -0.033810794 0.995938718
1341845706.299838 -0.003584746 0.056920215 0.008058436 0.050097317 -0.064258553 -0.031293705 0.996183634
1341845706.331753 -0.002947333 0.056223854 0.008553456 0.049345825 -0.065187849 -0.032543931 0.996120691
1341845706.363574 -0.002618054 0.056477878 0.010132767 0.049217924 -0.065174572 -0.032437980 0.996131361
1341845706.399690 -0.003223850 0.056475773 0.009858692 0.049276609 -0.065215491 -0.032183517 0.996134043
1341845706.431735 -0.001936547 0.059251476 0.011854001 0.051026631 -0.065459698 -0.032897428 0.996006548
1341845706.463612 -0.002329902 0.058518045 0.011965298 0.050675798 -0.064460635 -0.031501643 0.996134758
1341845706.499655 -0.003576989 0.054287784 0.011260245 0.049453147 -0.064672425 -0.028799273 0.996264279
1341845706.531782 -0.002366489 0.058730736 0.012218377 0.052265614 -0.065963253 -0.029903982 0.996003449
1341845706.563559 0.002844114 0.061135795 0.016596746 0.054067485 -0.066032566 -0.030939667 0.995871067
1341845706.599529 0.000530297 0.055146363 0.013509796 0.052091103 -0.063739926 -0.029298078 0.996175349
1341845706.631786 -0.002206518 0.056124981 0.012751753 0.054080367 -0.063726678 -0.030201744 0.996043205
1341845706.667647 0.004119003 0.059427526 0.015333309 0.056664538 -0.065624475 -0.031389046 0.995739579
1341845706.700732 0.004587681 0.057983451 0.018362761 0.056737192 -0.063589081 -0.031018805 0.995879114
1341845706.732115 0.004343388 0.053858019 0.016750991 0.055341177 -0.063175127 -0.029790999 0.996021450
1341845706.768143 0.007379423 0.057514098 0.019705869 0.057949226 -0.063856989 -0.029797211 0.995829463
1341845706.800357 0.005112065 0.053538017 0.016644180 0.056418568 -0.062533468 -0.026767917 0.996087372
1341845706.832602 0.005017675 0.053601384 0.015503288 0.056507502 -0.062532336 -0.026728876 0.996083438
1341845706.869449 0.004321253 0.054711208 0.014773386 0.056278694 -0.062041152 -0.027032075 0.996118903
1341845706.904495 0.004834516 0.052501906 0.014943856 0.054425906 -0.062811345 -0.026056537 0.996199608
1341845706.933651 0.005764888 0.053148221 0.015732873 0.054872304 -0.063304633 -0.025852561 0.996149182
1341845706.964608 0.004788627 0.055657133 0.015737141 0.055670153 -0.062552229 -0.026112663 0.996145666
1341845706.994021 0.002867189 0.056143314 0.015732504 0.055022966 -0.061775889 -0.025030067 0.996257842
1341845707.029674 0.005375395 0.052676100 0.016327778 0.054047380 -0.063456319 -0.023032023 0.996253848
1341845707.061864 0.006082492 0.055835955 0.017829869 0.056217983 -0.063393891 -0.023592440 0.996124566
1341845707.097704 0.009715438 0.051781990 0.018521782 0.054828193 -0.063924424 -0.022912120 0.996183991
1341845707.129770 0.009693077 0.048311647 0.018566765 0.055270303 -0.064036310 -0.020956986 0.996195436
1341845707.161817 0.009621971 0.048820365 0.019983264 0.058122270 -0.064863428 -0.020892873 0.995980918
1341845707.197721 0.010988796 0.052369546 0.021762172 0.060704801 -0.064109281 -0.022103373 0.995849609
1341845707.229795 0.010872438 0.052520175 0.020586252 0.061232593 -0.062642068 -0.023085574 0.995888352
1341845707.261851 0.011686527 0.049337428 0.020505073 0.060325116 -0.063108034 -0.021535836 0.995949030
1341845707.297710 0.012198516 0.053758554 0.023348358 0.062766075 -0.062421903 -0.022180887 0.995827258
1341845707.329761 0.012792131 0.055018283 0.023689756 0.062767319 -0.061031491 -0.023442945 0.995884478
1341845707.365850 0.015349953 0.053311989 0.024822468 0.062406152 -0.060261574 -0.023035092 0.995963514
1341845707.397796 0.013449728 0.052113827 0.023069896 0.062833764 -0.059608165 -0.020613875 0.996029019
1341845707.429752 0.015505523 0.051851161 0.024792094 0.063956805 -0.060742088 -0.019242622 0.995916486
1341845707.465767 0.019607926 0.054024562 0.028528035 0.066340066 -0.060614359 -0.021142198 0.995729804
1341845707.497642 0.018211162 0.050433200 0.026301468 0.065157786 -0.058729250 -0.019963579 0.995945156
1341845707.533665 0.019595249 0.052918721 0.029394655 0.067412816 -0.058106054 -0.020379230 0.995823205
1341845707.565754 0.021159085 0.055351947 0.031808209 0.069798410 -0.056722060 -0.021183023 0.995721877
1341845707.597603 0.019927131 0.056093160 0.031562682 0.070694849 -0.054046996 -0.021900723 0.995791912
1341845707.633748 0.018374663 0.052002672 0.027978828 0.068666458 -0.053461172 -0.019680314 0.996011794
1341845707.665870 0.020141399 0.053194288 0.029533431 0.069960065 -0.054256868 -0.019282619 0.995886505
1341845707.698455 0.018962897 0.055835921 0.031025210 0.070840567 -0.052965686 -0.019764883 0.995884359
1341845707.734303 0.018071806 0.054083358 0.029187871 0.069357857 -0.052082151 -0.020032700 0.996029913
1341845707.766259 0.018941715 0.054878388 0.031463847 0.069879815 -0.052694246 -0.020653894 0.995948553
1341845707.801730 0.019430418 0.053237490 0.031239402 0.070140168 -0.053054307 -0.019765150 0.995929182
1341845707.836344 0.019261051 0.053216945 0.030537196 0.070759408 -0.052944016 -0.020228846 0.995881975
1341845707.866230 0.017747603 0.053797696 0.028548799 0.070612408 -0.052735656 -0.020821901 0.995891213
1341845707.901694 0.019346574 0.056208417 0.030953957 0.071352586 -0.053652249 -0.020722374 0.995791554
1341845707.933640 0.019653793 0.054509468 0.032108638 0.070925333 -0.054351449 -0.019958518 0.995799780
1341845707.965831 0.020075861 0.055186108 0.032236531 0.071698807 -0.054807644 -0.020829460 0.995701551
1341845708.001954 0.020017805 0.054579236 0.031521052 0.071264215 -0.054143358 -0.020061567 0.995784879
1341845708.034393 0.020573478 0.052725382 0.031757809 0.070705712 -0.055269800 -0.020059273 0.995762825
1341845708.069946 0.020261433 0.054134727 0.031721715 0.071096167 -0.055231657 -0.020847021 0.995720923
1341845708.101700 0.020481382 0.050992616 0.030512931 0.069023363 -0.055192541 -0.020276120 0.995880723
1341845708.133697 0.019610649 0.051716000 0.030970275 0.069670841 -0.055650115 -0.020714547 0.995801151
1341845708.169675 0.019235099 0.052346632 0.030918259 0.069989488 -0.056203853 -0.020433392 0.995753527
1341845708.201793 0.021434123 0.052274093 0.032681547 0.069881104 -0.056845717 -0.021758271 0.995696664
1341845708.233744 0.020946458 0.050349277 0.031522643 0.069358997 -0.057387024 -0.022166664 0.995693088
1341845708.269711 0.021300334 0.050539132 0.032018974 0.069830567 -0.058465462 -0.021699714 0.995607615
1341845708.301629 0.021339629 0.052665442 0.031638894 0.071077868 -0.058805436 -0.022793058 0.995474935
1341845708.337612 0.022648590 0.053909607 0.033173658 0.071335584 -0.058945186 -0.024812538 0.995399952
1341845708.369900 0.021946920 0.053016156 0.032641120 0.070519745 -0.058311205 -0.025396990 0.995480657
1341845708.401883 0.021599105 0.052732907 0.031789660 0.070487656 -0.059011720 -0.025319053 0.995443642
1341845708.443610 0.022645524 0.054222461 0.032334473 0.071491256 -0.059527259 -0.026224827 0.995317936
1341845708.470492 0.021992324 0.055487454 0.031927817 0.071688734 -0.059300240 -0.026634110 0.995306432
1341845708.501776 0.022176653 0.053882718 0.031625196 0.070521072 -0.060701214 -0.025348134 0.995338976
1341845708.543852 0.020998867 0.052106496 0.029356837 0.069903307 -0.062029801 -0.024354935 0.995325387
1341845708.569583 0.021445697 0.054101020 0.030241583 0.070657097 -0.063376106 -0.025910759 0.995148063
1341845708.605675 0.020921813 0.054678820 0.029795807 0.070160106 -0.063272677 -0.027321586 0.995152056
1341845708.637641 0.019283725 0.052645370 0.027046328 0.068877146 -0.064228840 -0.027145997 0.995185256
1341845708.669692 0.019848641 0.055798944 0.029601553 0.070813023 -0.066206001 -0.029081520 0.994865060
1341845708.705736 0.021298626 0.058568016 0.030806612 0.071292803 -0.066048011 -0.030926606 0.994785666
1341845708.738027 0.017407555 0.053379610 0.025956962 0.067882791 -0.065400399 -0.029689804 0.995104611
1341845708.773829 0.016028425 0.056992300 0.026338702 0.069531821 -0.066728532 -0.030830460 0.994867861
1341845708.805763 0.017794194 0.058751162 0.027580684 0.069661595 -0.067742810 -0.031879790 0.994757175
1341845708.838653 0.016585737 0.055795927 0.024792111 0.067723937 -0.067742623 -0.032129508 0.994882941
1341845708.873912 0.015773928 0.057087399 0.025114333 0.068400152 -0.068798572 -0.033315446 0.994725227
1341845708.905735 0.015123151 0.056265377 0.024347298 0.067641087 -0.068536818 -0.033845060 0.994777322
1341845708.938426 0.013621639 0.056007680 0.023545539 0.067311347 -0.068595760 -0.035244793 0.994747043
1341845708.973642 0.012703776 0.056934029 0.023354523 0.067856818 -0.069070943 -0.035333015 0.994673908
1341845709.005742 0.013633727 0.056367330 0.022314934 0.066999279 -0.070474535 -0.035055399 0.994643450
1341845709.041686 0.014154342 0.056789678 0.023600891 0.067344755 -0.071078658 -0.036407981 0.994528532
1341845709.073656 0.013300650 0.056686483 0.021639658 0.066694759 -0.071517780 -0.037238467 0.994510114
1341845709.105658 0.010890075 0.055123247 0.020369029 0.065744840 -0.071123123 -0.037146933 0.994605064
1341845709.141741 0.012250206 0.055736527 0.019857559 0.065887064 -0.072925642 -0.038197909 0.994425297
1341845709.173646 0.012592193 0.057536311 0.021296613 0.066442862 -0.072829060 -0.038801376 0.994372010
1341845709.205765 0.011639845 0.057725180 0.020100884 0.065868571 -0.072513968 -0.038681179 0.994437933
1341845709.241765 0.012834191 0.057197701 0.020671116 0.065042444 -0.073214687 -0.038765650 0.994437695
1341845709.273754 0.012011838 0.056360450 0.020191085 0.064071313 -0.072564989 -0.038019594 0.994577169
1341845709.309890 0.011739808 0.056532014 0.019977150 0.064261504 -0.072574027 -0.037429616 0.994586587
1341845709.341728 0.011894326 0.057730407 0.019208949 0.064232580 -0.072915398 -0.036853723 0.994584978
1341845709.373776 0.011985115 0.057841990 0.019488968 0.063221984 -0.072790392 -0.036199607 0.994682908
1341845709.409657 0.009615490 0.060428470 0.018491315 0.062399898 -0.071455851 -0.035621520 0.994852483
1341845709.442072 0.008594995 0.058943711 0.017110839 0.059573919 -0.071576871 -0.032903206 0.995110571
1341845709.473660 0.009085110 0.060005873 0.017604575 0.058446839 -0.072326519 -0.032482389 0.995137036
1341845709.509632 0.008623491 0.060595229 0.016668784 0.056831032 -0.071719214 -0.031988189 0.995290577
1341845709.541673 0.007225792 0.060795870 0.016572967 0.054835595 -0.071940877 -0.031367030 0.995406270
1341845709.578645 0.006763955 0.059579819 0.015441304 0.053045649 -0.073006056 -0.031317059 0.995427310
1341845709.609672 0.007791887 0.060169842 0.017425738 0.053196490 -0.074770026 -0.032522917 0.995249629
1341845709.642057 0.007991314 0.060816247 0.018119112 0.053409077 -0.075823717 -0.032563303 0.995157242
1341845709.677625 0.006336346 0.061764970 0.015743332 0.052992992 -0.075993940 -0.032194462 0.995178461
1341845709.709730 0.009630056 0.060990989 0.018432720 0.052359778 -0.077610008 -0.033313744 0.995050371
1341845709.745593 0.007806140 0.062730961 0.016700393 0.052441217 -0.076566011 -0.033572517 0.995118320
1341845709.777709 0.009183845 0.060021743 0.017056670 0.050763186 -0.077496871 -0.032033652 0.995184004
1341845709.809687 0.009569735 0.062213261 0.018542117 0.052055560 -0.077949747 -0.033298224 0.995040357
1341845709.845686 0.010586563 0.062164076 0.019968271 0.052097823 -0.076785162 -0.035140410 0.995065331
1341845709.878752 0.010460950 0.061451286 0.018806079 0.051470522 -0.074839965 -0.036734909 0.995188594
1341845709.909693 0.009141279 0.056833148 0.016532814 0.049976598 -0.073998019 -0.034775887 0.995398045
1341845709.945663 0.009862453 0.056225225 0.016641583 0.051303551 -0.075594746 -0.033616189 0.995250404
1341845709.977698 0.010534049 0.057282086 0.017440923 0.053264011 -0.076221354 -0.033553444 0.995101750
1341845710.013739 0.010240348 0.058290526 0.017214604 0.054300867 -0.075361617 -0.034402665 0.995082200
1341845710.045754 0.009572053 0.056737673 0.016255932 0.054397639 -0.074649833 -0.034346793 0.995132446
1341845710.077705 0.009145179 0.057337735 0.015018646 0.054521628 -0.074827731 -0.034857828 0.995094538
1341845710.113730 0.009985732 0.057066858 0.016421614 0.054714806 -0.074949756 -0.034991335 0.995070100
1341845710.145759 0.008903505 0.057396390 0.014998716 0.054715589 -0.074380815 -0.034200542 0.995140254
1341845710.177824 0.008485327 0.055460714 0.015515091 0.054360811 -0.075221404 -0.033967521 0.995104492
1341845710.213581 0.010162987 0.056475777 0.016095322 0.055277843 -0.076021329 -0.034236830 0.994983912
1341845710.245636 0.008222062 0.053999223 0.014368691 0.054661490 -0.075222388 -0.033992305 0.995087087
1341845710.281582 0.009409243 0.052805465 0.014651570 0.056191582 -0.077600494 -0.035209414 0.994776845
1341845710.313617 0.009113160 0.057709865 0.014505898 0.058847420 -0.077761695 -0.036891047 0.994549692
1341845710.345643 0.008811655 0.057018247 0.015163062 0.058457728 -0.077270329 -0.035546396 0.994659960
1341845710.381860 0.008538034 0.053748447 0.013682323 0.057659432 -0.077745348 -0.034645133 0.994701385
1341845710.413817 0.008696812 0.057989527 0.015589508 0.060069408 -0.078012280 -0.035822213 0.994496107
1341845710.445824 0.009260844 0.056972340 0.014926670 0.058913961 -0.077569582 -0.034840863 0.994634688
1341845710.481794 0.010553585 0.053186182 0.014351183 0.057252754 -0.079101026 -0.034310475 0.994629562
1341845710.513650 0.010039106 0.053381402 0.014872470 0.057312872 -0.079024412 -0.034360368 0.994630456
1341845710.549635 0.009969623 0.053123869 0.015187570 0.057758093 -0.078952454 -0.033203445 0.994649708
1341845710.581654 0.011401410 0.055084974 0.016568802 0.059805512 -0.080148011 -0.033721916 0.994415581
1341845710.613694 0.010422609 0.056226950 0.015663294 0.060245547 -0.079129972 -0.033272270 0.994485736
1341845710.649564 0.011801483 0.052811194 0.015606994 0.058986761 -0.079871267 -0.031557392 0.994557798
1341845710.681648 0.011634668 0.054178052 0.015813060 0.060498953 -0.079858832 -0.032262862 0.994445324
1341845710.713728 0.011832070 0.055090856 0.017355250 0.061209228 -0.079359226 -0.032765668 0.994425416
1341845710.749785 0.012622467 0.054232795 0.016538445 0.060991958 -0.079002894 -0.031818241 0.994497895
1341845710.781816 0.013992581 0.053302553 0.017212247 0.061324172 -0.079706825 -0.032061849 0.994413495
1341845710.817567 0.012796540 0.056155212 0.016997101 0.062564090 -0.078639135 -0.032778215 0.994397879
1341845710.850205 0.010815968 0.057157673 0.016858112 0.062557913 -0.076937668 -0.032126997 0.994552612
1341845710.882136 0.011059405 0.054273345 0.016244609 0.061044578 -0.077607006 -0.030690581 0.994640052
1341845710.917631 0.011580537 0.057908319 0.018199738 0.062848292 -0.077844948 -0.032073926 0.994465411
1341845710.950281 0.012865982 0.055200726 0.018456534 0.061488081 -0.077526219 -0.031350687 0.994598448
1341845710.985647 0.012580675 0.051489327 0.017101580 0.060815658 -0.078350820 -0.030168394 0.994611740
1341845711.017722 0.012121297 0.055614561 0.017847590 0.064138338 -0.079446234 -0.032769971 0.994233727
1341845711.049965 0.015196726 0.060125645 0.019746242 0.065260969 -0.078820713 -0.035237473 0.994126081
1341845711.085583 0.013787136 0.056181978 0.018628312 0.062263701 -0.075883664 -0.034248505 0.994581282
1341845711.117670 0.011604252 0.052371830 0.016210856 0.061092388 -0.076256752 -0.032881830 0.994671524
1341845711.149770 0.014221116 0.056753989 0.018973842 0.063449003 -0.077632777 -0.033398956 0.994400263
1341845711.191691 0.014682795 0.057011425 0.020290904 0.062742226 -0.076339252 -0.033657935 0.994536519
1341845711.218829 0.012119509 0.052897938 0.018382266 0.061333723 -0.075585499 -0.032602552 0.994717062
1341845711.253627 0.011500367 0.054445777 0.016942974 0.062333945 -0.077153236 -0.032697018 0.994531453
1341845711.285627 0.013716935 0.057211731 0.018278718 0.062647425 -0.078413330 -0.033553254 0.994384646
1341845711.317874 0.013952769 0.055500027 0.017874558 0.061169274 -0.077777259 -0.033405464 0.994531572
1341845711.353756 0.013328057 0.058832616 0.017968742 0.061418433 -0.076448098 -0.035632856 0.994542003
1341845711.385687 0.012901219 0.059437290 0.019029796 0.060201995 -0.074526139 -0.036559712 0.994728565
1341845711.417635 0.013052364 0.054986548 0.017721036 0.057696272 -0.074230954 -0.034936231 0.994957507
1341845711.453809 0.013171882 0.053182453 0.017558934 0.058018424 -0.075730532 -0.033651147 0.994870007
1341845711.485895 0.014151479 0.055911548 0.018982949 0.059935562 -0.076924205 -0.033512838 0.994669437
1341845711.521704 0.015272790 0.055950634 0.020440778 0.060623202 -0.076825194 -0.033038013 0.994651318
1341845711.553696 0.014929673 0.055665735 0.017589908 0.060693696 -0.076373279 -0.032474604 0.994700313
1341845711.585708 0.013736509 0.058872838 0.018013857 0.061364669 -0.075057469 -0.033583809 0.994722486
1341845711.621659 0.013677267 0.058745064 0.019879317 0.060872320 -0.073493674 -0.034195364 0.994848728
1341845711.653731 0.012518479 0.056761138 0.018304916 0.060080513 -0.073535696 -0.033567723 0.994915068
1341845711.685758 0.013271513 0.058118179 0.018264551 0.060646523 -0.073859632 -0.033168368 0.994870126
1341845711.721850 0.014680847 0.056663476 0.020042155 0.060628645 -0.074530348 -0.032109365 0.994855940
1341845711.754323 0.011373643 0.056466177 0.017885277 0.060689718 -0.074080385 -0.030932259 0.994923115
1341845711.789716 0.012151193 0.057130665 0.018834112 0.061246272 -0.075249344 -0.031376790 0.994787395
1341845711.821820 0.013368051 0.057463724 0.019601200 0.061446231 -0.075372167 -0.031695466 0.994755626
1341845711.854173 0.013780159 0.058434434 0.020516934 0.062414307 -0.075254314 -0.032825913 0.994667649
1341845711.889875 0.015535660 0.060540225 0.022154592 0.063087292 -0.074459501 -0.034555238 0.994626403
1341845711.923959 0.014329055 0.059765037 0.021447401 0.061848670 -0.071995318 -0.034144223 0.994899809
1341845711.957595 0.014519416 0.058120497 0.019833671 0.060283475 -0.071658604 -0.034591287 0.995004714
1341845711.989820 0.015275270 0.061871067 0.022699034 0.061690550 -0.070994712 -0.037428536 0.994863331
1341845712.021796 0.013086973 0.060145911 0.019969981 0.059835467 -0.069252178 -0.035324082 0.995176375
1341845712.057899 0.013300260 0.058943804 0.018307514 0.058746263 -0.069969647 -0.033528659 0.995253205
1341845712.090038 0.016268579 0.063187331 0.021528913 0.060157787 -0.069994017 -0.038022716 0.995005608
1341845712.127587 0.014348424 0.062119298 0.021080259 0.058266565 -0.066717088 -0.039086856 0.995301962
1341845712.164065 0.009963601 0.054186113 0.016470850 0.054402571 -0.067053817 -0.034736127 0.995659351
1341845712.195638 0.013135343 0.058696207 0.018627321 0.058303226 -0.071447276 -0.035143055 0.995118558
1341845712.225662 0.016161080 0.063567415 0.021841394 0.060052775 -0.071455874 -0.037453398 0.994929612
1341845712.257830 0.013977717 0.060921147 0.020938357 0.058099251 -0.068218589 -0.038721595 0.995224297
1341845712.289935 0.011909577 0.056617901 0.017365839 0.056081522 -0.068272211 -0.036844902 0.995407581
