1341845688.929779 0.005767276 -0.017240396 -0.011050556 0.005543966 -0.036015157 0.026133575 0.998994112
1341845688.965631 0.004567521 -0.016632838 -0.011608779 0.005536901 -0.038429584 0.024973843 0.998933852
1341845688.997750 0.002114868 -0.015290189 -0.012764716 0.004563640 -0.036732614 0.020872168 0.999096692
1341845689.029751 -0.001036736 -0.012792564 -0.016244151 0.001315685 -0.032573052 0.013872939 0.999372184
1341845689.065755 -0.002324366 -0.012704156 -0.018597130 -0.002518265 -0.030426567 0.011527114 0.999467373
1341845689.097725 -0.003190435 -0.017901853 -0.020921430 -0.009169817 -0.029493464 0.014775303 0.999413669
1341845689.133718 -0.001730126 -0.015914196 -0.020295763 -0.010696471 -0.029036043 0.016602576 0.999383211
1341845689.165884 -0.003895363 -0.025212172 -0.022687074 -0.018002868 -0.027577057 0.023411961 0.999183297
1341845689.198264 -0.002557447 -0.022899961 -0.023538938 -0.020580938 -0.027989671 0.024718052 0.999090612
1341845689.234322 -0.001948187 -0.019894535 -0.021912832 -0.021427896 -0.027138926 0.025771588 0.999069631
1341845689.265745 -0.002847418 -0.021352669 -0.023281069 -0.023616798 -0.026223792 0.028264400 0.998977304
1341845689.297769 -0.004899198 -0.024346806 -0.023723518 -0.026206944 -0.025900295 0.030794429 0.998846412
1341845689.333650 -0.003607982 -0.022381241 -0.022535076 -0.026447756 -0.025425002 0.030225616 0.998869598
1341845689.365881 -0.001981805 -0.023783222 -0.023199216 -0.026639037 -0.026045566 0.030105425 0.998852193
1341845689.401592 -0.004156007 -0.024342176 -0.022334490 -0.025680751 -0.025633734 0.030240305 0.998883843
1341845689.433744 -0.004487971 -0.023872681 -0.022818513 -0.024987252 -0.026283363 0.029518051 0.998906136
1341845689.465651 0.004918842 -0.027172565 -0.019128274 -0.023627413 -0.032360263 0.029070856 0.998773992
1341845689.501840 0.006810288 -0.028947193 -0.019540351 -0.020597480 -0.036489241 0.027134750 0.998753190
1341845689.533687 0.003131088 -0.029571841 -0.020773280 -0.019009298 -0.036804173 0.024052700 0.998852134
1341845689.565814 0.005750879 -0.027359828 -0.019073335 -0.015425413 -0.037762284 0.019175347 0.998983681
1341845689.601682 0.009746416 -0.030158533 -0.018548094 -0.013831653 -0.041402493 0.016743658 0.998906493
1341845689.633591 0.008624393 -0.028653614 -0.020117268 -0.011030629 -0.043936815 0.011893676 0.998902619
1341845689.669672 0.008088771 -0.029862881 -0.020633273 -0.010771826 -0.045329355 0.010763585 0.998856008
1341845689.701700 0.008338056 -0.030248607 -0.021446086 -0.009817945 -0.048045706 0.011384872 0.998731971
1341845689.733773 0.008830169 -0.029574824 -0.022152826 -0.009272289 -0.050950557 0.009532938 0.998612642
1341845689.769822 0.009859131 -0.028550752 -0.020754967 -0.008420090 -0.052983396 0.007484353 0.998531818
1341845689.802003 0.011818415 -0.031046471 -0.020520976 -0.009442985 -0.055584885 0.007202853 0.998383343
1341845689.833757 0.012557697 -0.031176755 -0.021400003 -0.008535678 -0.059072420 0.006019815 0.998199105
1341845689.869861 0.011714507 -0.030885737 -0.021804160 -0.007583606 -0.060882531 0.004947932 0.998103857
1341845689.901825 0.011899471 -0.031031992 -0.020981781 -0.007414768 -0.062433723 0.005029754 0.998008907
1341845689.937674 0.021962944 -0.031135553 -0.015770214 -0.005824855 -0.069179676 0.002881667 0.997583032
1341845689.969679 0.021965673 -0.031078013 -0.015765503 -0.005608296 -0.070564561 0.003093493 0.997486651
1341845690.003830 0.012178766 -0.028903630 -0.021327849 -0.005535013 -0.066060543 0.004877640 0.997788310
1341845690.037686 0.020810407 -0.032717060 -0.015265365 -0.006649331 -0.070421875 0.001898165 0.997493327
1341845690.069636 0.011456640 -0.028745463 -0.020322578 -0.004878331 -0.065954901 0.003048929 0.997806013
1341845690.106587 0.013480344 -0.029021187 -0.019429341 -0.005139412 -0.066931732 0.003377745 0.997738600
1341845690.138859 0.013848916 -0.027290493 -0.019162906 -0.004463221 -0.067650817 0.002045600 0.997696996
1341845690.169919 0.013472131 -0.025561176 -0.018944364 -0.003480725 -0.066779748 0.002044733 0.997759581
1341845690.206103 0.013912030 -0.025512755 -0.019575156 -0.003840724 -0.066996932 0.002014627 0.997743726
1341845690.237700 0.013997811 -0.025263583 -0.019646564 -0.004468257 -0.067666844 0.002207308 0.997695506
1341845690.269981 0.014124649 -0.026045876 -0.019241570 -0.004058273 -0.069088086 0.001998864 0.997600317
1341845690.306143 0.014520764 -0.029567709 -0.019379700 -0.005441236 -0.070311010 0.000957150 0.997509837
1341845690.338646 0.014516250 -0.028774021 -0.020031065 -0.005852284 -0.070367150 0.001044618 0.997503459
1341845690.373833 0.015096870 -0.028470671 -0.020110127 -0.006903374 -0.071155280 0.001691976 0.997439921
1341845690.405976 0.014074096 -0.027722739 -0.021071525 -0.006502414 -0.071040347 0.000630202 0.997452080
1341845690.437908 0.019406598 -0.030132150 -0.017598374 -0.007265504 -0.072889812 -0.000222390 0.997313499
1341845690.473654 0.023165245 -0.030994624 -0.014933381 -0.007339266 -0.075220659 -0.000129044 0.997139931
1341845690.505978 0.022917366 -0.031029150 -0.014512883 -0.006760502 -0.076742269 -0.000014713 0.997028053
1341845690.537884 0.022975110 -0.030983593 -0.014419627 -0.006442352 -0.077064462 -0.001942608 0.997003436
1341845690.573708 0.022877404 -0.030965764 -0.014396915 -0.007151722 -0.075458705 -0.001629182 0.997121990
1341845690.605848 0.022956392 -0.030936264 -0.014544288 -0.007316178 -0.075135522 0.000193386 0.997146487
1341845690.641747 0.022630231 -0.030852120 -0.013791506 -0.006234073 -0.075556271 0.000144403 0.997122049
1341845690.673751 0.022503560 -0.030734761 -0.013564398 -0.006271552 -0.074557893 -0.001058473 0.997196436
1341845690.706003 0.022167008 -0.030669548 -0.012826143 -0.005954674 -0.073158160 -0.000885868 0.997302175
1341845690.741684 0.012827366 -0.028844485 -0.019203572 -0.004931692 -0.068455122 0.000572549 0.997641861
1341845690.773770 0.012749306 -0.028848732 -0.018875666 -0.004641282 -0.067670107 0.000570392 0.997696757
1341845690.805715 0.014497298 -0.029445222 -0.017490752 -0.004406557 -0.067220129 0.000734816 0.997728169
1341845690.841674 0.013860872 -0.029243609 -0.017567525 -0.004107555 -0.066394463 0.001025455 0.997784495
1341845690.873770 0.010594578 -0.028052926 -0.019829387 -0.003965717 -0.064199589 0.001466804 0.997928143
1341845690.909837 0.010633210 -0.027232729 -0.019651601 -0.004096529 -0.063404024 0.002123229 0.997977257
1341845690.941576 0.010819947 -0.027826717 -0.019386971 -0.004504057 -0.063398458 0.002554716 0.997974873
1341845690.973879 0.010506133 -0.028264882 -0.019531580 -0.004673027 -0.062767327 0.002494578 0.998014152
1341845691.011558 0.010523422 -0.028046342 -0.019458082 -0.004772977 -0.061897460 0.003554013 0.998064756
1341845691.041642 0.010673422 -0.028173922 -0.019144217 -0.004815592 -0.061634056 0.004085396 0.998078823
1341845691.077986 0.010719702 -0.028194437 -0.019292118 -0.004332404 -0.061999813 0.002412875 0.998063862
1341845691.109685 0.010590491 -0.028232003 -0.019096665 -0.003873767 -0.061317086 0.001822768 0.998109162
1341845691.141759 0.009494261 -0.027344050 -0.018890766 -0.002857571 -0.059608862 0.002152241 0.998215437
1341845691.177729 0.009603328 -0.027339954 -0.019084450 -0.001979384 -0.059960552 0.001319660 0.998197973
1341845691.209644 0.010516680 -0.028242629 -0.018773327 -0.002431867 -0.060619358 -0.000307811 0.998157918
1341845691.241757 0.009188139 -0.027466791 -0.018402098 -0.002219129 -0.058705218 -0.000592617 0.998272717
1341845691.277595 0.009396310 -0.027574547 -0.019384315 -0.001348706 -0.058856759 0.000503984 0.998265386
1341845691.310138 0.010222887 -0.028706223 -0.020217609 -0.001592096 -0.061210204 -0.000643874 0.998123407
1341845691.345620 0.008860965 -0.026459783 -0.019021684 -0.000559708 -0.059943959 -0.001944008 0.998199701
1341845691.378062 0.008991474 -0.026962774 -0.019272851 -0.000307553 -0.058027402 -0.002837649 0.998310924
1341845691.451922 0.007139263 -0.027017705 -0.020769481 0.000022860 -0.056683566 -0.004305902 0.998382926
1341845691.478799 0.007196163 -0.027230028 -0.020259235 -0.001371112 -0.055342175 -0.003562974 0.998460114
1341845691.509739 0.007616124 -0.026538745 -0.018904759 -0.000342290 -0.055277985 -0.004007579 0.998462915
1341845691.545833 0.007589743 -0.026927052 -0.019851945 -0.000261738 -0.055653755 -0.005739517 0.998433590
1341845691.578399 0.007734049 -0.027725110 -0.019565962 -0.001744253 -0.054632574 -0.007608276 0.998476028
1341845691.613857 0.007778014 -0.027235035 -0.017629936 -0.001388308 -0.051549386 -0.011683223 0.998601139
1341845691.645632 0.007120911 -0.026371671 -0.017329983 0.000446565 -0.048121240 -0.015196129 0.998725772
1341845691.677793 0.008133143 -0.028306928 -0.018425737 0.000446835 -0.048592497 -0.013584157 0.998726249
1341845691.713727 0.007950934 -0.028151873 -0.018957671 0.000853773 -0.050212611 -0.010786809 0.998679996
1341845691.746050 0.007713865 -0.026614100 -0.018402357 0.002076314 -0.050203189 -0.011941340 0.998665512
1341845691.778411 0.006913643 -0.026835287 -0.019081691 0.000669409 -0.047190953 -0.014364450 0.998782396
1341845691.813646 0.008009324 -0.027773861 -0.018352304 -0.000984162 -0.046444882 -0.012159372 0.998846352
1341845691.845603 0.007619977 -0.027693208 -0.018975047 -0.000783996 -0.047455579 -0.010688310 0.998815835
1341845691.881595 0.007809525 -0.027471876 -0.017960938 -0.000453046 -0.048459828 -0.012718909 0.998744071
1341845691.913600 0.007156495 -0.026979132 -0.018008005 -0.000183695 -0.047124032 -0.012729709 0.998807907
1341845691.945997 0.006718608 -0.026955409 -0.018553348 0.000481426 -0.047500953 -0.010027102 0.998820782
1341845691.981657 0.007668744 -0.027512703 -0.019236945 0.002218357 -0.052543778 -0.007842226 0.998585343
1341845692.013904 0.005124376 -0.025972661 -0.018319717 0.004910018 -0.055271305 -0.005907944 0.998441815
1341845692.049676 0.005334422 -0.025937432 -0.018372551 0.005249908 -0.056151483 -0.004803144 0.998396873
1341845692.081862 0.006530976 -0.026978577 -0.017411718 0.005478064 -0.057666205 -0.003944155 0.998313129
1341845692.113695 0.006306275 -0.027322210 -0.017780187 0.005830449 -0.058636930 -0.004750627 0.998251021
1341845692.149736 0.006284295 -0.028572807 -0.015905922 0.005034744 -0.057820965 -0.005634417 0.998298347
1341845692.182123 0.006837604 -0.028351991 -0.014864132 0.006177099 -0.057164684 -0.005680168 0.998329461
1341845692.213661 0.006581133 -0.029184395 -0.015741879 0.006713798 -0.057420403 -0.004510877 0.998317301
1341845692.249828 0.005776737 -0.026196143 -0.017375177 0.007886948 -0.057078131 -0.004687856 0.998327553
1341845692.282146 0.005789985 -0.026453167 -0.017207671 0.007154784 -0.056157667 -0.005200046 0.998382747
1341845692.317711 0.005725609 -0.026482714 -0.017450461 0.006975135 -0.056721434 -0.005427659 0.998350918
1341845692.349688 0.005782288 -0.026581516 -0.016823063 0.007488706 -0.058145817 -0.005325476 0.998265803
1341845692.381560 0.005567914 -0.026476551 -0.017032219 0.008698201 -0.058185779 -0.006506470 0.998246670
1341845692.417776 0.005790753 -0.026496597 -0.016997077 0.009765639 -0.057764072 -0.007802761 0.998251975
1341845692.449672 0.006184354 -0.024483722 -0.016057262 0.011487619 -0.058017850 -0.008946626 0.998209357
1341845692.481594 0.006238996 -0.024545247 -0.015801070 0.012526922 -0.058509260 -0.009834200 0.998159826
1341845692.517778 0.006305330 -0.024475694 -0.015763668 0.013701557 -0.058948874 -0.009799940 0.998118877
1341845692.549744 0.006565721 -0.024175191 -0.015909730 0.015343453 -0.058937259 -0.010221965 0.998091400
1341845692.585822 0.006422732 -0.024034327 -0.015584444 0.015585392 -0.058877960 -0.010946914 0.998083472
1341845692.617836 0.006221293 -0.024122650 -0.015134542 0.016014418 -0.057820030 -0.011081950 0.998137057
1341845692.649770 0.006380360 -0.025580149 -0.016651204 0.015948486 -0.057914250 -0.010333983 0.998140633
1341845692.685749 0.006743078 -0.024330815 -0.016220737 0.016878182 -0.059001204 -0.010367325 0.998061419
1341845692.717676 0.008128585 -0.024123153 -0.014155490 0.017282367 -0.059536163 -0.011276168 0.998012781
1341845692.749897 0.007851640 -0.024011424 -0.013678095 0.017432841 -0.057997733 -0.010094976 0.998113394
1341845692.785833 0.008020250 -0.024110980 -0.014104955 0.018464183 -0.058742780 -0.010132046 0.998050928
1341845692.817657 0.008235340 -0.024110183 -0.014435156 0.019660657 -0.059710111 -0.014000612 0.997923911
1341845692.853833 0.006642919 -0.024554318 -0.016787179 0.019984681 -0.057335231 -0.015580993 0.998033285
1341845692.885614 0.006627090 -0.024485610 -0.016752707 0.021771645 -0.057309721 -0.015725255 0.997995138
1341845692.917728 0.006728680 -0.024543207 -0.016984366 0.022636356 -0.058010362 -0.016823232 0.997917473
1341845692.953573 0.006778073 -0.024573740 -0.017123437 0.023453081 -0.057381786 -0.017268904 0.997927368
1341845692.985667 0.008265004 -0.024213083 -0.014544420 0.025188770 -0.057612818 -0.017573627 0.997866452
1341845693.017585 0.008517744 -0.024213275 -0.014993320 0.025108863 -0.057908513 -0.017591909 0.997851014
1341845693.053684 0.008217738 -0.024180016 -0.014393291 0.025061369 -0.057056531 -0.017861614 0.997896492
1341845693.086059 0.008219542 -0.024194898 -0.014413525 0.026027936 -0.057114437 -0.016700754 0.997888565
1341845693.121690 0.008227321 -0.024171587 -0.014369118 0.026295725 -0.058293078 -0.014969684 0.997840881
1341845693.153852 0.008078346 -0.024089478 -0.014718116 0.025350671 -0.059217509 -0.015330651 0.997805357
1341845693.185655 0.008103411 -0.024101522 -0.014750902 0.024421623 -0.057394840 -0.016714120 0.997912824
1341845693.221687 0.006862883 -0.024540037 -0.016888101 0.024207903 -0.056305394 -0.013791589 0.998024762
1341845693.254518 0.008296739 -0.024144413 -0.014630807 0.025352905 -0.060155053 -0.011868197 0.997796476
1341845693.289735 0.008516478 -0.024183260 -0.014715927 0.025227088 -0.060560204 -0.013006481 0.997760892
1341845693.321741 0.008457866 -0.024196083 -0.014617955 0.024525164 -0.055826809 -0.013099686 0.998053253
1341845693.353715 0.006718891 -0.024570588 -0.016975489 0.024241231 -0.051521633 -0.011803027 0.998307824
1341845693.389830 0.008293108 -0.024143808 -0.014491205 0.025010614 -0.051526707 -0.011605151 0.998290956
1341845693.421993 0.008304696 -0.024155868 -0.014549194 0.025185565 -0.049472019 -0.012491223 0.998379767
1341845693.453700 0.008290843 -0.024174487 -0.014421661 0.025503615 -0.047741760 -0.014629781 0.998426914
1341845693.489783 0.008273619 -0.024178635 -0.014410009 0.026527397 -0.046325047 -0.015360299 0.998456001
1341845693.522084 0.008190432 -0.024134342 -0.013986273 0.028572025 -0.046975877 -0.014552703 0.998381257
1341845693.557666 0.008193571 -0.024145333 -0.014004298 0.030279318 -0.048428606 -0.015565876 0.998246193
1341845693.589792 0.008537901 -0.024187462 -0.014703524 0.031075994 -0.048981372 -0.016719220 0.998176098
1341845693.622158 0.008501588 -0.024187107 -0.014610142 0.031179095 -0.047956109 -0.017708087 0.998205602
1341845693.657659 0.008747606 -0.024117647 -0.014060130 0.030691018 -0.047291361 -0.016400186 0.998274803
1341845693.689929 0.008785546 -0.024086991 -0.014112539 0.030178852 -0.046763882 -0.016488055 0.998313844
1341845693.721602 0.009029695 -0.024129136 -0.014551309 0.027854567 -0.045403682 -0.017553076 0.998426020
1341845693.757636 0.008370311 -0.024082383 -0.014244547 0.026170544 -0.044296578 -0.017630817 0.998519897
1341845693.789776 0.008238025 -0.024081811 -0.014073461 0.025320619 -0.045192994 -0.016871240 0.998514771
1341845693.825637 0.008235623 -0.024104694 -0.014369494 0.023729201 -0.045596235 -0.016826702 0.998536289
1341845693.857724 0.008155908 -0.024135871 -0.014172046 0.022788778 -0.045425486 -0.016031234 0.998579085
1341845693.889741 0.008236019 -0.024131171 -0.014039649 0.023471208 -0.045361239 -0.014375304 0.998591423
1341845693.925573 0.008267790 -0.024138588 -0.014074702 0.022730075 -0.045006424 -0.013375846 0.998638511
1341845693.957722 0.008219540 -0.024142101 -0.013979419 0.023309940 -0.044551697 -0.012447121 0.998657525
1341845693.990410 0.008297694 -0.024133300 -0.014118681 0.024232171 -0.043602798 -0.012463495 0.998677254
1341845694.025740 0.007841227 -0.024214089 -0.014697676 0.024399737 -0.041763835 -0.013610023 0.998736799
1341845694.057728 0.007858064 -0.024227751 -0.014747883 0.025189346 -0.041045032 -0.013857421 0.998743594
1341845694.093631 0.008270515 -0.024140339 -0.014186664 0.026855338 -0.041286033 -0.013519519 0.998694897
1341845694.125598 0.008258292 -0.024132350 -0.014153587 0.028299794 -0.041503195 -0.013771934 0.998642564
1341845694.157890 0.008288338 -0.024139838 -0.014214687 0.028774155 -0.040849343 -0.014088781 0.998651564
1341845694.193528 0.005222844 -0.022734607 -0.014732970 0.030274656 -0.038921963 -0.015162265 0.998668432
1341845694.226254 0.005335270 -0.022745449 -0.014874615 0.031601477 -0.039107852 -0.015120703 0.998620689
1341845694.261793 0.005268724 -0.022741076 -0.014727127 0.032022450 -0.038581092 -0.014332616 0.998639405
1341845694.293655 0.008313919 -0.024134129 -0.014070127 0.032039169 -0.040332932 -0.011922716 0.998601317
1341845694.325844 0.008662884 -0.024147466 -0.013784141 0.033376321 -0.042141333 -0.009599307 0.998507857
1341845694.361761 0.008689288 -0.024145028 -0.013837355 0.034884993 -0.044517860 -0.007408955 0.998371840
1341845694.393754 0.007904415 -0.024225714 -0.014760878 0.035622437 -0.045949981 -0.007232712 0.998282194
1341845694.425809 0.007901448 -0.024227401 -0.014787995 0.035589255 -0.047374684 -0.007386709 0.998215675
1341845694.461731 0.003506416 -0.023280367 -0.015939534 0.035740085 -0.046578612 -0.007805448 0.998244524
1341845694.493931 0.003553389 -0.023274921 -0.016072087 0.034203183 -0.046471905 -0.009378044 0.998289824
1341845694.529694 0.007669010 -0.024207545 -0.014691910 0.032795809 -0.048055779 -0.010344633 0.998252511
1341845694.561652 0.007685705 -0.024229079 -0.014682620 0.032678112 -0.049208704 -0.010289255 0.998200774
1341845694.595586 0.007620636 -0.024255794 -0.014688648 0.033549454 -0.050512921 -0.009578837 0.998113751
1341845694.629850 0.006991630 -0.023912653 -0.013810382 0.035089735 -0.052185576 -0.008117358 0.997987688
1341845694.661659 0.007311412 -0.023807039 -0.013875173 0.036679607 -0.053013522 -0.007239634 0.997893631
1341845694.693720 0.006746681 -0.023168489 -0.017106883 0.036035351 -0.048929710 -0.006468363 0.998130977
1341845694.735664 0.007875874 -0.023586953 -0.016622907 0.033618931 -0.042162884 -0.005680655 0.998528779
1341845694.767988 0.006834318 -0.023033064 -0.015833329 0.032389391 -0.035882499 -0.004018110 0.998822927
1341845694.803611 0.006508670 -0.022945449 -0.016265158 0.030401129 -0.030364074 -0.002703397 0.999072790
1341845694.835585 0.007628629 -0.023582011 -0.015982024 0.029320898 -0.026401643 -0.001955039 0.999219418
1341845694.867728 0.007336024 -0.023286134 -0.017247507 0.028730651 -0.023709627 -0.001664997 0.999304533
1341845694.903566 0.007347926 -0.023333870 -0.015369157 0.026967973 -0.021704001 -0.000600394 0.999400437
1341845694.935679 0.008352076 -0.021752043 -0.010326117 0.028156770 -0.020566201 -0.000570533 0.999391735
1341845694.967669 0.008298115 -0.021732584 -0.010103186 0.028524656 -0.019354966 0.000576608 0.999405503
1341845695.003730 0.011426259 -0.018954327 -0.003749879 0.030678704 -0.018982360 -0.000260663 0.999348998
1341845695.035689 0.013183633 -0.018286159 -0.000735695 0.031523902 -0.016647028 0.000405231 0.999364257
1341845695.072465 0.011097990 -0.019244062 -0.005196100 0.030365037 -0.013693582 0.001540899 0.999443889
1341845695.103895 0.010146263 -0.019907800 -0.006390464 0.030227559 -0.014813168 0.002182366 0.999430895
1341845695.135680 0.009851049 -0.020510824 -0.006563699 0.030829204 -0.017630659 0.002429741 0.999366164
1341845695.172193 0.007864705 -0.023194116 -0.009637976 0.032154355 -0.022495097 0.004396349 0.999220073
1341845695.203618 0.008541193 -0.021872411 -0.008530178 0.035590295 -0.029844722 0.005020916 0.998908103
1341845695.235612 0.008236322 -0.021549065 -0.007092436 0.039730430 -0.037093561 0.005188785 0.998508215
1341845695.271738 0.007580664 -0.021761270 -0.008750083 0.042542253 -0.042630691 0.004294345 0.998175502
1341845695.303569 0.008987688 -0.020492606 -0.007079750 0.044994924 -0.047626399 0.001616462 0.997849941
1341845695.335657 0.008675198 -0.020513257 -0.007641953 0.045428067 -0.050581206 -0.000751102 0.997685969
1341845695.371706 0.007582649 -0.021815993 -0.009883003 0.044998277 -0.053334624 -0.002580789 0.997558951
1341845695.403745 0.007929387 -0.021983266 -0.009724193 0.045511808 -0.056686070 -0.004619996 0.997343481
1341845695.435657 0.008149757 -0.021771694 -0.009323555 0.047074214 -0.059961695 -0.005774521 0.997073352
1341845695.471720 0.007497187 -0.021664985 -0.010839905 0.048618723 -0.063744478 -0.005744908 0.996764719
1341845695.503710 0.007511309 -0.021559557 -0.011361705 0.048714750 -0.067190088 -0.006098151 0.996531546
1341845695.539693 0.007224231 -0.021823559 -0.011259668 0.048144747 -0.069568731 -0.007342586 0.996387661
1341845695.603908 0.007217143 -0.021854283 -0.011280252 0.048740380 -0.071873583 -0.010372518 0.996168137
1341845695.633744 0.008165112 -0.021576449 -0.011615830 0.048700985 -0.073759012 -0.011243287 0.996022820
1341845695.665980 0.007897623 -0.021611730 -0.011623603 0.048188061 -0.075120494 -0.011810102 0.995939434
1341845695.701693 0.007939995 -0.021461790 -0.011425644 0.048394654 -0.076305293 -0.011550213 0.995842397
1341845695.733686 0.008506726 -0.021113357 -0.011766082 0.048174478 -0.077222750 -0.010668013 0.995792150
1341845695.769679 0.008803084 -0.020995244 -0.012422842 0.047709640 -0.077756457 -0.009983565 0.995780110
1341845695.801697 0.008474533 -0.020730810 -0.012352394 0.046686210 -0.077057235 -0.010319673 0.995879531
1341845695.833635 0.008615757 -0.020691486 -0.012560649 0.045710195 -0.077152647 -0.009176996 0.995928645
1341845695.869766 0.008398175 -0.020784033 -0.012137265 0.045354176 -0.076732419 -0.008041827 0.995987177
1341845695.901827 0.008489342 -0.020735303 -0.012282825 0.044466853 -0.076589800 -0.007434815 0.996042907
1341845695.933900 0.007878557 -0.022189425 -0.013252351 0.041986782 -0.076272376 -0.006892538 0.996178746
1341845695.969774 0.008230635 -0.022735989 -0.012834312 0.040895801 -0.075680472 -0.005814022 0.996276140
1341845696.001940 0.008635926 -0.021948898 -0.012248997 0.040597010 -0.075132109 -0.005824370 0.996329844
1341845696.037778 0.008013950 -0.022364080 -0.013153546 0.039293509 -0.073810481 -0.004603863 0.996487260
1341845696.069962 0.007559389 -0.022471182 -0.013339243 0.038218867 -0.073957160 -0.001332343 0.996527910
1341845696.102048 0.008524751 -0.021921759 -0.012191589 0.038699806 -0.075328268 -0.000041985 0.996407509
1341845696.137759 0.008460594 -0.021912459 -0.012603385 0.038185354 -0.075682841 0.000569518 0.996400356
1341845696.169934 0.008520171 -0.021855075 -0.012267873 0.037186280 -0.075864315 0.000102293 0.996424496
1341845696.201602 0.008641480 -0.022104222 -0.012520423 0.036379345 -0.076114863 -0.000307603 0.996435165
1341845696.237582 0.008576763 -0.022183856 -0.012652314 0.034618322 -0.076042138 -0.001765044 0.996501923
1341845696.269654 0.008453196 -0.022377532 -0.012745831 0.033260781 -0.076672874 -0.002373926 0.996498585
1341845696.305713 0.008578424 -0.022401933 -0.012882091 0.032801427 -0.077614427 -0.001881258 0.996441960
1341845696.337790 0.008531675 -0.022171313 -0.012140584 0.032662682 -0.078134291 -0.000461712 0.996407509
1341845696.369780 0.008554455 -0.022119774 -0.012371944 0.032314543 -0.079001263 0.000271834 0.996350586
1341845696.406019 0.008681204 -0.022195449 -0.012654222 0.030991618 -0.079469927 0.000327418 0.996355355
1341845696.437910 0.008677584 -0.022117112 -0.012511815 0.029340373 -0.079478085 0.000448087 0.996404648
1341845696.473667 0.008563622 -0.022013744 -0.012471713 0.028076328 -0.078652158 -0.000339597 0.996506631
1341845696.505801 0.008407957 -0.022155296 -0.012760879 0.026144881 -0.077689573 -0.000151463 0.996634722
1341845696.537879 0.008449838 -0.022171842 -0.012793066 0.025437921 -0.077822566 0.001170282 0.996641934
1341845696.573790 0.008452952 -0.022291202 -0.012774901 0.025068013 -0.078578398 0.002207431 0.996590257
1341845696.611644 0.008504651 -0.022145621 -0.012670038 0.024941098 -0.079427429 0.002506088 0.996525407
1341845696.648592 0.006479969 -0.022076681 -0.015637709 0.024190409 -0.078807622 0.002491084 0.996593177
1341845696.679660 0.006322846 -0.021838823 -0.015811034 0.023379492 -0.078591809 0.002626839 0.996629238
1341845696.705640 0.006783040 -0.022154719 -0.014606605 0.021754177 -0.077894367 0.002351010 0.996721506
1341845696.741801 0.008241294 -0.021558721 -0.013364917 0.021616237 -0.077314951 0.002036105 0.996770263
1341845696.773765 0.007412616 -0.021287313 -0.014482397 0.021585550 -0.076033108 0.002908940 0.996867418
1341845696.805698 0.007070140 -0.021190027 -0.014646649 0.020261079 -0.075439595 0.003406129 0.996938705
1341845696.841908 0.007628925 -0.021521967 -0.013965316 0.019628838 -0.075525627 0.004804538 0.996939123
1341845696.873637 0.007693093 -0.021574074 -0.013747194 0.018615087 -0.074185051 0.004856401 0.997058928
1341845696.905693 0.005320880 -0.021218134 -0.016328365 0.017190091 -0.071904466 0.004746679 0.997252047
1341845696.941841 0.005259260 -0.021041049 -0.016449116 0.015968088 -0.071155049 0.005568864 0.997321904
1341845696.973560 0.005276328 -0.021169862 -0.016358821 0.015002350 -0.070890859 0.008025720 0.997338951
1341845697.009723 0.006306806 -0.020186065 -0.015424261 0.014820830 -0.071074523 0.008419794 0.997325361
1341845697.041678 0.007849125 -0.021073937 -0.013215902 0.013342499 -0.070804633 0.008089597 0.997368157
1341845697.073636 0.007987990 -0.021040199 -0.012198956 0.013599073 -0.069640942 0.007175144 0.997453630
1341845697.109770 0.007677773 -0.020943144 -0.013388208 0.013739390 -0.068717472 0.007154135 0.997515917
1341845697.141787 0.008180982 -0.020880826 -0.013113192 0.013255744 -0.068992689 0.006687125 0.997506678
1341845697.173791 0.008233916 -0.021163002 -0.012935272 0.013064938 -0.068652332 0.007302951 0.997528374
1341845697.209803 0.007658008 -0.020946929 -0.013536254 0.013399671 -0.068048470 0.007528951 0.997563601
1341845697.241685 0.007283203 -0.020799218 -0.014108066 0.013040238 -0.067292556 0.007490848 0.997619927
1341845697.277780 0.007763618 -0.020826489 -0.013225515 0.012678640 -0.067463376 0.008361354 0.997606158
1341845697.309575 0.007768180 -0.020873651 -0.014002949 0.012532158 -0.067790665 0.008655317 0.997583330
1341845697.342252 0.006948734 -0.021054024 -0.013227872 0.011968403 -0.067300878 0.008547253 0.997624338
1341845697.377604 0.007199814 -0.020815220 -0.013156603 0.012630451 -0.067735687 0.008192357 0.997589707
1341845697.409528 0.007178846 -0.020865830 -0.013370854 0.012514932 -0.067500018 0.007658278 0.997611403
1341845697.441666 0.007400625 -0.020936919 -0.012304594 0.012634883 -0.067459270 0.007661269 0.997612655
1341845697.477718 0.007601702 -0.021018388 -0.012342784 0.013541283 -0.067868575 0.007868153 0.997571349
1341845697.509822 0.007603429 -0.021075606 -0.012547994 0.013414123 -0.067696325 0.007301092 0.997589052
1341845697.545892 0.007495978 -0.021060681 -0.012667376 0.013414340 -0.068076007 0.007041275 0.997565091
1341845697.577742 0.007707864 -0.021126352 -0.012336423 0.013932329 -0.068914846 0.007940232 0.997493684
1341845697.609653 0.007778327 -0.021020051 -0.012500108 0.014036697 -0.069371678 0.008291789 0.997457683
1341845697.645769 0.008041929 -0.020915106 -0.012846023 0.013645692 -0.070111230 0.008408573 0.997410417
1341845697.677795 0.007649038 -0.020989571 -0.012269231 0.013371339 -0.069809727 0.008788917 0.997431993
1341845697.713520 0.007835154 -0.020922367 -0.012625586 0.012782413 -0.069581613 0.008257406 0.997460186
1341845697.745975 0.007518452 -0.020849995 -0.013033818 0.012402446 -0.069904648 0.009101579 0.997435033
1341845697.777683 0.007412802 -0.020887785 -0.012852301 0.012153799 -0.070152789 0.009016413 0.997421443
1341845697.813673 0.006807281 -0.019847134 -0.012710568 0.012069155 -0.069628276 0.008283627 0.997465611
1341845697.845793 0.006122075 -0.019955607 -0.013823472 0.010469407 -0.068602242 0.007760098 0.997558951
1341845697.877887 0.006403572 -0.020094290 -0.013677815 0.009661035 -0.069164567 0.008677202 0.997520745
1341845697.913637 0.006069251 -0.019852368 -0.013848383 0.009425541 -0.068960249 0.007999208 0.997542799
1341845697.945734 0.006356339 -0.020127200 -0.013485330 0.008466776 -0.068756789 0.006968580 0.997573197
1341845697.981763 0.005291654 -0.018702144 -0.014776013 0.009127661 -0.068409860 0.006157461 0.997596502
1341845698.013639 0.006046837 -0.020214261 -0.013499414 0.008403955 -0.068719007 0.006729230 0.997577965
1341845698.045700 0.006112532 -0.020397292 -0.014048580 0.008713977 -0.068816274 0.006467116 0.997570336
1341845698.081804 0.006355985 -0.020250319 -0.013744405 0.008621244 -0.069668114 0.006678705 0.997510612
1341845698.113733 0.006056759 -0.020423701 -0.014182546 0.008725612 -0.069916956 0.006278012 0.997494876
1341845698.145605 0.006243860 -0.020458726 -0.014191761 0.008961367 -0.070068285 0.005812534 0.997485042
1341845698.181637 0.005210112 -0.019992335 -0.015990397 0.009161456 -0.069585443 0.004823543 0.997522295
1341845698.213981 0.005689781 -0.020212380 -0.014466398 0.009385954 -0.070884608 0.005161507 0.997426987
1341845698.249641 0.005503647 -0.020192111 -0.015780661 0.009988033 -0.072032243 0.004709409 0.997341156
1341845698.281737 0.005467180 -0.019980479 -0.014964743 0.008901528 -0.071871661 0.003972290 0.997366250
1341845698.313940 0.006021040 -0.020423172 -0.014537199 0.008532676 -0.072391994 0.003594859 0.997333288
1341845698.349629 0.006059884 -0.020449450 -0.014646630 0.008803287 -0.072390825 0.003174755 0.997332454
1341845698.381667 0.005603708 -0.020233117 -0.015151966 0.008853607 -0.072898254 0.003204160 0.997294903
1341845698.413724 0.005880776 -0.020427978 -0.015612436 0.009169268 -0.074496388 0.003736283 0.997172117
1341845698.449543 0.005876404 -0.020478413 -0.015903322 0.009470844 -0.075956926 0.004191248 0.997057319
1341845698.481693 0.005858519 -0.020448979 -0.016331131 0.009323000 -0.077096663 0.004474721 0.996969998
1341845698.517644 0.005879098 -0.020512033 -0.016140996 0.009407967 -0.077728376 0.003440166 0.996924281
1341845698.549633 0.005878961 -0.020467624 -0.015956709 0.010111137 -0.078432731 0.001932026 0.996866226
1341845698.581773 0.005902992 -0.020470683 -0.015841894 0.010931365 -0.078995667 0.000589380 0.996814847
1341845698.617608 0.005898814 -0.020470796 -0.016008215 0.011114569 -0.079185754 -0.000282553 0.996797860
1341845698.649887 0.005928838 -0.020524958 -0.015672896 0.011645357 -0.079555146 0.000120417 0.996762455
1341845698.685838 0.006083718 -0.020053752 -0.015441387 0.013030353 -0.079867959 -0.000718724 0.996720016
1341845698.717744 0.005386308 -0.020042922 -0.017139399 0.012491516 -0.079183571 -0.001376058 0.996780813
1341845698.749680 0.004035953 -0.019538270 -0.017236542 0.011819131 -0.077937536 -0.001550655 0.996886969
1341845698.785826 0.004008151 -0.019548399 -0.017422747 0.011601984 -0.077771075 -0.001198150 0.996903002
1341845698.817603 0.004031185 -0.019524317 -0.017516438 0.010934879 -0.077931553 -0.001950565 0.996896803
1341845698.849705 0.005902410 -0.020446552 -0.016050784 0.010082471 -0.079164907 -0.000320163 0.996810496
1341845698.885714 0.005712945 -0.020420117 -0.016248059 0.009962275 -0.079282850 -0.000264636 0.996802390
1341845698.917723 0.005687160 -0.020358633 -0.016323445 0.009078025 -0.079055496 -0.000614645 0.996828735
1341845698.953706 0.005380137 -0.020358602 -0.016511433 0.008157725 -0.077792734 -0.001692338 0.996934772
1341845698.985694 0.005854004 -0.020483900 -0.016148247 0.007770422 -0.078255750 -0.000866881 0.996902645
1341845699.017571 0.005513803 -0.020446254 -0.016113523 0.006750119 -0.078238547 -0.000088238 0.996911824
1341845699.053593 0.004965623 -0.020078432 -0.017036268 0.005700802 -0.078480251 -0.000800674 0.996899009
1341845699.086340 0.004943495 -0.020093530 -0.017429814 0.003992160 -0.078215756 -0.001108183 0.996927857
1341845699.117688 0.004943037 -0.019903697 -0.016610196 0.002278183 -0.078114167 -0.001629492 0.996940434
1341845699.153695 0.004427664 -0.019674927 -0.017095219 0.000784060 -0.077407837 -0.002260323 0.996996641
1341845699.185845 0.004418424 -0.019464519 -0.016842490 0.000034535 -0.076991484 -0.002876651 0.997027576
1341845699.221973 0.004251366 -0.019483173 -0.016858837 -0.001263380 -0.076284342 -0.003278590 0.997079909
1341845699.253571 0.004284402 -0.019631924 -0.016923374 -0.001456422 -0.076941490 -0.002227512 0.997032046
1341845699.285622 0.004417411 -0.019667901 -0.017048201 -0.000563497 -0.078253783 -0.001788453 0.996931672
1341845699.321906 0.004453567 -0.019648636 -0.017173709 0.000092768 -0.079145394 -0.000357682 0.996863008
1341845699.354916 0.004409146 -0.019856453 -0.017603584 -0.000063685 -0.079838917 0.000116089 0.996807754
1341845699.385859 0.004626029 -0.019831738 -0.017385140 0.000179236 -0.080088072 -0.000475532 0.996787667
1341845699.421535 0.004411610 -0.019744299 -0.017144583 0.000854485 -0.079172716 -0.001507988 0.996859372
1341845699.454093 0.004454807 -0.019691318 -0.017159106 0.000745710 -0.078422740 -0.002793196 0.996915996
1341845699.489836 0.004051950 -0.019780211 -0.018171793 0.000323450 -0.077488199 -0.003402543 0.996987402
1341845699.522001 0.004047807 -0.019842641 -0.018163264 0.000712477 -0.078337483 -0.002136152 0.996924341
1341845699.556281 0.004237583 -0.019907648 -0.018201670 0.001469851 -0.078817911 -0.001355806 0.996887028
1341845699.595416 0.004750657 -0.019763328 -0.017112024 0.001923469 -0.078882128 -0.001372149 0.996881127
1341845699.628631 0.004616655 -0.019825445 -0.017253164 0.001553599 -0.077577017 -0.002329637 0.996982455
1341845699.663810 0.004551984 -0.019739531 -0.016897688 0.001579780 -0.076741368 -0.001832778 0.997048080
1341845699.696113 0.004651313 -0.019567806 -0.016562248 0.002537244 -0.076583937 -0.000566922 0.997059762
1341845699.727683 0.004616291 -0.019091021 -0.017966393 0.001488339 -0.076401986 -0.001029193 0.997075438
1341845699.763748 0.004790758 -0.019750046 -0.016801771 -0.000747335 -0.075946800 -0.000529823 0.997111440
1341845699.789808 0.004857332 -0.019634444 -0.017236631 -0.000636859 -0.075196050 -0.000952296 0.997168124
1341845699.821737 0.003824516 -0.019134954 -0.017798575 -0.000682581 -0.073476523 -0.002443555 0.997293711
1341845699.857825 0.003955163 -0.018956015 -0.018159300 -0.000652452 -0.074066736 -0.002394801 0.997250199
1341845699.889686 0.004703855 -0.018650586 -0.016884878 -0.000332379 -0.074757680 -0.002351401 0.997198880
1341845699.925749 0.004769387 -0.018739613 -0.016591253 0.000064807 -0.074276358 -0.002603319 0.997234285
1341845699.957536 0.004713456 -0.018707033 -0.016597446 0.000784981 -0.073855713 -0.001927612 0.997266769
1341845699.989671 0.004727836 -0.018691760 -0.016581882 0.001893416 -0.074403182 -0.000720095 0.997226179
1341845700.025810 0.005401586 -0.019136611 -0.015741434 0.003008905 -0.075157084 0.000252882 0.997167110
1341845700.058133 0.005420048 -0.019131307 -0.015837099 0.003610735 -0.074686833 -0.001133269 0.997199833
1341845700.090754 0.005512157 -0.019378262 -0.016239736 0.003644220 -0.074267313 -0.001646325 0.997230351
1341845700.125852 0.005495528 -0.019380875 -0.016233636 0.003760968 -0.074367851 -0.001968776 0.997221828
1341845700.157773 0.005462832 -0.019385295 -0.016185943 0.004274345 -0.074312612 -0.002359319 0.997223020
1341845700.193533 0.005520550 -0.019369518 -0.016262470 0.004537342 -0.073506519 -0.002601753 0.997281015
1341845700.225771 0.005537581 -0.019367054 -0.016293922 0.004572139 -0.072770320 -0.002891131 0.997334063
1341845700.257669 0.005485755 -0.019378752 -0.016217947 0.004709563 -0.072186850 -0.002028561 0.997377932
1341845700.293641 0.005464749 -0.019371925 -0.016208742 0.004708216 -0.071750194 -0.000987699 0.997411013
1341845700.325714 0.005496832 -0.019297747 -0.016059171 0.004942413 -0.071955830 -0.000805877 0.997395277
1341845700.357742 0.005553805 -0.019281864 -0.016127788 0.004991134 -0.071495153 -0.001316626 0.997427583
1341845700.393681 0.005481781 -0.019260988 -0.016075747 0.004580092 -0.070267998 -0.002236335 0.997515142
1341845700.425997 0.005451181 -0.019284634 -0.016052717 0.004144098 -0.069772936 -0.003251894 0.997548997
1341845700.461682 0.005376447 -0.019390533 -0.016135707 0.004065204 -0.069621876 -0.003560544 0.997558773
1341845700.493808 0.005422004 -0.019313669 -0.015944656 0.003936715 -0.069563679 -0.003583918 0.997563303
1341845700.526106 0.005200068 -0.019289985 -0.015451815 0.003525724 -0.069351733 -0.003203028 0.997580886
1341845700.562458 0.005367036 -0.019329891 -0.015789535 0.003215160 -0.069236726 -0.002607286 0.997591674
1341845700.594110 0.005416077 -0.019193511 -0.015970515 0.003046672 -0.069500156 -0.002303278 0.997574627
1341845700.626137 0.005423196 -0.019181095 -0.016089464 0.002991568 -0.069509536 -0.002622720 0.997573376
1341845700.661872 0.005398812 -0.019152099 -0.016019102 0.002714939 -0.068470076 -0.003848658 0.997642040
1341845700.693861 0.005366465 -0.019226864 -0.015834067 0.002148405 -0.068171620 -0.004222818 0.997662365
1341845700.732394 0.005298357 -0.019219005 -0.015775224 0.002258953 -0.069088191 -0.003247944 0.997602701
1341845700.767794 0.005296826 -0.019175891 -0.015755171 0.002791298 -0.069114327 -0.002868435 0.997600734
1341845700.799058 0.005079202 -0.019108275 -0.016023388 0.003110717 -0.068750195 -0.002892654 0.997624874
1341845700.829639 0.005277531 -0.018953174 -0.015663331 0.003425462 -0.068858452 -0.003723340 0.997613609
1341845700.867749 0.005761512 -0.018607842 -0.014479876 0.003572259 -0.068863280 -0.003962788 0.997611821
1341845700.897703 0.005311708 -0.019152852 -0.015305622 0.003504490 -0.068598457 -0.002993164 0.997633696
1341845700.930007 0.005222215 -0.019241089 -0.015567431 0.004143109 -0.069305144 -0.003205459 0.997581720
1341845700.961797 0.005329097 -0.019231115 -0.015828248 0.004082500 -0.069089316 -0.004609108 0.997591436
1341845700.997752 0.005112722 -0.019276723 -0.015614035 0.003915639 -0.068958044 -0.004987252 0.997599423
1341845701.029597 0.005230711 -0.019214282 -0.015801940 0.004194955 -0.069623731 -0.004944171 0.997552216
1341845701.061618 0.005148232 -0.019273596 -0.015528024 0.004356163 -0.069804527 -0.004863338 0.997539341
1341845701.097561 0.005120611 -0.019260885 -0.015525030 0.004682248 -0.070064217 -0.005470714 0.997516513
1341845701.129741 0.005189523 -0.019227922 -0.015638515 0.004681387 -0.069709390 -0.004907040 0.997544289
1341845701.165734 0.005125235 -0.019244663 -0.015553624 0.004446618 -0.069642514 -0.004903979 0.997550011
1341845701.197714 0.005137000 -0.019208636 -0.015515803 0.005186789 -0.070127152 -0.004662903 0.997513711
1341845701.230497 0.005288547 -0.019179946 -0.015944256 0.005311778 -0.070500940 -0.004986828 0.997485101
1341845701.265852 0.005292362 -0.019216049 -0.015755309 0.005511030 -0.070889510 -0.004924690 0.997456789
1341845701.297730 0.005323180 -0.019218981 -0.015783206 0.006545170 -0.071740299 -0.005024539 0.997389197
1341845701.329611 0.005317579 -0.019225014 -0.015794300 0.006441300 -0.071383812 -0.005614797 0.997412324
1341845701.365791 0.005141431 -0.019222977 -0.015429080 0.005951765 -0.070948377 -0.005915688 0.997444689
1341845701.397757 0.004946413 -0.019096488 -0.015513729 0.005645905 -0.070693254 -0.006582764 0.997460425
1341845701.433542 0.005056902 -0.019025814 -0.015173391 0.005320292 -0.070344970 -0.005420754 0.997493804
1341845701.465617 0.004857207 -0.019092368 -0.015041070 0.005474799 -0.070315160 -0.004159654 0.997501135
1341845701.497704 0.005030645 -0.019237593 -0.015261103 0.005077463 -0.070552185 -0.003778273 0.997488022
1341845701.533597 0.005232980 -0.019193878 -0.015671209 0.004711071 -0.070769973 -0.003761634 0.997474432
1341845701.565815 0.005091888 -0.018961767 -0.015737237 0.004728889 -0.069701970 -0.004897590 0.997544646
1341845701.597762 0.005356980 -0.018934119 -0.016192211 0.004682153 -0.069699556 -0.005424992 0.997542322
1341845701.633825 0.005398408 -0.018849673 -0.016323846 0.005556256 -0.069985591 -0.005332266 0.997518301
1341845701.665709 0.005481445 -0.018924691 -0.016517045 0.005826837 -0.069759309 -0.005088518 0.997533858
1341845701.701676 0.005537361 -0.019192575 -0.016424449 0.006672018 -0.069665186 -0.005242410 0.997534335
1341845701.733527 0.005503607 -0.019209452 -0.016341988 0.006995685 -0.069580607 -0.005319693 0.997537613
1341845701.765764 0.004979808 -0.018793976 -0.015798023 0.007303034 -0.069018088 -0.005741691 0.997572124
1341845701.801701 0.004900255 -0.018791921 -0.015660916 0.007232895 -0.068793267 -0.005697547 0.997588456
1341845701.833700 0.004852995 -0.018852206 -0.015610021 0.007340054 -0.068589345 -0.005469627 0.997602999
1341845701.865775 0.004965512 -0.018810749 -0.015789954 0.007647289 -0.068835922 -0.004794495 0.997587144
1341845701.901711 0.004915506 -0.018744541 -0.015541485 0.007517093 -0.068348564 -0.005155845 0.997619867
1341845701.933585 0.004910585 -0.018736398 -0.015558613 0.007285742 -0.067946084 -0.005556901 0.997646928
1341845701.969726 0.004959975 -0.018755371 -0.015710743 0.006880380 -0.068089128 -0.005213955 0.997641921
1341845702.002544 0.004917142 -0.018775886 -0.015675480 0.006954918 -0.067526154 -0.005271116 0.997679353
1341845702.034379 0.004885609 -0.018764136 -0.015463393 0.007125454 -0.067542866 -0.005688476 0.997674704
1341845702.070436 0.004922775 -0.018768631 -0.015528550 0.007344448 -0.067610651 -0.006533904 0.997663379
1341845702.101809 0.004925491 -0.018705266 -0.015552987 0.007911949 -0.068105683 -0.006505251 0.997625530
1341845702.137663 0.004855306 -0.018714765 -0.015397591 0.008106353 -0.068645835 -0.006471656 0.997587204
1341845702.169629 0.005033594 -0.018909169 -0.015597766 0.008526099 -0.068987139 -0.007643289 0.997551799
1341845702.201769 0.005066962 -0.018893149 -0.015686426 0.008665070 -0.068383113 -0.007859275 0.997590542
1341845702.237691 0.004971467 -0.018907510 -0.015532731 0.008822199 -0.067952044 -0.008034716 0.997617245
1341845702.269760 0.004942298 -0.018939968 -0.015476469 0.009020945 -0.067871213 -0.008092747 0.997620463
1341845702.301761 0.004921730 -0.018940927 -0.015394850 0.009247670 -0.067636371 -0.008742815 0.997628868
1341845702.337713 0.004907267 -0.018947229 -0.015383764 0.008927419 -0.067140937 -0.009523734 0.997658074
1341845702.369720 0.004867020 -0.018917844 -0.015306965 0.008874057 -0.067689769 -0.008709420 0.997628927
1341845702.405655 0.004901270 -0.018957669 -0.015350291 0.008724009 -0.067580365 -0.008787617 0.997636974
1341845702.437629 0.004308984 -0.018808682 -0.014306073 0.008458409 -0.066599727 -0.008086330 0.997711182
1341845702.469691 0.004433583 -0.018951185 -0.014307473 0.008753895 -0.066414088 -0.007785555 0.997723341
1341845702.506265 0.004260796 -0.018907936 -0.013842943 0.008946219 -0.066540487 -0.007994049 0.997711599
1341845702.537648 0.004179840 -0.018941654 -0.013873286 0.008727603 -0.066751286 -0.006944535 0.997707307
1341845702.569753 0.003858040 -0.018915806 -0.013047358 0.008672857 -0.066775911 -0.005693172 0.997714102
1341845702.605685 0.004245089 -0.018878808 -0.013926421 0.008264461 -0.066837728 -0.006074927 0.997711122
1341845702.637718 0.004137272 -0.018969301 -0.013991880 0.007596566 -0.066679455 -0.006706719 0.997722983
1341845702.673733 0.004100868 -0.018991260 -0.013928881 0.007410631 -0.066537000 -0.006856347 0.997732878
1341845702.705735 0.004105370 -0.018987728 -0.013885209 0.007019449 -0.065877147 -0.007468021 0.997775078
1341845702.737648 0.004244740 -0.018927107 -0.013834601 0.006132421 -0.065132610 -0.009209548 0.997815311
1341845702.773644 0.004421888 -0.018905504 -0.014727606 0.004250612 -0.064533286 -0.010721295 0.997848928
1341845702.805893 0.004498180 -0.018954018 -0.014767485 0.003101641 -0.063882411 -0.011136272 0.997890472
1341845702.837969 0.004056657 -0.017927593 -0.015586229 0.002374356 -0.062920988 -0.011679332 0.997947335
1341845702.874009 0.004791201 -0.018890858 -0.015480124 0.000198696 -0.062354870 -0.011877894 0.997983336
1341845702.908704 0.004199946 -0.017932309 -0.015766455 0.000301954 -0.062126338 -0.011942641 0.997996747
1341845702.941673 0.003623439 -0.017929012 -0.014616652 0.001169748 -0.062190235 -0.009948551 0.998014033
1341845702.973595 0.003419440 -0.017983323 -0.014064263 0.003061108 -0.063544765 -0.008370718 0.997939169
1341845703.005769 0.004073860 -0.018991146 -0.013871464 0.004322825 -0.065237775 -0.006854169 0.997836828
1341845703.041648 0.003387069 -0.018445868 -0.013279952 0.005796054 -0.065574765 -0.007397631 0.997803390
1341845703.073714 0.002624393 -0.016784858 -0.014463672 0.005741431 -0.064886712 -0.008939890 0.997836053
1341845703.109699 0.002011600 -0.016436603 -0.015454574 0.003493516 -0.062472511 -0.010695913 0.997983277
1341845703.142006 0.002646793 -0.017002899 -0.014625756 0.002142745 -0.061554294 -0.012123045 0.998027802
1341845703.173706 0.003160526 -0.017056771 -0.014410691 0.000753889 -0.061429296 -0.012102731 0.998037755
1341845703.209732 0.003197175 -0.017555527 -0.014275231 0.000246609 -0.061583377 -0.011622674 0.998034239
1341845703.242050 0.003100703 -0.018141558 -0.013598437 0.001045401 -0.061822571 -0.011479919 0.998020589
1341845703.273874 0.002291031 -0.018526444 -0.014580306 0.001579207 -0.061898094 -0.010791192 0.998022914
1341845703.309758 0.002837161 -0.018064169 -0.014329758 0.002672231 -0.063178614 -0.010135456 0.997947216
1341845703.341850 0.003131468 -0.018536389 -0.013278984 0.002825292 -0.063323915 -0.009661883 0.997942269
1341845703.377702 0.003398546 -0.018476235 -0.013941471 0.003553725 -0.062654287 -0.010253469 0.997976303
1341845703.409585 0.002807069 -0.018663870 -0.014334574 0.003790512 -0.062381245 -0.011107806 0.997983396
1341845703.441629 0.002328540 -0.018022126 -0.014655295 0.003880094 -0.062264983 -0.012438380 0.997974575
1341845703.477741 0.002629805 -0.018514382 -0.014296298 0.003583793 -0.062559992 -0.012552139 0.997955859
1341845703.509995 0.002557808 -0.018778702 -0.014000728 0.003852097 -0.062411897 -0.012604772 0.997963428
1341845703.541800 0.002696756 -0.018834790 -0.013998789 0.004549202 -0.062380839 -0.013176763 0.997955024
1341845703.577765 0.002613893 -0.018679349 -0.014149114 0.004822051 -0.062363021 -0.013764123 0.997946978
1341845703.609650 0.002105511 -0.018461911 -0.014149247 0.005400207 -0.062220227 -0.014141148 0.997947633
1341845703.651761 0.002544940 -0.018712021 -0.013937143 0.005503888 -0.063101821 -0.013987935 0.997893870
1341845703.677758 0.002407667 -0.018656295 -0.014872731 0.005787995 -0.063864022 -0.013125817 0.997855484
1341845703.709916 0.002518728 -0.018344078 -0.014151617 0.005775913 -0.064107925 -0.014149450 0.997825921
1341845703.745719 0.002513984 -0.017980585 -0.014320639 0.004776894 -0.063749082 -0.014995858 0.997841835
1341845703.777733 0.002414629 -0.018174047 -0.013834780 0.003235406 -0.062618852 -0.015550412 0.997911096
1341845703.809711 0.002292816 -0.018203316 -0.013732590 0.002928633 -0.062126793 -0.015148881 0.997948945
1341845703.845769 0.002236267 -0.018196397 -0.013759659 0.003011322 -0.062299114 -0.014987336 0.997940421
1341845703.877728 0.002425582 -0.018063737 -0.014113396 0.002998604 -0.062303875 -0.015210879 0.997936785
1341845703.913808 0.002388923 -0.018169615 -0.013854572 0.002444604 -0.062045325 -0.014815828 0.997960329
1341845703.945653 0.002280851 -0.018167287 -0.013864473 0.002603853 -0.061585873 -0.015347718 0.997980356
1341845703.977870 0.002434148 -0.018006124 -0.014209229 0.003270594 -0.061399247 -0.015734894 0.997983873
1341845704.013637 0.002288725 -0.018170917 -0.013828470 0.004058409 -0.061613817 -0.015443752 0.997972310
1341845704.045703 0.002395970 -0.018051747 -0.014044568 0.005089030 -0.062028568 -0.015013703 0.997948468
1341845704.077666 0.002580442 -0.018202962 -0.013892371 0.005606586 -0.062151097 -0.014535417 0.997945130
1341845704.113706 0.002450580 -0.018078918 -0.014033351 0.005430427 -0.061692968 -0.014292142 0.997978032
1341845704.145681 0.002492178 -0.018059505 -0.014055159 0.004930793 -0.061528567 -0.014998712 0.997980416
1341845704.181785 0.002978723 -0.018419897 -0.013217197 0.004469853 -0.061514866 -0.015654642 0.997973382
1341845704.213778 0.002749358 -0.018522112 -0.013247998 0.004225340 -0.061292257 -0.014926002 0.997999310
1341845704.245863 0.002724819 -0.018036213 -0.013440612 0.004624648 -0.061101716 -0.015009277 0.998007953
1341845704.281578 0.003172878 -0.018941164 -0.013662905 0.003692258 -0.061036594 -0.014511391 0.998023212
1341845704.313707 0.002643340 -0.018672705 -0.014304901 0.002900373 -0.059981178 -0.013893182 0.998098612
1341845704.349873 0.003265259 -0.018117905 -0.013956332 0.002440350 -0.058792215 -0.014043334 0.998168468
1341845704.381729 0.002445510 -0.018836988 -0.014108174 0.001136444 -0.056446571 -0.014118837 0.998305142
1341845704.413817 0.003179748 -0.018089494 -0.014037837 0.001758503 -0.055096168 -0.013361165 0.998390079
1341845704.449837 0.003068188 -0.018305765 -0.014310991 0.001552236 -0.053871274 -0.013520991 0.998455107
1341845704.481600 0.003159634 -0.018495234 -0.014156662 0.000302644 -0.052130837 -0.013997898 0.998542130
1341845704.513671 0.003707805 -0.018330429 -0.012449708 0.001769128 -0.052196216 -0.012728229 0.998554170
1341845704.549869 0.003567045 -0.018704377 -0.012245894 0.005950740 -0.053227089 -0.009278712 0.998521626
1341845704.581901 0.003467131 -0.018692691 -0.012698750 0.010034673 -0.055251110 -0.008205988 0.998388350
1341845704.617838 0.003411044 -0.018563796 -0.012730970 0.011888797 -0.055961449 -0.009427117 0.998317599
1341845704.650477 0.003449322 -0.018507155 -0.013241091 0.012530016 -0.055928756 -0.011091080 0.998294532
1341845704.681708 0.005373477 -0.017683705 -0.010741154 0.014139108 -0.057651516 -0.011781096 0.998167098
1341845704.717704 0.005342919 -0.018070787 -0.011104772 0.015063073 -0.058937997 -0.011748290 0.998078883
1341845704.749702 0.005190998 -0.017783780 -0.011740484 0.015377361 -0.059003815 -0.013380291 0.998049617
1341845704.781791 0.005282843 -0.017750777 -0.011328361 0.014632224 -0.058589619 -0.015731359 0.998050988
1341845704.817744 0.005362032 -0.017761325 -0.010655480 0.015418495 -0.059370361 -0.015637029 0.997994423
1341845704.849705 0.005326200 -0.017723911 -0.011256591 0.016968012 -0.061264019 -0.016463270 0.997841537
1341845704.885675 0.003616641 -0.018379264 -0.013052171 0.016641542 -0.061388280 -0.016235918 0.997843146
1341845704.917742 0.003475458 -0.018484002 -0.013432141 0.015823837 -0.061814521 -0.016909776 0.997818947
1341845704.949746 0.003454633 -0.018453984 -0.013581499 0.015206235 -0.062159043 -0.017516613 0.997796655
1341845704.985761 0.003371975 -0.018375782 -0.013952769 0.014357746 -0.062537923 -0.018158671 0.997774065
1341845705.017537 0.003368947 -0.018263355 -0.013897854 0.013795042 -0.062759817 -0.019314250 0.997746408
1341845705.049660 0.003151098 -0.018294647 -0.013885615 0.012977105 -0.063279495 -0.020006098 0.997710884
1341845705.085710 0.003193639 -0.018326711 -0.013805750 0.012623455 -0.063958824 -0.020370098 0.997664750
1341845705.117831 0.003183153 -0.018293383 -0.013892550 0.012529481 -0.064758413 -0.020907909 0.997603238
1341845705.154005 0.003293063 -0.018293671 -0.014053447 0.011110970 -0.064670227 -0.021206494 0.997619450
1341845705.185648 0.003114122 -0.018314598 -0.013817986 0.010460042 -0.064145759 -0.021219637 0.997660100
1341845705.217695 0.003805938 -0.018225059 -0.013766291 0.010375217 -0.064324886 -0.021188207 0.997650087
1341845705.253735 0.003665010 -0.018314894 -0.014468169 0.009650724 -0.063652888 -0.021357356 0.997696877
1341845705.285554 0.003803826 -0.018677536 -0.014193541 0.009299518 -0.063965000 -0.020587565 0.997696400
1341845705.321646 0.003630831 -0.018889802 -0.014350917 0.009551866 -0.064241953 -0.019782139 0.997692525
1341845705.353674 0.004200197 -0.018434361 -0.013840120 0.010044378 -0.065136313 -0.018827379 0.997648180
1341845705.385774 0.003983394 -0.018469999 -0.013920995 0.010545424 -0.065039381 -0.019160660 0.997642994
1341845705.421801 0.004720685 -0.018368421 -0.012402824 0.011772794 -0.065120235 -0.019523436 0.997616947
1341845705.453568 0.004794293 -0.018281428 -0.012117951 0.014098932 -0.065516137 -0.018907517 0.997572720
1341845705.485749 0.004556261 -0.018371198 -0.013005697 0.015760839 -0.066449910 -0.017361766 0.997514188
1341845705.521655 0.004227030 -0.018713148 -0.013419035 0.017093673 -0.066730507 -0.017119616 0.997477710
1341845705.553548 0.004566675 -0.018572384 -0.013118586 0.017665226 -0.067084074 -0.016338645 0.997457147
1341845705.589775 0.004119185 -0.018807057 -0.013879653 0.017112123 -0.066356279 -0.016895279 0.997506201
1341845705.621894 0.004100285 -0.018729446 -0.014311782 0.017301228 -0.066599436 -0.016167456 0.997498751
1341845705.653569 0.003884806 -0.019285239 -0.015192784 0.016908607 -0.069157258 -0.014801257 0.997352600
1341845705.689868 0.003710826 -0.019237792 -0.015174283 0.017510761 -0.070043936 -0.015425933 0.997270882
1341845705.721810 0.004051555 -0.018915446 -0.014694647 0.017534332 -0.069417842 -0.015786938 0.997308612
1341845705.753738 0.003758165 -0.019067829 -0.014921578 0.017355029 -0.068490185 -0.016539518 0.997363687
1341845705.789861 0.003853985 -0.019130602 -0.014875147 0.017268358 -0.067298554 -0.016141521 0.997452855
1341845705.821704 0.003750199 -0.019133070 -0.013678011 0.017136546 -0.066911064 -0.016248498 0.997479439
1341845705.863629 0.003796621 -0.019076185 -0.013590341 0.017724978 -0.068005703 -0.016495284 0.997391045
1341845705.895623 0.003846981 -0.019166419 -0.013359455 0.019502435 -0.069736682 -0.014279068 0.997272551
1341845705.931726 0.003407259 -0.019338235 -0.014037523 0.020735346 -0.071811847 -0.011524261 0.997136056
1341845705.963641 0.003295550 -0.019164111 -0.014557822 0.020515276 -0.073743850 -0.014462378 0.996961296
1341845705.995677 0.003791633 -0.017970083 -0.013864974 0.019763250 -0.073178686 -0.020094253 0.996920526
1341845706.031837 0.003637488 -0.017566374 -0.013282327 0.017511338 -0.071006522 -0.021431968 0.997091830
1341845706.063631 0.003115650 -0.018756274 -0.013683018 0.016037889 -0.071659431 -0.019663269 0.997106373
1341845706.095737 0.003431502 -0.018513521 -0.012808051 0.016286215 -0.073423192 -0.020687548 0.996953249
1341845706.131716 0.002153147 -0.019195437 -0.013733373 0.014553516 -0.071828067 -0.022132391 0.997065246
1341845706.163718 0.002979986 -0.019393368 -0.011682423 0.014132353 -0.071316674 -0.021075372 0.997130871
1341845706.195662 0.001892847 -0.019442620 -0.013397166 0.014745847 -0.070986904 -0.020428391 0.997159004
1341845706.231610 0.002364921 -0.019114997 -0.012444803 0.013719833 -0.070466377 -0.020189378 0.997215450
1341845706.263724 0.002027695 -0.019123187 -0.012501111 0.012406777 -0.068188347 -0.018684486 0.997420311
1341845706.299838 0.001544550 -0.018165814 -0.013492998 0.012335983 -0.067969315 -0.019221224 0.997425973
1341845706.331753 0.002218793 -0.018204130 -0.012750681 0.011743958 -0.069004066 -0.019662581 0.997353435
1341845706.363574 0.002146940 -0.018093986 -0.012457443 0.011527728 -0.068772718 -0.019301351 0.997379005
1341845706.399690 0.002783224 -0.017723594 -0.011503067 0.011887230 -0.069270320 -0.018742280 0.997350991
1341845706.431735 0.001852822 -0.018120348 -0.012410758 0.011856629 -0.068489440 -0.018814361 0.997403979
1341845706.463612 0.002681833 -0.017823886 -0.010774895 0.012167515 -0.067906350 -0.017694842 0.997460544
1341845706.499655 0.002694964 -0.017863601 -0.010860255 0.013032973 -0.068792842 -0.015934464 0.997418523
1341845706.531782 0.003374594 -0.017587937 -0.009822398 0.013875012 -0.069827802 -0.016945984 0.997318566
1341845706.563559 0.004322467 -0.017785477 -0.008375062 0.014089298 -0.068059281 -0.017318046 0.997431457
1341845706.599529 0.003784572 -0.018332696 -0.008992407 0.014720500 -0.066495754 -0.015818436 0.997552693
1341845706.631786 0.002521907 -0.018567817 -0.010800594 0.016362477 -0.066839486 -0.016692735 0.997489929
1341845706.667647 0.002771817 -0.018546861 -0.010519476 0.017089894 -0.065583341 -0.015844038 0.997574925
1341845706.700732 0.003171710 -0.018503912 -0.010082943 0.017315449 -0.063764736 -0.015995078 0.997686505
1341845706.732115 0.003201080 -0.018224193 -0.009999096 0.018276205 -0.063424148 -0.015997369 0.997691035
1341845706.768143 0.002886076 -0.018589105 -0.010527767 0.018659547 -0.062308498 -0.012739412 0.997801185
1341845706.800357 0.003307204 -0.018239312 -0.009835230 0.019553443 -0.062346075 -0.012337181 0.997786760
1341845706.832602 0.003131931 -0.018301165 -0.010522234 0.019460743 -0.062345449 -0.012641491 0.997784793
1341845706.869449 0.003199898 -0.018337784 -0.010601072 0.018654544 -0.062079269 -0.013510507 0.997805417
1341845706.904495 0.003152950 -0.018324152 -0.010572839 0.017796904 -0.062842011 -0.012503801 0.997786462
1341845706.933651 0.003266532 -0.018246733 -0.010815998 0.018200949 -0.062729083 -0.011515222 0.997798145
1341845706.964608 0.003159725 -0.018296363 -0.010603053 0.017754929 -0.062384110 -0.011902647 0.997823298
1341845706.994021 0.003321087 -0.018466435 -0.010445109 0.016468707 -0.062350303 -0.009686564 0.997871459
1341845707.029674 0.004522834 -0.018814709 -0.008168067 0.017193442 -0.063530244 -0.008565171 0.997795045
1341845707.061864 0.003518842 -0.018390400 -0.010648384 0.017898103 -0.062381748 -0.008640885 0.997854412
1341845707.097704 0.003641317 -0.019414179 -0.010197753 0.017605677 -0.060827624 -0.006145103 0.997974098
1341845707.129770 0.003527375 -0.019031560 -0.009271664 0.020338099 -0.061052769 -0.006041176 0.997909009
1341845707.161817 0.004448735 -0.018677892 -0.008122054 0.022952907 -0.062129214 -0.005963035 0.997786343
1341845707.197721 0.003293081 -0.019129168 -0.010255369 0.023367321 -0.059814535 -0.005072496 0.997923076
1341845707.229795 0.002767924 -0.018797481 -0.011524398 0.024657819 -0.058593344 -0.006990406 0.997952878
1341845707.261851 0.002979303 -0.019430175 -0.011586181 0.024502987 -0.058422532 -0.005091793 0.997978210
1341845707.297710 0.002710637 -0.019338530 -0.011975239 0.024376228 -0.057226881 -0.005396875 0.998048961
1341845707.329761 0.002971116 -0.019017482 -0.011291571 0.024317175 -0.055717263 -0.006834661 0.998126984
1341845707.365850 0.003043944 -0.019147925 -0.011058978 0.024970943 -0.053984798 -0.005025542 0.998216808
1341845707.397796 0.003390896 -0.019550288 -0.010725602 0.026033670 -0.054527126 -0.002392288 0.998170018
1341845707.429752 0.003371958 -0.019410066 -0.010237377 0.027052933 -0.053901199 -0.001297518 0.998178899
1341845707.465767 0.003072376 -0.019268302 -0.010899880 0.028215609 -0.051909465 -0.002043452 0.998251021
1341845707.497642 0.003076089 -0.019443838 -0.010968296 0.028596980 -0.050075915 -0.001662058 0.998334527
1341845707.533665 0.003221816 -0.019547755 -0.011246502 0.029638892 -0.048972145 -0.001389149 0.998359323
1341845707.565754 0.003091441 -0.019474750 -0.011040287 0.030444663 -0.046493284 -0.001079835 0.998453975
1341845707.597603 0.003375270 -0.019642886 -0.011060140 0.030802593 -0.044496194 -0.000984630 0.998534083
1341845707.633748 0.002774409 -0.019231997 -0.011396890 0.031330086 -0.044275068 -0.000238983 0.998527944
1341845707.665870 0.003139307 -0.019988162 -0.010556048 0.031259216 -0.044436000 0.002151927 0.998520732
1341845707.698455 0.003232440 -0.020147890 -0.010571378 0.030453036 -0.043393601 0.001041457 0.998593271
1341845707.734303 0.003194189 -0.019356113 -0.010763566 0.030487189 -0.043166310 -0.001060283 0.998602033
1341845707.766259 0.003655718 -0.019701649 -0.009796520 0.030486476 -0.043639302 -0.000659370 0.998581886
1341845707.801730 0.003007463 -0.019680034 -0.011372553 0.031660706 -0.043177862 0.000570557 0.998565435
1341845707.836344 0.002862004 -0.019825898 -0.010743984 0.031997018 -0.043069050 -0.000578960 0.998559415
1341845707.866230 0.003014934 -0.019760210 -0.011095826 0.031752303 -0.044133767 -0.000574788 0.998520732
1341845707.901694 0.003044910 -0.019539833 -0.010733395 0.031404044 -0.044291500 0.000555218 0.998524785
1341845707.933640 0.003065770 -0.020535266 -0.010710860 0.031290025 -0.044846263 0.000936861 0.998503327
1341845707.965831 0.003315060 -0.019784229 -0.010414923 0.032105725 -0.044779323 -0.000352037 0.998480797
1341845708.001954 0.003389369 -0.020108223 -0.009641248 0.031663239 -0.044200111 0.000880494 0.998520374
1341845708.034393 0.003626736 -0.020495160 -0.009303684 0.031874388 -0.045225807 0.000103423 0.998468161
1341845708.069946 0.002360932 -0.020459739 -0.011207292 0.031416230 -0.044660248 -0.000229308 0.998508096
1341845708.101700 0.003540643 -0.021014545 -0.009214836 0.030781509 -0.045276977 0.000529653 0.998499990
1341845708.133697 0.002814116 -0.020828627 -0.009973422 0.031314593 -0.045941584 -0.000526061 0.998453081
1341845708.169675 0.003161798 -0.020735802 -0.009077729 0.031342395 -0.046553753 -0.001009883 0.998423457
1341845708.201793 0.003129535 -0.021017745 -0.009737025 0.030853989 -0.046247184 -0.001016538 0.998452902
1341845708.233744 0.002982106 -0.020741442 -0.009657408 0.031416934 -0.047144383 -0.001624069 0.998392582
1341845708.269711 0.002773544 -0.021138545 -0.010576977 0.031770676 -0.047764957 -0.001300232 0.998352349
1341845708.301629 0.002582132 -0.020909898 -0.011453649 0.032098688 -0.047955465 -0.002598356 0.998330235
1341845708.337612 0.002419168 -0.020663550 -0.011713596 0.031597063 -0.047560845 -0.004918132 0.998356342
1341845708.369900 0.002888280 -0.020726580 -0.011227981 0.031122556 -0.047767531 -0.004889136 0.998361528
1341845708.401883 0.003665009 -0.020993540 -0.008957696 0.031331744 -0.049019292 -0.004320100 0.998296916
1341845708.443610 0.002805037 -0.020765984 -0.011003387 0.031541903 -0.048486255 -0.005409628 0.998311043
1341845708.470492 0.002925029 -0.020830097 -0.011010015 0.030762950 -0.049141966 -0.004277951 0.998308778
1341845708.501776 0.003785938 -0.021179888 -0.010064034 0.030695096 -0.050641567 -0.003250476 0.998239756
1341845708.543852 0.003266081 -0.020715583 -0.010998982 0.031305242 -0.052102949 -0.003295381 0.998145521
1341845708.569583 0.003493954 -0.020672817 -0.011313466 0.030998852 -0.053325377 -0.005469641 0.998080909
1341845708.605675 0.003339869 -0.021042900 -0.011696761 0.030024374 -0.053354342 -0.005764595 0.998107553
1341845708.637641 0.002582624 -0.020540895 -0.012600196 0.030379957 -0.055259071 -0.006744062 0.997986972
1341845708.669692 0.002788358 -0.020050813 -0.011781382 0.030640623 -0.056877814 -0.008852544 0.997871578
1341845708.705736 0.002891813 -0.020185348 -0.012185331 0.029359588 -0.056660134 -0.008659215 0.997924149
1341845708.738027 0.002562190 -0.020484766 -0.012482689 0.028927537 -0.057488259 -0.008800547 0.997888207
1341845708.773829 0.002715500 -0.019888056 -0.012059825 0.029306442 -0.059712589 -0.010747778 0.997727454
1341845708.805763 0.002380980 -0.020032961 -0.013105207 0.028229510 -0.059497207 -0.010988924 0.997768700
1341845708.838653 0.002329180 -0.020114280 -0.012802286 0.028050955 -0.060293321 -0.012645571 0.997706354
1341845708.873912 0.002799035 -0.020183217 -0.011588538 0.027727662 -0.061670024 -0.012126208 0.997637689
1341845708.905735 0.002899626 -0.020849206 -0.012168505 0.027035145 -0.061960146 -0.013700902 0.997618318
1341845708.938426 0.002878175 -0.020869471 -0.012101609 0.026910352 -0.062785715 -0.015317419 0.997546554
1341845708.973642 0.002929152 -0.020883210 -0.012136725 0.026991380 -0.064033344 -0.014196400 0.997481644
1341845709.005742 0.002635383 -0.020197460 -0.012295693 0.026902573 -0.064685337 -0.015238217 0.997426629
1341845709.041686 0.002623367 -0.020188261 -0.012036616 0.026840653 -0.065057188 -0.016337732 0.997386694
1341845709.073656 0.002892558 -0.020784028 -0.012279476 0.026333654 -0.066077240 -0.017179769 0.997318983
1341845709.105658 0.002816050 -0.020809790 -0.012106638 0.026085656 -0.066761360 -0.018524881 0.997255862
1341845709.141741 0.002778605 -0.020153634 -0.012217009 0.026148776 -0.068188526 -0.018199667 0.997163653
1341845709.173646 0.002826596 -0.020130951 -0.012287187 0.025673000 -0.068116777 -0.017422959 0.997194767
1341845709.205765 0.001893464 -0.020118149 -0.013581006 0.025284931 -0.067744225 -0.019426160 0.997193098
1341845709.241765 0.001821278 -0.019889701 -0.013357422 0.024586845 -0.067442186 -0.019118385 0.997236967
1341845709.273754 0.002088830 -0.020264266 -0.013159370 0.024055168 -0.067295663 -0.018385850 0.997273564
1341845709.309890 0.001956248 -0.020214915 -0.013107618 0.024033707 -0.067363776 -0.017358935 0.997287929
1341845709.341728 0.002438015 -0.020199373 -0.012898415 0.023465656 -0.067995466 -0.016762072 0.997268736
1341845709.373776 0.005092931 -0.017792966 -0.011260556 0.023570323 -0.069355682 -0.017831847 0.997154057
1341845709.409657 0.005116255 -0.017684286 -0.011400804 0.021712298 -0.069392927 -0.016827779 0.997211099
1341845709.442072 0.002351617 -0.020181555 -0.013104279 0.017987588 -0.068477109 -0.013105812 0.997404397
1341845709.473660 0.002357338 -0.020164641 -0.013112947 0.016394464 -0.068878680 -0.012319687 0.997414231
1341845709.509632 0.002149155 -0.020112090 -0.013526403 0.014301441 -0.068522833 -0.011603851 0.997479558
1341845709.541673 0.001759076 -0.020388952 -0.014439431 0.012151491 -0.069583006 -0.011828243 0.997431993
1341845709.578645 0.001745068 -0.020243242 -0.014759380 0.011797641 -0.070967518 -0.012994220 0.997324228
1341845709.609672 0.002096239 -0.020002032 -0.013560914 0.011158836 -0.072313227 -0.013086863 0.997233689
1341845709.642057 0.001823651 -0.020344926 -0.014494255 0.010852416 -0.073402777 -0.012488506 0.997165143
1341845709.677625 0.001663824 -0.020166004 -0.014391718 0.010118935 -0.074108392 -0.012263049 0.997123420
1341845709.709730 0.001606701 -0.020155702 -0.014740049 0.009760924 -0.074169420 -0.014158064 0.997097373
1341845709.745593 0.001594033 -0.020153778 -0.014727796 0.009100066 -0.074191868 -0.013539826 0.997110546
1341845709.777709 0.001617171 -0.020151859 -0.014732211 0.008609588 -0.074718371 -0.012362359 0.997090876
1341845709.809687 0.001657365 -0.020120556 -0.014823508 0.008846000 -0.074868873 -0.013564213 0.997061908
1341845709.845686 0.001662810 -0.020123456 -0.014816056 0.008702549 -0.072792217 -0.015627593 0.997186720
1341845709.878752 0.001665958 -0.020111144 -0.014855788 0.008686042 -0.070998944 -0.017024515 0.997293293
1341845709.909693 0.001588964 -0.020160012 -0.014669574 0.009731271 -0.070560083 -0.016191613 0.997328639
1341845709.945663 0.001563712 -0.020171907 -0.014644714 0.011482440 -0.071795180 -0.015005291 0.997240424
1341845709.977698 0.001873204 -0.020285791 -0.014683273 0.012838354 -0.072177932 -0.014996116 0.997196376
1341845710.013739 0.001897337 -0.020254320 -0.014753583 0.013576841 -0.071293376 -0.016016403 0.997234404
1341845710.045754 0.001887087 -0.020279214 -0.014707902 0.014207420 -0.070842281 -0.016188560 0.997254968
1341845710.077705 0.001826390 -0.020325260 -0.014588024 0.014228060 -0.071305178 -0.016593527 0.997215033
1341845710.113730 0.001928068 -0.020249404 -0.014779549 0.014347041 -0.071042053 -0.016645761 0.997231245
1341845710.145759 0.001854564 -0.020312145 -0.014611360 0.014442404 -0.071212061 -0.016472438 0.997220576
1341845710.177824 0.001589012 -0.020146837 -0.014677502 0.014978405 -0.071732350 -0.015730623 0.997187376
1341845710.213581 0.001849777 -0.020312482 -0.014610750 0.015271178 -0.071915992 -0.016362786 0.997159541
1341845710.245636 0.001840381 -0.020311059 -0.014562417 0.016305780 -0.072279625 -0.016490180 0.997114778
1341845710.281582 0.001846245 -0.020323075 -0.014525040 0.018396541 -0.074204572 -0.018260723 0.996906102
1341845710.313617 0.004703538 -0.018021263 -0.011882938 0.019784838 -0.075793363 -0.018558063 0.996754467
1341845710.345643 0.004662371 -0.018037550 -0.011819487 0.019872122 -0.075291984 -0.017577806 0.996808529
1341845710.381860 0.004683264 -0.018044664 -0.011829859 0.020896038 -0.076191373 -0.017849874 0.996714413
1341845710.413817 0.004671718 -0.018037427 -0.011833490 0.020987842 -0.076255247 -0.017511645 0.996713579
1341845710.445824 0.004660656 -0.018054690 -0.011807978 0.020232864 -0.075565338 -0.016603634 0.996797264
1341845710.481794 0.004711052 -0.018033611 -0.011854234 0.020385506 -0.076739065 -0.017016836 0.996697545
1341845710.513650 0.001961207 -0.020743635 -0.014824265 0.018805917 -0.075110868 -0.016120048 0.996867537
1341845710.549635 0.001959691 -0.020731892 -0.014819634 0.019664396 -0.075423375 -0.015750574 0.996833265
1341845710.581654 0.004670179 -0.018025048 -0.011822689 0.022030640 -0.077193506 -0.016100569 0.996642649
1341845710.613694 0.001980465 -0.020726340 -0.014860885 0.020403061 -0.075259559 -0.014193621 0.996854186
1341845710.649564 0.001955626 -0.020725245 -0.014815086 0.021085719 -0.075123593 -0.014216023 0.996849895
1341845710.681648 0.001987980 -0.020718360 -0.014890029 0.021691320 -0.075242020 -0.014210777 0.996828020
1341845710.713728 0.001988285 -0.020699529 -0.014915057 0.021882050 -0.074436009 -0.014016849 0.996887147
1341845710.749785 0.001961185 -0.020721046 -0.014848585 0.022176582 -0.073855437 -0.013571362 0.996930003
1341845710.781816 0.004725226 -0.017970586 -0.011929265 0.024360135 -0.075324111 -0.014259665 0.996759474
1341845710.817567 0.005402631 -0.017583586 -0.011135854 0.024613628 -0.075219721 -0.015274304 0.996746123
1341845710.850205 0.005369684 -0.017629368 -0.011085768 0.024006557 -0.074258663 -0.013990887 0.996851861
1341845710.882136 0.005287514 -0.017727481 -0.010823253 0.023898143 -0.074861206 -0.013498502 0.996816158
1341845710.917631 0.005287803 -0.017725548 -0.010857710 0.023761978 -0.074643992 -0.014147965 0.996826708
1341845710.950281 0.005269388 -0.017733285 -0.010786913 0.023590360 -0.073631257 -0.013994245 0.996908247
1341845710.985647 0.005264177 -0.017724687 -0.010761859 0.025133261 -0.074797973 -0.012851005 0.996799111
1341845711.017722 0.005415885 -0.017596269 -0.011162217 0.026414592 -0.076068617 -0.014980247 0.996640086
1341845711.049965 0.005482328 -0.017530691 -0.011331154 0.024911916 -0.074363448 -0.016350385 0.996785879
1341845711.085583 0.005322080 -0.017674414 -0.010964864 0.024099659 -0.071733303 -0.015959023 0.997004926
1341845711.117670 0.005258887 -0.017715918 -0.010801187 0.024873443 -0.073248349 -0.015430417 0.996884108
1341845711.149770 0.005171754 -0.017696630 -0.011455752 0.024726165 -0.073185228 -0.014653195 0.996904135
1341845711.191691 0.005122987 -0.017775515 -0.011283264 0.023669671 -0.071467541 -0.015088584 0.997047901
1341845711.218829 0.005002888 -0.017868049 -0.011007349 0.024381341 -0.071894355 -0.014966640 0.997001886
1341845711.253627 0.005115375 -0.017765846 -0.011283171 0.024725495 -0.074157618 -0.014931734 0.996828139
1341845711.285627 0.005157479 -0.017713666 -0.011442479 0.023728203 -0.074057937 -0.015130227 0.996856809
1341845711.317874 0.005195655 -0.017708525 -0.011473501 0.023035873 -0.073311254 -0.016431548 0.996907651
1341845711.353756 0.005397794 -0.017628497 -0.011134805 0.021594290 -0.072676279 -0.017773913 0.996963382
1341845711.385687 0.005386920 -0.017624874 -0.011130115 0.020024953 -0.070628293 -0.018270157 0.997134328
1341845711.417635 0.005396258 -0.017608551 -0.011071292 0.020001739 -0.070639871 -0.016965926 0.997157037
1341845711.453809 0.005344592 -0.017648673 -0.010943859 0.021398926 -0.072156154 -0.016377201 0.997029245
1341845711.485895 0.005381852 -0.017594589 -0.011083888 0.021839652 -0.072946727 -0.015497123 0.996976256
1341845711.521704 0.005364873 -0.017602993 -0.011058977 0.022301299 -0.071995139 -0.014571793 0.997049153
1341845711.553696 0.005388111 -0.017613009 -0.011114758 0.022778178 -0.071702957 -0.015050547 0.997052312
1341845711.585708 0.005377332 -0.017630538 -0.011130291 0.021561621 -0.070796810 -0.016000254 0.997129321
1341845711.621659 0.005371341 -0.017609619 -0.011091949 0.021217316 -0.069481611 -0.015737323 0.997233391
1341845711.653731 0.005354088 -0.017655307 -0.011013901 0.021477170 -0.070171781 -0.015679963 0.997180402
1341845711.685758 0.005301574 -0.017678306 -0.010962239 0.021354889 -0.069977179 -0.014537530 0.997214019
1341845711.721850 0.005341711 -0.017627304 -0.011035387 0.021861641 -0.069838345 -0.013868516 0.997222304
1341845711.754323 0.005352461 -0.017633472 -0.011031890 0.022172833 -0.070904851 -0.012820013 0.997154236
1341845711.789716 0.005377170 -0.017606044 -0.011120784 0.022349350 -0.071515374 -0.013076694 0.997103333
1341845711.821820 0.005389742 -0.017593902 -0.011120128 0.022703279 -0.071572065 -0.013190251 0.997089744
1341845711.854173 0.005347128 -0.017646007 -0.011012943 0.022981599 -0.071125507 -0.014132023 0.997102439
1341845711.889875 0.005341507 -0.017629974 -0.011074451 0.022139380 -0.069342308 -0.014878898 0.997236252
1341845711.923959 0.005356777 -0.017631687 -0.011092831 0.021251924 -0.067519337 -0.015262756 0.997374833
1341845711.957595 0.005352644 -0.017665064 -0.011032459 0.020499418 -0.067451179 -0.017019931 0.997366726
1341845711.989820 0.005310926 -0.017663032 -0.011017265 0.019706605 -0.066140398 -0.017766939 0.997457504
1341845712.021796 0.005286442 -0.017682958 -0.010947450 0.019023698 -0.065533265 -0.015777186 0.997544229
1341845712.057899 0.005335380 -0.017686991 -0.010993930 0.018599927 -0.066307262 -0.015892066 0.997499287
1341845712.090038 0.005369734 -0.017668793 -0.011121860 0.017404521 -0.064815640 -0.019498099 0.997554898
1341845712.127587 0.005270812 -0.017724553 -0.010963784 0.015891481 -0.062675737 -0.018948395 0.997727513
1341845712.164065 0.005239615 -0.017736608 -0.010773547 0.016670190 -0.065212078 -0.015624858 0.997609794
1341845712.195638 0.005333646 -0.017673489 -0.010996915 0.018287813 -0.067862093 -0.016572120 0.997389436
1341845712.225662 0.005383290 -0.017643010 -0.011183877 0.017113935 -0.066226907 -0.018342441 0.997489154
1341845712.257830 0.005323372 -0.017681705 -0.011043757 0.016580740 -0.064258337 -0.019275511 0.997609317
1341845712.289935 0.005349772 -0.017651791 -0.011044390 0.016972415 -0.065249912 -0.018243907 0.997557759
