1341845688.629688 -0.022872714 0.000940580 0.000197443 0.002709130 0.002018376 0.007156530 0.999968708
1341845688.663680 -0.023052543 0.000867272 -0.000310546 0.004550315 -0.003475280 0.012894571 0.999900460
1341845688.697719 -0.022836916 0.000667780 0.000034238 0.007954869 -0.009442703 0.018800918 0.999747038
1341845688.729899 -0.023755968 0.000949487 -0.002213353 0.012262825 -0.015379830 0.022507090 0.999553144
1341845688.761762 -0.023760360 0.000942997 -0.002200498 0.014237237 -0.018141482 0.022392930 0.999483228
1341845688.797687 -0.015595172 0.005199890 -0.003245840 0.017247858 -0.021333573 0.020975478 0.999403536
1341845688.829892 -0.025240572 0.001398265 -0.005281325 0.015101589 -0.014420434 0.019368825 0.999594331
1341845688.865774 -0.025805388 0.001341159 -0.007011287 0.014575381 -0.014080721 0.019661563 0.999601305
1341845688.898025 -0.024225999 0.008661179 -0.007030644 0.018658904 -0.017816322 0.020481963 0.999457300
1341845688.929779 -0.024803421 0.008560809 -0.009331987 0.018005153 -0.021690641 0.020959316 0.999382794
1341845688.965631 -0.027978836 0.002085123 -0.011947803 0.014644889 -0.022847690 0.020634709 0.999418676
1341845688.997750 -0.028464096 0.002454641 -0.013131913 0.013159300 -0.022129791 0.016544653 0.999531567
1341845689.029751 -0.027694263 0.019898674 -0.012395786 0.016759764 -0.019931620 0.008243996 0.999626875
1341845689.065755 -0.029107327 0.021468408 -0.013774602 0.013480633 -0.017468702 0.005256402 0.999742687
1341845689.097725 -0.025897289 0.009386788 -0.017471297 0.004295654 -0.018032191 0.008403767 0.999792874
1341845689.133718 -0.026061906 0.010027865 -0.017338259 0.002074281 -0.016877398 0.010933644 0.999795616
1341845689.165884 -0.034895819 0.025321383 -0.017182341 0.006235604 -0.012502206 0.012890814 0.999819338
1341845689.198264 -0.034281787 0.025890270 -0.017635765 0.002837803 -0.012629305 0.015833989 0.999790847
1341845689.234322 -0.030312104 0.012101583 -0.018820463 -0.005730626 -0.012981831 0.018186275 0.999733925
1341845689.265745 -0.035688214 0.025318142 -0.017872317 -0.000966015 -0.010709564 0.019898888 0.999744177
1341845689.297769 -0.030285617 0.031066271 -0.010530186 0.000801912 -0.013804681 0.021911755 0.999664247
1341845689.333650 -0.035026412 0.025789661 -0.017056502 -0.003410893 -0.010320320 0.020559752 0.999729514
1341845689.365881 -0.036089499 0.025810039 -0.017279280 -0.002908932 -0.009485651 0.020301010 0.999744654
1341845689.401592 -0.031528160 0.029384479 -0.011684078 0.000382466 -0.012718003 0.021514194 0.999687552
1341845689.433744 -0.031480361 0.029844420 -0.011675154 0.001257103 -0.013615764 0.021203578 0.999681652
1341845689.465651 -0.031090828 0.028913213 -0.010921796 0.003755202 -0.015476648 0.022323882 0.999623954
1341845689.501840 -0.032806858 0.025250854 -0.012952742 0.005615036 -0.017579436 0.018311678 0.999661982
1341845689.533687 -0.029901231 0.027102580 -0.012276731 0.008390518 -0.020987349 0.015373873 0.999626338
1341845689.565814 -0.031060893 0.025849463 -0.011563092 0.010211022 -0.020173421 0.011796482 0.999674737
1341845689.601682 -0.033641092 0.022455825 -0.014167646 0.011348985 -0.020502985 0.008383284 0.999690235
1341845689.633591 -0.033946436 0.025381107 -0.013783192 0.014835848 -0.023180623 0.003463306 0.999615192
1341845689.669672 -0.039183445 0.022686725 -0.020938506 0.013980376 -0.022528455 0.001220536 0.999647677
1341845689.701700 -0.034535389 0.025350912 -0.016191803 0.016623473 -0.027053630 0.001699444 0.999494314
1341845689.733773 -0.043745156 0.022261564 -0.023651198 0.014736283 -0.025544858 -0.001055293 0.999564469
1341845689.769822 -0.035034779 0.027231261 -0.015585355 0.017909246 -0.031334575 -0.000987139 0.999347985
1341845689.802003 -0.037490677 0.024931222 -0.018052472 0.016861646 -0.031758074 -0.002210028 0.999350905
1341845689.833757 -0.038344614 0.022801714 -0.018861821 0.016760254 -0.034238439 -0.003787664 0.999265969
1341845689.869861 -0.036215641 0.025978038 -0.016816426 0.019166756 -0.037459947 -0.004816704 0.999102712
1341845689.901825 -0.036490895 0.026007889 -0.017148314 0.019383872 -0.038855750 -0.004159040 0.999048173
1341845689.937674 -0.038332228 0.025378004 -0.017300025 0.020052502 -0.040438525 -0.004499867 0.998970628
1341845689.969679 -0.037952371 0.026131105 -0.017557442 0.020428659 -0.041939128 -0.004163797 0.998902619
1341845690.003830 -0.038653139 0.026119806 -0.017870884 0.020091655 -0.041571289 -0.004672856 0.998922586
1341845690.037686 -0.036736216 0.025139930 -0.016809825 0.019874617 -0.042879608 -0.005600184 0.998866856
1341845690.069636 -0.034834046 0.027608525 -0.015799768 0.021398595 -0.043545876 -0.005299875 0.998808146
1341845690.106587 -0.040771622 0.027067225 -0.021057257 0.020660752 -0.041009184 -0.006106548 0.998926461
1341845690.138859 -0.041828282 0.026498703 -0.022604354 0.020040147 -0.041102737 -0.006832395 0.998930573
1341845690.169919 -0.038843442 0.026891494 -0.019871885 0.020571589 -0.041838448 -0.005889445 0.998895228
1341845690.206103 -0.043190606 0.027804518 -0.024011483 0.020139078 -0.039887041 -0.006126692 0.998982430
1341845690.237700 -0.035368886 0.028214755 -0.017539663 0.020382144 -0.044220857 -0.004375745 0.998804271
1341845690.269981 -0.043955646 0.025046820 -0.023979176 0.019067841 -0.041477464 -0.006521334 0.998936176
1341845690.306143 -0.044270605 0.026492253 -0.024115395 0.020058073 -0.042432323 -0.008235699 0.998863995
1341845690.338646 -0.040389553 0.029320758 -0.022259938 0.020611506 -0.044201110 -0.007714999 0.998780191
1341845690.373833 -0.040365849 0.027773606 -0.022753512 0.018875223 -0.044567294 -0.007227473 0.998801887
1341845690.405976 -0.037901472 0.027707867 -0.020951858 0.018976003 -0.045978371 -0.008142927 0.998728991
1341845690.437908 -0.039596967 0.027924526 -0.022038598 0.019172456 -0.044671744 -0.008465147 0.998781860
1341845690.473654 -0.041329522 0.027105127 -0.022445124 0.018888911 -0.044598278 -0.006832281 0.998803020
1341845690.505978 -0.038946323 0.027778778 -0.021114513 0.019857047 -0.047379326 -0.007324500 0.998652697
1341845690.537884 -0.038064003 0.029303471 -0.021216566 0.020644452 -0.047714438 -0.009053433 0.998606622
1341845690.573708 -0.038887579 0.029418439 -0.021357233 0.019893683 -0.045888796 -0.008855660 0.998709142
1341845690.605848 -0.041290592 0.026758749 -0.021570299 0.018697239 -0.044361174 -0.007265727 0.998814166
1341845690.641747 -0.038737420 0.026998490 -0.020836944 0.019667890 -0.046180639 -0.007580277 0.998710692
1341845690.673751 -0.037366617 0.028794119 -0.019472256 0.020522663 -0.045823865 -0.008217333 0.998704910
1341845690.706003 -0.037192650 0.027441945 -0.019344389 0.020156931 -0.044779107 -0.008051869 0.998761058
1341845690.741684 -0.037068091 0.028754439 -0.019279735 0.021669993 -0.044298068 -0.008899081 0.998743653
1341845690.773770 -0.035770960 0.028760998 -0.018633252 0.021872897 -0.044192646 -0.008249117 0.998749495
1341845690.805715 -0.035975870 0.028933240 -0.018479256 0.022457786 -0.043097053 -0.007714482 0.998788655
1341845690.841674 -0.035628125 0.027917562 -0.018681176 0.022086738 -0.042539157 -0.007657492 0.998821259
1341845690.873770 -0.035882428 0.028782517 -0.018446542 0.022180479 -0.041571833 -0.007938381 0.998857737
1341845690.909837 -0.035285860 0.028539510 -0.018095005 0.021705726 -0.041034725 -0.006735633 0.998899221
1341845690.941576 -0.035375290 0.029069027 -0.017309584 0.021876765 -0.040936455 -0.006948910 0.998898029
1341845690.973879 -0.034990866 0.028111659 -0.017398681 0.021429548 -0.040597156 -0.006924239 0.998921752
1341845691.011558 -0.034372136 0.029650904 -0.017563466 0.021944448 -0.040093970 -0.005905326 0.998937488
1341845691.041642 -0.034843974 0.028917722 -0.016585626 0.021682855 -0.039555486 -0.005505090 0.998966932
1341845691.077986 -0.034355491 0.030279169 -0.016433613 0.022789268 -0.040022574 -0.007086639 0.998913705
1341845691.109685 -0.032729525 0.029721783 -0.015834890 0.023146838 -0.040199637 -0.007213296 0.998897493
1341845691.141759 -0.033757091 0.029393954 -0.016480509 0.023473641 -0.038560778 -0.006849254 0.998957038
1341845691.177729 -0.034254152 0.029163387 -0.017029455 0.024074279 -0.038589541 -0.007911051 0.998933792
1341845691.209644 -0.033239871 0.030154452 -0.017926535 0.024510233 -0.039275371 -0.009436049 0.998883188
1341845691.241757 -0.031736024 0.030195022 -0.016592313 0.024445185 -0.038599674 -0.009756258 0.998908043
1341845691.277595 -0.033966374 0.027933400 -0.017624158 0.024360066 -0.037813228 -0.008447859 0.998952150
1341845691.310138 -0.035004780 0.029329557 -0.018113593 0.025374031 -0.039243620 -0.009828368 0.998859107
1341845691.345620 -0.030448874 0.030148346 -0.016132338 0.025621368 -0.040621720 -0.011030038 0.998785138
1341845691.378062 -0.030407339 0.029554803 -0.015968923 0.025859056 -0.038448513 -0.011893569 0.998855114
1341845691.451922 -0.026943399 0.029770037 -0.013254465 0.026594426 -0.039856337 -0.011789694 0.998781860
1341845691.478799 -0.026187310 0.028929444 -0.012325271 0.025082862 -0.038891889 -0.010935827 0.998868704
1341845691.509739 -0.031338722 0.029196706 -0.016565165 0.025341524 -0.036031675 -0.013384946 0.998939633
1341845691.545833 -0.031406753 0.031100225 -0.018048143 0.026425837 -0.036298804 -0.015479251 0.998871565
1341845691.578399 -0.028959334 0.031182945 -0.016285656 0.025435248 -0.036105286 -0.017594140 0.998869300
1341845691.613857 -0.025543172 0.030567439 -0.013929377 0.025433164 -0.034521177 -0.021252638 0.998854220
1341845691.645632 -0.027809240 0.030005265 -0.014368049 0.026402531 -0.030334843 -0.024597730 0.998888195
1341845691.677793 -0.030836521 0.029487537 -0.016599106 0.026986877 -0.029114300 -0.022571925 0.998956740
1341845691.713727 -0.031489499 0.030501524 -0.016251948 0.027885960 -0.030463289 -0.020423263 0.998938084
1341845691.746050 -0.027526019 0.031401064 -0.015186077 0.028729910 -0.032315135 -0.021432832 0.998834789
1341845691.778411 -0.027627960 0.033982765 -0.015732918 0.028564885 -0.029506439 -0.023167470 0.998887718
1341845691.813646 -0.029521391 0.031523898 -0.015305108 0.026216194 -0.027565444 -0.021636363 0.999041855
1341845691.845603 -0.029845865 0.030685795 -0.015457549 0.026014326 -0.028622163 -0.020518752 0.999041021
1341845691.881595 -0.028708525 0.032038298 -0.014091381 0.026940534 -0.029898288 -0.022521062 0.998935997
1341845691.913600 -0.028898504 0.032364599 -0.014880567 0.027055897 -0.028900001 -0.021980649 0.998974264
1341845691.945997 -0.031185163 0.031180592 -0.016829748 0.027229227 -0.028774170 -0.018786687 0.999038398
1341845691.981657 -0.033339921 0.028060913 -0.017191952 0.027713597 -0.032412365 -0.016783928 0.998949289
1341845692.013904 -0.029461550 0.030430978 -0.015596411 0.030775780 -0.038120035 -0.015397294 0.998680472
1341845692.049676 -0.027304327 0.031685468 -0.014533713 0.031839818 -0.039782993 -0.014575338 0.998594582
1341845692.081862 -0.028118355 0.030635208 -0.015576568 0.031957798 -0.040341821 -0.013607888 0.998582006
1341845692.113695 -0.028602216 0.031621784 -0.015438626 0.032803580 -0.041096885 -0.014933143 0.998504877
1341845692.149736 -0.027426729 0.031742938 -0.013630445 0.032625981 -0.040630411 -0.015891451 0.998515010
1341845692.182123 -0.027973488 0.031731512 -0.013607474 0.033676241 -0.039666511 -0.015021501 0.998532355
1341845692.213661 -0.027205305 0.029707871 -0.017169170 0.033499107 -0.040604152 -0.013941737 0.998516262
1341845692.249828 -0.024185285 0.031569768 -0.016139081 0.034157529 -0.041926235 -0.013859088 0.998440504
1341845692.282146 -0.026915697 0.029778043 -0.016965296 0.032670505 -0.039721351 -0.014607841 0.998569727
1341845692.317711 -0.027793331 0.028951490 -0.018377431 0.032225262 -0.039950237 -0.014528814 0.998576224
1341845692.349688 -0.026822895 0.028625436 -0.017510060 0.032651003 -0.041666016 -0.014686082 0.998489976
1341845692.381560 -0.022432359 0.027112110 -0.015075692 0.033252664 -0.043648642 -0.016024219 0.998364806
1341845692.417776 -0.022568975 0.026959315 -0.016608380 0.034024663 -0.043115247 -0.016519438 0.998353899
1341845692.449672 -0.022409460 0.026755095 -0.016475419 0.034689195 -0.043398969 -0.017542461 0.998301268
1341845692.481594 -0.022301435 0.025894783 -0.016995128 0.035232581 -0.043848366 -0.017850347 0.998257160
1341845692.517778 -0.021827083 0.026198423 -0.016533867 0.036621518 -0.044380721 -0.018549420 0.998170912
1341845692.549744 -0.022320138 0.026400125 -0.016897414 0.038143516 -0.043966983 -0.019066041 0.998122454
1341845692.585822 -0.022124557 0.027195390 -0.016982436 0.038633954 -0.044027448 -0.020355154 0.998075485
1341845692.617836 -0.016125057 0.024420880 -0.014324440 0.038077693 -0.046075020 -0.017503526 0.998058498
1341845692.649770 -0.016521890 0.024944095 -0.014794352 0.039128806 -0.045924477 -0.017223939 0.998029649
1341845692.685749 -0.021381283 0.025889464 -0.018601911 0.039404083 -0.044439740 -0.019503558 0.998044074
1341845692.717676 -0.020560978 0.026197409 -0.018752348 0.039640803 -0.044438809 -0.020037623 0.998024225
1341845692.749897 -0.021006426 0.025919151 -0.017716585 0.039870061 -0.042922914 -0.019141154 0.998098969
1341845692.785833 -0.017081272 0.023239827 -0.015267169 0.039911687 -0.045757756 -0.017375277 0.998003721
1341845692.817657 -0.019198902 0.025464676 -0.017388994 0.041795570 -0.045257062 -0.022859970 0.997838855
1341845692.853833 -0.019121198 0.025092194 -0.017040996 0.042571794 -0.043788202 -0.024301168 0.997837484
1341845692.885614 -0.021603523 0.024691982 -0.018464351 0.043977905 -0.042731501 -0.024760908 0.997811019
1341845692.917728 -0.019738598 0.024724802 -0.017821437 0.044900935 -0.044293769 -0.025050312 0.997694552
1341845692.953573 -0.019902891 0.025372291 -0.018014714 0.045994587 -0.043525428 -0.026287625 0.997646749
1341845692.985667 -0.020442439 0.025214119 -0.018644471 0.047108766 -0.042793583 -0.025987865 0.997634292
1341845693.017585 -0.020253627 0.025840331 -0.019190900 0.047250535 -0.042872917 -0.026590439 0.997608244
1341845693.053684 -0.018467730 0.025749497 -0.017179733 0.047456685 -0.043104209 -0.026270222 0.997596979
1341845693.086059 -0.018611295 0.025670398 -0.017623844 0.048423380 -0.043176007 -0.024993507 0.997580230
1341845693.121690 -0.020183828 0.025419200 -0.019945454 0.048177961 -0.043658141 -0.023382602 0.997610211
1341845693.153852 -0.018658334 0.025533462 -0.019179761 0.047312479 -0.045169186 -0.023805885 0.997574329
1341845693.185655 -0.018276712 0.025600526 -0.018181052 0.046552006 -0.043404389 -0.024926148 0.997661054
1341845693.221687 -0.019734690 0.025803342 -0.018805753 0.046892088 -0.042607509 -0.022205370 0.997743785
1341845693.254518 -0.019288646 0.025124069 -0.018576629 0.047294915 -0.046047941 -0.020406175 0.997610331
1341845693.289735 -0.015669366 0.027448125 -0.017988589 0.048332538 -0.047626581 -0.021146545 0.997471035
1341845693.321741 -0.015450292 0.028102743 -0.019167410 0.048131950 -0.042860731 -0.021591285 0.997687399
1341845693.353715 -0.015743099 0.024394549 -0.015807262 0.046649262 -0.039540235 -0.018771460 0.997951925
1341845693.389830 -0.019068928 0.025381951 -0.018975057 0.046993822 -0.037103251 -0.019962013 0.998006225
1341845693.421993 -0.018808179 0.025096260 -0.019170677 0.047149219 -0.035044577 -0.020919882 0.998053670
1341845693.453700 -0.019042667 0.024947612 -0.018880837 0.047308266 -0.033304341 -0.023134002 0.998056889
1341845693.489783 -0.019233778 0.025671208 -0.018559104 0.048971128 -0.031949058 -0.023286527 0.998017430
1341845693.522084 -0.019142698 0.025701428 -0.018253043 0.051113974 -0.033015914 -0.022188338 0.997900307
1341845693.557666 -0.015107039 0.024093926 -0.015513720 0.052103974 -0.035834908 -0.022928160 0.997735143
1341845693.589792 -0.018757410 0.025572229 -0.018379020 0.053384330 -0.034485571 -0.025339404 0.997656643
1341845693.622158 -0.015031420 0.024275150 -0.015334358 0.053206533 -0.035142325 -0.024318013 0.997668624
1341845693.657659 -0.018332977 0.025554003 -0.018588267 0.052929305 -0.032940146 -0.024745805 0.997748017
1341845693.689929 -0.019028986 0.025414430 -0.021130543 0.052046467 -0.032216884 -0.024141774 0.997832835
1341845693.721602 -0.013259694 0.025010807 -0.017461577 0.049939185 -0.033248052 -0.024256444 0.997903943
1341845693.757636 -0.014594529 0.024456354 -0.016172424 0.047846027 -0.032014288 -0.024033049 0.998052239
1341845693.789776 -0.014493003 0.024348050 -0.016069587 0.047017988 -0.032988232 -0.023420814 0.998074412
1341845693.825637 -0.014478534 0.024352871 -0.016175505 0.045346122 -0.033336788 -0.023943730 0.998127759
1341845693.857724 -0.015367759 0.023880940 -0.015350417 0.044528514 -0.032742344 -0.023100069 0.998204172
1341845693.889741 -0.018482827 0.025404384 -0.018300273 0.045389146 -0.031122938 -0.022911958 0.998221517
1341845693.925573 -0.016247669 0.029337756 -0.015833769 0.047012459 -0.031911783 -0.021177365 0.998159766
1341845693.957722 -0.016547978 0.029646555 -0.015552060 0.047794189 -0.031214166 -0.020228488 0.998164415
1341845693.990410 -0.016407099 0.029402714 -0.015461680 0.048581552 -0.030382760 -0.020488171 0.998146772
1341845694.025740 -0.016590113 0.029134788 -0.015485627 0.048777875 -0.028667647 -0.021560943 0.998165309
1341845694.057728 -0.019255005 0.025160963 -0.019342151 0.047370832 -0.026832122 -0.022015225 0.998274207
1341845694.093631 -0.018644163 0.025470704 -0.016967380 0.049238194 -0.027192824 -0.021857355 0.998177528
1341845694.125598 -0.016239410 0.026619110 -0.016563088 0.051235039 -0.028461719 -0.021478115 0.998049915
1341845694.157890 -0.015752625 0.026957214 -0.017065601 0.051840894 -0.027999200 -0.022304159 0.998013556
1341845694.193528 -0.016583221 0.026576577 -0.016059589 0.052831404 -0.027228825 -0.022506952 0.997978389
1341845694.226254 -0.015784843 0.027178681 -0.017355997 0.054415930 -0.027713129 -0.022391113 0.997882545
1341845694.261793 -0.015639100 0.027389960 -0.017527636 0.054991942 -0.027240643 -0.021190414 0.997890174
1341845694.293655 -0.016140793 0.027293555 -0.016952660 0.055507284 -0.027204378 -0.019612100 0.997894883
1341845694.325844 -0.016933205 0.026877159 -0.015964722 0.056715187 -0.028461993 -0.017435251 0.997832298
1341845694.361761 -0.013800726 0.023153024 -0.015623564 0.056291874 -0.032427374 -0.013717327 0.997793317
1341845694.393754 -0.013720522 0.023226338 -0.015991680 0.057101130 -0.034318026 -0.013209901 0.997690976
1341845694.425809 -0.013672491 0.023282032 -0.016152894 0.057028934 -0.035818499 -0.013620378 0.997636855
1341845694.461731 -0.014154922 0.023723582 -0.017026844 0.056981523 -0.036848236 -0.014311064 0.997592390
1341845694.493931 -0.016248880 0.024712339 -0.015932990 0.056197245 -0.035611276 -0.016729275 0.997644126
1341845694.529694 -0.015895018 0.024557235 -0.015463450 0.054889444 -0.035258565 -0.017583048 0.997714758
1341845694.561652 -0.014788019 0.024131423 -0.015022729 0.054637607 -0.037247837 -0.017187344 0.997663260
1341845694.595586 -0.013341130 0.023964666 -0.015037114 0.055534903 -0.039489049 -0.016207905 0.997543871
1341845694.629850 -0.015168691 0.026465319 -0.016033679 0.057977978 -0.040449783 -0.015963465 0.997370303
1341845694.661659 -0.010900182 0.028198950 -0.015157262 0.060364068 -0.042912789 -0.014853020 0.997142911
1341845694.693720 -0.004693251 0.031732470 -0.010471116 0.061746638 -0.041772868 -0.014254577 0.997115433
1341845694.735664 -0.006600365 0.032369804 -0.012327828 0.059848528 -0.033644050 -0.013557398 0.997548223
1341845694.767988 -0.006211127 0.033407740 -0.010619748 0.058606341 -0.028006969 -0.012035483 0.997815609
1341845694.803611 -0.007331405 0.032456286 -0.010830860 0.056033731 -0.022273336 -0.009856548 0.998131752
1341845694.835585 -0.008269984 0.031191923 -0.009456670 0.054779973 -0.017788954 -0.009344142 0.998296261
1341845694.867728 -0.006376371 0.034662507 -0.008170350 0.055780802 -0.015916334 -0.008928412 0.998276234
1341845694.903566 -0.003620753 0.035553440 -0.006332404 0.054693803 -0.015011582 -0.007631264 0.998361170
1341845694.935679 -0.007261471 0.033090349 -0.008356033 0.053266481 -0.011277286 -0.007088903 0.998491466
1341845694.967669 -0.005870889 0.034515984 -0.005387645 0.054521438 -0.010699014 -0.006053155 0.998436928
1341845695.003730 -0.001949652 0.034930676 -0.003841168 0.054892872 -0.010518600 -0.004793639 0.998425305
1341845695.035689 -0.001411031 0.034960784 -0.001889707 0.054940041 -0.007280014 -0.004650365 0.998452306
1341845695.072465 -0.003910308 0.033047963 -0.003290305 0.054069228 -0.004636930 -0.003613512 0.998519897
1341845695.103895 -0.006392256 0.032449372 -0.004846795 0.054030783 -0.005002205 -0.002993635 0.998522282
1341845695.135680 -0.005222687 0.031777017 -0.003683913 0.054819591 -0.008960681 -0.003241254 0.998450816
1341845695.172193 -0.005290705 0.029187595 -0.006578832 0.056477830 -0.015067421 -0.002184254 0.998287737
1341845695.203618 -0.007013169 0.029680887 -0.006679290 0.059729721 -0.022021908 -0.000707339 0.997971356
1341845695.235612 -0.009387228 0.029205240 -0.005482014 0.063246563 -0.028277749 -0.001330090 0.997596383
1341845695.271738 -0.007535987 0.030823024 -0.005510896 0.066726871 -0.034815781 -0.001720606 0.997162163
1341845695.303569 -0.008651228 0.030635925 -0.006453075 0.068083026 -0.038344223 -0.003673829 0.996935785
1341845695.335657 -0.005191233 0.031537436 -0.003599495 0.069495559 -0.043068297 -0.006221017 0.996632695
1341845695.371706 -0.004392209 0.032020878 -0.004924304 0.069796406 -0.046443980 -0.009139943 0.996437609
1341845695.403745 -0.004372424 0.031459037 -0.005534741 0.070041202 -0.049343966 -0.011317624 0.996258676
1341845695.435657 -0.008113852 0.028271010 -0.006663045 0.069851421 -0.051113337 -0.012457668 0.996169150
1341845695.471720 -0.011052220 0.027817825 -0.012023961 0.070933014 -0.054045752 -0.011946422 0.995944202
1341845695.503710 -0.010236374 0.028406989 -0.011499832 0.071193732 -0.057729639 -0.012614360 0.995710671
1341845695.539693 -0.008881941 0.028562358 -0.010412824 0.070978284 -0.060722470 -0.014443539 0.995523095
1341845695.603908 -0.008567048 0.027003391 -0.010955302 0.070860021 -0.063340917 -0.016816905 0.995331109
1341845695.633744 -0.007080189 0.027279936 -0.012923275 0.070419580 -0.065415435 -0.017206956 0.995221436
1341845695.665980 -0.006994760 0.026568556 -0.012233825 0.069732979 -0.067052439 -0.017470036 0.995156288
1341845695.701693 -0.009228454 0.026469843 -0.013241139 0.069814771 -0.067113876 -0.017649226 0.995143294
1341845695.733686 -0.008759568 0.027126029 -0.012993739 0.069738083 -0.067879409 -0.016881622 0.995110035
1341845695.769679 -0.007487573 0.027446197 -0.013276037 0.069330655 -0.068601802 -0.016876008 0.995089054
1341845695.801697 -0.006800267 0.028703965 -0.012359917 0.068774857 -0.068471409 -0.016361944 0.995145202
1341845695.833635 -0.006542031 0.026686037 -0.014060820 0.066527233 -0.068726867 -0.015193381 0.995298862
1341845695.869766 -0.006418490 0.027440542 -0.012982891 0.066795200 -0.068393402 -0.014128054 0.995319605
1341845695.901827 -0.007021617 0.029335033 -0.012346765 0.066724494 -0.067884885 -0.013430073 0.995368838
1341845695.933900 -0.007044655 0.028963499 -0.011612118 0.065122604 -0.067915887 -0.013367847 0.995473623
1341845695.969774 -0.005581513 0.028446922 -0.011859114 0.064063601 -0.067997582 -0.012520198 0.995547771
1341845696.001940 -0.005855671 0.028396055 -0.011614510 0.063330397 -0.066862866 -0.011919716 0.995678902
1341845696.037778 -0.004610947 0.027006092 -0.009967737 0.062002633 -0.066793293 -0.009941973 0.995788872
1341845696.069962 -0.006096205 0.028387120 -0.012116809 0.061401423 -0.066261128 -0.007835448 0.995880485
1341845696.102048 -0.006422192 0.028004790 -0.012554106 0.061063740 -0.066986181 -0.005947746 0.995865762
1341845696.137759 -0.006708818 0.029656006 -0.011435436 0.061424669 -0.067245528 -0.006179001 0.995824695
1341845696.169934 -0.006633027 0.028731888 -0.012397146 0.060001511 -0.067609608 -0.005869480 0.995888710
1341845696.201602 -0.006188346 0.029664498 -0.012563724 0.059647784 -0.067866467 -0.006604431 0.995887876
1341845696.237582 -0.007002292 0.030441901 -0.012188559 0.058317743 -0.067236498 -0.008749063 0.995992839
1341845696.269654 -0.007102168 0.029102020 -0.012678469 0.056434408 -0.068059191 -0.008914254 0.996043980
1341845696.305713 -0.007787691 0.025731780 -0.016050795 0.054134864 -0.068646684 -0.006601408 0.996149302
1341845696.337790 -0.007821006 0.025970293 -0.015301071 0.053904068 -0.069143802 -0.005567101 0.996133745
1341845696.369780 -0.008080659 0.026342031 -0.016094068 0.053704537 -0.069782265 -0.004812732 0.996103942
1341845696.406019 -0.008791012 0.027940009 -0.016313586 0.053037550 -0.069884576 -0.004968997 0.996131778
1341845696.437910 -0.004819894 0.030941144 -0.014050637 0.052946903 -0.072059214 -0.005209017 0.995980382
1341845696.473667 -0.005151120 0.031324740 -0.013221332 0.051861342 -0.071070462 -0.005907664 0.996104658
1341845696.505801 -0.005526063 0.031234125 -0.014649498 0.049933966 -0.070120171 -0.005515126 0.996272743
1341845696.537879 -0.008218755 0.030871186 -0.014060999 0.049117047 -0.068741873 -0.005473293 0.996409595
1341845696.573790 -0.007161822 0.031463955 -0.013104678 0.049303941 -0.069975592 -0.004540532 0.996319175
1341845696.611644 -0.006835466 0.031572059 -0.013290129 0.049020123 -0.070880622 -0.004589553 0.996268988
1341845696.648592 -0.005968011 0.032413296 -0.012410876 0.049029399 -0.071840897 -0.004108618 0.996201813
1341845696.679660 -0.006134246 0.032419518 -0.014888653 0.047701325 -0.071580328 -0.003597141 0.996287048
1341845696.705640 -0.005038868 0.032344762 -0.014160735 0.046406128 -0.071209334 -0.003586683 0.996374846
1341845696.741801 -0.004588636 0.032274324 -0.012881070 0.045921732 -0.070134394 -0.003825454 0.996472657
1341845696.773765 -0.005805259 0.032312728 -0.014071323 0.045579005 -0.068668023 -0.002808847 0.996593893
1341845696.805698 -0.005439216 0.032865789 -0.013988480 0.044538606 -0.068637446 -0.001631867 0.996645629
1341845696.841908 -0.004008247 0.032692574 -0.011732465 0.044097424 -0.068887174 -0.000921497 0.996648967
1341845696.873637 -0.004930517 0.033904660 -0.011813426 0.043885853 -0.067167506 -0.001258723 0.996775329
1341845696.905693 -0.004664805 0.033827122 -0.013319148 0.042378489 -0.066647373 0.000160867 0.996876180
1341845696.941841 -0.003801476 0.034547489 -0.012568369 0.041412871 -0.066250555 0.001397322 0.996942282
1341845696.973560 -0.003751027 0.033674080 -0.010988754 0.040251397 -0.065919191 0.002784937 0.997008860
1341845697.009723 -0.003933675 0.034632158 -0.012616666 0.039782859 -0.065587498 0.003334813 0.997047901
1341845697.041678 -0.002855301 0.031635161 -0.011563050 0.037266560 -0.064721972 0.003097224 0.997202396
1341845697.073636 -0.003214019 0.032911364 -0.010638307 0.038047094 -0.063348360 0.001908600 0.997264147
1341845697.109770 -0.002826454 0.033903677 -0.011692407 0.038688738 -0.062949143 0.002005940 0.997264504
1341845697.141787 -0.003689546 0.033293217 -0.012673089 0.037601691 -0.062227391 0.002164265 0.997351110
1341845697.173791 -0.001947780 0.033267856 -0.011711244 0.037827861 -0.062876791 0.002899615 0.997299910
1341845697.209803 -0.002638791 0.033906557 -0.012794257 0.038287751 -0.062371261 0.003458020 0.997312367
1341845697.241685 -0.003070634 0.034079749 -0.012929791 0.037887439 -0.061600674 0.003340035 0.997375906
1341845697.277780 -0.002190732 0.034117449 -0.011904759 0.037613329 -0.061804354 0.003749388 0.997372270
1341845697.309575 -0.003745812 0.034109496 -0.013062377 0.037388209 -0.061441716 0.003628562 0.997403562
1341845697.342252 -0.003287132 0.034273554 -0.012471614 0.037272908 -0.061991852 0.003837406 0.997373044
1341845697.377604 -0.002661549 0.034541648 -0.011235435 0.037799142 -0.062321138 0.003929708 0.997332394
1341845697.409528 -0.002342291 0.034691293 -0.011318488 0.037737738 -0.062207792 0.003133601 0.997344613
1341845697.441666 -0.002899206 0.034392308 -0.009900761 0.037633546 -0.061831929 0.003115221 0.997371972
1341845697.477718 -0.002764901 0.034915093 -0.010104146 0.038769949 -0.062023271 0.002842875 0.997317374
1341845697.509822 -0.002751816 0.035628535 -0.009976919 0.039174117 -0.062022112 0.002350212 0.997302949
1341845697.545892 -0.004059862 0.034304991 -0.011545722 0.038445260 -0.061703246 0.002152968 0.997351527
1341845697.577742 -0.003012135 0.034736443 -0.010817889 0.039412767 -0.063069284 0.003039967 0.997226000
1341845697.609653 -0.002679261 0.035269491 -0.010581465 0.039633263 -0.063751504 0.003548342 0.997172177
1341845697.645769 -0.001480389 0.035798870 -0.011562645 0.039339621 -0.064887874 0.004210511 0.997107923
1341845697.677795 0.000431741 0.035720658 -0.010771800 0.039117351 -0.065734178 0.004458518 0.997060180
1341845697.713520 -0.002688496 0.036314450 -0.011731302 0.038840044 -0.063985877 0.003971530 0.997186780
1341845697.745975 -0.002015673 0.035534233 -0.011219128 0.038026132 -0.064586133 0.004949647 0.997175038
1341845697.777683 -0.001387037 0.035824023 -0.011504918 0.037888005 -0.065295875 0.005093353 0.997133374
1341845697.813673 -0.001447420 0.035735622 -0.011401461 0.037129465 -0.065106846 0.004927060 0.997175157
1341845697.845793 -0.001556902 0.035981074 -0.011449011 0.035841759 -0.064560957 0.004509887 0.997259676
1341845697.877887 -0.002724142 0.036968540 -0.010485926 0.035407215 -0.064167321 0.004560708 0.997300386
1341845697.913637 -0.002534600 0.037196558 -0.010733342 0.035122752 -0.064342998 0.004052122 0.997301340
1341845697.945734 -0.002468201 0.037217878 -0.010281922 0.034583967 -0.064417109 0.003404846 0.997317851
1341845697.981763 -0.002803397 0.037167143 -0.009786097 0.034254018 -0.064213917 0.002779821 0.997344255
1341845698.013639 -0.001880542 0.035317082 -0.010184172 0.033626880 -0.064462192 0.002990425 0.997348964
1341845698.045700 -0.001721974 0.035162792 -0.010913995 0.033795901 -0.064499781 0.002713596 0.997341573
1341845698.081804 -0.002705107 0.037023988 -0.010251012 0.034538131 -0.064629413 0.002540706 0.997308254
1341845698.113733 -0.001811710 0.036148962 -0.010568939 0.034351263 -0.065747187 0.002390448 0.997241974
1341845698.145605 -0.001618780 0.036208212 -0.010850254 0.034832109 -0.066019505 0.001687256 0.997208774
1341845698.181637 -0.001374092 0.036318284 -0.011323996 0.034743708 -0.066182263 0.001471423 0.997201383
1341845698.213981 -0.001820539 0.036187995 -0.010744355 0.035063609 -0.066942990 0.001624888 0.997139156
1341845698.249641 -0.001599025 0.036500141 -0.011342968 0.035752367 -0.068174541 0.001039007 0.997032046
1341845698.281737 -0.001535252 0.036451846 -0.011510025 0.034531161 -0.068417296 0.000698088 0.997058809
1341845698.313940 -0.001857441 0.036168799 -0.010737917 0.034265410 -0.068266913 -0.000189230 0.997078478
1341845698.349629 -0.000702272 0.034429740 -0.011011546 0.033717003 -0.068777092 -0.000174298 0.997062087
1341845698.381667 -0.001893947 0.036289629 -0.010608841 0.034622643 -0.068838418 -0.000762831 0.997026563
1341845698.413724 -0.001794218 0.037163984 -0.010477284 0.035392389 -0.070137590 -0.000458457 0.996909142
1341845698.449543 -0.001514403 0.037168052 -0.010963019 0.035797872 -0.071845703 0.000239801 0.996773124
1341845698.481693 -0.001132007 0.037267569 -0.011520185 0.035604775 -0.073135875 0.000168038 0.996686220
1341845698.517644 -0.001139277 0.037172168 -0.011393383 0.035744380 -0.073732100 -0.000591853 0.996637106
1341845698.549633 -0.001257660 0.037252788 -0.011063624 0.036485251 -0.074432045 -0.001747250 0.996556938
1341845698.581773 -0.001239155 0.037154607 -0.011247315 0.037220631 -0.074780822 -0.003455932 0.996499121
1341845698.617608 -0.000717380 0.038221613 -0.010509335 0.037869282 -0.075330660 -0.004044850 0.996431053
1341845698.649887 -0.000996300 0.037901316 -0.009913505 0.038373400 -0.075658403 -0.004600259 0.996384501
1341845698.685838 -0.000983925 0.038030285 -0.010223044 0.039397418 -0.075909436 -0.004993476 0.996323526
1341845698.717744 -0.000352680 0.038457509 -0.010940251 0.039099846 -0.075967379 -0.005359384 0.996328950
1341845698.749680 -0.000557701 0.038306408 -0.010645567 0.038572982 -0.075681224 -0.004543869 0.996375322
1341845698.785826 -0.000499004 0.038380843 -0.010799908 0.038482722 -0.075629011 -0.004300029 0.996383846
1341845698.817603 -0.000520287 0.038161829 -0.011027992 0.037707381 -0.075455293 -0.004719374 0.996424794
1341845698.849705 -0.000426879 0.038368553 -0.010858701 0.036871117 -0.075489670 -0.004845735 0.996452868
1341845698.885714 0.000883022 0.038528826 -0.010269931 0.036795087 -0.076213643 -0.004734187 0.996401072
1341845698.917723 -0.000461387 0.038595103 -0.011095443 0.036032867 -0.075166881 -0.005463277 0.996504724
1341845698.953706 -0.000366199 0.038131297 -0.011265046 0.035026956 -0.074742191 -0.005331449 0.996573269
1341845698.985694 -0.000245583 0.038644079 -0.011137140 0.034933940 -0.074746422 -0.005093968 0.996577501
1341845699.017571 -0.001236677 0.039563354 -0.011100698 0.034378778 -0.074703999 -0.004722386 0.996601760
1341845699.053593 -0.000436934 0.040007945 -0.011138725 0.033303563 -0.075381726 -0.004508436 0.996588290
1341845699.086340 -0.000721754 0.040865529 -0.011597454 0.031949766 -0.074933462 -0.004956920 0.996664286
1341845699.117688 -0.001375600 0.038835268 -0.011617992 0.029158296 -0.074417949 -0.004850631 0.996788979
1341845699.153695 -0.001679103 0.039014827 -0.010960864 0.027868513 -0.074021518 -0.005513290 0.996851921
1341845699.185845 -0.001283119 0.040982652 -0.011100380 0.027614063 -0.073659956 -0.006219039 0.996881664
1341845699.221973 -0.001512463 0.040185250 -0.010610390 0.026146039 -0.073104955 -0.005843819 0.996964335
1341845699.253571 -0.002924345 0.039468721 -0.011214503 0.025593586 -0.072973110 -0.005239165 0.996991694
1341845699.285622 -0.002103260 0.038133718 -0.011247574 0.025950208 -0.074667640 -0.004371402 0.996861160
1341845699.321906 -0.000996399 0.039906099 -0.011199117 0.027367029 -0.076287799 -0.003633783 0.996703565
1341845699.354916 -0.001014380 0.039186854 -0.011242818 0.026978068 -0.076927267 -0.003147301 0.996666670
1341845699.385859 -0.000049202 0.038147070 -0.011394113 0.026790533 -0.077424005 -0.003547306 0.996631920
1341845699.421535 0.000505100 0.037084773 -0.011454582 0.026988758 -0.077182420 -0.003976960 0.996643662
1341845699.454093 -0.000409167 0.040496901 -0.011188823 0.028535491 -0.075770907 -0.005890967 0.996699452
1341845699.489836 -0.000768229 0.039877441 -0.011257435 0.027965458 -0.074999824 -0.006091769 0.996772707
1341845699.522001 -0.001841088 0.038743883 -0.011711954 0.027632194 -0.075128838 -0.005357326 0.996776521
1341845699.556281 0.000190842 0.037077539 -0.010721904 0.027510878 -0.076679908 -0.003971691 0.996668220
1341845699.595416 0.000439201 0.037388556 -0.010733938 0.028083326 -0.076361507 -0.004082182 0.996676266
1341845699.628631 0.001096265 0.037696440 -0.011681885 0.027835418 -0.075500935 -0.004498453 0.996747017
1341845699.663810 0.001638249 0.037968468 -0.009616276 0.027991366 -0.074988112 -0.004303445 0.996782184
1341845699.696113 0.000777343 0.038189884 -0.010576675 0.028888831 -0.074336052 -0.003043972 0.996810079
1341845699.727683 -0.000088959 0.040939815 -0.011782592 0.028809203 -0.073458463 -0.003671266 0.996875286
1341845699.763748 0.000353070 0.040298615 -0.010271978 0.027072795 -0.073320352 -0.003931171 0.996933162
1341845699.789808 0.001097893 0.038893010 -0.010281974 0.026298665 -0.072987311 -0.004152499 0.996977448
1341845699.821737 0.000532176 0.038855705 -0.010137882 0.026363004 -0.072076730 -0.004165504 0.997041941
1341845699.857825 0.000035887 0.038478609 -0.011333914 0.025803879 -0.071850978 -0.003800093 0.997074306
1341845699.889686 0.001321657 0.037970930 -0.010566633 0.025727296 -0.072912894 -0.003354376 0.997000754
1341845699.925749 0.002434141 0.038302600 -0.009512596 0.026309690 -0.072976254 -0.003637669 0.996979952
1341845699.957536 0.001655968 0.038143259 -0.009548416 0.026956145 -0.072275572 -0.003093501 0.997015595
1341845699.989671 0.001615225 0.036462266 -0.009777835 0.027189674 -0.072623990 -0.001742150 0.996987164
1341845700.025810 0.002905781 0.037873551 -0.008729911 0.028943272 -0.073384367 -0.001367707 0.996882737
1341845700.058133 0.002572668 0.038157582 -0.009321813 0.029677942 -0.072614051 -0.002707116 0.996914804
1341845700.090754 0.002781966 0.037716366 -0.009103634 0.029674787 -0.072172269 -0.003003911 0.996946096
1341845700.125852 0.002596023 0.039643429 -0.008817231 0.030789014 -0.072337180 -0.003954964 0.996897042
1341845700.157773 0.003574819 0.039642204 -0.008466386 0.031491194 -0.072713368 -0.004470006 0.996845603
1341845700.193533 0.004031910 0.040220048 -0.008582137 0.031969894 -0.072256655 -0.004873492 0.996861637
1341845700.225771 0.004703186 0.040303450 -0.007618090 0.032050807 -0.071881846 -0.004653448 0.996887207
1341845700.257669 0.005434717 0.040610965 -0.007934909 0.032408789 -0.071902417 -0.004220794 0.996876061
1341845700.293641 0.004680460 0.040180184 -0.008405517 0.032033902 -0.071195424 -0.003197816 0.996942759
1341845700.325714 0.004895949 0.039488792 -0.008172806 0.031916339 -0.071324728 -0.002801069 0.996938467
1341845700.357742 0.005991918 0.040869959 -0.007183054 0.032739729 -0.071340531 -0.003023543 0.996909976
1341845700.393681 0.006137127 0.040146049 -0.007831867 0.031851318 -0.070391990 -0.003659166 0.997004032
1341845700.425997 0.006463713 0.039995041 -0.008017485 0.031443346 -0.070191629 -0.004144152 0.997029245
1341845700.461682 0.006008491 0.039950084 -0.007310645 0.031385560 -0.069738537 -0.004780737 0.997060001
1341845700.493808 0.006185573 0.040867854 -0.007023687 0.031838279 -0.069660373 -0.005193413 0.997049034
1341845700.526106 0.006507369 0.040474806 -0.006306324 0.031286698 -0.069754772 -0.005039001 0.997060657
1341845700.562458 0.005436362 0.040580098 -0.007091800 0.031017860 -0.069063365 -0.004659181 0.997119069
1341845700.594110 0.005789061 0.040513258 -0.007271508 0.030709181 -0.069292709 -0.004158317 0.997114956
1341845700.626137 0.006610938 0.040613469 -0.006991631 0.030640738 -0.069819212 -0.004256248 0.997079849
1341845700.661872 0.007035529 0.041151572 -0.007207077 0.030569803 -0.069114931 -0.005456011 0.997125268
1341845700.693861 0.006388708 0.041381627 -0.006903113 0.030149495 -0.068541832 -0.005805890 0.997175694
1341845700.732394 0.004797981 0.040374853 -0.007216377 0.029814726 -0.068511546 -0.005239925 0.997190952
1341845700.767794 0.006343402 0.041183908 -0.006487765 0.030634385 -0.069419466 -0.004571288 0.997106612
1341845700.799058 0.006232726 0.041100018 -0.006777221 0.030955125 -0.069026262 -0.004725528 0.997123301
1341845700.829639 0.005784280 0.040949829 -0.006458901 0.031038148 -0.068728678 -0.005307701 0.997138321
1341845700.867749 0.006244748 0.041725907 -0.005576571 0.031336032 -0.068716154 -0.005545028 0.997128546
1341845700.897703 0.005363412 0.040440548 -0.005978665 0.031041382 -0.068469271 -0.004936047 0.997157991
1341845700.930007 0.005750039 0.040651895 -0.005935371 0.031833164 -0.069354065 -0.004873484 0.997072160
1341845700.961797 0.006883920 0.041843385 -0.006115322 0.032436803 -0.069589540 -0.005868041 0.997030973
1341845700.997752 0.005907260 0.040812828 -0.006233356 0.031711154 -0.069093376 -0.006153290 0.997087061
1341845701.029597 0.005508721 0.040881805 -0.006458991 0.031924240 -0.069445640 -0.006417825 0.997054160
1341845701.061618 0.005047705 0.040270042 -0.007097397 0.031828366 -0.069530718 -0.006485849 0.997050822
1341845701.097561 0.006256556 0.039713953 -0.006522560 0.031765975 -0.070366226 -0.006218399 0.996995926
1341845701.129741 0.006339893 0.039886635 -0.006717536 0.031981945 -0.070008710 -0.006069656 0.997015119
1341845701.165734 0.005604862 0.039636187 -0.006477210 0.031627990 -0.069652349 -0.006060116 0.997051418
1341845701.197714 0.005672684 0.039322563 -0.006924117 0.031956345 -0.070053831 -0.005632639 0.997015297
1341845701.230497 0.005364585 0.039796967 -0.007138946 0.032465696 -0.070155382 -0.006071605 0.996989131
1341845701.265852 0.006160030 0.038586613 -0.006989235 0.032251522 -0.070980303 -0.005902524 0.996938705
1341845701.297730 0.005388757 0.039331105 -0.007647309 0.033526301 -0.071423523 -0.006908216 0.996858537
1341845701.329611 0.008105202 0.039207540 -0.007519330 0.033246182 -0.072287276 -0.006834080 0.996806204
1341845701.365791 0.007108179 0.038701657 -0.007466653 0.032509658 -0.071620017 -0.006800440 0.996878862
1341845701.397757 0.006164934 0.039964017 -0.006979527 0.032796938 -0.070954971 -0.007463468 0.996912241
1341845701.433542 0.005972598 0.041714154 -0.006074571 0.033477906 -0.070639201 -0.007387053 0.996912599
1341845701.465617 0.004756960 0.041941542 -0.006532085 0.033757791 -0.070102431 -0.006259819 0.996948779
1341845701.497704 0.005284892 0.040461987 -0.006504753 0.032756142 -0.070411012 -0.005478226 0.996965051
1341845701.533597 0.006905391 0.040984619 -0.005901637 0.032626271 -0.071211569 -0.005387586 0.996912956
1341845701.565815 0.007712359 0.040336706 -0.006620159 0.032261364 -0.070917085 -0.006244113 0.996940851
1341845701.597762 0.007407027 0.039670985 -0.007477506 0.031825580 -0.070466779 -0.006479354 0.996985257
1341845701.633825 0.007408658 0.038939502 -0.007190824 0.032033116 -0.070710286 -0.006342897 0.996962249
1341845701.665709 0.008734435 0.039097711 -0.006885214 0.032743305 -0.071182489 -0.006410805 0.996905148
1341845701.701676 0.008500678 0.038216293 -0.007606487 0.032875992 -0.070610851 -0.005909590 0.996944547
1341845701.733527 0.007834800 0.039041329 -0.007614270 0.033804022 -0.070306301 -0.006368702 0.996932149
1341845701.765764 0.007687422 0.038430054 -0.007422867 0.033546750 -0.070151471 -0.006515976 0.996950805
1341845701.801701 0.008771932 0.039300416 -0.006296309 0.034035049 -0.070471458 -0.006509117 0.996911705
1341845701.833700 0.007178851 0.040995479 -0.004777737 0.035137910 -0.069810122 -0.006889720 0.996917427
1341845701.865775 0.006859082 0.040702030 -0.005214400 0.035232790 -0.069612853 -0.006609404 0.996929765
1341845701.901711 0.007431407 0.041603990 -0.005354811 0.035450980 -0.069650687 -0.006810552 0.996918023
1341845701.933585 0.007359628 0.042178761 -0.005142706 0.035405152 -0.069333836 -0.007001583 0.996940434
1341845701.969726 0.007422792 0.042312365 -0.005376601 0.035105608 -0.069335669 -0.007046376 0.996950567
1341845702.002544 0.007582624 0.042238411 -0.004766003 0.035180766 -0.069260411 -0.007328359 0.996951163
1341845702.034379 0.007759648 0.042218871 -0.004377317 0.035380326 -0.069120802 -0.007676015 0.996951163
1341845702.070436 0.008131475 0.041488707 -0.005267106 0.035312846 -0.069118179 -0.008648166 0.996945798
1341845702.101809 0.007432140 0.040708698 -0.005248165 0.035187569 -0.069190413 -0.008601328 0.996945620
1341845702.137663 0.006799652 0.041059401 -0.004885412 0.035552111 -0.069430314 -0.008316213 0.996918380
1341845702.169629 0.007486955 0.041203797 -0.004718764 0.036174159 -0.069950476 -0.008933358 0.996854305
1341845702.201769 0.009035743 0.041681327 -0.004335410 0.036735363 -0.070137449 -0.009500648 0.996815443
1341845702.237691 0.007349924 0.040748909 -0.004755837 0.036363006 -0.068873122 -0.009706249 0.996915221
1341845702.269760 0.007378795 0.040601749 -0.005386666 0.036545947 -0.069012374 -0.009861945 0.996897399
1341845702.301761 0.007505725 0.041228510 -0.004896680 0.036971807 -0.068691976 -0.010779835 0.996894300
1341845702.337713 0.006751854 0.040872671 -0.005440012 0.036448918 -0.067788474 -0.010940889 0.996973693
1341845702.369720 0.006281746 0.040216003 -0.005382390 0.035923131 -0.068095110 -0.010455767 0.996977091
1341845702.405655 0.007215715 0.041617069 -0.004958495 0.036637355 -0.068473779 -0.010339443 0.996926308
1341845702.437629 0.007884854 0.041314874 -0.004438641 0.036442332 -0.068378434 -0.010048503 0.996942997
1341845702.469691 0.008571407 0.041129686 -0.004554749 0.036586929 -0.068391658 -0.009948303 0.996937811
1341845702.506265 0.007236273 0.040699705 -0.004820895 0.036579214 -0.067699522 -0.009693720 0.996987879
1341845702.537648 0.008616475 0.041458905 -0.004400915 0.036831524 -0.068558030 -0.008759922 0.996928573
1341845702.569753 0.008696661 0.040399678 -0.005063081 0.036240954 -0.068728566 -0.007876822 0.996945798
1341845702.605685 0.008831106 0.041772671 -0.004611888 0.036536425 -0.068983242 -0.007883406 0.996917367
1341845702.637718 0.009588128 0.040073559 -0.004517925 0.035210386 -0.069204919 -0.008398189 0.996945560
1341845702.673733 0.009822528 0.039776206 -0.005407897 0.034906685 -0.068938375 -0.008616183 0.996972799
1341845702.705735 0.009991290 0.041502908 -0.005405947 0.035130866 -0.068546936 -0.008939496 0.996989071
1341845702.737648 0.009766035 0.043045796 -0.005443315 0.034914609 -0.067614451 -0.010345087 0.997046769
1341845702.773644 0.010253213 0.044379536 -0.005898627 0.033703916 -0.067066424 -0.011344131 0.997114539
1341845702.805893 0.009234195 0.043149721 -0.004748584 0.032010056 -0.066079497 -0.012182907 0.997226357
1341845702.837969 0.010373736 0.045366921 -0.005743344 0.031719249 -0.065830424 -0.012792523 0.997244477
1341845702.874009 0.010328216 0.044684455 -0.005136163 0.029620031 -0.065105997 -0.012812019 0.997356355
1341845702.908704 0.008963759 0.042849418 -0.004322703 0.028413793 -0.064174943 -0.013062728 0.997448564
1341845702.941673 0.009252248 0.039399609 -0.004082111 0.027720213 -0.064917192 -0.011889408 0.997434735
1341845702.973595 0.008592265 0.040750746 -0.003573320 0.030501314 -0.065934323 -0.010118339 0.997306347
1341845703.005769 0.009171740 0.041125182 -0.004322799 0.032252926 -0.067547269 -0.008538738 0.997158051
1341845703.041648 0.009629234 0.041350685 -0.004958932 0.033543065 -0.068508871 -0.008548664 0.997049809
1341845703.073714 0.011176727 0.042436335 -0.007212973 0.033101391 -0.068606511 -0.009934206 0.997044981
1341845703.109699 0.010982831 0.042218704 -0.006742938 0.030779608 -0.066666462 -0.011986044 0.997228444
1341845703.142006 0.010915997 0.042239048 -0.006634573 0.029574405 -0.065245196 -0.012878550 0.997347772
1341845703.173706 0.009978253 0.041815791 -0.005081418 0.028034359 -0.064528957 -0.013406846 0.997431874
1341845703.209732 0.010039334 0.040028762 -0.005311955 0.027062481 -0.064709708 -0.013223035 0.997449458
1341845703.242050 0.009422855 0.041185457 -0.004183974 0.028708609 -0.064816363 -0.012697314 0.997403383
1341845703.273874 0.009359731 0.041297149 -0.004108873 0.029483397 -0.065519564 -0.012065833 0.997342646
1341845703.309758 0.009422228 0.041502286 -0.004404614 0.030484715 -0.066392362 -0.011018505 0.997266948
1341845703.341850 0.009459400 0.041377846 -0.004114390 0.030991649 -0.066547453 -0.011019841 0.997240961
1341845703.377702 0.009421977 0.041262921 -0.004121216 0.031487528 -0.065743864 -0.011528132 0.997272968
1341845703.409585 0.009708260 0.041417666 -0.004606660 0.031863946 -0.065711603 -0.011905987 0.997258723
1341845703.441629 0.010095628 0.041721072 -0.005752047 0.031769495 -0.066025198 -0.012753479 0.997230530
1341845703.477741 0.009508339 0.041949928 -0.004250607 0.031950910 -0.065953791 -0.013380723 0.997221231
1341845703.509995 0.009130986 0.041516416 -0.004181507 0.032121688 -0.065576762 -0.013542579 0.997238457
1341845703.541800 0.009560664 0.041772801 -0.004445476 0.032911029 -0.065644816 -0.014052616 0.997201204
1341845703.577765 0.010005089 0.041993756 -0.004583152 0.033105738 -0.066024736 -0.014378463 0.997164965
1341845703.609650 0.010489987 0.041073430 -0.004712699 0.033114150 -0.066419691 -0.014771059 0.997132778
1341845703.651761 0.008828891 0.041827708 -0.004795086 0.033756256 -0.066038430 -0.014755287 0.997136772
1341845703.677758 0.008829403 0.041344561 -0.004952657 0.033793207 -0.066866197 -0.014486209 0.997084320
1341845703.709916 0.010867562 0.043419130 -0.004743479 0.034404006 -0.068152361 -0.014497535 0.996976137
1341845703.745719 0.012256565 0.044652995 -0.004515331 0.033886500 -0.068311304 -0.015353642 0.996970177
1341845703.777733 0.012225069 0.044714723 -0.003364651 0.032660551 -0.067312554 -0.015880425 0.997070789
1341845703.809711 0.011009521 0.042986769 -0.004237015 0.031484365 -0.066241011 -0.015786873 0.997181833
1341845703.845769 0.011322525 0.043220263 -0.003882358 0.031643450 -0.066586770 -0.015726140 0.997154772
1341845703.877728 0.011397270 0.043297522 -0.003681805 0.031584602 -0.066668905 -0.015948368 0.997147620
1341845703.913808 0.010704782 0.043011703 -0.004589994 0.030814471 -0.066045627 -0.015511222 0.997220039
1341845703.945653 0.011931512 0.041734882 -0.004131347 0.030408900 -0.066210367 -0.015812306 0.997216880
1341845703.977870 0.011172322 0.040232707 -0.005324295 0.030307394 -0.065496154 -0.016250046 0.997260094
1341845704.013637 0.010031288 0.041049935 -0.003993052 0.031504147 -0.065373771 -0.016125638 0.997233033
1341845704.045703 0.009626441 0.041531779 -0.003847156 0.032701347 -0.065579399 -0.015781138 0.997186542
1341845704.077666 0.011229916 0.041933928 -0.003590249 0.033374306 -0.066382244 -0.015163637 0.997120678
1341845704.113706 0.011172283 0.042647254 -0.004411565 0.033654805 -0.065998495 -0.015010646 0.997139037
1341845704.145681 0.011707600 0.042180855 -0.004180844 0.033068124 -0.065843418 -0.015127899 0.997167110
1341845704.181785 0.012219188 0.043001104 -0.003517487 0.033130806 -0.065669358 -0.015788596 0.997166276
1341845704.213778 0.011292249 0.042468693 -0.003861649 0.032766145 -0.065152735 -0.015821718 0.997211695
1341845704.245863 0.011840344 0.042314034 -0.003924619 0.032639448 -0.065267026 -0.015615861 0.997211635
1341845704.281578 0.011922592 0.043777082 -0.003383604 0.033018850 -0.065187559 -0.015183489 0.997211039
1341845704.313707 0.013025147 0.044772044 -0.002477708 0.032650497 -0.065183617 -0.014769522 0.997229636
1341845704.349873 0.013842904 0.044895925 -0.002529911 0.032116011 -0.064068861 -0.014829664 0.997318327
1341845704.381729 0.013831056 0.045074731 -0.001601776 0.031444598 -0.062343359 -0.015032547 0.997446060
1341845704.413817 0.014373751 0.043932885 -0.000947373 0.030881900 -0.061257865 -0.014606486 0.997537196
1341845704.449837 0.013668729 0.046142209 -0.001238099 0.031895045 -0.059386503 -0.014958001 0.997613251
1341845704.481600 0.014191131 0.044737972 -0.001446114 0.030152386 -0.057943087 -0.015201622 0.997748673
1341845704.513671 0.011679316 0.040897079 -0.001367798 0.029449834 -0.056359686 -0.014919230 0.997864604
1341845704.549869 0.009161366 0.038699429 -0.000794584 0.032799546 -0.056423284 -0.012684109 0.997787416
1341845704.581901 0.008424279 0.039446454 -0.001576555 0.037348300 -0.058201943 -0.010394371 0.997551799
1341845704.617838 0.011207484 0.041507900 -0.001807110 0.040004056 -0.060353864 -0.011099292 0.997313321
1341845704.650477 0.011896766 0.041126050 -0.002466628 0.040413667 -0.060381822 -0.012562010 0.997277796
1341845704.681708 0.009606771 0.039559901 -0.001937356 0.040800314 -0.059940021 -0.012987865 0.997283220
1341845704.717704 0.010420298 0.039376508 -0.002552783 0.041849479 -0.061514053 -0.012933971 0.997144580
1341845704.749702 0.011341457 0.041421946 -0.003003822 0.043103136 -0.062093463 -0.014479197 0.997034013
1341845704.781791 0.010867479 0.042118624 -0.002486142 0.042578701 -0.061330367 -0.016219279 0.997076988
1341845704.817744 0.008902037 0.038565341 -0.002504795 0.041509673 -0.061056893 -0.017246673 0.997121632
1341845704.849705 0.008174784 0.039214551 -0.003510101 0.043264829 -0.062542804 -0.017472256 0.996950984
1341845704.885675 0.009094619 0.040814288 -0.003265999 0.044172831 -0.063961260 -0.017768873 0.996815920
1341845704.917742 0.008852632 0.041374277 -0.003801192 0.043893829 -0.064175263 -0.018388124 0.996803284
1341845704.949746 0.009391421 0.041586138 -0.003656889 0.043400884 -0.065027900 -0.019234398 0.996753633
1341845704.985761 0.008589227 0.041668348 -0.004165374 0.042491384 -0.064931974 -0.019909829 0.996785820
1341845705.017537 0.008476906 0.041930739 -0.003593638 0.041979015 -0.065297738 -0.020552943 0.996770561
1341845705.049660 0.008583791 0.042914797 -0.004108302 0.041677579 -0.065598734 -0.021129394 0.996751368
1341845705.085710 0.008255899 0.041340631 -0.003921333 0.040444162 -0.066050842 -0.021350274 0.996767640
1341845705.117831 0.007822496 0.041578423 -0.004452144 0.040518958 -0.066561401 -0.021955280 0.996717513
1341845705.154005 0.009598070 0.043892942 -0.004055863 0.040356901 -0.067433961 -0.022518219 0.996652842
1341845705.185648 0.009022385 0.042017955 -0.003787362 0.038653426 -0.066919900 -0.022294695 0.996760070
1341845705.217695 0.009428104 0.042232681 -0.003713491 0.038744606 -0.066601321 -0.022182159 0.996780336
1341845705.253735 0.008717543 0.043089837 -0.004927958 0.038509373 -0.065706924 -0.022653511 0.996838212
1341845705.285554 0.008756530 0.041604497 -0.004379502 0.037551820 -0.065973118 -0.022407476 0.996862769
1341845705.321646 0.009323413 0.042253144 -0.003146972 0.038360443 -0.066847563 -0.021704748 0.996789277
1341845705.353674 0.009701213 0.042512339 -0.003600080 0.038476057 -0.067398265 -0.020480571 0.996773601
1341845705.385774 0.009842983 0.041638210 -0.003133094 0.038532730 -0.067662962 -0.020644655 0.996750116
1341845705.421801 0.010684179 0.041349731 -0.002184803 0.039582670 -0.067725025 -0.021015624 0.996697009
1341845705.453568 0.008167332 0.041367650 -0.001782643 0.041758843 -0.066809721 -0.020674041 0.996677101
1341845705.485749 0.008316670 0.041913759 -0.002395430 0.043851655 -0.068011664 -0.019238096 0.996534705
1341845705.521655 0.009826801 0.040942129 -0.002677839 0.044780057 -0.069174364 -0.018348962 0.996430159
1341845705.553548 0.009089066 0.041779138 -0.003101605 0.045846295 -0.068834953 -0.017673882 0.996417344
1341845705.589775 0.010274679 0.041014928 -0.004521499 0.045019444 -0.069091417 -0.018099682 0.996429622
1341845705.621894 0.008276204 0.040863559 -0.005263712 0.044988956 -0.068402626 -0.017735360 0.996485114
1341845705.653569 0.005887091 0.039369777 -0.006536408 0.044244114 -0.069767393 -0.016602680 0.996443331
1341845705.689868 0.009786530 0.040202636 -0.005035966 0.045194499 -0.072942741 -0.016833315 0.996169388
1341845705.721810 0.010149630 0.040869277 -0.004528824 0.045470588 -0.072126254 -0.017221378 0.996209621
1341845705.753738 0.010004031 0.040662587 -0.004207601 0.045167655 -0.071614720 -0.018235000 0.996242285
1341845705.789861 0.009994982 0.040779296 -0.004221412 0.045346722 -0.070546933 -0.018143838 0.996312022
1341845705.821704 0.009655947 0.040384311 -0.003551603 0.044910774 -0.069795445 -0.017299986 0.996399701
1341845705.863629 0.009445016 0.040346481 -0.003261494 0.045517687 -0.070748620 -0.017464397 0.996302068
1341845705.895623 0.008818885 0.039914545 -0.002511500 0.047166403 -0.072105363 -0.015798949 0.996155858
1341845705.931726 0.009375302 0.040458549 -0.003436764 0.048624054 -0.074869283 -0.013701493 0.995912910
1341845705.963641 0.010259923 0.041099887 -0.004729526 0.048842560 -0.076718420 -0.015488829 0.995735288
1341845705.995677 0.009954209 0.041836716 -0.004197905 0.047722619 -0.075649738 -0.020417213 0.995782495
1341845706.031837 0.009320560 0.044681791 -0.003208172 0.046665177 -0.073523805 -0.021746872 0.995963693
1341845706.063631 0.005145106 0.041411471 -0.003834300 0.044331253 -0.072328322 -0.021226985 0.996169031
1341845706.095737 0.005827228 0.043689851 -0.002008708 0.045593508 -0.074413992 -0.022381814 0.995933175
1341845706.131716 0.009893876 0.044915147 -0.001092533 0.044939376 -0.075568326 -0.023335092 0.995854080
1341845706.163718 0.007912023 0.042508539 0.000023387 0.043348603 -0.073449172 -0.022596641 0.996100128
1341845706.195662 0.008145445 0.044446886 -0.000312010 0.044803023 -0.074060939 -0.021298628 0.996019125
1341845706.231610 0.009924928 0.046345867 0.000450267 0.044798683 -0.074231520 -0.021539779 0.996001422
1341845706.263724 0.010297476 0.045517821 0.001012282 0.043267582 -0.072564572 -0.020540981 0.996213019
1341845706.299838 0.008516369 0.045528792 0.000071040 0.042273138 -0.071400777 -0.019802768 0.996354759
1341845706.331753 0.009722876 0.045970898 0.000556502 0.042036053 -0.072575770 -0.020111157 0.996273696
1341845706.363574 0.008961126 0.044637840 0.001123575 0.041166235 -0.072054014 -0.020081025 0.996348500
1341845706.399690 0.007876188 0.044975914 0.001562631 0.041469596 -0.072023444 -0.019934993 0.996341050
1341845706.431735 0.012317923 0.044292290 0.002538740 0.041606057 -0.073876172 -0.018664038 0.996224284
1341845706.463612 0.012104278 0.043597963 0.002888086 0.041297629 -0.072957262 -0.017444961 0.996326923
1341845706.499655 0.010439268 0.042001478 0.002204596 0.041253351 -0.072874635 -0.015877936 0.996361017
1341845706.531782 0.012077010 0.044184238 0.003561210 0.043177936 -0.074320354 -0.016181743 0.996167779
1341845706.563559 0.014498977 0.044160426 0.004634140 0.043475334 -0.073252805 -0.015950045 0.996237695
1341845706.599529 0.011564128 0.041327111 0.003797985 0.043254212 -0.070584275 -0.015973601 0.996439517
1341845706.631786 0.011643852 0.041067906 0.003298551 0.044819690 -0.071879491 -0.016950324 0.996261597
1341845706.667647 0.015720416 0.042896029 0.004496217 0.046454001 -0.072796613 -0.016603302 0.996125996
1341845706.700732 0.015003846 0.042202402 0.004185857 0.046311140 -0.070279025 -0.016214889 0.996319830
1341845706.732115 0.015264468 0.040686879 0.003957311 0.046317402 -0.069914661 -0.015784580 0.996352077
1341845706.768143 0.016921367 0.041268073 0.004585482 0.047302522 -0.070382148 -0.014166905 0.996297181
1341845706.800357 0.016011218 0.040526696 0.004196808 0.047409769 -0.069276072 -0.012655901 0.996389985
1341845706.832602 0.016181966 0.041517902 0.003562683 0.047827635 -0.069365472 -0.012951744 0.996360004
1341845706.869449 0.016422391 0.041970350 0.003347015 0.047401454 -0.069300793 -0.013093672 0.996383011
1341845706.904495 0.015311574 0.041016854 0.003392785 0.046018418 -0.069354199 -0.012346441 0.996453643
1341845706.933651 0.015372272 0.041210115 0.003044816 0.046311062 -0.069248855 -0.012157215 0.996449709
1341845706.964608 0.016053360 0.042425502 0.003315179 0.046490151 -0.069411665 -0.011749683 0.996434987
1341845706.994021 0.016336998 0.041444276 0.002753638 0.045169611 -0.069554411 -0.010520183 0.996499479
1341845707.029674 0.016285207 0.039977882 0.002913574 0.045085829 -0.070038036 -0.008864773 0.996485531
1341845707.061864 0.017488895 0.041450769 0.003637895 0.046283480 -0.070298664 -0.008677605 0.996413887
1341845707.097704 0.018851290 0.039022658 0.003881478 0.045712072 -0.069683209 -0.008303210 0.996486723
1341845707.129770 0.017463759 0.037496619 0.003741370 0.047111563 -0.069133304 -0.007023169 0.996469676
1341845707.161817 0.019844066 0.037078023 0.004228187 0.049224157 -0.070854150 -0.006323744 0.996251345
1341845707.197721 0.021831911 0.038025834 0.005435569 0.050617117 -0.070521601 -0.006883857 0.996201396
1341845707.229795 0.020603519 0.036723983 0.004896615 0.050873362 -0.068837941 -0.007906405 0.996298492
1341845707.261851 0.020100378 0.036808126 0.004719440 0.051261343 -0.068612210 -0.006837104 0.996302128
1341845707.297710 0.021189792 0.037624475 0.004435178 0.051665340 -0.068023533 -0.006722698 0.996322393
1341845707.329761 0.022453744 0.039009411 0.007164792 0.051956471 -0.067178115 -0.008068879 0.996354580
1341845707.365850 0.021589147 0.036268752 0.007293022 0.051135428 -0.065268137 -0.007046196 0.996531785
1341845707.397796 0.020200450 0.036334921 0.006667127 0.052314077 -0.064747408 -0.004962128 0.996517122
1341845707.429752 0.023924801 0.035568785 0.008182938 0.053188410 -0.066371948 -0.003808519 0.996369004
1341845707.465767 0.025587773 0.035817191 0.008931717 0.054236591 -0.065489203 -0.004296073 0.996368945
1341845707.497642 0.024632253 0.034834117 0.007937754 0.054351725 -0.063255690 -0.004305404 0.996506929
1341845707.533665 0.025837783 0.033840302 0.008770800 0.054758482 -0.062784970 -0.003605852 0.996517181
1341845707.565754 0.028859779 0.035134066 0.010528527 0.056407489 -0.062193334 -0.003298348 0.996463358
1341845707.597603 0.028120978 0.033506546 0.009428473 0.056297712 -0.059750851 -0.004191043 0.996615708
1341845707.633748 0.027226718 0.034021750 0.009055950 0.056755532 -0.059180114 -0.002565820 0.996629298
1341845707.665870 0.028535403 0.034997690 0.009809096 0.057672195 -0.060018107 -0.001723235 0.996528387
1341845707.698455 0.030225817 0.035944570 0.010361307 0.057614166 -0.059940755 -0.002096413 0.996535659
1341845707.734303 0.028784290 0.035928290 0.009153468 0.056935549 -0.058730137 -0.002916839 0.996644676
1341845707.766259 0.029065704 0.034668624 0.010458454 0.056442983 -0.059395924 -0.002705242 0.996633828
1341845707.801730 0.028385684 0.033722952 0.009920094 0.057089698 -0.059046846 -0.002641165 0.996617913
1341845707.836344 0.028237609 0.034898300 0.010632474 0.058230523 -0.058832996 -0.003251040 0.996562779
1341845707.866230 0.028109040 0.035035297 0.010076620 0.058079235 -0.059387032 -0.003446141 0.996538043
1341845707.901694 0.029430382 0.034817159 0.010284643 0.057348538 -0.060320377 -0.002472586 0.996527195
1341845707.933640 0.028456658 0.034151610 0.010599925 0.057244431 -0.060468499 -0.002074952 0.996525109
1341845707.965831 0.030313125 0.035461932 0.010882774 0.058300052 -0.061356999 -0.002572079 0.996408463
1341845708.001954 0.029513936 0.034979753 0.010587162 0.058051482 -0.060449384 -0.002007538 0.996479750
1341845708.034393 0.028787704 0.034553081 0.011155102 0.058161385 -0.060848936 -0.002795120 0.996447086
1341845708.069946 0.029210659 0.035174865 0.010996853 0.058095302 -0.061181698 -0.002998103 0.996429980
1341845708.101700 0.028564226 0.034469526 0.011545677 0.057438940 -0.060731988 -0.003229220 0.996494830
1341845708.133697 0.028238475 0.033044618 0.010622138 0.057041768 -0.061452627 -0.003471038 0.996472657
1341845708.169675 0.028977532 0.034586556 0.011031026 0.057792343 -0.062259443 -0.003757805 0.996378303
1341845708.201793 0.028791554 0.032634079 0.010595162 0.056624264 -0.061927866 -0.004742274 0.996461809
1341845708.233744 0.027673177 0.032631531 0.009204317 0.056925680 -0.062258642 -0.004898294 0.996423244
1341845708.269711 0.027782641 0.032423414 0.009213545 0.057235286 -0.062937461 -0.004796499 0.996363401
1341845708.301629 0.028395044 0.033036072 0.008082862 0.057637848 -0.063851796 -0.005098625 0.996280491
1341845708.337612 0.028910818 0.033017810 0.007787745 0.057166088 -0.063771859 -0.006804701 0.996302605
1341845708.369900 0.028420081 0.033010960 0.008303549 0.056780871 -0.063153952 -0.007510461 0.996358931
1341845708.401883 0.028336344 0.032800648 0.008044518 0.056895752 -0.063887671 -0.007798295 0.996303380
1341845708.443610 0.028741108 0.033190344 0.007546941 0.057346333 -0.064130068 -0.008385273 0.996257186
1341845708.470492 0.028554633 0.033320434 0.007693728 0.057080425 -0.064414352 -0.008616799 0.996252120
1341845708.501776 0.028161414 0.032989405 0.007922566 0.056717664 -0.065374099 -0.007506433 0.996219337
1341845708.543852 0.028855281 0.033068690 0.008009215 0.057090763 -0.067575410 -0.006877305 0.996055663
1341845708.569583 0.028270746 0.035548009 0.007518291 0.057857193 -0.068339266 -0.008484522 0.995946944
1341845708.605675 0.027435632 0.035944190 0.007647505 0.057438273 -0.068096139 -0.009482945 0.995978832
1341845708.637641 0.024487475 0.035506967 0.007278501 0.057317816 -0.068674415 -0.010485364 0.995935977
1341845708.669692 0.027950348 0.036064673 0.007935208 0.057653721 -0.071804330 -0.011458801 0.995685101
1341845708.705736 0.027693275 0.037255570 0.007156769 0.057124332 -0.071232297 -0.012775015 0.995740712
1341845708.738027 0.024545204 0.036178533 0.006135578 0.056219529 -0.070571952 -0.013393225 0.995831072
1341845708.773829 0.025446126 0.037646774 0.006147676 0.056854822 -0.073013231 -0.013652666 0.995615482
1341845708.805763 0.026627587 0.038889308 0.006833679 0.056685138 -0.073765673 -0.014480297 0.995557964
1341845708.838653 0.024739988 0.036409568 0.006144747 0.055283017 -0.073501453 -0.015535955 0.995640457
1341845708.873912 0.025769658 0.037680320 0.005538292 0.055773217 -0.075255029 -0.016551360 0.995465755
1341845708.905735 0.025265055 0.037369192 0.005522427 0.055304550 -0.075126305 -0.017283218 0.995489180
1341845708.938426 0.024794789 0.036469586 0.005269184 0.054902427 -0.075481825 -0.018977970 0.995453656
1341845708.973642 0.023368848 0.038189977 0.004896619 0.055755172 -0.075869091 -0.019066252 0.995375156
1341845709.005742 0.024408082 0.038064051 0.004676213 0.055072654 -0.077111982 -0.019038925 0.995318174
1341845709.041686 0.023648551 0.036900666 0.003545103 0.054628238 -0.077140786 -0.020437967 0.995312691
1341845709.073656 0.023720460 0.038194992 0.003803397 0.054785203 -0.077918805 -0.021399772 0.995223224
1341845709.105658 0.021076517 0.038563043 0.003319901 0.054826006 -0.077435955 -0.022215955 0.995240748
1341845709.141741 0.021068217 0.039378922 0.003078331 0.054982409 -0.078778550 -0.022745280 0.995114803
1341845709.173646 0.021562479 0.039798692 0.003188882 0.054798257 -0.078853101 -0.022631990 0.995121658
1341845709.205765 0.021457113 0.040034905 0.003598596 0.054354303 -0.078909025 -0.022739824 0.995139122
1341845709.241765 0.021835595 0.040831104 0.003450504 0.054068461 -0.079123445 -0.022854045 0.995135009
1341845709.273754 0.022050245 0.039753612 0.004097166 0.053261910 -0.079029478 -0.022351818 0.995197415
1341845709.309890 0.021770470 0.039421480 0.003633362 0.053070255 -0.078998938 -0.021208048 0.995235085
1341845709.341728 0.021665510 0.040364571 0.003004920 0.052987330 -0.079185404 -0.020806963 0.995233178
1341845709.373776 0.021277495 0.041812897 0.002540336 0.052397214 -0.078783028 -0.020432200 0.995304108
1341845709.409657 0.020929327 0.042530917 0.001871425 0.050830934 -0.078603283 -0.019429782 0.995419621
1341845709.442072 0.019224646 0.042964797 0.000828575 0.048787300 -0.078248315 -0.017245950 0.995590031
1341845709.473660 0.021861309 0.043165445 0.002051726 0.047277898 -0.080072746 -0.016213501 0.995535135
1341845709.509632 0.021284487 0.044147439 0.001371001 0.045798380 -0.079618409 -0.015554841 0.995651245
1341845709.541673 0.019007970 0.044341829 0.001509328 0.043749813 -0.079659052 -0.015208360 0.995745540
1341845709.578645 0.020049956 0.043408804 0.001477400 0.042462703 -0.081235044 -0.015461667 0.995669961
1341845709.609672 0.019018810 0.043749157 0.001599191 0.042260345 -0.082114413 -0.015906958 0.995599449
1341845709.642057 0.020383207 0.043433975 0.002166605 0.041955832 -0.083816975 -0.015667273 0.995474219
1341845709.677625 0.018840950 0.045326229 0.001272293 0.042122174 -0.083951309 -0.015816262 0.995453537
1341845709.709730 0.020400785 0.044358555 0.002778168 0.041222684 -0.085086331 -0.016628405 0.995381594
1341845709.745593 0.019881211 0.045051552 0.000585297 0.041049827 -0.084355250 -0.017294222 0.995439589
1341845709.777709 0.018567584 0.042987555 0.000680351 0.039557680 -0.084297977 -0.015542842 0.995533764
1341845709.809687 0.020395203 0.044100545 0.001216838 0.040249683 -0.085141279 -0.016702699 0.995415449
1341845709.845686 0.021443557 0.043613765 0.000772375 0.039875083 -0.083804123 -0.018631719 0.995509744
1341845709.878752 0.021982359 0.041825105 0.000489511 0.038970225 -0.082183637 -0.019983744 0.995654464
1341845709.909693 0.018828101 0.040151823 -0.000185468 0.039079603 -0.080546759 -0.018780591 0.995807350
1341845709.945663 0.018936342 0.039540734 -0.000172157 0.040424682 -0.081767395 -0.018063689 0.995667458
1341845709.977698 0.020432387 0.040273663 0.000077058 0.042205319 -0.082563616 -0.017771494 0.995533109
1341845710.013739 0.020907573 0.040373094 0.000582660 0.042954385 -0.082042143 -0.018565459 0.995529711
1341845710.045754 0.020331806 0.039773501 0.000056945 0.043361280 -0.081308335 -0.018947845 0.995565057
1341845710.077705 0.020321464 0.041344736 0.000844090 0.044090819 -0.081859574 -0.018981991 0.995487213
1341845710.113730 0.021071199 0.040696505 0.000328438 0.043813348 -0.081826709 -0.019195260 0.995498002
1341845710.145759 0.018286029 0.040485304 -0.000744060 0.043815996 -0.080488972 -0.019027719 0.995610178
1341845710.177824 0.018873205 0.040127989 -0.001107630 0.044165056 -0.081539713 -0.018851832 0.995512605
1341845710.213581 0.019743754 0.040535044 -0.001064801 0.044684123 -0.081962340 -0.019022241 0.995451450
1341845710.245636 0.018128898 0.039279558 -0.000881711 0.044978760 -0.081498794 -0.019542389 0.995466173
1341845710.281582 0.017840581 0.038825199 -0.000979147 0.046781898 -0.083234392 -0.020878430 0.995212376
1341845710.313617 0.020636763 0.040641788 -0.000654470 0.047984406 -0.084942721 -0.020999117 0.995008171
1341845710.345643 0.019741373 0.039644707 -0.000486658 0.047526672 -0.084069230 -0.019993031 0.995125055
1341845710.381860 0.018089222 0.039598551 -0.001662308 0.048268378 -0.083782665 -0.020256788 0.995108187
1341845710.413817 0.019853799 0.041143682 -0.000907128 0.049222808 -0.084879853 -0.020343384 0.994966686
1341845710.445824 0.019735057 0.040258631 -0.000960704 0.048238222 -0.084176227 -0.019336212 0.995094717
1341845710.481794 0.019227372 0.039262105 -0.001769940 0.047700543 -0.084695205 -0.019774498 0.995068014
1341845710.513650 0.020070124 0.039576512 -0.000856863 0.047923196 -0.085265674 -0.019407086 0.995015800
1341845710.549635 0.018794315 0.039125603 -0.000592592 0.048361342 -0.084880605 -0.018466240 0.995045483
1341845710.581654 0.019532101 0.038928483 -0.001444802 0.049255025 -0.085450716 -0.018694077 0.994948566
1341845710.613694 0.020279739 0.039844219 -0.000758022 0.049659122 -0.085476764 -0.017671691 0.994944930
1341845710.649564 0.019384930 0.038245741 -0.001096548 0.049288508 -0.084926166 -0.017146140 0.995019674
1341845710.681648 0.020349661 0.038972314 -0.000790973 0.050402388 -0.085572012 -0.017662909 0.994899511
1341845710.713728 0.021164265 0.039116472 -0.000046469 0.050682392 -0.085281357 -0.017305681 0.994916558
1341845710.749785 0.020243587 0.038280122 -0.000504724 0.050577246 -0.084239028 -0.016669057 0.995021522
1341845710.781816 0.020561121 0.038451470 -0.000502077 0.051272698 -0.084481396 -0.016981171 0.994960129
1341845710.817567 0.021363845 0.039339159 -0.001159726 0.051549844 -0.084221207 -0.016986057 0.994967759
1341845710.850205 0.021434151 0.039046254 -0.001226396 0.050923940 -0.083510704 -0.015910313 0.995077670
1341845710.882136 0.020839626 0.038699172 -0.000442465 0.050639778 -0.083888806 -0.015183843 0.995071709
1341845710.917631 0.021365859 0.039075010 -0.001114108 0.050837841 -0.084027581 -0.015991902 0.995037258
1341845710.950281 0.022197643 0.039157927 0.000419756 0.050758939 -0.083485924 -0.015668780 0.995092034
1341845710.985647 0.020506170 0.038140029 0.000460561 0.051439796 -0.083795629 -0.015120213 0.995039523
1341845711.017722 0.021975446 0.039093230 -0.000652038 0.053188324 -0.085580468 -0.017087566 0.994763792
1341845711.049965 0.025642449 0.041630216 0.000155530 0.053133219 -0.085441589 -0.018001564 0.994762540
1341845711.085583 0.022948587 0.038746241 0.000412385 0.050856259 -0.081943616 -0.017919907 0.995177269
1341845711.117670 0.020211149 0.037574023 -0.000705740 0.051133975 -0.081760451 -0.017978767 0.995177031
1341845711.149770 0.023666268 0.039429717 0.000595241 0.052066479 -0.083738267 -0.017097317 0.994979739
1341845711.191691 0.023939138 0.039146338 0.001314617 0.050885424 -0.082444564 -0.016897067 0.995152295
1341845711.218829 0.020699587 0.038213290 0.000508298 0.051136333 -0.081156567 -0.017457850 0.995235622
1341845711.253627 0.020906769 0.038814347 -0.000422106 0.051732957 -0.083242141 -0.017085379 0.995038986
1341845711.285627 0.023851261 0.040155876 0.000781860 0.051485565 -0.084890410 -0.017261870 0.994909465
1341845711.317874 0.023403693 0.039605811 0.000389417 0.050467558 -0.083768763 -0.017811526 0.995047033
1341845711.353756 0.023693914 0.041394319 0.000248654 0.050000798 -0.083079256 -0.019246360 0.995101690
1341845711.385687 0.024009200 0.041303586 0.000800384 0.048356716 -0.081311174 -0.019756112 0.995318949
1341845711.417635 0.021756524 0.039241649 0.000704743 0.047209129 -0.080054380 -0.019172568 0.995487332
1341845711.453809 0.020655932 0.037978835 -0.000286969 0.047667865 -0.080991052 -0.018381840 0.995404601
1341845711.485895 0.022900980 0.039312374 0.000458380 0.048911724 -0.082829721 -0.017274763 0.995212793
1341845711.521704 0.023781665 0.038791664 0.001624134 0.049224589 -0.082609110 -0.016646216 0.995226383
1341845711.553696 0.023518642 0.039774463 0.000525028 0.050107170 -0.082068183 -0.016673679 0.995226622
1341845711.585708 0.025142215 0.041016966 0.000569843 0.049741317 -0.082020715 -0.016974263 0.995243847
1341845711.621659 0.025113532 0.039895657 0.001572411 0.048671018 -0.080850288 -0.017097404 0.995390415
1341845711.653731 0.023310760 0.039505430 0.000516848 0.048687708 -0.080447756 -0.016919438 0.995425224
1341845711.685758 0.025249623 0.040210031 0.001676857 0.049124353 -0.081575096 -0.016030796 0.995326757
1341845711.721850 0.025138680 0.039899487 0.001345908 0.049287491 -0.081281327 -0.015230334 0.995355308
1341845711.754323 0.022424785 0.038616139 -0.000107193 0.049096845 -0.080817290 -0.014834099 0.995408475
1341845711.789716 0.024652271 0.040356088 0.001289836 0.050119556 -0.082638562 -0.014996855 0.995205522
1341845711.821820 0.024679853 0.040036872 0.001655224 0.050121758 -0.082386561 -0.015023776 0.995225906
1341845711.854173 0.024831481 0.040127479 0.001158240 0.050523825 -0.082142301 -0.016215442 0.995207012
1341845711.889875 0.025667507 0.040590435 0.001533714 0.050167516 -0.080979191 -0.017244643 0.995303094
1341845711.923959 0.025328893 0.040462609 0.001216195 0.049307052 -0.078826316 -0.017263683 0.995518565
1341845711.957595 0.024780447 0.040635403 0.000853974 0.048528679 -0.078310050 -0.018026849 0.995584011
1341845711.989820 0.025672143 0.040829100 0.001321186 0.048009597 -0.077816427 -0.019818068 0.995613813
1341845712.021796 0.024462901 0.040868632 0.000751713 0.047283370 -0.076524146 -0.018031279 0.995782733
1341845712.057899 0.024064321 0.041569822 0.000194260 0.047150608 -0.076935478 -0.017184574 0.995772302
1341845712.090038 0.026730243 0.042168103 0.000733680 0.046614613 -0.076968938 -0.020173695 0.995738864
1341845712.127587 0.024825301 0.042521093 0.001151090 0.045387585 -0.073796920 -0.021075001 0.996016979
1341845712.164065 0.019141439 0.038018882 -0.001592130 0.043600332 -0.073340476 -0.018793697 0.996176183
1341845712.195638 0.023578696 0.040824190 0.000270562 0.046512652 -0.078262828 -0.018516915 0.995674968
1341845712.225662 0.027276212 0.042823613 0.000702807 0.046620954 -0.078622662 -0.019685924 0.995619118
1341845712.257830 0.024809677 0.041015375 0.000590202 0.045152888 -0.075299732 -0.021363312 0.995909035
1341845712.289935 0.022604300 0.040413313 -0.000143705 0.045153011 -0.075075500 -0.020679586 0.995940387
