1341845688.929779 0.005746217 -0.017212292 -0.011073686 0.005564098 -0.036003996 0.026146399 0.998994052
1341845688.965631 0.003986620 -0.015450364 -0.011972208 0.006100000 -0.038185362 0.024817826 0.998943806
1341845688.997750 0.004983043 -0.017011903 -0.011807500 0.003626151 -0.038107079 0.020570390 0.999055326
1341845689.029751 0.004757805 -0.017055023 -0.013728570 -0.000622526 -0.035575453 0.014366342 0.999263525
1341845689.065755 -0.001041394 -0.013995976 -0.018019384 -0.003188390 -0.031041192 0.011503170 0.999446809
1341845689.097725 -0.001351755 -0.019784277 -0.019530274 -0.009946404 -0.030346664 0.015204389 0.999374270
1341845689.133718 -0.000364711 -0.019378956 -0.019156441 -0.012389488 -0.029650893 0.017404370 0.999332011
1341845689.165884 -0.002241575 -0.025686510 -0.021645350 -0.018275205 -0.028277718 0.022835098 0.999172151
1341845689.198264 0.000240047 -0.030213732 -0.021417439 -0.024193041 -0.029195338 0.026028071 0.998941839
1341845689.234322 -0.001661271 -0.026202509 -0.021092542 -0.024629986 -0.027263390 0.027580502 0.998944163
1341845689.265745 -0.001636056 -0.026548188 -0.022216519 -0.026202399 -0.026740015 0.029540176 0.998862267
1341845689.297769 0.000135421 -0.030043676 -0.021065928 -0.029044483 -0.028138895 0.030956862 0.998702288
1341845689.333650 -0.000540712 -0.027579349 -0.020632008 -0.029135572 -0.026766479 0.030596577 0.998748481
1341845689.365881 -0.000056609 -0.028666811 -0.021643180 -0.029065631 -0.026833426 0.030998521 0.998736322
1341845689.401592 0.002700809 -0.030020226 -0.019794164 -0.028627554 -0.028742967 0.029849159 0.998730898
1341845689.433744 0.003843746 -0.030336881 -0.019397059 -0.028241206 -0.030099792 0.029156819 0.998722374
1341845689.465651 0.006342729 -0.027355611 -0.018125741 -0.023633698 -0.032850944 0.028653802 0.998769879
1341845689.501840 0.010776486 -0.032980826 -0.017320374 -0.022761934 -0.038283825 0.026848521 0.998646796
1341845689.533687 0.005204022 -0.028945254 -0.019334914 -0.018606056 -0.037622172 0.023342080 0.998846114
1341845689.565814 0.007348634 -0.026511714 -0.018589543 -0.015012210 -0.038412575 0.018539583 0.998977184
1341845689.601682 0.010372650 -0.028286127 -0.017344315 -0.012761214 -0.041630302 0.016124897 0.998921454
1341845689.633591 0.013238681 -0.033847548 -0.017179042 -0.013733581 -0.045952648 0.012236349 0.998774290
1341845689.669672 0.015072246 -0.032721914 -0.016803889 -0.011945853 -0.048507821 0.009721057 0.998704076
1341845689.701700 0.015529486 -0.032266859 -0.017168334 -0.010447077 -0.051242743 0.009894251 0.998582602
1341845689.733773 0.013118697 -0.032921214 -0.017195137 -0.010754628 -0.052688602 0.008939899 0.998513043
1341845689.769822 0.017609868 -0.030904941 -0.016409066 -0.009368809 -0.056414980 0.006073343 0.998344958
1341845689.802003 0.017207967 -0.031097705 -0.017055068 -0.009244584 -0.057973728 0.005835549 0.998258233
1341845689.833757 0.016344195 -0.033782035 -0.018152295 -0.009851374 -0.060724299 0.005303801 0.998091877
1341845689.869861 0.016951332 -0.034600038 -0.017224172 -0.009480406 -0.063247055 0.003766444 0.997945786
1341845689.901825 0.017776197 -0.035873931 -0.016816065 -0.009982796 -0.065083519 0.004033846 0.997821748
1341845689.937674 0.018548179 -0.035078362 -0.017171118 -0.008455699 -0.067825466 0.004190642 0.997652590
1341845689.969679 0.012143198 -0.031000510 -0.019789137 -0.006363304 -0.066148281 0.005359430 0.997775137
1341845690.003830 0.016511321 -0.034156248 -0.017876841 -0.008140426 -0.068207227 0.004718511 0.997626781
1341845690.037686 0.015159201 -0.032922622 -0.018579569 -0.007584157 -0.068026356 0.003163360 0.997649670
1341845690.069636 0.013099934 -0.032204721 -0.019012891 -0.006806042 -0.066762529 0.002886759 0.997741520
1341845690.106587 0.016322345 -0.033096634 -0.019025888 -0.007377780 -0.068537593 0.003400312 0.997615457
1341845690.138859 0.015319186 -0.033038747 -0.018803606 -0.007570958 -0.068597957 0.002415473 0.997612715
1341845690.169919 0.014214340 -0.032495286 -0.018814480 -0.007198185 -0.067504086 0.003323418 0.997687519
1341845690.206103 0.014237612 -0.032770999 -0.019792220 -0.007827472 -0.067507677 0.003478062 0.997682035
1341845690.237700 0.015274712 -0.033051398 -0.019438852 -0.008616972 -0.068527870 0.003193163 0.997606874
1341845690.269981 0.015217906 -0.032918416 -0.018820586 -0.007724189 -0.069920927 0.002840909 0.997518599
1341845690.306143 0.017250869 -0.030117257 -0.018004492 -0.005907723 -0.071645871 -0.000061806 0.997412622
1341845690.338646 0.017530756 -0.030208264 -0.018352445 -0.006736194 -0.071912043 0.000563107 0.997388065
1341845690.373833 0.017328074 -0.029949272 -0.018059023 -0.007670189 -0.072251923 0.001229460 0.997356176
1341845690.405976 0.017266830 -0.030126406 -0.017935714 -0.007702600 -0.072372876 -0.000315569 0.997347832
1341845690.437908 0.016668115 -0.031586058 -0.020825518 -0.008553633 -0.071998894 0.000810957 0.997367680
1341845690.473654 0.016615324 -0.031620711 -0.020797294 -0.008522841 -0.072600216 0.002274726 0.997322083
1341845690.505978 0.016593369 -0.031560235 -0.020765334 -0.007907911 -0.074259579 0.002688376 0.997203946
1341845690.537884 0.016652433 -0.031601984 -0.020966500 -0.007705673 -0.074309118 0.000153960 0.997205436
1341845690.573708 0.016605850 -0.031640645 -0.020797141 -0.008416962 -0.072979137 0.000812466 0.997297585
1341845690.605848 0.016587067 -0.031605791 -0.020614687 -0.008550094 -0.072539292 0.002427904 0.997325957
1341845690.641747 0.016627442 -0.031482380 -0.020758521 -0.007613357 -0.073084809 0.002538295 0.997293413
1341845690.673751 0.016439334 -0.031651638 -0.020447325 -0.007721933 -0.072103463 0.001523765 0.997366071
1341845690.706003 0.016072707 -0.032111350 -0.019366428 -0.007655118 -0.070656255 0.001514276 0.997470200
1341845690.741684 0.015810665 -0.033363685 -0.019102652 -0.007478128 -0.069973178 0.000342139 0.997520804
1341845690.773770 0.015772024 -0.031218849 -0.019505372 -0.006215407 -0.069243424 0.000681026 0.997580171
1341845690.805715 0.016899521 -0.031537384 -0.016571347 -0.005735954 -0.068453819 0.000196323 0.997637808
1341845690.841674 0.016784104 -0.031565215 -0.016476851 -0.005557886 -0.067764513 0.000666744 0.997685671
1341845690.873770 0.016660076 -0.031916406 -0.016585644 -0.005990051 -0.066958606 0.000591350 0.997737586
1341845690.909837 0.016875880 -0.031552102 -0.016561573 -0.006319239 -0.066358708 0.001326610 0.997774959
1341845690.941576 0.013544966 -0.031374212 -0.018276293 -0.006410904 -0.064768329 0.002684663 0.997876108
1341845690.973879 0.013474957 -0.031460963 -0.018102963 -0.006511142 -0.064286202 0.002440307 0.997907281
1341845691.011558 0.013459857 -0.031446472 -0.018187255 -0.006659982 -0.063421905 0.003323487 0.997959018
1341845691.041642 0.013581653 -0.031368170 -0.018301100 -0.006651015 -0.063211143 0.004015028 0.997969925
1341845691.077986 0.013527456 -0.031416655 -0.018201306 -0.006140828 -0.063487247 0.002388762 0.997960865
1341845691.109685 0.013452352 -0.031440753 -0.018149715 -0.005566643 -0.062858783 0.001804407 0.998005271
1341845691.141759 0.013502152 -0.031396657 -0.018220618 -0.005131931 -0.061684992 0.002257049 0.998079956
1341845691.177729 0.015956469 -0.030596653 -0.016656166 -0.003771440 -0.063082419 0.000302999 0.998001099
1341845691.209644 0.015470396 -0.030444957 -0.016028078 -0.003601719 -0.062981270 -0.001223465 0.998007417
1341845691.241757 0.015202167 -0.030288529 -0.015625380 -0.003699395 -0.061455868 -0.001842484 0.998101234
1341845691.277595 0.015356941 -0.030350976 -0.015986053 -0.002852596 -0.061672080 -0.000493017 0.998092234
1341845691.310138 0.015865520 -0.030579071 -0.016497742 -0.002434102 -0.063976958 -0.001538769 0.997947216
1341845691.345620 0.015867546 -0.030579973 -0.016447045 -0.002640230 -0.063436672 -0.002632418 0.997978866
1341845691.378062 0.015845865 -0.030580696 -0.016365929 -0.002140984 -0.061327152 -0.003564137 0.998109043
1341845691.451922 0.015929585 -0.030573385 -0.016501358 -0.001521630 -0.060934275 -0.005479254 0.998125553
1341845691.478799 0.015917307 -0.030606737 -0.016517352 -0.002899561 -0.059609860 -0.004781925 0.998206079
1341845691.509739 0.013893263 -0.031951029 -0.017465778 -0.003211648 -0.058490872 -0.004301551 0.998273492
1341845691.545833 0.014251310 -0.032682341 -0.017962990 -0.003283591 -0.059054725 -0.006133458 0.998230517
1341845691.578399 0.013953801 -0.031944748 -0.017552590 -0.003831057 -0.057877049 -0.008175892 0.998282909
1341845691.613857 0.013824604 -0.031992465 -0.017327234 -0.003941661 -0.054737158 -0.012051244 0.998420238
1341845691.645632 0.012572168 -0.030355228 -0.015085212 -0.001347436 -0.050846767 -0.015490987 0.998585403
1341845691.677793 0.013412743 -0.031845156 -0.016161337 -0.001268061 -0.051212437 -0.014051612 0.998588085
1341845691.713727 0.013043175 -0.032438770 -0.016836528 -0.001418830 -0.052717973 -0.010936690 0.998548567
1341845691.746050 0.012663810 -0.031890344 -0.016226524 -0.000622876 -0.052790757 -0.011673695 0.998537183
1341845691.778411 0.012918540 -0.032021709 -0.015297929 -0.001759746 -0.050245259 -0.014105253 0.998635769
1341845691.813646 0.012309059 -0.030444454 -0.016000755 -0.002108683 -0.048592597 -0.012593298 0.998737097
1341845691.845603 0.011828455 -0.029891847 -0.016707987 -0.001897570 -0.049438283 -0.011575012 0.998708308
1341845691.881595 0.010671896 -0.030285524 -0.016333634 -0.001883434 -0.049772590 -0.013227901 0.998671174
1341845691.913600 0.009751853 -0.030763261 -0.016285958 -0.002280604 -0.048175868 -0.013199954 0.998749018
1341845691.945997 0.010981217 -0.030045856 -0.016836042 -0.001133752 -0.049430307 -0.010672507 0.998719931
1341845691.981657 0.011573751 -0.029805651 -0.016466048 0.001095503 -0.054407209 -0.008328739 0.998483479
1341845692.013904 0.011515577 -0.029296761 -0.016067179 0.003253054 -0.058423430 -0.006575729 0.998264909
1341845692.049676 0.013671436 -0.030530646 -0.015726827 0.003027460 -0.060133170 -0.005639745 0.998169839
1341845692.081862 0.013431775 -0.030287860 -0.015102723 0.003822743 -0.060787685 -0.004940283 0.998131216
1341845692.113695 0.011019589 -0.030288765 -0.016001076 0.004309212 -0.060762979 -0.005591354 0.998127282
1341845692.149736 0.010192120 -0.031302299 -0.014195003 0.003496682 -0.059526712 -0.006682404 0.998198211
1341845692.182123 0.010049466 -0.031581387 -0.012908823 0.004514271 -0.058575764 -0.006072210 0.998254299
1341845692.213661 0.010338207 -0.031260654 -0.014133452 0.005606600 -0.058991998 -0.005292183 0.998228729
1341845692.249828 0.012918010 -0.029994367 -0.015126653 0.005924311 -0.060257565 -0.005581872 0.998149693
1341845692.282146 0.012762600 -0.030086067 -0.014754860 0.005373974 -0.059289526 -0.005948545 0.998208642
1341845692.317711 0.013001219 -0.029931527 -0.015695130 0.005230440 -0.060058750 -0.006187851 0.998161972
1341845692.349688 0.012639170 -0.030064518 -0.014599456 0.005739110 -0.061198313 -0.006062461 0.998090744
1341845692.381560 0.012362394 -0.030127063 -0.014178325 0.007071066 -0.061343014 -0.007462688 0.998063803
1341845692.417776 0.011966197 -0.029548727 -0.013894493 0.008317518 -0.060730390 -0.008247169 0.998085499
1341845692.449672 0.011163972 -0.028622290 -0.014266977 0.009232617 -0.060478337 -0.009173643 0.998084664
1341845692.481594 0.011408972 -0.028914850 -0.014526645 0.010085274 -0.061034236 -0.010031846 0.998034298
1341845692.517778 0.011774921 -0.031363938 -0.013600349 0.010221575 -0.061393458 -0.010284814 0.998008311
1341845692.549744 0.011924898 -0.031316977 -0.013946943 0.011630971 -0.061606500 -0.010071403 0.997981906
1341845692.585822 0.011437227 -0.028847406 -0.014172888 0.013069626 -0.061246961 -0.011729312 0.997968137
1341845692.617836 0.011334875 -0.028908540 -0.013938447 0.013510396 -0.060335521 -0.011376991 0.998021901
1341845692.649770 0.011586336 -0.028809734 -0.014486852 0.014326323 -0.060321353 -0.010861065 0.998017073
1341845692.685749 0.011708111 -0.028894993 -0.014706380 0.014488008 -0.061392732 -0.010947884 0.997948468
1341845692.717676 0.011562411 -0.028826278 -0.014380084 0.014712308 -0.061066777 -0.011584149 0.997958004
1341845692.749897 0.011445276 -0.028861782 -0.014166772 0.014865496 -0.059699424 -0.010585299 0.998049557
1341845692.785833 0.010910128 -0.029177351 -0.012817965 0.015779249 -0.060011387 -0.010530083 0.998017430
1341845692.817657 0.011091710 -0.029274205 -0.013218363 0.016785542 -0.060905941 -0.014392949 0.997898579
1341845692.853833 0.011019882 -0.029251827 -0.013033627 0.017671298 -0.059489638 -0.015593901 0.997950673
1341845692.885614 0.010975623 -0.029187877 -0.012912206 0.019403771 -0.059435524 -0.015925782 0.997916460
1341845692.917728 0.011087558 -0.029123738 -0.013086875 0.020387929 -0.060160343 -0.016599745 0.997842431
1341845692.953573 0.012046007 -0.028927492 -0.015721560 0.021289757 -0.059973668 -0.017871520 0.997812867
1341845692.985667 0.011755801 -0.028682295 -0.015177389 0.022663057 -0.059375975 -0.017636491 0.997822523
1341845693.017585 0.012067334 -0.028901991 -0.015987311 0.022445496 -0.059517041 -0.018176621 0.997809410
1341845693.053684 0.011428896 -0.028891403 -0.014759465 0.022407113 -0.058599044 -0.017921856 0.997869194
1341845693.086059 0.012123309 -0.029203288 -0.015272927 0.023303034 -0.058908913 -0.017156007 0.997843862
1341845693.121690 0.011997610 -0.029154165 -0.015793866 0.023416027 -0.060091235 -0.014946195 0.997806311
1341845693.153852 0.012404369 -0.029177258 -0.016083207 0.022473734 -0.061138049 -0.015586011 0.997754574
1341845693.185655 0.012344684 -0.029077444 -0.015722670 0.021616392 -0.059345506 -0.017139364 0.997856259
1341845693.221687 0.011970952 -0.029242313 -0.015786251 0.021725006 -0.058715034 -0.014268441 0.997936368
1341845693.254518 0.012273630 -0.029293953 -0.015796686 0.022370832 -0.062044036 -0.012005413 0.997750461
1341845693.289735 0.012902837 -0.028447663 -0.015218380 0.022749387 -0.062562563 -0.013538559 0.997689903
1341845693.321741 0.011983680 -0.027131295 -0.015476982 0.022906104 -0.057390332 -0.014492229 0.997983813
1341845693.353715 0.011774872 -0.027322048 -0.014700742 0.023069082 -0.054135490 -0.013004554 0.998182416
1341845693.389830 0.011508718 -0.027575169 -0.014765956 0.023068288 -0.053000286 -0.012307966 0.998252153
1341845693.421993 0.012237308 -0.027661068 -0.014921400 0.023197440 -0.051253811 -0.013170938 0.998329341
1341845693.453700 0.012208660 -0.027680749 -0.015183249 0.023451384 -0.049570270 -0.015296626 0.998378098
1341845693.489783 0.011967482 -0.027019607 -0.013717645 0.024975512 -0.048027866 -0.016300717 0.998400629
1341845693.522084 0.011892032 -0.026913969 -0.013108776 0.027118031 -0.048671544 -0.015305112 0.998329341
1341845693.557666 0.012189972 -0.027541356 -0.013097041 0.028600756 -0.050227284 -0.016126180 0.998197973
1341845693.589792 0.012195606 -0.027648875 -0.013491289 0.029458145 -0.050652992 -0.017492672 0.998128533
1341845693.622158 0.012262449 -0.027830932 -0.014645036 0.029324934 -0.049679864 -0.018202784 0.998168647
1341845693.657659 0.012210126 -0.027690997 -0.014397228 0.028749246 -0.048753392 -0.017266210 0.998247683
1341845693.689929 0.012271046 -0.027605120 -0.014595655 0.028211532 -0.048159353 -0.017310945 0.998291135
1341845693.721602 0.009544400 -0.027408851 -0.014598890 0.026047187 -0.045734756 -0.018379485 0.998444796
1341845693.757636 0.009509706 -0.027388822 -0.014333322 0.024378939 -0.044923272 -0.018808588 0.998515785
1341845693.789776 0.012267046 -0.027649969 -0.014422259 0.023379903 -0.047051415 -0.017734090 0.998461366
1341845693.825637 0.012310128 -0.027676530 -0.014959816 0.021817194 -0.047467716 -0.017395580 0.998482943
1341845693.857724 0.012277195 -0.027624955 -0.014455868 0.020989485 -0.047425248 -0.016626436 0.998515844
1341845693.889741 0.011912249 -0.026834039 -0.013767341 0.021935219 -0.047005113 -0.015615813 0.998531699
1341845693.925573 0.011895908 -0.026837295 -0.013624459 0.021370079 -0.046655513 -0.014581207 0.998575985
1341845693.957722 0.011899602 -0.026804805 -0.013484433 0.021937363 -0.046239059 -0.013465818 0.998598695
1341845693.990410 0.011903181 -0.026823416 -0.013495255 0.022859002 -0.045224804 -0.013918396 0.998618305
1341845694.025740 0.011965089 -0.026946545 -0.014182392 0.023054138 -0.043740217 -0.014887705 0.998665929
1341845694.057728 0.011902967 -0.027109411 -0.013675232 0.023681864 -0.042837799 -0.014968777 0.998689115
1341845694.093631 0.011900485 -0.027129602 -0.013604146 0.025255051 -0.042958487 -0.014553309 0.998651564
1341845694.125598 0.011914832 -0.027128279 -0.013887328 0.026573427 -0.043104179 -0.014780417 0.998607695
1341845694.157890 0.011902299 -0.026829185 -0.014153109 0.027294978 -0.042590018 -0.014901903 0.998608530
1341845694.193528 0.011611633 -0.027279362 -0.013786957 0.028054254 -0.041826259 -0.015458472 0.998611271
1341845694.226254 0.012745941 -0.026984053 -0.012858323 0.029557085 -0.042723846 -0.015135720 0.998534918
1341845694.261793 0.012806694 -0.027021589 -0.012874889 0.030005181 -0.042362936 -0.014765956 0.998542428
1341845694.293655 0.013413695 -0.026493583 -0.011495374 0.030980976 -0.042769205 -0.013158156 0.998517811
1341845694.325844 0.013002588 -0.027166093 -0.011380691 0.031880975 -0.044207614 -0.010602786 0.998457253
1341845694.361761 0.012606864 -0.027274648 -0.012758724 0.033272333 -0.046328165 -0.008345974 0.998337090
1341845694.393754 0.012442662 -0.026874710 -0.012795619 0.034349196 -0.048077159 -0.008252982 0.998218715
1341845694.425809 0.011942980 -0.027243560 -0.013148688 0.034079876 -0.049378879 -0.008140381 0.998165309
1341845694.461731 0.012513117 -0.026828857 -0.012601574 0.034184210 -0.050967596 -0.008679435 0.998077333
1341845694.493931 0.012313395 -0.026943104 -0.013444258 0.032612160 -0.050811879 -0.009905899 0.998126507
1341845694.529694 0.012454609 -0.026818210 -0.013518970 0.031553362 -0.050361298 -0.011421036 0.998167157
1341845694.561652 0.012050360 -0.026681142 -0.013353062 0.031445183 -0.051126707 -0.011558453 0.998130083
1341845694.595586 0.012041124 -0.026675338 -0.013521300 0.032351054 -0.052606493 -0.010837372 0.998032331
1341845694.629850 0.010667675 -0.027198235 -0.011940505 0.033618320 -0.054135289 -0.008795207 0.997928739
1341845694.661659 0.010728249 -0.026682720 -0.013298152 0.035242781 -0.054760393 -0.008162797 0.997843981
1341845694.693720 0.010994585 -0.025982440 -0.013494018 0.035086282 -0.051350903 -0.006564510 0.998042583
1341845694.735664 0.014571602 -0.024813168 -0.011238524 0.033573337 -0.045130529 -0.007067748 0.998391807
1341845694.767988 0.014809600 -0.024925852 -0.010398716 0.031971395 -0.040231992 -0.004941743 0.998666525
1341845694.803611 0.015931817 -0.023622494 -0.007662332 0.030697396 -0.035006959 -0.005261934 0.998901665
1341845694.835585 0.015468455 -0.023814799 -0.007194921 0.029805137 -0.030652272 -0.004755293 0.999074280
1341845694.867728 0.014768171 -0.024020184 -0.009691085 0.028920149 -0.028244179 -0.003230081 0.999177396
1341845694.903566 0.015244483 -0.023830067 -0.008951721 0.027497638 -0.026380423 -0.002067598 0.999271572
1341845694.935679 0.015358960 -0.023911716 -0.007004704 0.027126458 -0.023860700 -0.002277899 0.999344587
1341845694.967669 0.015060300 -0.022826303 -0.004111026 0.028307019 -0.021962155 -0.002525141 0.999354780
1341845695.003730 0.016295860 -0.022423612 -0.002462338 0.028786650 -0.020438071 -0.002016332 0.999374568
1341845695.035689 0.017775485 -0.021931201 -0.000294853 0.029046977 -0.017802913 -0.002347197 0.999416769
1341845695.072465 0.016395347 -0.022708299 -0.002502987 0.028552322 -0.015661690 -0.000319795 0.999469578
1341845695.103895 0.014846452 -0.024268713 -0.005404562 0.027767304 -0.016692316 0.001358019 0.999474108
1341845695.135680 0.015682423 -0.023604756 -0.002140775 0.029657161 -0.020054203 0.000934402 0.999358475
1341845695.172193 0.015099294 -0.024317112 -0.005107695 0.031894907 -0.025636457 0.001753488 0.999160886
1341845695.203618 0.015319796 -0.024187477 -0.004592688 0.034735557 -0.032965817 0.002754924 0.998848915
1341845695.235612 0.014015687 -0.024627710 -0.005710240 0.038062774 -0.039850608 0.004357165 0.998470902
1341845695.271738 0.014350755 -0.024129516 -0.005410500 0.041395821 -0.045885649 0.002325851 0.998085916
1341845695.303569 0.013423394 -0.023867946 -0.007013322 0.043124422 -0.049641967 0.000894174 0.997835219
1341845695.335657 0.014771406 -0.023435105 -0.005016445 0.044151440 -0.053602751 -0.001460247 0.997584701
1341845695.371706 0.014148845 -0.023753157 -0.006686388 0.044156820 -0.056214541 -0.004689217 0.997430742
1341845695.403745 0.015559725 -0.023439521 -0.005701091 0.045073029 -0.060093231 -0.006811281 0.997151315
1341845695.435657 0.014988672 -0.023971902 -0.005999030 0.046218973 -0.063250005 -0.007269722 0.996900380
1341845695.471720 0.014443999 -0.025138373 -0.007857295 0.046886772 -0.067133270 -0.006609249 0.996619821
1341845695.503710 0.014738726 -0.025062885 -0.008140327 0.046921473 -0.070657387 -0.006952443 0.996372223
1341845695.539693 0.014642334 -0.025138842 -0.008217909 0.046476722 -0.073055267 -0.008382690 0.996209085
1341845695.603908 0.014057442 -0.024631113 -0.008540923 0.047494832 -0.075103424 -0.011573612 0.995976746
1341845695.633744 0.014701767 -0.025041115 -0.008896501 0.046889305 -0.076959781 -0.012325899 0.995854735
1341845695.665980 0.014587293 -0.025160370 -0.008751487 0.046262827 -0.078249939 -0.013005486 0.995774865
1341845695.701693 0.014254876 -0.024947871 -0.008629317 0.046751451 -0.079359621 -0.012342241 0.995672643
1341845695.733686 0.014597123 -0.024390152 -0.009998284 0.046428304 -0.080147885 -0.011376545 0.995636165
1341845695.769679 0.014758026 -0.025394393 -0.010931896 0.045332458 -0.080543421 -0.010939422 0.995659649
1341845695.801697 0.013516581 -0.026373783 -0.011349194 0.043499202 -0.079324886 -0.010687597 0.995841920
1341845695.833635 0.013765676 -0.026712280 -0.010961344 0.042317484 -0.079488657 -0.009842763 0.995888472
1341845695.869766 0.013294169 -0.026354352 -0.010916277 0.042376798 -0.078752324 -0.009036497 0.995952129
1341845695.901827 0.013444125 -0.026214568 -0.011301870 0.041396771 -0.078662612 -0.008060878 0.996008813
1341845695.933900 0.013924452 -0.025816454 -0.011667492 0.040045779 -0.078966729 -0.007698779 0.996042848
1341845695.969774 0.013390074 -0.025836688 -0.011700313 0.039171293 -0.078159109 -0.007473753 0.996143043
1341845696.001940 0.013594979 -0.025783710 -0.011706521 0.038587246 -0.077576213 -0.006083503 0.996220827
1341845696.037778 0.013758823 -0.025618978 -0.011853592 0.037645612 -0.076780282 -0.004984902 0.996324599
1341845696.069962 0.014139111 -0.025689382 -0.011218926 0.036555897 -0.077164330 -0.002607964 0.996344566
1341845696.102048 0.013866611 -0.025787622 -0.011639820 0.036466025 -0.077850454 -0.000563057 0.996297777
1341845696.137759 0.013335358 -0.025890563 -0.011597140 0.035993755 -0.077822544 -0.000105062 0.996317267
1341845696.169934 0.012732381 -0.025634700 -0.012221315 0.035094619 -0.077879786 -0.000463616 0.996344745
1341845696.201602 0.012478612 -0.025494374 -0.012626993 0.034402713 -0.077623740 -0.001288566 0.996388137
1341845696.237582 0.012387603 -0.025608588 -0.013212679 0.032610286 -0.077632494 -0.002783257 0.996444702
1341845696.269654 0.012359490 -0.026131187 -0.013420825 0.031003594 -0.078326225 -0.002826383 0.996441543
1341845696.305713 0.013485795 -0.025794175 -0.010976241 0.031099468 -0.079781517 -0.003094927 0.996322334
1341845696.337790 0.012589367 -0.025798371 -0.011545512 0.030556174 -0.079659641 -0.002251267 0.996351123
1341845696.369780 0.013217222 -0.024865419 -0.010550462 0.031081228 -0.080760852 -0.001821920 0.996247172
1341845696.406019 0.012913947 -0.025004555 -0.011520339 0.029450776 -0.081047155 -0.001708877 0.996273577
1341845696.437910 0.012237418 -0.025309924 -0.013409839 0.027374037 -0.080985211 -0.000798955 0.996339023
1341845696.473667 0.012035226 -0.024824340 -0.012910249 0.026355505 -0.079791546 -0.002328099 0.996460378
1341845696.505801 0.011727603 -0.025773874 -0.014343487 0.023816010 -0.078992493 -0.001010528 0.996590137
1341845696.537879 0.012081945 -0.025354138 -0.013134710 0.023427317 -0.079129562 -0.000250703 0.996589005
1341845696.573790 0.011776519 -0.025360605 -0.013916260 0.023175122 -0.079860613 0.000812525 0.996536255
1341845696.611644 0.012345003 -0.025365457 -0.012708218 0.022892114 -0.080779649 0.000920801 0.996468604
1341845696.648592 0.010740798 -0.026055198 -0.013085910 0.022054845 -0.080371343 0.000914288 0.996520519
1341845696.679660 0.010492078 -0.025989251 -0.013613736 0.021004720 -0.080009758 0.000882674 0.996572375
1341845696.705640 0.010220815 -0.026174542 -0.014194010 0.019515147 -0.078918152 0.000579399 0.996689916
1341845696.741801 0.012623570 -0.024950456 -0.012741076 0.019648133 -0.078913860 0.001051495 0.996687233
1341845696.773765 0.011523277 -0.024797985 -0.014056680 0.019460222 -0.077317946 0.001306518 0.996815681
1341845696.805698 0.011545711 -0.024731170 -0.014092431 0.018165927 -0.077146471 0.002396814 0.996851385
1341845696.841908 0.011282505 -0.025244428 -0.013735157 0.017358579 -0.076663941 0.003560607 0.996899486
1341845696.873637 0.010743929 -0.025332056 -0.013941478 0.016417939 -0.075003624 0.003968173 0.997040212
1341845696.905693 0.011154818 -0.024687693 -0.014729111 0.015494602 -0.074387535 0.003759509 0.997101963
1341845696.941841 0.011888339 -0.024358707 -0.012885676 0.014333504 -0.073962547 0.004209753 0.997149110
1341845696.973560 0.011931593 -0.024999090 -0.012914247 0.013007623 -0.073828250 0.006899408 0.997162282
1341845697.009723 0.011733416 -0.024963576 -0.013940655 0.012125347 -0.073389240 0.007745983 0.997199595
1341845697.041678 0.012137921 -0.024914643 -0.011631753 0.011223109 -0.072598331 0.006658776 0.997275889
1341845697.073636 0.012734799 -0.025557864 -0.011047851 0.010957033 -0.071892768 0.006268479 0.997332454
1341845697.109770 0.012657508 -0.025859697 -0.011260031 0.011106881 -0.071138509 0.006541074 0.997383177
1341845697.141787 0.012605284 -0.025877202 -0.011009646 0.010280627 -0.070610039 0.005702488 0.997434735
1341845697.173791 0.012671192 -0.025523406 -0.010322745 0.010464642 -0.070151605 0.006113955 0.997462690
1341845697.209803 0.012393082 -0.024617255 -0.011636340 0.011256617 -0.069939926 0.005789856 0.997470915
1341845697.241685 0.012457552 -0.024504462 -0.011822470 0.011011711 -0.069562420 0.006737454 0.997494102
1341845697.277780 0.012268634 -0.024592629 -0.011490774 0.010421540 -0.069045328 0.006557337 0.997537553
1341845697.309575 0.013546255 -0.025301214 -0.010421031 0.010030134 -0.070145287 0.007748193 0.997456253
1341845697.342252 0.012114574 -0.024250437 -0.011829642 0.010356194 -0.069816209 0.006836975 0.997482657
1341845697.377604 0.011925383 -0.024183571 -0.011526389 0.010603097 -0.069799289 0.005990377 0.997486711
1341845697.409528 0.012027410 -0.024233148 -0.011701584 0.010490986 -0.069673575 0.005647806 0.997498691
1341845697.441666 0.011536927 -0.024222791 -0.011045448 0.010631084 -0.068911545 0.005497064 0.997550964
1341845697.477718 0.011556085 -0.024177192 -0.011033268 0.011639041 -0.069305263 0.005940902 0.997509897
1341845697.509822 0.010898627 -0.023993803 -0.011852222 0.011717233 -0.068804428 0.004679144 0.997550368
1341845697.545892 0.010892120 -0.023912299 -0.011901763 0.011741270 -0.069126435 0.004472562 0.997528791
1341845697.577742 0.010946157 -0.023901632 -0.011976505 0.012384647 -0.069806702 0.005218973 0.997470021
1341845697.609653 0.011146820 -0.023885394 -0.012241201 0.012374307 -0.070568532 0.005913529 0.997412682
1341845697.645769 0.011208425 -0.023823263 -0.012420014 0.011974550 -0.071163788 0.005839695 0.997375667
1341845697.677795 0.011045653 -0.023851521 -0.012278821 0.011662625 -0.071040377 0.006149536 0.997386336
1341845697.713520 0.010984825 -0.023904983 -0.012171349 0.011104863 -0.070614025 0.005823142 0.997424901
1341845697.745975 0.009888445 -0.024473691 -0.012859468 0.010292497 -0.070269287 0.006814600 0.997451663
1341845697.777683 0.009880614 -0.024493998 -0.012852616 0.010041089 -0.070693709 0.007096905 0.997422278
1341845697.813673 0.009991690 -0.024287032 -0.013263726 0.009523127 -0.070898227 0.007372637 0.997410834
1341845697.845793 0.009962563 -0.024409909 -0.013077517 0.007900681 -0.070010141 0.006728446 0.997492313
1341845697.877887 0.009941211 -0.024436556 -0.012991103 0.006939927 -0.070251890 0.006626443 0.997483134
1341845697.913637 0.011811690 -0.024150627 -0.011350526 0.006912951 -0.071491741 0.007135265 0.997391701
1341845697.945734 0.011777218 -0.024106123 -0.011507304 0.006372870 -0.071538538 0.006343906 0.997397304
1341845697.981763 0.011437581 -0.024330569 -0.011433641 0.005909469 -0.071350478 0.005396799 0.997419238
1341845698.013639 0.011357445 -0.024389857 -0.011288834 0.006078631 -0.071037687 0.005477712 0.997440100
1341845698.045700 0.011345272 -0.024389287 -0.011290838 0.006432302 -0.071026996 0.004998113 0.997441173
1341845698.081804 0.011406626 -0.024311746 -0.011392625 0.006368783 -0.071718551 0.005063081 0.997391760
1341845698.113733 0.011378950 -0.024345601 -0.011322845 0.006565014 -0.072116241 0.005133606 0.997361422
1341845698.145605 0.011371603 -0.024392562 -0.011439209 0.006816866 -0.072103664 0.004365215 0.997364283
1341845698.181637 0.011110718 -0.024107810 -0.011566845 0.006902775 -0.072057612 0.003585691 0.997370124
1341845698.213981 0.011091174 -0.024176696 -0.011405321 0.007116712 -0.073001422 0.003895614 0.997298837
1341845698.249641 0.011155348 -0.024025343 -0.011726586 0.007928744 -0.074157745 0.003762127 0.997207940
1341845698.281737 0.011265555 -0.023999115 -0.011844358 0.006904496 -0.074645370 0.003198680 0.997181118
1341845698.313940 0.011161827 -0.024130858 -0.011571583 0.006518292 -0.074565001 0.002087211 0.997192681
1341845698.349629 0.011038282 -0.024090601 -0.011642783 0.006782763 -0.074528307 0.001855557 0.997194111
1341845698.381667 0.010985924 -0.024080852 -0.011614821 0.006705958 -0.075182036 0.001615976 0.997145951
1341845698.413724 0.011002152 -0.024065677 -0.011622916 0.007309000 -0.076435022 0.002260031 0.997045219
1341845698.449543 0.011046866 -0.024083894 -0.011725894 0.007707743 -0.077900782 0.002791703 0.996927440
1341845698.481693 0.011329359 -0.024068128 -0.011670955 0.007490363 -0.079314314 0.003303489 0.996816039
1341845698.517644 0.011153053 -0.023917377 -0.011970128 0.007783633 -0.079893999 0.002243253 0.996770442
1341845698.549633 0.011031189 -0.024097487 -0.011686130 0.008354559 -0.080485389 0.001130730 0.996720135
1341845698.581773 0.010960689 -0.024270911 -0.011631686 0.008962185 -0.080821075 -0.000867896 0.996687949
1341845698.617608 0.010967504 -0.024265476 -0.011567512 0.009263054 -0.081195086 -0.001528903 0.996654034
1341845698.649887 0.010972963 -0.024295215 -0.011496312 0.009641618 -0.081654564 -0.001574525 0.996612787
1341845698.685838 0.010973651 -0.024162136 -0.011781209 0.010808311 -0.081894569 -0.002439242 0.996579409
1341845698.717744 0.011081663 -0.024081018 -0.012034869 0.010477938 -0.081760600 -0.002496662 0.996593773
1341845698.749680 0.010991397 -0.024201425 -0.011827311 0.009904942 -0.081240050 -0.001977102 0.996643364
1341845698.785826 0.010445382 -0.024243794 -0.012533984 0.009606653 -0.080938347 -0.001697863 0.996671379
1341845698.817603 0.010542613 -0.024096567 -0.012802242 0.009252347 -0.081073292 -0.002250467 0.996662676
1341845698.849705 0.010610669 -0.024039701 -0.012915957 0.008425718 -0.081166558 -0.002301926 0.996662259
1341845698.885714 0.011146242 -0.023946278 -0.011966730 0.008092580 -0.081476003 -0.001686637 0.996641040
1341845698.917723 0.010952342 -0.023944626 -0.011996471 0.006996407 -0.080786005 -0.002632539 0.996703446
1341845698.953706 0.010738140 -0.024068713 -0.012667671 0.006412821 -0.080277354 -0.003548102 0.996745646
1341845698.985694 0.010691404 -0.024049491 -0.012603578 0.005942776 -0.080248609 -0.003018385 0.996752620
1341845699.017571 0.010673884 -0.024044411 -0.012638482 0.005050730 -0.080591150 -0.001829110 0.996732771
1341845699.053593 0.010856258 -0.023980282 -0.012848163 0.003939617 -0.081073277 -0.002114223 0.996698081
1341845699.086340 0.010119496 -0.024413643 -0.013305862 0.001758087 -0.080294989 -0.002276023 0.996766984
1341845699.117688 0.010081662 -0.024439393 -0.013254035 -0.000134779 -0.080104135 -0.002459357 0.996783435
1341845699.153695 0.011052133 -0.023882633 -0.012361732 -0.001178423 -0.080316059 -0.003183516 0.996763706
1341845699.185845 0.011030694 -0.023878515 -0.012340377 -0.002348391 -0.079716749 -0.003289035 0.996809363
1341845699.221973 0.010849344 -0.023986883 -0.012506705 -0.003428784 -0.079330474 -0.003600953 0.996835947
1341845699.253571 0.010614673 -0.024131924 -0.012710069 -0.003643258 -0.079774961 -0.003299046 0.996800780
1341845699.285622 0.010577679 -0.024139855 -0.012638318 -0.002768010 -0.080910951 -0.002689592 0.996713817
1341845699.321906 0.010807405 -0.023991566 -0.012469393 -0.002018385 -0.081936426 -0.001393849 0.996634543
1341845699.354916 0.010845731 -0.023980450 -0.012506641 -0.002158556 -0.082696088 -0.000954398 0.996572018
1341845699.385859 0.010771675 -0.024048811 -0.012751128 -0.001834524 -0.082662486 -0.001570708 0.996574640
1341845699.421535 0.010692200 -0.024088776 -0.012792855 -0.001340567 -0.082219966 -0.002580132 0.996609926
1341845699.454093 0.010731280 -0.024086146 -0.012843231 -0.001314465 -0.081395753 -0.004015881 0.996672869
1341845699.489836 0.010700799 -0.024100538 -0.012786672 -0.001763385 -0.080632798 -0.004242200 0.996733308
1341845699.522001 0.010638461 -0.024105424 -0.012674547 -0.001356639 -0.081316665 -0.003436157 0.996681452
1341845699.556281 0.010502249 -0.024211170 -0.012810163 -0.000731496 -0.081584677 -0.003374953 0.996660411
1341845699.595416 0.010503768 -0.024197126 -0.012850224 -0.000225044 -0.081387445 -0.002692297 0.996678889
1341845699.628631 0.010575546 -0.024167415 -0.012942749 -0.000552350 -0.080316745 -0.003450320 0.996763229
1341845699.663810 0.010482667 -0.024213817 -0.012803801 -0.000633617 -0.079397529 -0.003293461 0.996837378
1341845699.696113 0.010638036 -0.024112644 -0.012694758 0.000211201 -0.079121098 -0.001713355 0.996863484
1341845699.727683 0.010145635 -0.024438960 -0.013378723 -0.001360916 -0.078580171 -0.001348245 0.996905923
1341845699.763748 0.010123108 -0.024426259 -0.013317402 -0.003097807 -0.078228489 -0.001575748 0.996929407
1341845699.789808 0.010071407 -0.024466967 -0.013259879 -0.003259644 -0.077278070 -0.002480507 0.997001171
1341845699.821737 0.010072767 -0.024455639 -0.013246451 -0.003033458 -0.076733626 -0.002674025 0.997043431
1341845699.857825 0.010081501 -0.024431109 -0.013269767 -0.003233893 -0.076988563 -0.002691653 0.997023106
1341845699.889686 0.010073192 -0.024461778 -0.013261038 -0.003277148 -0.077216752 -0.002389654 0.997006059
1341845699.925749 0.010549960 -0.024194725 -0.012855055 -0.002626457 -0.077065043 -0.003243312 0.997017324
1341845699.957536 0.010535080 -0.024176912 -0.012848279 -0.001814660 -0.076748580 -0.002792063 0.997044921
1341845699.989671 0.010425529 -0.024219736 -0.012696811 -0.000743888 -0.077022731 -0.001149004 0.997028410
1341845700.025810 0.010655932 -0.024123410 -0.012813649 0.000364162 -0.077447817 -0.000828463 0.996995986
1341845700.058133 0.010659552 -0.024141725 -0.012825966 0.000978474 -0.076870404 -0.002210783 0.997038186
1341845700.090754 0.010550647 -0.024182629 -0.012773518 0.001024219 -0.076232076 -0.002445243 0.997086585
1341845700.125852 0.010598069 -0.024179012 -0.012933058 0.001169628 -0.076372579 -0.002872815 0.997074544
1341845700.157773 0.010564310 -0.024151102 -0.012689157 0.001917594 -0.076411746 -0.003162140 0.997069478
1341845700.193533 0.010649606 -0.024135247 -0.012768181 0.002062892 -0.075680822 -0.003905473 0.997122288
1341845700.225771 0.010605613 -0.024148533 -0.012717517 0.002038175 -0.074718945 -0.004000861 0.997194529
1341845700.257669 0.010596097 -0.024136318 -0.012709592 0.002251649 -0.074326515 -0.003730919 0.997224450
1341845700.293641 0.010623163 -0.024130810 -0.012756306 0.002062389 -0.074026227 -0.002332378 0.997251451
1341845700.325714 0.010640020 -0.024122959 -0.012765986 0.002438430 -0.074060202 -0.001655483 0.997249424
1341845700.357742 0.010633091 -0.024139494 -0.012771481 0.002507567 -0.073367789 -0.002269596 0.997299194
1341845700.393681 0.010662622 -0.024124078 -0.012810710 0.002032869 -0.072560631 -0.002943748 0.997357607
1341845700.425997 0.010525792 -0.024167821 -0.012589314 0.001581659 -0.071937032 -0.003935657 0.997400165
1341845700.461682 0.010519133 -0.024150752 -0.012562502 0.001532590 -0.071736157 -0.004486568 0.997412384
1341845700.493808 0.010518641 -0.024162030 -0.012570329 0.001462404 -0.071550205 -0.004689169 0.997424901
1341845700.526106 0.010523384 -0.024163680 -0.012574380 0.001055519 -0.071607895 -0.004622228 0.997421622
1341845700.562458 0.010496700 -0.024163388 -0.012539646 0.000835375 -0.071406700 -0.004002338 0.997438908
1341845700.594110 0.010441482 -0.024195032 -0.012630716 0.000390066 -0.071312457 -0.003291850 0.997448504
1341845700.626137 0.010479605 -0.024195733 -0.012678755 0.000264210 -0.071512043 -0.003721168 0.997432768
1341845700.661872 0.010501071 -0.024187757 -0.012710650 0.000011697 -0.070637271 -0.004607577 0.997491419
1341845700.693861 0.010390040 -0.024197999 -0.012564592 -0.000557565 -0.070151225 -0.005368076 0.997521758
1341845700.732394 0.010432921 -0.024196871 -0.012582129 -0.000327430 -0.071058981 -0.004538683 0.997461736
1341845700.767794 0.010487574 -0.024191722 -0.012711975 -0.000074734 -0.071230792 -0.003697118 0.997452974
1341845700.799058 0.010480789 -0.024186973 -0.012677989 0.000368824 -0.070865631 -0.003771885 0.997478664
1341845700.829639 0.010503627 -0.024182841 -0.012722897 0.000524694 -0.070871696 -0.004493938 0.997475147
1341845700.867749 0.010479295 -0.024185067 -0.012683196 0.000404814 -0.070633389 -0.004728922 0.997491062
1341845700.897703 0.010426784 -0.024189945 -0.012587534 0.000794281 -0.070659973 -0.003990844 0.997492135
1341845700.930007 0.010408340 -0.024207614 -0.012566529 0.001578938 -0.071520671 -0.004047821 0.997429669
1341845700.961797 0.010446478 -0.024223140 -0.012694788 0.001511550 -0.071178392 -0.005235740 0.997448683
1341845700.997752 0.010382732 -0.024214549 -0.012605873 0.001391099 -0.071028531 -0.005428465 0.997458518
1341845701.029597 0.010403220 -0.024210224 -0.012656679 0.001437092 -0.071530223 -0.005759139 0.997420728
1341845701.061618 0.010398739 -0.024198757 -0.012658418 0.001716846 -0.071910188 -0.005486085 0.997394502
1341845701.097561 0.010335072 -0.024231931 -0.012542492 0.001966225 -0.072000921 -0.006015363 0.997384489
1341845701.129741 0.010442504 -0.024207599 -0.012687782 0.002070215 -0.071774773 -0.005697016 0.997402430
1341845701.165734 0.010349480 -0.024228835 -0.012547081 0.001873419 -0.071698576 -0.005335828 0.997410297
1341845701.197714 0.010360093 -0.024222545 -0.012585432 0.002411474 -0.072093882 -0.005145220 0.997381628
1341845701.230497 0.010544971 -0.024188286 -0.012663432 0.002601703 -0.072479837 -0.006162241 0.997347414
1341845701.265852 0.010461168 -0.024204288 -0.012576680 0.002946631 -0.072757706 -0.006117437 0.997326553
1341845701.297730 0.010516868 -0.024182111 -0.012618368 0.003905870 -0.073752530 -0.006299656 0.997249007
1341845701.329611 0.010604004 -0.024167024 -0.012744921 0.003781293 -0.073525175 -0.007299549 0.997259498
1341845701.365791 0.010560600 -0.024174174 -0.012681236 0.003308996 -0.073206052 -0.007182846 0.997285485
1341845701.397757 0.010510156 -0.024189901 -0.012616263 0.002984159 -0.073085576 -0.007737129 0.997291207
1341845701.433542 0.010478310 -0.024173791 -0.012546512 0.002643257 -0.072621763 -0.006776663 0.997332990
1341845701.465617 0.010431192 -0.024192192 -0.012504791 0.002781254 -0.072532594 -0.005082023 0.997349203
1341845701.497704 0.010495321 -0.024181455 -0.012581453 0.002632684 -0.072805800 -0.004677757 0.997331679
1341845701.533597 0.010572480 -0.024171578 -0.012730671 0.002163933 -0.072811902 -0.004739747 0.997332096
1341845701.565815 0.010550548 -0.024173792 -0.012695936 0.002087395 -0.072113477 -0.005836951 0.997377157
1341845701.597762 0.010501479 -0.024239937 -0.012989086 0.002014129 -0.071763836 -0.005857692 0.997402430
1341845701.633825 0.010498577 -0.024244435 -0.012987863 0.002641451 -0.071964778 -0.006207776 0.997384369
1341845701.665709 0.010483659 -0.024268730 -0.012947949 0.003214559 -0.071838781 -0.006555518 0.997389555
1341845701.701676 0.010576970 -0.024170628 -0.012713561 0.004011772 -0.071456529 -0.006629961 0.997413635
1341845701.733527 0.010550235 -0.024234554 -0.013033228 0.004456691 -0.071587175 -0.006181244 0.997405231
1341845701.765764 0.010593815 -0.024168329 -0.012811016 0.004459488 -0.071736209 -0.006591463 0.997391880
1341845701.801701 0.010513647 -0.024186984 -0.012700765 0.004564841 -0.071240529 -0.007130656 0.997423232
1341845701.833700 0.010492895 -0.024190726 -0.012661765 0.004677666 -0.071246497 -0.006431933 0.997427046
1341845701.865775 0.010479614 -0.024186829 -0.012643436 0.004991943 -0.071236171 -0.005397964 0.997432351
1341845701.901711 0.010535751 -0.024179332 -0.012730053 0.004672515 -0.070934355 -0.006146192 0.997451067
1341845701.933585 0.010543441 -0.024158278 -0.012760116 0.004475630 -0.070588842 -0.006098913 0.997476816
1341845701.969726 0.010527050 -0.024177019 -0.012740264 0.004074047 -0.070530139 -0.006180233 0.997482181
1341845702.002544 0.010493245 -0.024194669 -0.012857934 0.003995020 -0.070392773 -0.006125275 0.997492552
1341845702.034379 0.010430836 -0.024210026 -0.012752213 0.004392511 -0.070151895 -0.006999278 0.997502089
1341845702.070436 0.010508648 -0.024209408 -0.012879545 0.004208613 -0.070198558 -0.007612942 0.997495115
1341845702.101809 0.010453134 -0.024208266 -0.012766975 0.004719567 -0.070832059 -0.007530087 0.997448683
1341845702.137663 0.010466506 -0.024215968 -0.012782016 0.004967620 -0.071110167 -0.007752964 0.997425973
1341845702.169629 0.010426975 -0.024211865 -0.012737880 0.005703370 -0.071302652 -0.007609876 0.997409403
1341845702.201769 0.010454593 -0.024215421 -0.012762522 0.005821405 -0.071001016 -0.008881063 0.997419715
1341845702.237691 0.010400010 -0.024235981 -0.012673625 0.005831780 -0.070563592 -0.009011211 0.997449517
1341845702.269760 0.010408543 -0.024225425 -0.012683664 0.006038731 -0.070676409 -0.008896799 0.997441351
1341845702.301761 0.010357459 -0.024228338 -0.012633202 0.006595368 -0.070167035 -0.009527938 0.997467935
1341845702.337713 0.010183892 -0.024348684 -0.012858152 0.005978275 -0.069425769 -0.010045846 0.997518599
1341845702.369720 0.010194417 -0.024343560 -0.012868560 0.005916999 -0.070136428 -0.009942943 0.997470319
1341845702.405655 0.010177362 -0.024358111 -0.012845838 0.005857728 -0.070089281 -0.009905613 0.997474313
1341845702.437629 0.010120546 -0.024369417 -0.012783519 0.005743415 -0.069074959 -0.009532073 0.997549415
1341845702.469691 0.010139634 -0.024348656 -0.012781690 0.005831196 -0.069112763 -0.008772387 0.997553229
1341845702.506265 0.010142094 -0.024282804 -0.012263323 0.006071587 -0.069109276 -0.008661740 0.997552991
1341845702.537648 0.010153660 -0.024273854 -0.012268651 0.005844529 -0.069311798 -0.008094367 0.997545063
1341845702.569753 0.010208432 -0.024281645 -0.012378580 0.005989122 -0.069173463 -0.008416631 0.997551143
1341845702.605685 0.010172374 -0.024285315 -0.012327920 0.005508502 -0.069200873 -0.007833409 0.997556806
1341845702.637718 0.010128770 -0.024298996 -0.012256049 0.004988268 -0.069271572 -0.008017147 0.997553170
1341845702.673733 0.010108175 -0.024305237 -0.012239640 0.005055587 -0.068844065 -0.008538907 0.997578084
1341845702.705735 0.010276849 -0.024259495 -0.012663496 0.004331458 -0.068676345 -0.008946463 0.997589469
1341845702.737648 0.010285163 -0.024277272 -0.012664706 0.003404618 -0.067980945 -0.010362389 0.997627020
1341845702.773644 0.010275537 -0.024303095 -0.012643470 0.001617849 -0.067337491 -0.012118081 0.997655332
1341845702.805893 0.010190276 -0.024304397 -0.012583435 0.000346095 -0.066181116 -0.011678216 0.997739196
1341845702.837969 0.010180643 -0.024299983 -0.012355772 -0.000927102 -0.065650851 -0.012892813 0.997758925
1341845702.874009 0.010173780 -0.024311909 -0.012350087 -0.002755840 -0.064934418 -0.013423855 0.997795403
1341845702.908704 0.010169338 -0.024336224 -0.012797450 -0.003231912 -0.064746074 -0.012420426 0.997819245
1341845702.941673 0.010095599 -0.024317762 -0.012240693 -0.002184568 -0.064915016 -0.012450662 0.997810721
1341845702.973595 0.009953041 -0.024338912 -0.012037642 -0.000083637 -0.066124596 -0.009398795 0.997767091
1341845703.005769 0.010044278 -0.024307618 -0.012179980 0.001630223 -0.067381166 -0.008120148 0.997692943
1341845703.041648 0.010578562 -0.024003088 -0.011796868 0.002902538 -0.068921007 -0.008346349 0.997582972
1341845703.073714 0.010633658 -0.024017124 -0.011872269 0.001918278 -0.068680964 -0.009854288 0.997588158
1341845703.109699 0.010725138 -0.023989666 -0.012012885 -0.000503763 -0.066662110 -0.012010462 0.997703195
1341845703.142006 0.010097315 -0.024338624 -0.012251835 -0.001725169 -0.064838596 -0.012688772 0.997813582
1341845703.173706 0.010138721 -0.024316747 -0.012484256 -0.003068572 -0.064633042 -0.013159364 0.997817636
1341845703.209732 0.010218563 -0.024192557 -0.011877528 -0.003274593 -0.064727031 -0.013063975 0.997812092
1341845703.242050 0.010250440 -0.024193253 -0.011916598 -0.002122332 -0.064959817 -0.013289048 0.997797132
1341845703.273874 0.010210253 -0.024187906 -0.011886740 -0.001325477 -0.065520748 -0.012054181 0.997777522
1341845703.309758 0.010233757 -0.024172770 -0.011911326 -0.000575617 -0.066492982 -0.010648120 0.997729897
1341845703.341850 0.010369257 -0.024058808 -0.011550474 0.000027213 -0.066511378 -0.010600757 0.997729361
1341845703.377702 0.010297198 -0.024167068 -0.012084568 0.000715508 -0.065548845 -0.011296748 0.997785211
1341845703.409585 0.010195233 -0.024211906 -0.011949620 0.000933582 -0.065362774 -0.012180956 0.997786820
1341845703.441629 0.010262639 -0.024188014 -0.012050003 0.000750869 -0.065753289 -0.012291615 0.997759938
1341845703.477741 0.010400639 -0.024049539 -0.011597991 0.000850867 -0.065844998 -0.012423484 0.997752190
1341845703.509995 0.010291849 -0.024182474 -0.012199362 0.001065832 -0.065513991 -0.012123261 0.997777462
1341845703.541800 0.010270726 -0.024199432 -0.012116395 0.001868731 -0.065500908 -0.013312700 0.997761965
1341845703.577765 0.009897688 -0.024480183 -0.011578146 0.001630429 -0.065430462 -0.014038007 0.997757077
1341845703.609650 0.010101813 -0.024294769 -0.011916308 0.002154119 -0.065679155 -0.014001318 0.997740269
1341845703.651761 0.010290908 -0.024154454 -0.012042386 0.002742483 -0.066152118 -0.013300390 0.997717142
1341845703.677758 0.010309316 -0.024174068 -0.012126187 0.003135886 -0.067031890 -0.013127691 0.997659564
1341845703.709916 0.010280055 -0.024211591 -0.012170904 0.002728278 -0.067558520 -0.013460702 0.997620761
1341845703.745719 0.010182830 -0.024284206 -0.012147930 0.001459575 -0.066947676 -0.014603647 0.997648537
1341845703.777733 0.009986069 -0.024418997 -0.011763290 0.000015508 -0.065542728 -0.014823641 0.997739673
1341845703.809711 0.009877665 -0.024494067 -0.011525807 -0.000404933 -0.065296061 -0.014767142 0.997756541
1341845703.845769 0.009927732 -0.024462903 -0.011589286 -0.000376926 -0.065467522 -0.015199167 0.997738838
1341845703.877728 0.010056487 -0.024359552 -0.011840422 -0.000534830 -0.065472573 -0.015089355 0.997740090
1341845703.913808 0.009947682 -0.024443846 -0.011689395 -0.001032570 -0.065226406 -0.014127378 0.997769952
1341845703.945653 0.010081088 -0.024383334 -0.011889075 -0.000719326 -0.064888515 -0.015294934 0.997775018
1341845703.977870 0.010047385 -0.024400545 -0.011845911 -0.000232551 -0.064486437 -0.015094064 0.997804403
1341845704.013637 0.009924877 -0.024494819 -0.011913097 0.000706722 -0.064942934 -0.015654907 0.997765899
1341845704.045703 0.010039594 -0.024372742 -0.012191282 0.001655372 -0.065302551 -0.014752914 0.997755051
1341845704.077666 0.009972555 -0.024374980 -0.012106027 0.002164042 -0.065149032 -0.013753026 0.997778416
1341845704.113706 0.010008172 -0.024367571 -0.012243439 0.002097051 -0.064637966 -0.013204043 0.997819245
1341845704.145681 0.009958057 -0.024421213 -0.012243598 0.001603140 -0.064842977 -0.014119509 0.997794330
1341845704.181785 0.009938397 -0.024453538 -0.012155285 0.001049681 -0.064299971 -0.014854793 0.997819483
1341845704.213778 0.009944458 -0.024432227 -0.011720025 0.001073124 -0.063925765 -0.014409091 0.997850060
1341845704.245863 0.010028793 -0.024348611 -0.011911257 0.001048179 -0.063862525 -0.013400276 0.997868180
1341845704.281578 0.010060880 -0.024353275 -0.011923847 0.000709776 -0.063472927 -0.013487712 0.997892141
1341845704.313707 0.009959086 -0.024410903 -0.012222172 -0.000109425 -0.062951110 -0.013318767 0.997927725
1341845704.349873 0.010016783 -0.024394199 -0.012761155 -0.000871664 -0.061216846 -0.012908780 0.998040676
1341845704.381729 0.010002276 -0.024409592 -0.012708188 -0.001807192 -0.059505649 -0.013248875 0.998138428
1341845704.413817 0.009878275 -0.024322333 -0.012158887 -0.001491563 -0.058007151 -0.012248130 0.998239934
1341845704.449837 0.009930342 -0.024429748 -0.012164205 -0.001695062 -0.056668982 -0.012819757 0.998309255
1341845704.481600 0.009910621 -0.024431538 -0.012278965 -0.002791237 -0.054967947 -0.013358565 0.998394847
1341845704.513671 0.009898496 -0.024355544 -0.012073390 -0.001469823 -0.054458223 -0.011946346 0.998443484
1341845704.549869 0.009872924 -0.024323748 -0.011793176 0.003385274 -0.055713013 -0.009441912 0.998396456
1341845704.581901 0.009829716 -0.024389008 -0.011944037 0.007381395 -0.057828870 -0.007732881 0.998269260
1341845704.617838 0.009908309 -0.024459302 -0.012339723 0.008801076 -0.058405232 -0.008598305 0.998217165
1341845704.650477 0.009929325 -0.024439031 -0.012483503 0.009288477 -0.058183074 -0.010035553 0.998212278
1341845704.681708 0.009759443 -0.024516176 -0.012051997 0.010596663 -0.058915164 -0.010050005 0.998156190
1341845704.717704 0.009835697 -0.024432359 -0.012217877 0.011733896 -0.060118522 -0.010014123 0.998072028
1341845704.749702 0.009875111 -0.024484733 -0.012372052 0.011962519 -0.060480990 -0.011859987 0.998027205
1341845704.781791 0.009885157 -0.024476290 -0.012402041 0.011285997 -0.060064584 -0.014701575 0.998022437
1341845704.817744 0.009833502 -0.024463389 -0.012160471 0.012112769 -0.060709309 -0.015314559 0.997964501
1341845704.849705 0.009893474 -0.024430791 -0.012298499 0.013279224 -0.062530711 -0.014247370 0.997852981
1341845704.885675 0.009834265 -0.024519764 -0.012136698 0.013342438 -0.063535780 -0.016053958 0.997761190
1341845704.917742 0.009927456 -0.024459869 -0.012363293 0.012801625 -0.064228877 -0.015490346 0.997732818
1341845704.949746 0.009986385 -0.024445299 -0.012507265 0.012253556 -0.064762339 -0.017315319 0.997675240
1341845704.985761 0.009857674 -0.024497675 -0.012245620 0.011256399 -0.065048210 -0.017719330 0.997661293
1341845705.017537 0.009970781 -0.024403952 -0.012447037 0.010730638 -0.065370671 -0.018760527 0.997626960
1341845705.049660 0.009861987 -0.024544640 -0.012194068 0.009924371 -0.065723255 -0.019159824 0.997604549
1341845705.085710 0.009691199 -0.024708377 -0.011733219 0.009326617 -0.066282175 -0.019863795 0.997559607
1341845705.117831 0.009690993 -0.024697881 -0.011767404 0.009269541 -0.066914305 -0.019811137 0.997518957
1341845705.154005 0.009698896 -0.024662027 -0.011893964 0.007737603 -0.067050003 -0.020580595 0.997507334
1341845705.185648 0.009839282 -0.024519552 -0.012228407 0.007036954 -0.066747442 -0.020034652 0.997543931
1341845705.217695 0.010208092 -0.024309263 -0.012377965 0.006963669 -0.066785321 -0.020575665 0.997530878
1341845705.253735 0.010576355 -0.024087070 -0.012854862 0.006545184 -0.066675812 -0.021291023 0.997526050
1341845705.285554 0.010539699 -0.024101404 -0.012781956 0.006403326 -0.066910416 -0.021822443 0.997499764
1341845705.321646 0.010226863 -0.024311183 -0.012731849 0.006851693 -0.067050636 -0.020487722 0.997515678
1341845705.353674 0.010558803 -0.024150483 -0.012690263 0.006889360 -0.067684166 -0.020198060 0.997478545
1341845705.385774 0.010593010 -0.024135360 -0.012721368 0.007738486 -0.067703187 -0.019721745 0.997480571
1341845705.421801 0.010513472 -0.024152912 -0.012613838 0.008692378 -0.067191899 -0.020805534 0.997485220
1341845705.453568 0.010442999 -0.024165899 -0.012471614 0.010847760 -0.067684367 -0.019865174 0.997449994
1341845705.485749 0.010472165 -0.024169553 -0.012517981 0.012551313 -0.068715684 -0.018431978 0.997386992
1341845705.521655 0.010405794 -0.024201000 -0.012662883 0.014055984 -0.069252580 -0.016852861 0.997357786
1341845705.553548 0.010333620 -0.024221547 -0.012648182 0.014782793 -0.069189221 -0.015333027 0.997376204
1341845705.589775 0.010407275 -0.024198469 -0.012697762 0.014339940 -0.068667300 -0.016456792 0.997400820
1341845705.621894 0.010359007 -0.024211826 -0.012606249 0.014453336 -0.069015443 -0.015386585 0.997392237
1341845705.653569 0.010451196 -0.024189100 -0.012693852 0.014556454 -0.071794391 -0.014181900 0.997212410
1341845705.689868 0.010418245 -0.024232687 -0.012733217 0.014989142 -0.072840743 -0.015389496 0.997112215
1341845705.721810 0.010374246 -0.024205292 -0.012731616 0.014870950 -0.071996212 -0.015776264 0.997169256
1341845705.753738 0.010371047 -0.024234690 -0.012694224 0.014786387 -0.071428590 -0.016809288 0.997194469
1341845705.789861 0.010393157 -0.024211725 -0.012676029 0.014809651 -0.070405059 -0.016884845 0.997265637
1341845705.821704 0.010434936 -0.024200786 -0.012681186 0.014619173 -0.069886602 -0.016293986 0.997314751
1341845705.863629 0.010324461 -0.024210216 -0.012564605 0.015284480 -0.070559911 -0.015851488 0.997264445
1341845705.895623 0.010066767 -0.024252111 -0.012238320 0.017063513 -0.072070777 -0.013208671 0.997166097
1341845705.931726 0.009732329 -0.024372635 -0.011842621 0.018219737 -0.074738398 -0.011985011 0.996964633
1341845705.963641 0.009960220 -0.024339166 -0.012130495 0.018153004 -0.076639809 -0.014215886 0.996792197
1341845705.995677 0.010328584 -0.024244672 -0.012614567 0.016366689 -0.075950317 -0.018276244 0.996809721
1341845706.031837 0.010292562 -0.024253653 -0.012574716 0.013769286 -0.073899634 -0.019540297 0.996979117
1341845706.063631 0.010009661 -0.024310863 -0.012162475 0.013055054 -0.074725695 -0.019057464 0.996936560
1341845706.095737 0.009957684 -0.024321809 -0.012091401 0.013243080 -0.076535158 -0.020312889 0.996771991
1341845706.131716 0.010430371 -0.024252940 -0.012702448 0.011832909 -0.075904690 -0.022233689 0.996796906
1341845706.163718 0.009792932 -0.024376284 -0.011886991 0.011258647 -0.074114367 -0.020554459 0.996974349
1341845706.195662 0.009752693 -0.024379205 -0.011816641 0.012062044 -0.074649371 -0.019040300 0.996955097
1341845706.231610 0.009914272 -0.024277808 -0.011729746 0.011172178 -0.073949255 -0.020367038 0.996991396
1341845706.263724 0.009952337 -0.024289006 -0.011787214 0.010057054 -0.071651898 -0.020453623 0.997169256
1341845706.299838 0.009916601 -0.024302585 -0.011705853 0.009087842 -0.071530282 -0.018635213 0.997222960
1341845706.331753 0.009783942 -0.024377864 -0.011944819 0.008242419 -0.071958959 -0.016422061 0.997238338
1341845706.363574 0.009654586 -0.024403639 -0.011725905 0.007902591 -0.071665600 -0.016674427 0.997258008
1341845706.399690 0.009241099 -0.024404937 -0.010749997 0.008284285 -0.071930178 -0.017891215 0.997214794
1341845706.431735 0.008978975 -0.024438310 -0.010424860 0.008377646 -0.071477331 -0.017842023 0.997247458
1341845706.463612 0.009161575 -0.024412138 -0.010647954 0.008307199 -0.070668221 -0.015522002 0.997344494
1341845706.499655 0.009208441 -0.024392311 -0.010694639 0.009366920 -0.071500413 -0.015090114 0.997282445
1341845706.531782 0.009216294 -0.024469141 -0.011043265 0.009998993 -0.071655817 -0.014294838 0.997276843
1341845706.563559 0.009274832 -0.024415802 -0.011204149 0.010116546 -0.069018148 -0.013597357 0.997471452
1341845706.599529 0.009191546 -0.024380950 -0.010792443 0.011589376 -0.068105400 -0.014152427 0.997510433
1341845706.631786 0.009048447 -0.024543293 -0.010323067 0.013175562 -0.069212720 -0.015642704 0.997392237
1341845706.667647 0.009303327 -0.024709942 -0.011154296 0.013623375 -0.068231151 -0.014930156 0.997464776
1341845706.700732 0.009396436 -0.024513539 -0.010883894 0.014056101 -0.065962590 -0.014454735 0.997618377
1341845706.732115 0.009369856 -0.024490384 -0.010919604 0.014912643 -0.065410249 -0.014114091 0.997647166
1341845706.768143 0.009450795 -0.024454003 -0.011074348 0.015575970 -0.064899929 -0.011870297 0.997699618
1341845706.800357 0.009408562 -0.024467420 -0.010968308 0.016332196 -0.064554714 -0.010197271 0.997728407
1341845706.832602 0.009481822 -0.024621997 -0.011394409 0.016176425 -0.064701118 -0.010948231 0.997713506
1341845706.869449 0.009240335 -0.024771642 -0.011040659 0.015091898 -0.064097278 -0.010165118 0.997777760
1341845706.904495 0.009339106 -0.024788713 -0.011146529 0.014207368 -0.064953022 -0.009885062 0.997738183
1341845706.933651 0.009496562 -0.024653524 -0.011450404 0.014537536 -0.065003857 -0.009515737 0.997733712
1341845706.964608 0.009328093 -0.024789535 -0.011236381 0.013922585 -0.064502843 -0.009012777 0.997779727
1341845706.994021 0.009311005 -0.024748418 -0.011183667 0.013170214 -0.064370364 -0.006962851 0.997814894
1341845707.029674 0.009290338 -0.024752907 -0.011034761 0.014042634 -0.065026291 -0.006981655 0.997760296
1341845707.061864 0.009338553 -0.024745904 -0.011186152 0.014522895 -0.064434387 -0.005553274 0.997800827
1341845707.097704 0.009223626 -0.024803150 -0.011019650 0.014875548 -0.063038364 -0.005406553 0.997885585
1341845707.129770 0.008969665 -0.024984159 -0.010387454 0.017284853 -0.063096315 -0.004097112 0.997849345
1341845707.161817 0.009332056 -0.024716400 -0.011144718 0.019835610 -0.063702352 -0.004478438 0.997761726
1341845707.197721 0.009242704 -0.024730783 -0.011033286 0.020596998 -0.062325560 -0.004411678 0.997833550
1341845707.229795 0.009228855 -0.024723355 -0.010949343 0.021585951 -0.061443191 -0.005311055 0.997863054
1341845707.261851 0.009166012 -0.024776658 -0.010943071 0.021892171 -0.060978446 -0.004099976 0.997890532
1341845707.297710 0.009221247 -0.024762720 -0.011048814 0.021896657 -0.060065549 -0.004344254 0.997944772
1341845707.329761 0.009301137 -0.024664136 -0.011232491 0.021583134 -0.058345262 -0.005163659 0.998049796
1341845707.365850 0.009146936 -0.024713129 -0.010918905 0.022000575 -0.056619667 -0.003590512 0.998146951
1341845707.397796 0.009334460 -0.024598414 -0.011162174 0.023494076 -0.057040740 -0.000960744 0.998094916
1341845707.429752 0.009347053 -0.024615372 -0.011272190 0.024660746 -0.056691162 -0.000846764 0.998086810
1341845707.465767 0.009136290 -0.024700353 -0.010968221 0.025668612 -0.054738022 -0.001167328 0.998170078
1341845707.497642 0.009261515 -0.024631690 -0.011302890 0.025958171 -0.052933346 -0.000854722 0.998260260
1341845707.533665 0.009253112 -0.024612904 -0.011200681 0.027103635 -0.051894564 0.000006159 0.998284698
1341845707.565754 0.009172135 -0.024630379 -0.011094243 0.027900413 -0.049518183 -0.001160630 0.998382807
1341845707.597603 0.008973101 -0.024803679 -0.010765474 0.028337006 -0.047317788 -0.000775334 0.998477578
1341845707.633748 0.008960268 -0.024851527 -0.010635254 0.028722383 -0.046977006 -0.000431841 0.998482883
1341845707.665870 0.009133405 -0.024681499 -0.011058339 0.029168122 -0.047270503 0.001250036 0.998455405
1341845707.698455 0.009467223 -0.024510466 -0.011574415 0.028653096 -0.046443202 0.000635984 0.998509705
1341845707.734303 0.009472755 -0.024523553 -0.011550670 0.027892094 -0.045934439 -0.000406152 0.998554885
1341845707.766259 0.009171673 -0.024628256 -0.011154204 0.028188823 -0.046074718 -0.000241312 0.998540163
1341845707.801730 0.009310280 -0.024545852 -0.011371613 0.029406177 -0.046330389 0.000667746 0.998493016
1341845707.836344 0.009366261 -0.024549529 -0.011493318 0.029924175 -0.046399731 -0.000370959 0.998474598
1341845707.866230 0.009417938 -0.024531934 -0.011327385 0.029437339 -0.046904068 0.000001069 0.998465538
1341845707.901694 0.009331230 -0.024586808 -0.011179723 0.028900729 -0.047083020 0.001042688 0.998472214
1341845707.933640 0.009296549 -0.024602696 -0.011069096 0.029348621 -0.047648709 0.000973956 0.998432398
1341845707.965831 0.009229393 -0.024617592 -0.011297020 0.029676137 -0.047841344 0.000133643 0.998414040
1341845708.001954 0.009087949 -0.024958571 -0.010696921 0.029525973 -0.046771739 0.000679607 0.998468876
1341845708.034393 0.009018581 -0.025086466 -0.010386026 0.029672090 -0.047941163 -0.000522394 0.998409212
1341845708.069946 0.009230182 -0.024686644 -0.011173679 0.029476680 -0.048272178 -0.000004299 0.998399198
1341845708.101700 0.008911226 -0.024980735 -0.010383425 0.029043982 -0.047969051 0.000295984 0.998426437
1341845708.133697 0.008846859 -0.025104126 -0.009953582 0.029329088 -0.048665453 -0.000177856 0.998384416
1341845708.169675 0.008949890 -0.025066061 -0.010310717 0.029266203 -0.048778553 -0.000724611 0.998380482
1341845708.201793 0.008781387 -0.025190689 -0.009993680 0.028879790 -0.048758302 -0.001703290 0.998391569
1341845708.233744 0.008931715 -0.025080957 -0.010280034 0.029400812 -0.049429148 -0.002576555 0.998341441
1341845708.269711 0.008918781 -0.025048338 -0.010052392 0.030080659 -0.050416399 -0.001815852 0.998273551
1341845708.301629 0.009060175 -0.024995184 -0.010431095 0.030313455 -0.050892010 -0.003208240 0.998238862
1341845708.337612 0.009092690 -0.024990173 -0.010398901 0.029606007 -0.051004376 -0.004105461 0.998251081
1341845708.369900 0.008991457 -0.025142666 -0.010426877 0.029098852 -0.050515484 -0.004456365 0.998289347
1341845708.401883 0.009088740 -0.024949508 -0.010631822 0.029549491 -0.051321622 -0.005460529 0.998229980
1341845708.443610 0.009079137 -0.024940593 -0.010671723 0.029721899 -0.051194392 -0.006067734 0.998227894
1341845708.470492 0.009081746 -0.024885399 -0.010699936 0.029257940 -0.051698714 -0.005078154 0.998221159
1341845708.501776 0.009101754 -0.024875754 -0.010693806 0.029083457 -0.052960392 -0.004935072 0.998160839
1341845708.543852 0.008763950 -0.025015522 -0.011438099 0.029620199 -0.054573156 -0.004847137 0.998058558
1341845708.569583 0.008945214 -0.024886010 -0.011874741 0.029227249 -0.055819225 -0.006625730 0.997991025
1341845708.605675 0.009256581 -0.024814710 -0.010765402 0.028249111 -0.056295004 -0.006496559 0.997993350
1341845708.637641 0.009075672 -0.024951316 -0.010350060 0.028087294 -0.058350526 -0.005518454 0.997885704
1341845708.669692 0.009320216 -0.024736902 -0.011112028 0.028369823 -0.059799455 -0.007662621 0.997777760
1341845708.705736 0.009297428 -0.024759144 -0.011114061 0.027145049 -0.059578288 -0.008835027 0.997815371
1341845708.738027 0.009599607 -0.024482178 -0.011655600 0.027266541 -0.060760144 -0.009861317 0.997731149
1341845708.773829 0.009291486 -0.024766307 -0.011038309 0.026951753 -0.062734537 -0.009462442 0.997621357
1341845708.805763 0.009442664 -0.024657989 -0.011432485 0.025888020 -0.062846877 -0.009875015 0.997638464
1341845708.838653 0.009125426 -0.024932502 -0.010655050 0.025620941 -0.063528731 -0.011450604 0.997585356
1341845708.873912 0.009327757 -0.024671096 -0.011065083 0.025620392 -0.064752273 -0.012408774 0.997495234
1341845708.905735 0.009464454 -0.024576416 -0.011301082 0.025476305 -0.065102786 -0.013367572 0.997463763
1341845708.938426 0.009247898 -0.024828434 -0.010958527 0.025198933 -0.065837651 -0.014060485 0.997412980
1341845708.973642 0.009357541 -0.024735676 -0.011206863 0.025232024 -0.066841140 -0.013491057 0.997353315
1341845709.005742 0.009392146 -0.024709158 -0.011204380 0.024732208 -0.067905240 -0.014209039 0.997283995
1341845709.041686 0.009260220 -0.024623415 -0.012400215 0.025082147 -0.068114616 -0.017240707 0.997213125
1341845709.073656 0.009434162 -0.024573926 -0.012639136 0.024689345 -0.069045067 -0.018307146 0.997139931
1341845709.105658 0.009197337 -0.024394205 -0.011032409 0.024532720 -0.069568053 -0.018149083 0.997110367
1341845709.141741 0.009361632 -0.024351526 -0.011246504 0.024307365 -0.071227230 -0.018163482 0.996998489
1341845709.173646 0.009637261 -0.024317702 -0.011598417 0.023894249 -0.071300447 -0.018085549 0.997004628
1341845709.205765 0.009579633 -0.024479844 -0.011873616 0.023328852 -0.071535721 -0.018927293 0.996985555
1341845709.241765 0.009590252 -0.024467016 -0.011893944 0.022586720 -0.071451545 -0.018604510 0.997014761
1341845709.273754 0.009481478 -0.024470571 -0.011775102 0.022282105 -0.071048066 -0.018860795 0.997045636
1341845709.309890 0.009581709 -0.024335464 -0.011535897 0.022275532 -0.071156502 -0.016774772 0.997075319
1341845709.341728 0.009643870 -0.024347488 -0.011765243 0.021641836 -0.071469456 -0.016238561 0.997075737
1341845709.373776 0.009544401 -0.024418578 -0.011838824 0.020363951 -0.071194202 -0.016301176 0.997121334
1341845709.409657 0.009608879 -0.024393700 -0.011939631 0.018425710 -0.071217336 -0.014967128 0.997178316
1341845709.442072 0.009627795 -0.024338664 -0.011752999 0.016164344 -0.071924232 -0.011911660 0.997207940
1341845709.473660 0.009613220 -0.024334028 -0.011739948 0.014524955 -0.072533414 -0.011035803 0.997199118
1341845709.509632 0.009648490 -0.024363497 -0.011816064 0.012319016 -0.072271995 -0.010108260 0.997257650
1341845709.541673 0.009612375 -0.024384247 -0.011794935 0.010309012 -0.073371992 -0.009894480 0.997202277
1341845709.578645 0.009642656 -0.024394412 -0.011791732 0.009583121 -0.074602917 -0.010911922 0.997107565
1341845709.609672 0.009680208 -0.024381710 -0.011851496 0.009252812 -0.075800985 -0.011519079 0.997013509
1341845709.642057 0.009519164 -0.024428079 -0.011757159 0.008931789 -0.076789133 -0.011486097 0.996941209
1341845709.677625 0.009528578 -0.024435826 -0.011808584 0.008118747 -0.077818751 -0.010867175 0.996875226
1341845709.709730 0.009523539 -0.024444545 -0.011857315 0.007637237 -0.078290738 -0.012399032 0.996824205
1341845709.745593 0.009665116 -0.024394199 -0.012050991 0.006956462 -0.078150243 -0.012568019 0.996838093
1341845709.777709 0.009606970 -0.024444919 -0.011965485 0.006490397 -0.078852810 -0.011284373 0.996801257
1341845709.809687 0.009697369 -0.024408335 -0.012062175 0.006682563 -0.078601077 -0.012087679 0.996810436
1341845709.845686 0.009726834 -0.024367344 -0.011906670 0.006709495 -0.076602295 -0.014417206 0.996934891
1341845709.878752 0.009596933 -0.024437329 -0.012001888 0.006475407 -0.074817188 -0.015760807 0.997051656
1341845709.909693 0.009460110 -0.024441384 -0.011783314 0.007701616 -0.074516110 -0.014235877 0.997088432
1341845709.945663 0.009470744 -0.024450900 -0.011786927 0.009560329 -0.075535685 -0.014243878 0.996995509
1341845709.977698 0.009524197 -0.024423799 -0.011855887 0.010685788 -0.075823426 -0.013278506 0.996975541
1341845710.013739 0.009484727 -0.024487613 -0.012104411 0.011354250 -0.075003937 -0.014177998 0.997017801
1341845710.045754 0.009336704 -0.024530558 -0.011875183 0.012032486 -0.074647754 -0.014766499 0.997028053
1341845710.077705 0.009378619 -0.024522495 -0.011944032 0.011953787 -0.075032689 -0.014640996 0.997001946
1341845710.113730 0.009397219 -0.024513539 -0.011988867 0.012090759 -0.074637167 -0.014673859 0.997029483
1341845710.145759 0.009355826 -0.024529491 -0.011971876 0.012248190 -0.074828386 -0.014240279 0.997019529
1341845710.177824 0.009383140 -0.024531865 -0.011984337 0.012938863 -0.075482801 -0.014649145 0.996955514
1341845710.213581 0.009573195 -0.024411229 -0.011969234 0.013301779 -0.075683556 -0.014207029 0.996941924
1341845710.245636 0.009534569 -0.024442377 -0.011874862 0.014322462 -0.076237053 -0.015490571 0.996866524
1341845710.281582 0.009481149 -0.024489505 -0.012070692 0.016516468 -0.078057714 -0.017090974 0.996665478
1341845710.313617 0.009345867 -0.024671471 -0.012378499 0.016512409 -0.078033276 -0.016792448 0.996672571
1341845710.345643 0.009344761 -0.024654683 -0.012347382 0.016692601 -0.077557340 -0.016111063 0.996717930
1341845710.381860 0.009384677 -0.024648262 -0.012397656 0.017603597 -0.078277610 -0.016896699 0.996632934
1341845710.413817 0.009357185 -0.024650590 -0.012368103 0.017700199 -0.078437008 -0.016474862 0.996625781
1341845710.445824 0.009342236 -0.024647197 -0.012357484 0.017035611 -0.077997230 -0.014368493 0.996704459
1341845710.481794 0.009356871 -0.024636880 -0.012355460 0.017160144 -0.079160161 -0.015352379 0.996595979
1341845710.513650 0.009331567 -0.024648987 -0.012317302 0.016968057 -0.078939609 -0.014435227 0.996630430
1341845710.549635 0.009350536 -0.024655625 -0.012331195 0.017788172 -0.079213656 -0.014341517 0.996595740
1341845710.581654 0.009338510 -0.024651809 -0.012330759 0.018830854 -0.079462968 -0.014341072 0.996556759
1341845710.613694 0.009457851 -0.024587587 -0.012372878 0.018842651 -0.078796767 -0.014394767 0.996608675
1341845710.649564 0.009450604 -0.024594333 -0.012375538 0.019281358 -0.078695290 -0.013610154 0.996619344
1341845710.681648 0.009478247 -0.024579110 -0.012396579 0.020329261 -0.078953616 -0.014483616 0.996565759
1341845710.713728 0.009418689 -0.024593869 -0.012354589 0.020314047 -0.078002416 -0.013763762 0.996651173
1341845710.749785 0.009426859 -0.024587322 -0.012342578 0.020737395 -0.077769198 -0.012883497 0.996672392
1341845710.781816 0.009464245 -0.024557147 -0.012377681 0.021341963 -0.077740870 -0.013215277 0.996657550
1341845710.817567 0.009481388 -0.024567733 -0.012397362 0.021177946 -0.077064067 -0.013530493 0.996709347
1341845710.850205 0.009479865 -0.024561135 -0.012395475 0.020618511 -0.076377630 -0.011603978 0.996798217
1341845710.882136 0.009456720 -0.024569459 -0.012357925 0.020639209 -0.076952308 -0.012098739 0.996747732
1341845710.917631 0.009430648 -0.024593320 -0.012384501 0.020343294 -0.076749772 -0.012240041 0.996767700
1341845710.950281 0.009416907 -0.024570536 -0.012567502 0.020261506 -0.075683974 -0.012325158 0.996849775
1341845710.985647 0.009424568 -0.024547189 -0.012549835 0.021814091 -0.076819919 -0.011811992 0.996736348
1341845711.017722 0.009441338 -0.024562391 -0.012569267 0.023085143 -0.078230560 -0.013203850 0.996580482
1341845711.049965 0.009459768 -0.024542827 -0.012445359 0.021261323 -0.075976096 -0.014067899 0.996783674
1341845711.085583 0.009417565 -0.024574677 -0.012544661 0.020623406 -0.073701151 -0.014482204 0.996961892
1341845711.117670 0.009408894 -0.024572711 -0.012533518 0.021599969 -0.075036377 -0.014239920 0.996845126
1341845711.149770 0.009437574 -0.024572000 -0.012610557 0.021384446 -0.075162224 -0.013514610 0.996850371
1341845711.191691 0.009422598 -0.024591519 -0.012567465 0.020374464 -0.073615164 -0.013887634 0.996981859
1341845711.218829 0.009402523 -0.024578663 -0.012545400 0.021282021 -0.074095465 -0.014038787 0.996925235
1341845711.253627 0.009440150 -0.024577070 -0.012597295 0.021581635 -0.076233201 -0.013673877 0.996762633
1341845711.285627 0.009424997 -0.024582921 -0.012585336 0.020311484 -0.076378450 -0.013368467 0.996782362
1341845711.317874 0.009429442 -0.024563126 -0.012593585 0.019680953 -0.075306803 -0.013852739 0.996869981
1341845711.353756 0.009315891 -0.024618270 -0.012498869 0.018054636 -0.074442744 -0.015401989 0.996942878
1341845711.385687 0.009288667 -0.024630455 -0.012450053 0.016394993 -0.072574161 -0.016057743 0.997098923
1341845711.417635 0.009508598 -0.024522483 -0.012441915 0.016553449 -0.072431870 -0.015181164 0.997120440
1341845711.453809 0.009416383 -0.024578439 -0.012537575 0.017645828 -0.074115559 -0.013437174 0.997003019
1341845711.485895 0.009288328 -0.024620097 -0.012464354 0.018133204 -0.074581817 -0.012813235 0.996967673
1341845711.521704 0.009323969 -0.024646511 -0.012508878 0.018741664 -0.073640235 -0.013176324 0.997021675
1341845711.553696 0.009308581 -0.024646271 -0.012493894 0.019233339 -0.073466517 -0.012680962 0.997031569
1341845711.585708 0.009312420 -0.024659146 -0.012540446 0.018000379 -0.072488688 -0.013467243 0.997115850
1341845711.621659 0.009414789 -0.024584599 -0.012572294 0.017675683 -0.071187526 -0.013629535 0.997213185
1341845711.653731 0.009312928 -0.024612406 -0.012533686 0.017922381 -0.071903951 -0.012663262 0.997170150
1341845711.685758 0.009340059 -0.024599902 -0.012544752 0.017811975 -0.071732819 -0.012359037 0.997188270
1341845711.721850 0.009335822 -0.024610531 -0.012527928 0.018189225 -0.071432695 -0.011953097 0.997207940
1341845711.754323 0.009345915 -0.024618778 -0.012526276 0.018533573 -0.072666310 -0.010300430 0.997130930
1341845711.789716 0.009300346 -0.024652701 -0.012503149 0.018770758 -0.073498666 -0.010449558 0.997063875
1341845711.821820 0.009329380 -0.024622327 -0.012562740 0.019156931 -0.073181018 -0.011327961 0.997070312
1341845711.854173 0.009353934 -0.024642235 -0.012572149 0.019410608 -0.073040344 -0.012431632 0.997062564
1341845711.889875 0.009320704 -0.024626480 -0.012576763 0.018413905 -0.071097679 -0.012602679 0.997219741
1341845711.923959 0.009332383 -0.024629110 -0.012604625 0.017650593 -0.069148041 -0.013166392 0.997363329
1341845711.957595 0.009332040 -0.024611199 -0.012515383 0.016998785 -0.069089286 -0.014446148 0.997361004
1341845711.989820 0.009301552 -0.024641663 -0.012580693 0.015929772 -0.067870326 -0.015416890 0.997447848
1341845712.021796 0.009325011 -0.024626723 -0.012596053 0.015571718 -0.067330450 -0.013883659 0.997512579
1341845712.057899 0.009292957 -0.024645224 -0.012540798 0.015050500 -0.067812756 -0.012992634 0.997499943
1341845712.090038 0.009285586 -0.024669092 -0.012502308 0.013794666 -0.066481620 -0.016006431 0.997563899
1341845712.127587 0.009340313 -0.024597825 -0.012559900 0.012580678 -0.064496346 -0.015822658 0.997713208
1341845712.164065 0.009321569 -0.024614815 -0.012491297 0.013286626 -0.066908948 -0.013783340 0.997575402
1341845712.195638 0.009325731 -0.024612803 -0.012510329 0.014575352 -0.069591850 -0.013773737 0.997373998
1341845712.225662 0.009292675 -0.024643958 -0.012507062 0.013574101 -0.068248838 -0.015628686 0.997453570
1341845712.257830 0.009300718 -0.024627903 -0.012517354 0.013095395 -0.066028230 -0.017614160 0.997576296
1341845712.289935 0.009299465 -0.024623903 -0.012516580 0.013476054 -0.066947803 -0.016912729 0.997522116
