1341845689.365881 0.010146341 -0.045356918 -0.019161893 -0.032366917 -0.029169915 0.028414285 0.998646140
1341845689.401592 0.010107922 -0.045573771 -0.019792890 -0.031375624 -0.029930715 0.027927995 0.998668969
1341845689.433744 0.010292617 -0.045665238 -0.019711711 -0.030722776 -0.030975228 0.027659504 0.998664916
1341845689.465651 0.010833331 -0.045317870 -0.018119738 -0.027976768 -0.032290652 0.027062826 0.998720288
1341845689.501840 0.008778392 -0.045247424 -0.019469092 -0.023840269 -0.034700174 0.025134603 0.998797178
1341845689.533687 0.007824430 -0.045344811 -0.020015970 -0.021980302 -0.036613375 0.021827713 0.998849273
1341845689.565814 0.009033746 -0.045420360 -0.019883657 -0.019690324 -0.036969788 0.017950809 0.998961091
1341845689.601682 0.008568488 -0.045980692 -0.020307479 -0.017063072 -0.038260777 0.014999731 0.999009490
1341845689.633591 0.008374041 -0.045667700 -0.021179289 -0.014782587 -0.040883388 0.010068765 0.999003828
1341845689.669672 0.008180611 -0.047061559 -0.023397451 -0.014537645 -0.043055676 0.009920803 0.998917639
1341845689.701700 0.008641507 -0.044582218 -0.021702906 -0.012277341 -0.045087978 0.009292245 0.998864353
1341845689.733773 0.008292145 -0.045097444 -0.021902539 -0.012169452 -0.047515333 0.006920000 0.998772383
1341845689.769822 0.008736576 -0.044485830 -0.020949299 -0.011613057 -0.049311385 0.004909270 0.998703837
1341845689.802003 0.007866851 -0.044208203 -0.023143051 -0.011485199 -0.051104844 0.006236461 0.998607755
1341845689.833757 0.007182668 -0.044975545 -0.022040892 -0.010891934 -0.053093743 0.003518874 0.998523951
1341845689.869861 0.006556426 -0.045418631 -0.023376552 -0.010295960 -0.055318706 0.002405858 0.998412788
1341845689.901825 0.007191814 -0.043330595 -0.025544794 -0.009384678 -0.057692990 0.004144093 0.998281658
1341845689.937674 0.007191460 -0.043922938 -0.024742806 -0.008537455 -0.059840377 0.004212623 0.998162568
1341845689.969679 0.006393259 -0.043126915 -0.026699590 -0.008276629 -0.060943950 0.004487088 0.998096764
1341845690.003830 0.006489347 -0.043885738 -0.025968043 -0.008623134 -0.061100535 0.004850744 0.998082578
1341845690.037686 0.007210039 -0.043846462 -0.024813157 -0.008496949 -0.061749142 0.003370980 0.998049796
1341845690.069636 0.007894347 -0.042318903 -0.024093920 -0.007393362 -0.061741214 0.002263983 0.998062253
1341845690.106587 0.007396529 -0.042896379 -0.024081506 -0.007775602 -0.061523046 0.003067650 0.998070657
1341845690.138859 0.006952607 -0.042984661 -0.026307194 -0.008366729 -0.062319450 0.002688482 0.998017550
1341845690.169919 0.007539978 -0.043014139 -0.023759440 -0.007858423 -0.061613768 0.002355545 0.998066366
1341845690.206103 0.006959680 -0.042933542 -0.025140615 -0.008269409 -0.061563343 0.003230784 0.998063684
1341845690.237700 0.007150631 -0.042415939 -0.025492826 -0.008778264 -0.062083907 0.002617059 0.998028874
1341845690.269981 0.007430296 -0.043284360 -0.024140431 -0.008341277 -0.063456066 0.002555481 0.997946501
1341845690.306143 0.007756386 -0.043606035 -0.021636778 -0.007579647 -0.064388394 0.000078655 0.997896135
1341845690.338646 0.006957457 -0.043860804 -0.023256240 -0.008507745 -0.064257681 0.000711593 0.997896791
1341845690.373833 0.006514259 -0.043129075 -0.027124401 -0.009885494 -0.064973585 0.002852241 0.997833967
1341845690.405976 0.007770324 -0.043410726 -0.024164651 -0.009774825 -0.065669425 0.001545205 0.997792363
1341845690.437908 0.006590372 -0.043991361 -0.026379354 -0.009958105 -0.064866982 0.001364203 0.997843325
1341845690.473654 0.006079345 -0.043187950 -0.028449992 -0.009879911 -0.065136492 0.002594084 0.997824132
1341845690.505978 0.007774266 -0.043957289 -0.021393633 -0.008976574 -0.066841133 0.001121837 0.997722626
1341845690.537884 0.007889166 -0.043376233 -0.021985747 -0.008438935 -0.067291550 -0.000299726 0.997697592
1341845690.573708 0.007256596 -0.043624479 -0.025537683 -0.009584188 -0.066200309 0.001260787 0.997759521
1341845690.605848 0.006868182 -0.044321023 -0.026432000 -0.010294350 -0.065447606 0.002989403 0.997798443
1341845690.641747 0.007903882 -0.043882702 -0.021597588 -0.008648302 -0.065788634 0.000724885 0.997795820
1341845690.673751 0.008048687 -0.043543246 -0.021485550 -0.008534547 -0.065234646 -0.000100342 0.997833431
1341845690.706003 0.008171922 -0.044479419 -0.024379354 -0.009195946 -0.064684257 0.002105950 0.997861207
1341845690.741684 0.008009194 -0.044494469 -0.024837196 -0.008317493 -0.064090557 0.001079284 0.997908831
1341845690.773770 0.007882684 -0.043909479 -0.025081504 -0.007798429 -0.063400201 0.001064537 0.997957170
1341845690.805715 0.008517566 -0.044344313 -0.024143053 -0.007478740 -0.062747844 0.002288309 0.997998774
1341845690.841674 0.008170821 -0.044254690 -0.024683971 -0.007406616 -0.061790131 0.002340386 0.998058915
1341845690.873770 0.007910416 -0.044237297 -0.024741061 -0.007616737 -0.060979452 0.002126486 0.998107672
1341845690.909837 0.007959666 -0.044108618 -0.024175454 -0.008102915 -0.060172327 0.002455006 0.998152077
1341845690.941576 0.008187470 -0.043901093 -0.023998410 -0.008145131 -0.060167510 0.002744395 0.998151302
1341845690.973879 0.008835294 -0.044153068 -0.022683058 -0.008127656 -0.059852041 0.002788010 0.998170257
1341845691.011558 0.008653196 -0.043829411 -0.024086216 -0.008160349 -0.059168089 0.004359578 0.998205125
1341845691.041642 0.008610390 -0.044433288 -0.023767855 -0.008571570 -0.058827847 0.004784512 0.998219907
1341845691.077986 0.009363021 -0.043914866 -0.022492601 -0.007625606 -0.059479792 0.002923457 0.998196125
1341845691.109685 0.008560734 -0.044578340 -0.023102757 -0.007565163 -0.058779676 0.002797879 0.998238385
1341845691.141759 0.009637145 -0.044341478 -0.021891255 -0.006827843 -0.057889488 0.002682982 0.998296022
1341845691.177729 0.009095022 -0.044279475 -0.022483217 -0.005992494 -0.057836540 0.001783383 0.998306453
1341845691.209644 0.009022918 -0.044628888 -0.023536615 -0.006117329 -0.058413547 0.000780902 0.998273432
1341845691.241757 0.009743429 -0.044072945 -0.021872809 -0.005934162 -0.057300240 -0.000040621 0.998339355
1341845691.277595 0.009568245 -0.044124432 -0.021198994 -0.004973382 -0.056872286 0.000482477 0.998368979
1341845691.310138 0.008459101 -0.044524357 -0.023728440 -0.004711289 -0.058598485 0.000081043 0.998270512
1341845691.345620 0.009794136 -0.043461479 -0.021948978 -0.004434811 -0.058811896 -0.000894504 0.998258829
1341845691.378062 0.010021999 -0.044401161 -0.021476261 -0.004374085 -0.056917422 -0.001971393 0.998367369
1341845691.451922 0.009113494 -0.043522168 -0.023390384 -0.003361042 -0.056137681 -0.004207043 0.998408496
1341845691.478799 0.008614842 -0.043602895 -0.023129076 -0.004916864 -0.054415781 -0.003511437 0.998500109
1341845691.509739 0.008051259 -0.043857537 -0.024571054 -0.004636080 -0.054055933 -0.003621714 0.998520553
1341845691.545833 0.007427300 -0.044708755 -0.025843229 -0.004433978 -0.054458458 -0.004735983 0.998494983
1341845691.578399 0.008471391 -0.044180721 -0.024538385 -0.005247459 -0.053907733 -0.006682838 0.998509765
1341845691.613857 0.010155155 -0.042800151 -0.020435158 -0.004552412 -0.051410142 -0.011088832 0.998605669
1341845691.645632 0.009945990 -0.044026870 -0.021115923 -0.003667098 -0.048261806 -0.014691614 0.998719931
1341845691.677793 0.008964275 -0.043939162 -0.022744596 -0.002816819 -0.047576752 -0.014058555 0.998764694
1341845691.713727 0.008970892 -0.044560309 -0.022604261 -0.002716633 -0.049273856 -0.010905246 0.998722076
1341845691.746050 0.009732843 -0.044361688 -0.022045348 -0.002050749 -0.050100677 -0.010795354 0.998683691
1341845691.778411 0.009837219 -0.043550897 -0.022008762 -0.002752109 -0.047751777 -0.013408177 0.998765409
1341845691.813646 0.009697083 -0.043201078 -0.021894138 -0.003981265 -0.045983300 -0.012715657 0.998853326
1341845691.845603 0.009708115 -0.042883392 -0.022810590 -0.003948336 -0.046815965 -0.011711425 0.998827040
1341845691.881595 0.010008304 -0.043597206 -0.021909887 -0.003822780 -0.048303049 -0.012885249 0.998742282
1341845691.913600 0.009459975 -0.044465140 -0.022584109 -0.004324412 -0.047210447 -0.012817957 0.998793364
1341845691.945997 0.007166260 -0.047756098 -0.024968017 -0.005183559 -0.046688363 -0.009543193 0.998850465
1341845691.981657 0.009095066 -0.048354939 -0.022175953 -0.003202379 -0.051874682 -0.007250725 0.998622119
1341845692.013904 -0.002826619 -0.044316698 -0.024594443 0.000063026 -0.051206775 -0.004398903 0.998678386
1341845692.049676 0.001269664 -0.040417619 -0.024637578 0.002264664 -0.053649254 -0.003371257 0.998551548
1341845692.081862 -0.001430121 -0.044053588 -0.025333971 0.001114006 -0.053450834 -0.002093681 0.998567641
1341845692.113695 0.007723012 -0.036008880 -0.023586394 0.005176157 -0.058129203 -0.005149904 0.998282373
1341845692.149736 -0.001636459 -0.043396611 -0.025488367 0.001542001 -0.054057945 -0.003656797 0.998529911
1341845692.182123 0.005815828 -0.035741463 -0.021617237 0.005933188 -0.055712678 -0.005588393 0.998413563
1341845692.213661 0.000962927 -0.035039958 -0.024806719 0.007146831 -0.054246802 -0.004140401 0.998493373
1341845692.249828 0.003980630 -0.028212352 -0.021289304 0.010208757 -0.055301044 -0.005338849 0.998403251
1341845692.282146 0.005182043 -0.030994166 -0.020585673 0.008452232 -0.054992646 -0.005834876 0.998433948
1341845692.317711 0.007806035 -0.031759888 -0.021697570 0.007656257 -0.056204475 -0.006757917 0.998367071
1341845692.349688 0.009535624 -0.029828645 -0.019281134 0.009062900 -0.058184907 -0.007279074 0.998238146
1341845692.381560 0.005128752 -0.030595671 -0.020827198 0.009778257 -0.056837749 -0.007566181 0.998306870
1341845692.417776 0.009683166 -0.034830224 -0.018599689 0.009408390 -0.058136985 -0.008187647 0.998230696
1341845692.449672 0.011278530 -0.033772737 -0.017612038 0.010522326 -0.058917608 -0.009614799 0.998161077
1341845692.481594 0.010748822 -0.032255881 -0.019054338 0.012026063 -0.059172515 -0.010767478 0.998117268
1341845692.517778 0.020370975 -0.027058644 -0.011922968 0.016029073 -0.062900342 -0.013487436 0.997799933
1341845692.549744 0.018411271 -0.024719125 -0.012694901 0.018361969 -0.061862245 -0.013943400 0.997818351
1341845692.585822 0.014633540 -0.018245254 -0.013931562 0.021148223 -0.060362600 -0.015737059 0.997828364
1341845692.617836 0.018339999 -0.019704478 -0.011551999 0.021138178 -0.060941320 -0.015690427 0.997794151
1341845692.649770 0.018604007 -0.023546247 -0.013864112 0.020228520 -0.060870454 -0.014674503 0.997832775
1341845692.685749 0.018712854 -0.025880575 -0.014676317 0.019409664 -0.062075280 -0.014009655 0.997784376
1341845692.717676 0.020945799 -0.019885475 -0.011696554 0.022449335 -0.062519483 -0.016176170 0.997660100
1341845692.749897 0.015500845 -0.044360228 -0.021673290 0.011323007 -0.060673412 -0.009158300 0.998051405
1341845692.785833 0.015653821 -0.050373059 -0.022140790 0.009800203 -0.061565053 -0.008039064 0.998022556
1341845692.817657 0.016329920 -0.047161248 -0.022100220 0.012254961 -0.062726036 -0.012051187 0.997882783
1341845692.853833 0.016843777 -0.045648914 -0.021231139 0.013832182 -0.061698709 -0.013712551 0.997904778
1341845692.885614 0.015252756 -0.052160420 -0.023488307 0.012517406 -0.060893845 -0.013094148 0.997979879
1341845692.917728 0.015711550 -0.048393995 -0.023713868 0.015122293 -0.061825324 -0.014201207 0.997871399
1341845692.953573 0.015811663 -0.047804546 -0.022416648 0.016188316 -0.061299525 -0.015107310 0.997873783
1341845692.985667 0.015734112 -0.049896773 -0.023140872 0.016520230 -0.060659323 -0.014986730 0.997909248
1341845693.017585 0.017065791 -0.046704337 -0.023863906 0.017906949 -0.061268192 -0.015842997 0.997834921
1341845693.053684 0.016263315 -0.046396729 -0.022039557 0.017925451 -0.060271960 -0.015853398 0.997895122
1341845693.086059 0.014818118 -0.047005687 -0.023611477 0.018645421 -0.059584733 -0.014872389 0.997938275
1341845693.121690 0.011967644 -0.052890539 -0.026492143 0.016235556 -0.059699312 -0.011993330 0.998012304
1341845693.153852 0.012772778 -0.049289696 -0.026416993 0.016848188 -0.060873028 -0.012836912 0.997920752
1341845693.185655 0.017942913 -0.043489806 -0.022313401 0.018810131 -0.061242525 -0.015609168 0.997823596
1341845693.221687 0.013486341 -0.049528915 -0.024877632 0.016222868 -0.058762994 -0.012353356 0.998063684
1341845693.254518 0.012921648 -0.055425562 -0.027766140 0.014020463 -0.061624192 -0.008321612 0.997966230
1341845693.289735 0.015449844 -0.046032205 -0.023883274 0.018419292 -0.063036844 -0.011617454 0.997773588
1341845693.321741 0.016196705 -0.042632215 -0.020446111 0.019434843 -0.059129264 -0.012656277 0.997980893
1341845693.353715 0.017262662 -0.045944557 -0.020771515 0.018259618 -0.056041770 -0.010509307 0.998206079
1341845693.389830 0.015996080 -0.047181167 -0.022336621 0.017869407 -0.054488596 -0.010293028 0.998301387
1341845693.421993 0.017222621 -0.044126909 -0.020196576 0.019595819 -0.053205162 -0.011124290 0.998329282
1341845693.453700 0.016038472 -0.045038734 -0.022068003 0.019226462 -0.051179759 -0.012691705 0.998423696
1341845693.489783 0.017631453 -0.045222495 -0.018697903 0.020298898 -0.050214864 -0.014082342 0.998432815
1341845693.522084 0.016628688 -0.048486929 -0.019742928 0.020714374 -0.050447118 -0.012755209 0.998430431
1341845693.557666 0.017551934 -0.048665877 -0.020848788 0.022383276 -0.052333929 -0.013542133 0.998286903
1341845693.589792 0.018491266 -0.045742966 -0.019503726 0.024653381 -0.053210761 -0.014865323 0.998168230
1341845693.622158 0.018400269 -0.043871824 -0.017778926 0.025865631 -0.052147567 -0.016805472 0.998162866
1341845693.657659 0.017410224 -0.046809465 -0.020700065 0.023798864 -0.050732877 -0.015162064 0.998313546
1341845693.689929 0.016724043 -0.044102389 -0.020581357 0.024498397 -0.050085794 -0.015168829 0.998329163
1341845693.721602 0.017003825 -0.043278381 -0.021317234 0.022645101 -0.048733987 -0.016452262 0.998419523
1341845693.757636 0.014364606 -0.047102474 -0.022908719 0.019071260 -0.046795286 -0.016398646 0.998587787
1341845693.789776 0.014074837 -0.045473047 -0.022381343 0.019045293 -0.047402397 -0.015685998 0.998571038
1341845693.825637 0.015460511 -0.042253911 -0.021965848 0.018961025 -0.048561268 -0.016132418 0.998509884
1341845693.857724 0.015924351 -0.042601913 -0.020544907 0.017915115 -0.048613746 -0.015370744 0.998538673
1341845693.889741 0.014015609 -0.042218626 -0.021797493 0.018574659 -0.047362193 -0.014062452 0.998606026
1341845693.925573 0.015179670 -0.046035171 -0.021438230 0.016409531 -0.047704015 -0.012441698 0.998649180
1341845693.957722 0.014875256 -0.045157745 -0.020696487 0.017217778 -0.047027197 -0.011543512 0.998678446
1341845693.990410 0.015783833 -0.042234484 -0.019377783 0.019470727 -0.046666216 -0.011736901 0.998651743
1341845694.025740 0.015116621 -0.042715490 -0.019839779 0.019625021 -0.044790108 -0.013096754 0.998717725
1341845694.057728 0.017517203 -0.042341106 -0.019764693 0.020527292 -0.044631626 -0.013703602 0.998698533
1341845694.093631 0.017419435 -0.042444903 -0.019630209 0.022057056 -0.044657517 -0.013164883 0.998672068
1341845694.125598 0.017395832 -0.042464554 -0.019808328 0.023404809 -0.044778638 -0.013256869 0.998634696
1341845694.157890 0.017669795 -0.042444397 -0.020456053 0.024054550 -0.044333026 -0.013521574 0.998635650
1341845694.193528 0.016472053 -0.044260997 -0.022271937 0.023744658 -0.043725941 -0.013479949 0.998670399
1341845694.226254 0.014613963 -0.044722054 -0.022375535 0.024882719 -0.043054286 -0.013130744 0.998676479
1341845694.261793 0.013368351 -0.042690080 -0.022025589 0.026258711 -0.042175934 -0.012694987 0.998684347
1341845694.293655 0.013428012 -0.042911276 -0.021966033 0.026733136 -0.042176783 -0.011210874 0.998689532
1341845694.325844 0.016377194 -0.044142235 -0.022078613 0.027358918 -0.044948250 -0.009000706 0.998574078
1341845694.361761 0.015808055 -0.044480149 -0.022075254 0.028745644 -0.046997000 -0.006793399 0.998458266
1341845694.393754 0.012740164 -0.043598276 -0.023336450 0.029825926 -0.047651120 -0.005901994 0.998401165
1341845694.425809 0.012876675 -0.043027345 -0.022690874 0.030125234 -0.049251713 -0.006267811 0.998312294
1341845694.461731 0.012973198 -0.042911157 -0.022668287 0.030083068 -0.050550412 -0.006840396 0.998244882
1341845694.493931 0.018099662 -0.039978128 -0.020566288 0.030211665 -0.052498676 -0.008743278 0.998125553
1341845694.529694 0.016716732 -0.042404067 -0.022106666 0.027779790 -0.051573690 -0.009653261 0.998236060
1341845694.561652 0.016028708 -0.043943603 -0.022283230 0.026932206 -0.052406635 -0.009500437 0.998217344
1341845694.595586 0.016598837 -0.043675326 -0.021447752 0.027920935 -0.053967442 -0.008749045 0.998113930
1341845694.629850 0.013525756 -0.042903878 -0.022361489 0.029356778 -0.054526635 -0.007593446 0.998051822
1341845694.661659 0.013507218 -0.042138450 -0.022009699 0.031247796 -0.055280846 -0.006245093 0.997962236
1341845694.693720 0.015343186 -0.041135635 -0.019254729 0.031599443 -0.052689519 -0.005390688 0.998096347
1341845694.735664 0.020908158 -0.019439375 -0.007164489 0.039818440 -0.045458660 -0.011031885 0.998111367
1341845694.767988 0.021767031 -0.019195393 -0.006510660 0.038367186 -0.040574506 -0.009232963 0.998396933
1341845694.803611 0.021221887 -0.019478964 -0.007881317 0.035983868 -0.035017304 -0.008011694 0.998706520
1341845694.835585 0.020517105 -0.019254291 -0.006399297 0.035375331 -0.030694904 -0.007216595 0.998876512
1341845694.867728 0.021849448 -0.004329035 -0.001713200 0.041683178 -0.027741425 -0.009601071 0.998699546
1341845694.903566 0.022091275 -0.004671184 -0.001297519 0.039805230 -0.025140041 -0.009661988 0.998844445
1341845694.935679 0.021610618 -0.004543905 -0.000833066 0.039401181 -0.023059333 -0.008887738 0.998917818
1341845694.967669 0.021678906 -0.004479247 -0.000958609 0.040003736 -0.021855433 -0.007702251 0.998930752
1341845695.003730 0.027712062 -0.019350458 0.000500389 0.034028940 -0.023489961 -0.003556826 0.999138415
1341845695.035689 0.027405171 -0.019873748 0.001373728 0.033849798 -0.020161042 -0.003067244 0.999218822
1341845695.072465 0.027513145 -0.019406002 0.000379833 0.033963941 -0.018264484 -0.002972126 0.999251723
1341845695.103895 0.027290868 -0.020109568 0.001840923 0.034150716 -0.019332305 -0.002303378 0.999227047
1341845695.135680 0.030435381 -0.022745753 0.003127354 0.034068439 -0.024037866 -0.001824637 0.999128699
1341845695.172193 0.031295594 -0.025647229 0.001187203 0.035344634 -0.029750768 -0.001410773 0.998931289
1341845695.203618 0.016241128 -0.044999309 -0.018844068 0.027427262 -0.032903783 0.006016308 0.999064028
1341845695.235612 0.016417457 -0.047714353 -0.019215828 0.029826857 -0.040554568 0.007486234 0.998704016
1341845695.271738 0.018677274 -0.041422684 -0.015078642 0.036184747 -0.047274914 0.005241269 0.998212516
1341845695.303569 0.026567690 -0.014835590 0.000348732 0.050776504 -0.052743472 -0.003421625 0.997310460
1341845695.335657 0.026006604 -0.015900362 -0.000663677 0.050939646 -0.055851262 -0.004961805 0.997126460
1341845695.371706 0.026090588 -0.017802652 -0.002203847 0.050219212 -0.058803294 -0.007593533 0.996976674
1341845695.403745 0.025232326 -0.019620936 -0.002967232 0.049776852 -0.061627876 -0.009372570 0.996813118
1341845695.435657 0.023516092 -0.040111132 -0.011308589 0.041773517 -0.065954968 -0.004441693 0.996937931
1341845695.471720 0.027770789 -0.017867936 -0.003483403 0.053464670 -0.069935180 -0.010539096 0.996061981
1341845695.503710 0.026595611 -0.017861458 -0.004678078 0.053467099 -0.072974816 -0.010827076 0.995840728
1341845695.539693 0.027271479 -0.016705969 -0.004529794 0.053648040 -0.075783938 -0.012016675 0.995607495
1341845695.603908 0.025940251 -0.016634393 -0.003269115 0.054332223 -0.077890672 -0.014388404 0.995376289
1341845695.633744 0.025648346 -0.016596273 -0.004257982 0.054311451 -0.079064645 -0.015124584 0.995273948
1341845695.665980 0.025868544 -0.016423669 -0.003802793 0.053909007 -0.080652803 -0.015515847 0.995162368
1341845695.701693 0.027834253 -0.017883219 -0.004292853 0.053221509 -0.082880631 -0.014470009 0.995032132
1341845695.733686 0.027827958 -0.017526587 -0.004337252 0.053006683 -0.083502084 -0.013851683 0.995000422
1341845695.769679 0.028385432 -0.017431306 -0.004926648 0.052646309 -0.083988786 -0.013506001 0.994983375
1341845695.801697 0.027780337 -0.017704377 -0.004260852 0.051401813 -0.083334424 -0.013441735 0.995104253
1341845695.833635 0.027476516 -0.017983841 -0.003553644 0.050244868 -0.083133712 -0.012877285 0.995187581
1341845695.869766 0.027517075 -0.017906079 -0.003302430 0.050062839 -0.082817592 -0.011710772 0.995237589
1341845695.901827 0.027888417 -0.017698152 -0.003725105 0.049274556 -0.082653053 -0.011044732 0.995298207
1341845695.933900 0.027954726 -0.017875915 -0.003177939 0.047759857 -0.082863249 -0.010637491 0.995359004
1341845695.969774 0.020479480 -0.042932920 -0.021927033 0.034863591 -0.081546649 -0.002040277 0.996057451
1341845696.001940 0.020743743 -0.043075886 -0.022475166 0.033859782 -0.080707453 -0.001309699 0.996161699
1341845696.037778 0.020804659 -0.043038998 -0.022500707 0.033031881 -0.080028370 0.000127845 0.996245086
1341845696.069962 0.020410260 -0.042995512 -0.022237664 0.032022826 -0.079926796 0.002476223 0.996283114
1341845696.102048 0.020553401 -0.043173715 -0.022653671 0.031778775 -0.080656216 0.004103246 0.996226788
1341845696.137759 0.027980614 -0.017559044 -0.004573650 0.043652896 -0.081690483 -0.003708357 0.995694399
1341845696.169934 0.020385813 -0.042930942 -0.022430569 0.030561952 -0.081292108 0.004277482 0.996212423
1341845696.201602 0.020233769 -0.042406648 -0.022418989 0.030194031 -0.081372671 0.003125133 0.996221364
1341845696.237582 0.020524431 -0.042538755 -0.022890929 0.028533386 -0.081433222 0.002187153 0.996267855
1341845696.269654 0.019189019 -0.042360596 -0.020945024 0.027400944 -0.081669420 0.001974838 0.996280789
1341845696.305713 0.019270776 -0.042498454 -0.021013604 0.026928106 -0.082685992 0.002518832 0.996208549
1341845696.337790 0.020215541 -0.042728703 -0.021777911 0.026345970 -0.083442360 0.003423123 0.996158421
1341845696.369780 0.019869579 -0.042654596 -0.022078456 0.026203761 -0.084025770 0.004132291 0.996110439
1341845696.406019 0.020076612 -0.042679876 -0.022581210 0.024725690 -0.084530398 0.004290471 0.996104836
1341845696.437910 0.019996379 -0.042482466 -0.022429554 0.023009386 -0.084681526 0.004561934 0.996131897
1341845696.473667 0.021047987 -0.042049244 -0.022203567 0.022061843 -0.084511042 0.003848630 0.996170819
1341845696.505801 0.020530129 -0.041871589 -0.022241689 0.020403031 -0.083386652 0.003804829 0.996301115
1341845696.537879 0.028146718 -0.017952004 -0.003658243 0.031128611 -0.084183462 -0.002901061 0.995959699
1341845696.573790 0.020449916 -0.042343926 -0.021962922 0.019158687 -0.084158391 0.006013397 0.996250033
1341845696.611644 0.028122121 -0.017525140 -0.003505819 0.030972108 -0.085691571 -0.001929591 0.995838344
1341845696.648592 0.027839862 -0.016596049 -0.002870393 0.031064264 -0.085956164 -0.001931388 0.995812654
1341845696.679660 0.028922554 -0.016135706 -0.003245940 0.030116148 -0.086233154 -0.001633166 0.995818377
1341845696.705640 0.028779561 -0.016335560 -0.002655726 0.028763380 -0.085431218 -0.001710159 0.995927334
1341845696.741801 0.028764796 -0.018447550 -0.002984093 0.027176837 -0.084242359 -0.001557396 0.996073425
1341845696.773765 0.030700473 -0.018628608 -0.002156830 0.027059048 -0.083978772 -0.001083021 0.996099472
1341845696.805698 0.030682454 -0.018850988 -0.002452202 0.025570435 -0.083742306 0.000141358 0.996159315
1341845696.841908 0.028206600 -0.017800309 -0.003471017 0.025320023 -0.082424447 0.001084988 0.996275008
1341845696.873637 0.020515926 -0.042354133 -0.022533551 0.012777457 -0.080433048 0.009427642 0.996633530
1341845696.905693 0.020983800 -0.041651484 -0.021517603 0.011842246 -0.079870850 0.009646877 0.996688187
1341845696.941841 0.020747028 -0.041168943 -0.021564176 0.010697111 -0.078916319 0.010217981 0.996771455
1341845696.973560 0.021663258 -0.041783985 -0.020263717 0.009534699 -0.079025075 0.012147188 0.996752977
1341845697.009723 0.019579623 -0.037210729 -0.020152783 0.010763058 -0.077792719 0.012465494 0.996833503
1341845697.041678 0.021523712 -0.039097149 -0.018801864 0.008790717 -0.077381596 0.011732442 0.996893764
1341845697.073636 0.022232309 -0.039477624 -0.018526137 0.008767089 -0.076616384 0.011172848 0.996959507
1341845697.109770 0.022878468 -0.036877278 -0.018280337 0.010316323 -0.076229297 0.010385248 0.996982872
1341845697.141787 0.022997512 -0.036244515 -0.017197579 0.009978484 -0.075870626 0.009598005 0.997021556
1341845697.173791 0.022552107 -0.039680373 -0.018179493 0.008264534 -0.075484008 0.010863607 0.997053564
1341845697.209803 0.021790486 -0.036793776 -0.017398860 0.010083765 -0.074895605 0.010882490 0.997080982
1341845697.241685 0.019826218 -0.036263417 -0.018873386 0.009722309 -0.073615812 0.010960336 0.997179031
1341845697.277780 0.021283878 -0.036263183 -0.016173810 0.009599521 -0.074017458 0.011192231 0.997147918
1341845697.309575 0.020204181 -0.036055163 -0.018334158 0.009362834 -0.073753439 0.011567743 0.997165442
1341845697.342252 0.020010961 -0.036386859 -0.018441470 0.008929618 -0.073922843 0.011419033 0.997158587
1341845697.377604 0.020224851 -0.037071075 -0.018522555 0.008795372 -0.074195474 0.011242825 0.997141540
1341845697.409528 0.020544639 -0.037579734 -0.017655866 0.008753878 -0.074087106 0.011157466 0.997150958
1341845697.441666 0.019712573 -0.036981072 -0.018304823 0.008670537 -0.073364586 0.010399151 0.997213244
1341845697.477718 0.020215729 -0.037473440 -0.017413184 0.009673388 -0.073931269 0.010960357 0.997156203
1341845697.509822 0.020291215 -0.037438434 -0.017208740 0.009849693 -0.073945098 0.010194177 0.997161567
1341845697.545892 0.019916745 -0.036985714 -0.017987723 0.009919110 -0.073879644 0.010090098 0.997166753
1341845697.577742 0.020616557 -0.037051693 -0.017298792 0.010415429 -0.075187676 0.010369700 0.997061074
1341845697.609653 0.021453509 -0.034090877 -0.016054286 0.012143476 -0.076038726 0.010381448 0.996976852
1341845697.645769 0.022509800 -0.033951860 -0.014931098 0.011925736 -0.076939456 0.010672037 0.996907353
1341845697.677795 0.022390936 -0.034914538 -0.014668527 0.011177791 -0.076862514 0.010897321 0.996919513
1341845697.713520 0.022157293 -0.034464803 -0.015302152 0.010872707 -0.076495960 0.010711782 0.996953070
1341845697.745975 0.022493809 -0.034068089 -0.015805902 0.010402765 -0.076923467 0.011322224 0.996918440
1341845697.777683 0.021276105 -0.033575017 -0.016288863 0.010445571 -0.076810233 0.011781693 0.996921420
1341845697.813673 0.021945473 -0.033921260 -0.015366265 0.009689839 -0.077081777 0.011695237 0.996909082
1341845697.845793 0.022659302 -0.032671265 -0.014654017 0.009163818 -0.076828666 0.011234373 0.996938884
1341845697.877887 0.020866692 -0.033201609 -0.016411640 0.007650581 -0.076356694 0.011322146 0.996986926
1341845697.913637 0.020850383 -0.033426799 -0.016215499 0.007317274 -0.076566756 0.011169232 0.996975064
1341845697.945734 0.020440806 -0.033319682 -0.016928114 0.006786934 -0.076340646 0.010380814 0.997004688
1341845697.981763 0.020637706 -0.033742011 -0.015230745 0.006219270 -0.076383509 0.009918658 0.997009814
1341845698.013639 0.020691469 -0.033440698 -0.015529555 0.006441395 -0.076224424 0.009564885 0.997024000
1341845698.045700 0.020456303 -0.033544067 -0.015668374 0.006820461 -0.076130278 0.009356385 0.997030675
1341845698.081804 0.021381222 -0.034238104 -0.015951555 0.006246263 -0.077027023 0.009451498 0.996964633
1341845698.113733 0.021748271 -0.032370526 -0.014911585 0.007265801 -0.077633053 0.008783854 0.996916831
1341845698.145605 0.021276845 -0.033238117 -0.015422867 0.007355006 -0.077799618 0.008466110 0.996905923
1341845698.181637 0.020765072 -0.033349767 -0.015926789 0.007311942 -0.077615559 0.007752982 0.996926427
1341845698.213981 0.020080978 -0.033504214 -0.015987460 0.007350997 -0.077940539 0.007863219 0.996899903
1341845698.249641 0.020324627 -0.032952312 -0.016967131 0.008367653 -0.079272486 0.007630419 0.996788681
1341845698.281737 0.022579912 -0.032079641 -0.015555087 0.007681489 -0.080529675 0.006924601 0.996698558
1341845698.313940 0.024046980 -0.033649735 -0.014852868 0.006707264 -0.081427097 0.006724618 0.996634007
1341845698.349629 0.023739418 -0.033713251 -0.014935163 0.007065822 -0.081199676 0.005923981 0.996655226
1341845698.381667 0.020251974 -0.033510797 -0.016773839 0.006988804 -0.080159076 0.005909888 0.996740043
1341845698.413724 0.021064306 -0.033961989 -0.015795646 0.007173372 -0.081854776 0.006257734 0.996598780
1341845698.449543 0.020299075 -0.033489719 -0.016931964 0.007807525 -0.082925007 0.006773365 0.996502221
1341845698.481693 0.021661006 -0.032685552 -0.015426608 0.008251879 -0.084904514 0.006787077 0.996331811
1341845698.517644 0.021386553 -0.032930896 -0.015503124 0.008071715 -0.085338920 0.006021847 0.996301055
1341845698.549633 0.021392392 -0.033343632 -0.014921336 0.008644982 -0.086260460 0.005356451 0.996220708
1341845698.581773 0.021506622 -0.033333652 -0.016141757 0.009390039 -0.086799368 0.003973613 0.996173620
1341845698.617608 0.021731485 -0.032826643 -0.015637308 0.009914793 -0.087117933 0.002705973 0.996144950
1341845698.649887 0.021812079 -0.033410609 -0.015388859 0.010053707 -0.087692700 0.002535654 0.996093571
1341845698.685838 0.023840291 -0.033639401 -0.015096701 0.011017195 -0.088979617 0.002980667 0.995968044
1341845698.717744 0.024042489 -0.029820457 -0.014305285 0.012644426 -0.088737704 0.001772193 0.995973170
1341845698.749680 0.023081722 -0.032523215 -0.014634196 0.010792626 -0.088214822 0.002684876 0.996039331
1341845698.785826 0.022554427 -0.032127149 -0.014753055 0.010849576 -0.087705426 0.002769137 0.996083498
1341845698.817603 0.021794399 -0.032712411 -0.015852001 0.009989940 -0.087331064 0.002729843 0.996125460
1341845698.849705 0.024899073 -0.033128250 -0.014956336 0.008821068 -0.088559896 0.002450466 0.996028781
1341845698.885714 0.024555475 -0.033308994 -0.015300066 0.008409231 -0.088638864 0.002596000 0.996024907
1341845698.917723 0.024519820 -0.033164654 -0.015799167 0.007775057 -0.088376850 0.002532321 0.996053517
1341845698.953706 0.023327798 -0.030726166 -0.014259752 0.008192923 -0.087295927 0.001473532 0.996147633
1341845698.985694 0.023289613 -0.029799378 -0.013198505 0.008344816 -0.087022394 0.001543710 0.996170163
1341845699.017571 0.023082314 -0.031147255 -0.014904809 0.006745805 -0.087442644 0.002021046 0.996144652
1341845699.053593 0.022866443 -0.029747965 -0.014296521 0.006184208 -0.087468639 0.002098348 0.996145844
1341845699.086340 0.023154411 -0.028714394 -0.014558582 0.005014123 -0.087286249 0.001586340 0.996169388
1341845699.117688 0.022188485 -0.028381836 -0.014479950 0.003398348 -0.086754881 0.001045865 0.996223330
1341845699.153695 0.023242697 -0.037926845 -0.017619038 -0.002110379 -0.088235766 0.004835663 0.996085644
1341845699.185845 0.022721043 -0.037807606 -0.018481979 -0.003067571 -0.087689713 0.004779233 0.996131659
1341845699.221973 0.021120986 -0.038174193 -0.018701429 -0.004309295 -0.086398691 0.004173228 0.996242583
1341845699.253571 0.021147076 -0.038802020 -0.019162817 -0.004982390 -0.086751461 0.004652502 0.996206701
1341845699.285622 0.020764798 -0.040782467 -0.019891268 -0.005043565 -0.087986402 0.006027741 0.996090710
1341845699.321906 0.022019560 -0.038805366 -0.019009655 -0.003330521 -0.089554124 0.006118649 0.995957553
1341845699.354916 0.020939009 -0.038234759 -0.019597942 -0.003104721 -0.089548178 0.006287300 0.995957792
1341845699.385859 0.022290876 -0.038675878 -0.019883193 -0.003189134 -0.090445437 0.006305061 0.995876312
1341845699.421535 0.023561992 -0.038252842 -0.018964544 -0.002172771 -0.090527147 0.005703568 0.995875299
1341845699.454093 0.023409182 -0.037660617 -0.018479971 -0.001799181 -0.089670107 0.004064245 0.995961607
1341845699.489836 0.022783719 -0.037310697 -0.017735198 -0.002060147 -0.088622518 0.003257841 0.996057808
1341845699.522001 0.022268124 -0.037926450 -0.018572593 -0.002303462 -0.088983588 0.004193516 0.996021569
1341845699.556281 0.023089508 -0.038031600 -0.017227331 -0.001632464 -0.090000488 0.005496189 0.995925188
1341845699.595416 0.023236651 -0.037691399 -0.018008666 -0.001017493 -0.089792773 0.005710881 0.995943546
1341845699.628631 0.022413891 -0.036977895 -0.017837418 -0.000930871 -0.088167273 0.004802986 0.996093631
1341845699.663810 0.023969011 -0.037848886 -0.016703237 -0.001451126 -0.088077545 0.005375103 0.996098042
1341845699.696113 0.023557402 -0.038892288 -0.018630259 -0.001256784 -0.087623276 0.007090241 0.996127665
1341845699.727683 0.023143128 -0.038239826 -0.020213939 -0.001920205 -0.087045990 0.006877617 0.996178687
1341845699.763748 0.023978028 -0.038334481 -0.018262299 -0.003750904 -0.087262571 0.006524358 0.996156931
1341845699.789808 0.025052086 -0.039144468 -0.017899977 -0.004190178 -0.087145887 0.006145680 0.996167779
1341845699.821737 0.023743257 -0.037940703 -0.018234773 -0.003681941 -0.085565209 0.005219286 0.996312082
1341845699.857825 0.024558006 -0.038581956 -0.019048335 -0.004064902 -0.086062118 0.005640837 0.996265531
1341845699.889686 0.023137955 -0.036968436 -0.016771398 -0.003229137 -0.085838653 0.005073597 0.996290922
1341845699.925749 0.025419576 -0.038692750 -0.017434109 -0.003642578 -0.086585686 0.005224031 0.996224046
1341845699.957536 0.023129560 -0.037869476 -0.017735217 -0.002697978 -0.085069619 0.005028824 0.996358633
1341845699.989671 0.023549879 -0.038404845 -0.017750097 -0.001958987 -0.085648596 0.006600981 0.996301591
1341845700.025810 0.025618650 -0.040057354 -0.017717905 -0.001729786 -0.086819544 0.007878018 0.996191382
1341845700.058133 0.024623623 -0.039784737 -0.018693790 -0.000897086 -0.085902095 0.006939750 0.996279001
1341845700.090754 0.026404772 -0.038743127 -0.016482627 -0.000042879 -0.086243324 0.006247838 0.996254504
1341845700.125852 0.026364613 -0.038976204 -0.016401907 -0.000048051 -0.086204417 0.005501396 0.996262312
1341845700.157773 0.026477095 -0.038875714 -0.015964830 0.000603297 -0.086378098 0.005469877 0.996247232
1341845700.193533 0.026494328 -0.038516432 -0.016149232 0.001055312 -0.085838817 0.004914731 0.996296346
1341845700.225771 0.026477586 -0.037229832 -0.014770932 0.001737292 -0.085023500 0.004557214 0.996367037
1341845700.257669 0.026630370 -0.037161157 -0.014482390 0.002041414 -0.084593564 0.004530337 0.996403158
1341845700.293641 0.025717247 -0.036914710 -0.014642420 0.001981951 -0.083932653 0.005633885 0.996453524
1341845700.325714 0.027200310 -0.037454233 -0.013911242 0.001952888 -0.084492758 0.006157761 0.996403158
1341845700.357742 0.027064003 -0.037086695 -0.014035529 0.002304489 -0.084000446 0.005999541 0.996445000
1341845700.393681 0.026663464 -0.037241418 -0.015095216 0.001638643 -0.082755499 0.005303862 0.996554434
1341845700.425997 0.026846655 -0.037095219 -0.014861689 0.001561009 -0.082546741 0.004740090 0.996574700
1341845700.461682 0.027028600 -0.037223276 -0.013844015 0.001454953 -0.082435951 0.003719064 0.996588349
1341845700.493808 0.026778191 -0.036792461 -0.014700524 0.001537602 -0.082115553 0.003283886 0.996616244
1341845700.526106 0.026886728 -0.037218384 -0.013424748 0.000996127 -0.082080744 0.003318362 0.996619642
1341845700.562458 0.026555348 -0.036930408 -0.014484692 0.000949516 -0.081674717 0.003804497 0.996651351
1341845700.594110 0.026768271 -0.037395053 -0.013374818 0.000317341 -0.081882820 0.004301511 0.996632636
1341845700.626137 0.026764104 -0.037091594 -0.014198958 0.000343902 -0.082150914 0.004601465 0.996609211
1341845700.661872 0.029029030 -0.036620095 -0.013283593 0.000437044 -0.082607523 0.003379860 0.996576369
1341845700.693861 0.029357206 -0.035938427 -0.012656583 0.000195365 -0.082106210 0.002451580 0.996620536
1341845700.732394 0.026662914 -0.037149336 -0.014009189 -0.000447499 -0.081568673 0.002858924 0.996663511
1341845700.767794 0.027828649 -0.036821917 -0.014112679 0.000132743 -0.082582496 0.004159043 0.996575534
1341845700.799058 0.028392706 -0.037737250 -0.014022796 0.000043933 -0.082441203 0.004473272 0.996585906
1341845700.829639 0.027193578 -0.036207668 -0.014242989 0.000930107 -0.081702307 0.003389887 0.996650577
1341845700.867749 0.028476639 -0.035895009 -0.013571590 0.001015088 -0.082103819 0.003172922 0.996618211
1341845700.897703 0.028405735 -0.037045512 -0.013584648 0.000594424 -0.081993222 0.004265208 0.996623576
1341845700.930007 0.028563820 -0.037980814 -0.013115933 0.001057111 -0.082884543 0.004401799 0.996548891
1341845700.961797 0.028892878 -0.036106069 -0.012581117 0.002160601 -0.082856759 0.003000273 0.996554613
1341845700.997752 0.028215088 -0.037789326 -0.013573946 0.000978057 -0.082518503 0.003114313 0.996584177
1341845701.029597 0.028639374 -0.038297091 -0.013880586 0.000767798 -0.083252825 0.003085126 0.996523380
1341845701.061618 0.028222086 -0.037773110 -0.013841247 0.001421505 -0.083301574 0.002717884 0.996519685
1341845701.097561 0.027993871 -0.037326045 -0.013546166 0.001964875 -0.083519936 0.002410943 0.996501267
1341845701.129741 0.028081246 -0.037236679 -0.013682288 0.002135464 -0.083101764 0.002642986 0.996535301
1341845701.165734 0.027986286 -0.037332464 -0.013547709 0.001678662 -0.082913995 0.002500139 0.996552169
1341845701.197714 0.028047357 -0.037236355 -0.013625329 0.002332675 -0.083404504 0.002666372 0.996509492
1341845701.230497 0.028196543 -0.037095271 -0.013845065 0.002645270 -0.083731733 0.002667871 0.996481240
1341845701.265852 0.028005011 -0.037343480 -0.013272744 0.002824811 -0.084119357 0.002732507 0.996447921
1341845701.297730 0.027316594 -0.037062481 -0.014600616 0.003774887 -0.084518082 0.002258827 0.996412277
1341845701.329611 0.029610706 -0.036238771 -0.012842441 0.004276608 -0.085500158 0.001467336 0.996327937
1341845701.365791 0.029049862 -0.036372647 -0.012872153 0.003828239 -0.084910385 0.001311925 0.996380389
1341845701.397757 0.028966529 -0.034887839 -0.012229387 0.004421338 -0.084604710 0.000325548 0.996404707
1341845701.433542 0.029023448 -0.035536386 -0.012365755 0.003577386 -0.084325336 0.001137106 0.996431231
1341845701.465617 0.028575549 -0.035924714 -0.013162922 0.003464030 -0.084170960 0.002481581 0.996442199
1341845701.497704 0.028096048 -0.036956262 -0.013938702 0.002805947 -0.083885305 0.003311642 0.996465981
1341845701.533597 0.028405473 -0.036769088 -0.014525418 0.002400466 -0.084148206 0.003359230 0.996444702
1341845701.565815 0.028363591 -0.036942616 -0.014249821 0.002250861 -0.083625041 0.002591276 0.996491373
1341845701.597762 0.028643688 -0.037375860 -0.014744719 0.001916985 -0.083382949 0.002630414 0.996512294
1341845701.633825 0.028257357 -0.037075542 -0.013937915 0.002550375 -0.083527461 0.002329743 0.996499479
1341845701.665709 0.028678600 -0.036734600 -0.014677386 0.003302357 -0.083582535 0.002246544 0.996492863
1341845701.701676 0.031459402 -0.036028303 -0.011149989 0.004502264 -0.084406495 0.001934778 0.996419370
1341845701.733527 0.030689714 -0.036495920 -0.011777625 0.004688452 -0.084171496 0.002017255 0.996438205
1341845701.765764 0.029251212 -0.038079575 -0.014563641 0.003703752 -0.083859809 0.002294968 0.996468008
1341845701.801701 0.028724562 -0.038292892 -0.015183007 0.003577323 -0.083485678 0.002414388 0.996499598
1341845701.833700 0.028463516 -0.038952515 -0.016299320 0.003232424 -0.083327554 0.003012802 0.996512413
1341845701.865775 0.028618190 -0.038140006 -0.014930961 0.004129086 -0.083307192 0.003110499 0.996510506
1341845701.901711 0.029298423 -0.037658390 -0.014321158 0.004284678 -0.083447352 0.002824305 0.996498942
1341845701.933585 0.028890673 -0.038187213 -0.014826979 0.003796938 -0.082918398 0.002476930 0.996546030
1341845701.969726 0.029400609 -0.037696939 -0.015191678 0.003566010 -0.083164915 0.002077355 0.996527255
1341845702.002544 0.030086406 -0.037599102 -0.013533951 0.003780190 -0.083365552 0.002145741 0.996509552
1341845702.034379 0.030063706 -0.037714615 -0.013677833 0.003966738 -0.082901031 0.001495182 0.996548772
1341845702.070436 0.029262491 -0.038452107 -0.015024585 0.003727114 -0.082541794 0.001156403 0.996579945
1341845702.101809 0.028948007 -0.038024530 -0.014412460 0.004215195 -0.082679987 0.000824708 0.996566892
1341845702.137663 0.028325664 -0.036157567 -0.013143586 0.005458890 -0.082777880 0.000406579 0.996553004
1341845702.169629 0.029022031 -0.037485197 -0.012708734 0.005259010 -0.083582625 0.000906069 0.996486545
1341845702.201769 0.028649680 -0.036978357 -0.013210567 0.005921633 -0.082971342 -0.000038881 0.996534348
1341845702.237691 0.028666312 -0.038095780 -0.013523271 0.005439904 -0.082638375 0.000087230 0.996564746
1341845702.269760 0.029112404 -0.039479192 -0.014181609 0.004957712 -0.082919732 0.000171493 0.996543884
1341845702.301761 0.029039226 -0.037873875 -0.013469403 0.005909872 -0.082694873 -0.000587914 0.996557176
1341845702.337713 0.028499177 -0.038257975 -0.014096449 0.005379627 -0.081678078 -0.001049832 0.996643662
1341845702.369720 0.028035782 -0.038071804 -0.013702564 0.005319082 -0.081893183 -0.000799786 0.996626556
1341845702.405655 0.029999577 -0.038779166 -0.013729278 0.005085126 -0.082824603 -0.000362810 0.996551096
1341845702.437629 0.028748719 -0.037403263 -0.013133673 0.005518525 -0.081784591 -0.000247540 0.996634722
1341845702.469691 0.028922023 -0.038549818 -0.012910733 0.005261133 -0.081560768 -0.000372951 0.996654391
1341845702.506265 0.028111544 -0.039584447 -0.013225265 0.004886092 -0.081109367 0.000300925 0.996693194
1341845702.537648 0.027958173 -0.038935367 -0.013859399 0.004986956 -0.081063189 0.000579100 0.996696293
1341845702.569753 0.028458364 -0.038475208 -0.013006917 0.005272341 -0.081554502 0.001444140 0.996653855
1341845702.605685 0.029356705 -0.037670642 -0.012686626 0.005310361 -0.082120799 0.001221232 0.996607482
1341845702.637718 0.028459366 -0.038304463 -0.012779822 0.004364406 -0.081734531 0.001065857 0.996644020
1341845702.673733 0.028004620 -0.037399881 -0.012587294 0.004773366 -0.081262000 0.000666102 0.996681094
1341845702.705735 0.028356018 -0.036590427 -0.012805314 0.004693288 -0.080878153 0.000026804 0.996712923
1341845702.737648 0.028062098 -0.036072664 -0.012593772 0.004130657 -0.080035388 -0.001544104 0.996782243
1341845702.773644 0.027628999 -0.034762591 -0.012891121 0.003136438 -0.079152420 -0.002721450 0.996853828
1341845702.805893 0.028313663 -0.036437262 -0.013422839 0.000898439 -0.078921780 -0.003439967 0.996874452
1341845702.837969 0.028030485 -0.034532107 -0.012936586 0.000921563 -0.077932194 -0.004348943 0.996948719
1341845702.874009 0.028897705 -0.035424475 -0.012663628 -0.001503377 -0.077672280 -0.005042466 0.996965051
1341845702.908704 0.028549142 -0.036465157 -0.010652793 -0.002333575 -0.077196717 -0.004579960 0.997002602
1341845702.941673 0.028756345 -0.036824580 -0.009997006 -0.001713950 -0.077618070 -0.003707845 0.996974766
1341845702.973595 0.028622575 -0.037915464 -0.010057268 -0.000273559 -0.078748353 -0.002090327 0.996892273
1341845703.005769 0.028004847 -0.038573176 -0.013085681 0.000918552 -0.079836689 -0.000235667 0.996807456
1341845703.041648 0.028965168 -0.038099036 -0.011972528 0.002503175 -0.081302725 0.000331630 0.996686220
1341845703.073714 0.028995132 -0.035510127 -0.012650435 0.003188190 -0.081003152 -0.000682356 0.996708512
1341845703.109699 0.030505316 -0.034717351 -0.009063656 0.001645306 -0.080090225 -0.003072228 0.996781468
1341845703.142006 0.029896745 -0.035606164 -0.009589011 -0.000219053 -0.078495227 -0.003771188 0.996907294
1341845703.173706 0.028980585 -0.035708103 -0.010243104 -0.001642297 -0.077408016 -0.005126289 0.996984899
1341845703.209732 0.028679488 -0.036782466 -0.010349754 -0.002427375 -0.077328674 -0.004853816 0.996990860
1341845703.242050 0.030289484 -0.037520301 -0.009484187 -0.001734726 -0.078420013 -0.004597533 0.996908247
1341845703.273874 0.028748363 -0.037254579 -0.010558814 -0.000956531 -0.078145117 -0.004274508 0.996932328
1341845703.309758 0.028560791 -0.037155733 -0.011340796 -0.000025328 -0.079018503 -0.002896737 0.996868908
1341845703.341850 0.031263694 -0.036810111 -0.009336052 0.000795515 -0.080461197 -0.002521831 0.996754169
1341845703.377702 0.030869868 -0.036823638 -0.008891433 0.001332995 -0.079591706 -0.002930560 0.996822298
1341845703.409585 0.030492803 -0.037720818 -0.009688077 0.001371248 -0.079148449 -0.003453546 0.996855855
1341845703.441629 0.029997529 -0.037195157 -0.010354988 0.001494477 -0.079199307 -0.004184695 0.996848881
1341845703.477741 0.030302662 -0.036838949 -0.009782998 0.001521949 -0.079563715 -0.004516380 0.996818364
1341845703.509995 0.030229952 -0.036679063 -0.009957527 0.001929263 -0.079363942 -0.004867010 0.996831894
1341845703.541800 0.031138223 -0.038029827 -0.010127762 0.002070551 -0.079639129 -0.005352763 0.996807218
1341845703.577765 0.030961011 -0.037461802 -0.009316969 0.002531016 -0.079606526 -0.006017157 0.996804953
1341845703.609650 0.029999079 -0.036896467 -0.009726504 0.003067770 -0.079499327 -0.006701490 0.996807635
1341845703.651761 0.029909084 -0.037431017 -0.010733096 0.003196855 -0.079674043 -0.006685023 0.996793389
1341845703.677758 0.028667230 -0.039057985 -0.013425658 0.002330836 -0.079895295 -0.005691762 0.996784270
1341845703.709916 0.029255407 -0.037804205 -0.013345529 0.002854233 -0.080737978 -0.005517601 0.996716022
1341845703.745719 0.029733544 -0.036712218 -0.013058077 0.002282041 -0.080706887 -0.006484582 0.996714175
1341845703.777733 0.029749105 -0.034860127 -0.010147771 0.002092168 -0.079519212 -0.007835072 0.996800303
1341845703.809711 0.030455818 -0.035823666 -0.009227621 0.001348324 -0.079375938 -0.007602429 0.996814847
1341845703.845769 0.029850863 -0.035423126 -0.009809260 0.001493408 -0.079201885 -0.007773231 0.996827126
1341845703.877728 0.030885283 -0.035644535 -0.009336850 0.001363576 -0.079667322 -0.007838295 0.996789694
1341845703.913808 0.030867843 -0.036604129 -0.009677093 0.000334906 -0.079627857 -0.007148090 0.996798933
1341845703.945653 0.031617276 -0.037680000 -0.009551828 -0.000182755 -0.079637870 -0.007482465 0.996795714
1341845703.977870 0.031263087 -0.037537292 -0.010037609 0.000430068 -0.079071857 -0.007879213 0.996837616
1341845704.013637 0.029884614 -0.036853567 -0.009392494 0.001497321 -0.078676201 -0.007812217 0.996868432
1341845704.045703 0.031437110 -0.039236348 -0.009655956 0.001461621 -0.079861909 -0.006924842 0.996780753
1341845704.077666 0.031716425 -0.037617009 -0.008864483 0.002664219 -0.080034792 -0.006579269 0.996766746
1341845704.113706 0.031273641 -0.036078017 -0.008926806 0.003434879 -0.079693988 -0.006524665 0.996792078
1341845704.145681 0.030999331 -0.035673819 -0.009032402 0.003213682 -0.079085812 -0.006588511 0.996840835
1341845704.181785 0.030942542 -0.036456123 -0.008986834 0.002639136 -0.078720644 -0.007161392 0.996867478
1341845704.213778 0.030859135 -0.036000486 -0.009124395 0.002686459 -0.078483902 -0.007399659 0.996884227
1341845704.245863 0.031489771 -0.035733402 -0.008822700 0.002745550 -0.078774087 -0.007187304 0.996862769
1341845704.281578 0.030798627 -0.034202095 -0.008068806 0.003329152 -0.078172930 -0.007212853 0.996908128
1341845704.313707 0.031832304 -0.034924582 -0.008289881 0.002101924 -0.078068033 -0.006839205 0.996922314
1341845704.349873 0.032313161 -0.034085896 -0.007344736 0.002021841 -0.077081889 -0.006707057 0.997000098
1341845704.381729 0.032528780 -0.035348587 -0.007874600 0.000589948 -0.075657479 -0.006497061 0.997112513
1341845704.413817 0.032547515 -0.036032718 -0.007961459 0.000175828 -0.074192576 -0.006128503 0.997225106
1341845704.449837 0.032460161 -0.034958828 -0.008428582 0.000707356 -0.072625734 -0.006608496 0.997337103
1341845704.481600 0.032633625 -0.036367241 -0.008731188 -0.001019134 -0.070995852 -0.007322310 0.997449219
1341845704.513671 0.030883376 -0.037686154 -0.009069977 -0.001065989 -0.069593228 -0.006760241 0.997551918
1341845704.549869 0.025712077 -0.038595259 -0.012561968 0.002080938 -0.068512328 -0.003684287 0.997641265
1341845704.581901 0.024837861 -0.037723616 -0.013659717 0.006480683 -0.069910571 -0.001608087 0.997530878
1341845704.617838 0.030159658 -0.038480539 -0.010875870 0.008748917 -0.073266588 -0.001984001 0.997272015
1341845704.650477 0.030850198 -0.038544986 -0.010748750 0.009394165 -0.073493980 -0.003459452 0.997245371
1341845704.681708 0.029623143 -0.038906727 -0.009896962 0.010160217 -0.073068589 -0.004344297 0.997265697
1341845704.717704 0.029239394 -0.039565064 -0.011173617 0.011102825 -0.074257888 -0.003781321 0.997170091
1341845704.749702 0.030233895 -0.038363617 -0.010558486 0.012200816 -0.075163051 -0.004927014 0.997084439
1341845704.781791 0.030279558 -0.038367622 -0.010245470 0.011408999 -0.074550152 -0.006906866 0.997128069
1341845704.817744 0.028870044 -0.040291429 -0.011549854 0.010544543 -0.074524358 -0.007882426 0.997132242
1341845704.849705 0.028332027 -0.039887894 -0.012497224 0.012399429 -0.075923398 -0.008101835 0.997003615
1341845704.885675 0.029238677 -0.039210025 -0.011396543 0.013091393 -0.077382647 -0.008262265 0.996881247
1341845704.917742 0.028319137 -0.038777124 -0.012009352 0.012819458 -0.077341661 -0.008832596 0.996883094
1341845704.949746 0.028587248 -0.038481291 -0.012758910 0.012262818 -0.077994578 -0.009908322 0.996829093
1341845704.985761 0.029079087 -0.038241860 -0.011697140 0.011640717 -0.078689635 -0.010471699 0.996776164
1341845705.017537 0.029115133 -0.038710300 -0.011903995 0.010751707 -0.079069681 -0.011019780 0.996750176
1341845705.049660 0.028848434 -0.037531119 -0.012431436 0.010563673 -0.079147935 -0.012028188 0.996734321
1341845705.085710 0.029166663 -0.039244946 -0.012646818 0.009145643 -0.079915956 -0.012053425 0.996686757
1341845705.117831 0.029726164 -0.038369525 -0.012578975 0.009601763 -0.080876119 -0.012341647 0.996601462
1341845705.154005 0.030275613 -0.036523297 -0.011614844 0.009400085 -0.081295125 -0.012981189 0.996561170
1341845705.185648 0.030203233 -0.038623028 -0.012132530 0.007417368 -0.081002280 -0.012987935 0.996601641
1341845705.217695 0.029502943 -0.036933526 -0.011167752 0.008184860 -0.080225125 -0.013104911 0.996657014
1341845705.253735 0.029608112 -0.037069313 -0.011832966 0.007696471 -0.079734959 -0.013451044 0.996695638
1341845705.285554 0.029347759 -0.037211321 -0.011244079 0.007197748 -0.079645038 -0.013770533 0.996702194
1341845705.321646 0.029506022 -0.037049435 -0.011271007 0.007679031 -0.080292240 -0.012724784 0.996660531
1341845705.353674 0.026816353 -0.037213035 -0.015124657 0.007250630 -0.079842083 -0.010984330 0.996720612
1341845705.385774 0.027090548 -0.037325099 -0.015333923 0.007524192 -0.080233209 -0.010662227 0.996690691
1341845705.421801 0.026986049 -0.037512269 -0.015006310 0.008273277 -0.079889581 -0.011263624 0.996705770
1341845705.453568 0.029631753 -0.037309643 -0.011690078 0.010953788 -0.080587916 -0.011796767 0.996617496
1341845705.485749 0.029507505 -0.037229486 -0.011561629 0.013119017 -0.081549190 -0.010537709 0.996527255
1341845705.521655 0.026934184 -0.037444890 -0.014977135 0.013863926 -0.081511043 -0.008512938 0.996539652
1341845705.553548 0.026933847 -0.037272461 -0.015013212 0.014705110 -0.081512794 -0.007651651 0.996534467
1341845705.589775 0.027160194 -0.037397612 -0.015634332 0.014377696 -0.081441320 -0.007865418 0.996543407
1341845705.621894 0.026947701 -0.037029844 -0.015251299 0.014608392 -0.081446931 -0.007475256 0.996542573
1341845705.653569 0.026180748 -0.037673954 -0.016427319 0.014326785 -0.083147772 -0.006525787 0.996412873
1341845705.689868 0.026938219 -0.037096642 -0.015124989 0.015181242 -0.085374057 -0.006676942 0.996210933
1341845705.721810 0.027129732 -0.037158970 -0.015075299 0.015082455 -0.084643096 -0.006757302 0.996274292
1341845705.753738 0.027106330 -0.037173342 -0.014920893 0.014980128 -0.084019244 -0.007984172 0.996319532
1341845705.789861 0.027493607 -0.037454307 -0.015831765 0.014752383 -0.083285585 -0.008159948 0.996383131
1341845705.821704 0.027059119 -0.037313592 -0.015471213 0.014654002 -0.082230650 -0.007348835 0.996478498
1341845705.863629 0.026717916 -0.037498254 -0.015110486 0.014955274 -0.082879491 -0.007874846 0.996416271
1341845705.895623 0.026254872 -0.037636913 -0.014129584 0.016607707 -0.084109969 -0.006621791 0.996296048
1341845705.931726 0.026146758 -0.037433308 -0.014288089 0.018241987 -0.086411677 -0.004180848 0.996083736
1341845705.963641 0.026577033 -0.036898017 -0.014729941 0.018561117 -0.088544682 -0.004422038 0.995889425
1341845705.995677 0.026699353 -0.036349654 -0.013486176 0.017820220 -0.088262036 -0.009229261 0.995895088
1341845706.031837 0.026320070 -0.036005426 -0.012785613 0.015442870 -0.085818142 -0.011894109 0.996120095
1341845706.063631 0.025392054 -0.036242563 -0.011596062 0.014449725 -0.085893683 -0.011240149 0.996136129
1341845706.095737 0.025664676 -0.036129922 -0.012023319 0.014772798 -0.088020384 -0.012145719 0.995935082
1341845706.131716 0.026186492 -0.035833173 -0.012284769 0.013968516 -0.087938994 -0.012703978 0.995946944
1341845706.163718 0.025997227 -0.036555327 -0.011870349 0.012635156 -0.086370997 -0.012624756 0.996102929
1341845706.195662 0.025519598 -0.036104955 -0.011218846 0.013850184 -0.086514175 -0.011609058 0.996086717
1341845706.231610 0.026292481 -0.036066502 -0.011749769 0.012915962 -0.086625449 -0.011293559 0.996093214
1341845706.263724 0.026114715 -0.035953324 -0.011222009 0.011644619 -0.084640667 -0.010420825 0.996288955
1341845706.299838 0.025549645 -0.036051881 -0.010893314 0.010740574 -0.083709069 -0.009698896 0.996385157
1341845706.331753 0.025516018 -0.035766866 -0.010551915 0.010413555 -0.084525079 -0.010098293 0.996315777
1341845706.363574 0.025384059 -0.035777468 -0.009963963 0.009831468 -0.084261045 -0.009824253 0.996346772
1341845706.399690 0.025322819 -0.035794616 -0.009669899 0.010053989 -0.084565803 -0.009665353 0.996320307
1341845706.431735 0.025455240 -0.035667319 -0.009511695 0.010430068 -0.084599823 -0.009329536 0.996316731
1341845706.463612 0.025621390 -0.035743371 -0.009906173 0.010268233 -0.083714709 -0.008410401 0.996401370
1341845706.499655 0.025157001 -0.035931725 -0.009166243 0.010947025 -0.083864622 -0.007021581 0.996392310
1341845706.531782 0.025514701 -0.035686284 -0.009172220 0.011881378 -0.084990397 -0.006933130 0.996286809
1341845706.563559 0.028701797 -0.034948945 -0.006391610 0.012621838 -0.085073352 -0.006347060 0.996274531
1341845706.599529 0.026705548 -0.036307886 -0.008856762 0.012683658 -0.082186982 -0.006549751 0.996514678
1341845706.631786 0.026852222 -0.035828054 -0.008033018 0.014779869 -0.083460584 -0.007770900 0.996371150
1341845706.667647 0.028757395 -0.035327207 -0.007272161 0.015932422 -0.083825462 -0.007391256 0.996325672
1341845706.700732 0.028890777 -0.035715569 -0.006841314 0.016008545 -0.081825122 -0.006837995 0.996494651
1341845706.732115 0.028483897 -0.036954377 -0.008322177 0.015861837 -0.081132062 -0.006294638 0.996557236
1341845706.768143 0.029143952 -0.036037941 -0.007701697 0.017031532 -0.081199460 -0.004941481 0.996540070
1341845706.800357 0.028360480 -0.036987960 -0.008341053 0.016876552 -0.079930507 -0.003390919 0.996651769
1341845706.832602 0.028146002 -0.036731958 -0.008599239 0.017171321 -0.079859607 -0.003459511 0.996652186
1341845706.869449 0.028199479 -0.035953436 -0.008603069 0.016960390 -0.079662099 -0.003879506 0.996670067
1341845706.904495 0.028155245 -0.036460552 -0.008611308 0.015750824 -0.080167018 -0.003108273 0.996652126
1341845706.933651 0.028845608 -0.036485501 -0.008368053 0.015798343 -0.080688328 -0.002525324 0.996610940
1341845706.964608 0.028882846 -0.035997219 -0.008351666 0.015884053 -0.080484249 -0.002552499 0.996626019
1341845706.994021 0.028402220 -0.036252055 -0.008519870 0.014825047 -0.079978555 -0.001680938 0.996684909
1341845707.029674 0.028325547 -0.036824167 -0.008710098 0.014948515 -0.080331624 0.000112289 0.996656060
1341845707.061864 0.029812293 -0.036481049 -0.007638397 0.015854375 -0.081123762 0.000560888 0.996577740
1341845707.097704 0.029636143 -0.036945079 -0.007970600 0.015686437 -0.079866365 0.000794238 0.996681809
1341845707.129770 0.029329024 -0.038006399 -0.007866556 0.016972236 -0.079560354 0.002030384 0.996683478
1341845707.161817 0.030176595 -0.038254619 -0.008086912 0.019126195 -0.080758967 0.002891086 0.996545911
1341845707.197721 0.030549372 -0.038309768 -0.007986197 0.020104088 -0.079879336 0.002342341 0.996599019
1341845707.229795 0.030507231 -0.037951682 -0.007633413 0.021015517 -0.078623027 0.001325294 0.996681988
1341845707.261851 0.030889491 -0.038617801 -0.007065165 0.021127807 -0.078777254 0.002636276 0.996664822
1341845707.297710 0.031032884 -0.038522564 -0.007316923 0.021260118 -0.078135647 0.002482924 0.996712923
1341845707.329761 0.031897485 -0.038488146 -0.007459694 0.020726282 -0.077106319 0.001897793 0.996805608
1341845707.365850 0.031506844 -0.038492236 -0.007439136 0.020861782 -0.075297646 0.002318867 0.996940136
1341845707.397796 0.031614915 -0.038496323 -0.006998204 0.022086857 -0.075242124 0.004533621 0.996910334
1341845707.429752 0.031912368 -0.039199743 -0.007387512 0.022719985 -0.075488232 0.005686282 0.996871591
1341845707.465767 0.033510681 -0.038298354 -0.006123479 0.024126451 -0.074998148 0.005498885 0.996876597
1341845707.497642 0.033424061 -0.038529564 -0.006467201 0.024566535 -0.073286839 0.005394404 0.996993721
1341845707.533665 0.034334440 -0.039366551 -0.005871796 0.024905836 -0.072665222 0.006265264 0.997025669
1341845707.565754 0.035057791 -0.039441198 -0.005601550 0.025908493 -0.071225107 0.006497289 0.997102559
1341845707.597603 0.035128016 -0.039426401 -0.005559749 0.026341433 -0.069064565 0.005626532 0.997248471
1341845707.633748 0.034519393 -0.039724555 -0.005628254 0.026419811 -0.068475962 0.006600269 0.997281075
1341845707.665870 0.035030778 -0.039240222 -0.005255143 0.027376832 -0.069016114 0.007715896 0.997209966
1341845707.698455 0.035975244 -0.039118364 -0.004188797 0.027087038 -0.068819582 0.007510806 0.997233033
1341845707.734303 0.035126701 -0.039090931 -0.004853799 0.026504377 -0.067786500 0.006267408 0.997328043
1341845707.766259 0.035681468 -0.039258145 -0.004067200 0.026362343 -0.068485223 0.006282877 0.997283995
1341845707.801730 0.035938576 -0.039557468 -0.003938762 0.027215436 -0.068665698 0.007021154 0.997243702
1341845707.836344 0.033481028 -0.039192207 -0.006724883 0.027690325 -0.067659318 0.006136827 0.997305274
1341845707.866230 0.033422776 -0.039320681 -0.007510116 0.027542461 -0.068128861 0.005777687 0.997279525
1341845707.901694 0.034104262 -0.040058970 -0.007351293 0.026525116 -0.068901539 0.006817806 0.997247458
1341845707.933640 0.033794407 -0.039917037 -0.006554203 0.026754364 -0.069223627 0.007065450 0.997217298
1341845707.965831 0.034103286 -0.039249074 -0.006359182 0.027585285 -0.069669247 0.006688172 0.997166216
1341845708.001954 0.033561338 -0.039342601 -0.006346516 0.027494226 -0.068745360 0.007319310 0.997228444
1341845708.034393 0.033152014 -0.040156338 -0.006849381 0.027220072 -0.069213495 0.006914414 0.997206450
1341845708.069946 0.033924915 -0.039447971 -0.005993396 0.027454212 -0.069908231 0.006815765 0.997152269
1341845708.101700 0.033213001 -0.040504605 -0.006544517 0.026280060 -0.069195502 0.006165241 0.997237802
1341845708.133697 0.033316799 -0.040690735 -0.006730563 0.026545066 -0.070212908 0.005905464 0.997161269
1341845708.169675 0.033216294 -0.040020961 -0.006452268 0.026985154 -0.070724241 0.006071705 0.997112334
1341845708.201793 0.033614539 -0.040447820 -0.006614167 0.026376206 -0.070717849 0.004975559 0.997135162
1341845708.233744 0.033649076 -0.040343441 -0.006512833 0.026954548 -0.071473099 0.004299356 0.997069001
1341845708.269711 0.033452403 -0.040262304 -0.006272168 0.027315779 -0.072139323 0.004885892 0.997008443
1341845708.301629 0.033717155 -0.039752860 -0.007148006 0.027932951 -0.072735250 0.004103840 0.996951580
1341845708.337612 0.036259733 -0.039253362 -0.004189402 0.028229773 -0.073538862 0.002446200 0.996889710
1341845708.369900 0.033913646 -0.039793782 -0.006713219 0.027045885 -0.072300650 0.001653826 0.997014761
1341845708.401883 0.033810981 -0.040072110 -0.007015657 0.027084665 -0.073073618 0.001514386 0.996957541
1341845708.443610 0.034264226 -0.039528303 -0.007098166 0.027858259 -0.073628031 0.001306085 0.996895730
1341845708.470492 0.033757791 -0.039224308 -0.007368651 0.027639274 -0.073522635 0.001098560 0.996909857
1341845708.501776 0.034011632 -0.039701696 -0.007394058 0.027025010 -0.074816078 0.002034614 0.996829033
1341845708.543852 0.033256125 -0.039566662 -0.007772956 0.027574835 -0.076011881 0.002263532 0.996722996
1341845708.569583 0.034006752 -0.038726669 -0.007744862 0.027834779 -0.077691287 0.001650702 0.996587455
1341845708.605675 0.033836883 -0.038555089 -0.007453278 0.027248457 -0.077812538 0.000280717 0.996595502
1341845708.637641 0.032370653 -0.038155228 -0.007973484 0.027597163 -0.078575060 -0.000409921 0.996526062
1341845708.669692 0.033581719 -0.037912641 -0.007471875 0.027937638 -0.081125073 -0.001554667 0.996311069
1341845708.705736 0.033668593 -0.037860546 -0.007774874 0.027179278 -0.080794357 -0.002287230 0.996357501
1341845708.738027 0.032553729 -0.038273469 -0.008315374 0.026429137 -0.080762848 -0.003126981 0.996378005
1341845708.773829 0.032467194 -0.038040843 -0.008558881 0.026676653 -0.082767963 -0.003645560 0.996205032
1341845708.805763 0.033102211 -0.038163401 -0.008504888 0.025871383 -0.083511569 -0.004087889 0.996162534
1341845708.838653 0.031898987 -0.038395490 -0.008939797 0.025483731 -0.083075583 -0.005548246 0.996201932
1341845708.873912 0.032279316 -0.038068641 -0.008959061 0.025696706 -0.084750719 -0.006387752 0.996050298
1341845708.905735 0.032133877 -0.037733637 -0.008667613 0.025526432 -0.084831662 -0.006965646 0.996043921
1341845708.938426 0.031838443 -0.038463261 -0.009566504 0.025042221 -0.085335478 -0.008715808 0.995999396
1341845708.973642 0.031528044 -0.037586510 -0.009029338 0.025776595 -0.086200446 -0.008745616 0.995905876
1341845709.005742 0.031554606 -0.037522525 -0.009778658 0.025177786 -0.087031595 -0.008555763 0.995850563
1341845709.041686 0.032959469 -0.037423637 -0.009044295 0.025431084 -0.088059515 -0.009965850 0.995740652
1341845709.073656 0.032353688 -0.036701590 -0.009239791 0.025481623 -0.088480234 -0.011220217 0.995688736
1341845709.105658 0.032001808 -0.036782380 -0.009292720 0.025382044 -0.088888273 -0.011483076 0.995651901
1341845709.141741 0.032095745 -0.036700323 -0.009171762 0.025375392 -0.090348616 -0.012216103 0.995511949
1341845709.173646 0.032546278 -0.036724292 -0.009254443 0.024980659 -0.090569139 -0.011781654 0.995507121
1341845709.205765 0.032123841 -0.036404129 -0.009442544 0.024615129 -0.090373769 -0.012016450 0.995531142
1341845709.241765 0.032666098 -0.036573842 -0.009353835 0.023918282 -0.090741292 -0.012100415 0.995513678
1341845709.273754 0.032600027 -0.036922585 -0.008925349 0.023219112 -0.090465926 -0.011789459 0.995559037
1341845709.309890 0.032376837 -0.037072901 -0.009228836 0.023186425 -0.090358593 -0.010846791 0.995580256
1341845709.341728 0.032414656 -0.036358189 -0.009367254 0.023123922 -0.090721868 -0.010103093 0.995556474
1341845709.373776 0.032141697 -0.035968751 -0.009276032 0.022310231 -0.090338722 -0.009849740 0.995612442
1341845709.409657 0.032086685 -0.035362210 -0.009535440 0.020814866 -0.090216532 -0.009021085 0.995663762
1341845709.442072 0.031236256 -0.035121392 -0.009888425 0.018808691 -0.089859582 -0.007332243 0.995749831
1341845709.473660 0.031743385 -0.034885291 -0.009385666 0.017442457 -0.090850480 -0.006354879 0.995691478
1341845709.509632 0.031774171 -0.034879368 -0.009317451 0.015586153 -0.090354510 -0.005965939 0.995769799
1341845709.541673 0.031293746 -0.034975693 -0.009030081 0.013416485 -0.090832017 -0.005581366 0.995760202
1341845709.578645 0.030988082 -0.034584492 -0.009271009 0.012688974 -0.091793716 -0.006117040 0.995678425
1341845709.609672 0.030536534 -0.035168599 -0.009216821 0.011937652 -0.092961036 -0.006448926 0.995577276
1341845709.642057 0.031348348 -0.035330020 -0.009832443 0.011711599 -0.094593219 -0.006064846 0.995428622
1341845709.677625 0.031152964 -0.035001978 -0.010649933 0.011305938 -0.095388755 -0.005637824 0.995359957
1341845709.709730 0.032020893 -0.034774836 -0.009598942 0.010965972 -0.096420527 -0.006380778 0.995259821
1341845709.745593 0.031589545 -0.034624580 -0.010577879 0.010478984 -0.095864803 -0.006653750 0.995316982
1341845709.777709 0.031144073 -0.035210863 -0.010177923 0.009498073 -0.095962644 -0.005490804 0.995324492
1341845709.809687 0.031566266 -0.035009339 -0.010434126 0.009765887 -0.096487783 -0.005850734 0.995269060
1341845709.845686 0.032390110 -0.034975450 -0.010173038 0.009781914 -0.095460258 -0.007922201 0.995353699
1341845709.878752 0.032066647 -0.035529587 -0.010530458 0.009215388 -0.093446590 -0.009652911 0.995534837
1341845709.909693 0.030790498 -0.035835862 -0.011050145 0.009744752 -0.091972515 -0.009155029 0.995671809
1341845709.945663 0.031031445 -0.036252134 -0.011404790 0.011137948 -0.093347013 -0.007992604 0.995539248
1341845709.977698 0.031700943 -0.036311451 -0.011691100 0.012481660 -0.093983904 -0.007831230 0.995464683
1341845710.013739 0.031604800 -0.036062878 -0.011390057 0.013265464 -0.093392156 -0.008071142 0.995508313
1341845710.045754 0.031052776 -0.036553375 -0.011922333 0.013757424 -0.092401743 -0.008747083 0.995588362
1341845710.077705 0.030936444 -0.035940308 -0.011869345 0.014318252 -0.092703305 -0.009232388 0.995548010
1341845710.113730 0.031534988 -0.036320049 -0.012017723 0.014020040 -0.092832692 -0.009273645 0.995539844
1341845710.145759 0.030841742 -0.036475942 -0.012088506 0.014038619 -0.092327327 -0.008739050 0.995591402
1341845710.177824 0.030673828 -0.036792729 -0.012338113 0.014328926 -0.092952445 -0.008762899 0.995528936
1341845710.213581 0.031155495 -0.036440670 -0.012382941 0.014901116 -0.093389504 -0.008584071 0.995481133
1341845710.245636 0.030230010 -0.036579002 -0.012237656 0.015468123 -0.092970550 -0.009130102 0.995506883
1341845710.281582 0.029969448 -0.037105106 -0.012575835 0.017211908 -0.094487868 -0.010825812 0.995318353
1341845710.313617 0.031037478 -0.036150720 -0.011867804 0.018530684 -0.095798038 -0.011173255 0.995165586
1341845710.345643 0.030974554 -0.036342293 -0.012259080 0.018102057 -0.095133081 -0.010165328 0.995248079
1341845710.381860 0.030383725 -0.036927026 -0.012659368 0.018583614 -0.095298514 -0.010156346 0.995223463
1341845710.413817 0.031459071 -0.036362093 -0.011988147 0.019370513 -0.096373603 -0.010252829 0.995103896
1341845710.445824 0.030384982 -0.036229994 -0.011868145 0.018834313 -0.095156230 -0.009524842 0.995238602
1341845710.481794 0.029599262 -0.036616135 -0.011978135 0.018576238 -0.095385350 -0.009818460 0.995218694
1341845710.513650 0.030390229 -0.036349386 -0.011045095 0.018716374 -0.096068799 -0.009346216 0.995154798
1341845710.549635 0.029782990 -0.037294731 -0.011774257 0.018647993 -0.095665798 -0.008398203 0.995203376
1341845710.581654 0.030392362 -0.036821432 -0.011894251 0.019844478 -0.096691586 -0.007922946 0.995085001
1341845710.613694 0.030692002 -0.036689766 -0.012046294 0.019956283 -0.096397094 -0.007188655 0.995116889
1341845710.649564 0.030517815 -0.037326351 -0.012360414 0.019778013 -0.096136041 -0.006530204 0.995150268
1341845710.681648 0.030796446 -0.037055932 -0.012291557 0.020801201 -0.096479632 -0.007268611 0.995091021
1341845710.713728 0.031318258 -0.037126441 -0.012208485 0.020868722 -0.096173666 -0.007115311 0.995120347
1341845710.749785 0.030801741 -0.037214942 -0.012116662 0.021020858 -0.095188692 -0.006104122 0.995218515
1341845710.781816 0.030962626 -0.037257504 -0.012068802 0.021709962 -0.095397212 -0.006450298 0.995181620
1341845710.817567 0.031508036 -0.036803495 -0.011523525 0.022144884 -0.095233664 -0.006736106 0.995185792
1341845710.850205 0.030995496 -0.036828645 -0.011776587 0.021625616 -0.094079748 -0.006135957 0.995310843
1341845710.882136 0.030600309 -0.037133276 -0.012280829 0.021179479 -0.094168700 -0.005341788 0.995316625
1341845710.917631 0.031684656 -0.036937904 -0.011614624 0.021281904 -0.095214657 -0.005452204 0.995214283
1341845710.950281 0.031754535 -0.036611531 -0.010794993 0.021405278 -0.094269589 -0.005617402 0.995300710
1341845710.985647 0.030688286 -0.037486523 -0.011064480 0.021952791 -0.094121024 -0.005540363 0.995303273
1341845711.017722 0.031674802 -0.036981542 -0.011151290 0.023766929 -0.096386828 -0.006911406 0.995036125
1341845711.049965 0.033026300 -0.036124207 -0.010798485 0.023292674 -0.095641576 -0.008059329 0.995110691
1341845711.085583 0.032139555 -0.036778618 -0.010298489 0.021619707 -0.092612095 -0.008209441 0.995433688
1341845711.117670 0.031111499 -0.037217770 -0.010997797 0.022143323 -0.092908077 -0.008130288 0.995395243
1341845711.149770 0.032404486 -0.036442205 -0.010836862 0.022772996 -0.094331555 -0.007062885 0.995255291
1341845711.191691 0.032736495 -0.036928654 -0.010845511 0.021336617 -0.093057238 -0.006825852 0.995408714
1341845711.218829 0.031320736 -0.037629966 -0.010739878 0.021515699 -0.092197903 -0.007583351 0.995479345
1341845711.253627 0.031298891 -0.037274249 -0.011712668 0.022345994 -0.094040908 -0.007483052 0.995289385
1341845711.285627 0.032418314 -0.036744837 -0.011414249 0.021514660 -0.095295921 -0.007048783 0.995191514
1341845711.317874 0.031894527 -0.036913063 -0.011243433 0.020720867 -0.094177946 -0.007640840 0.995310366
1341845711.353756 0.032429155 -0.036113530 -0.011416843 0.020095276 -0.093810186 -0.008847455 0.995347977
1341845711.385687 0.032302819 -0.036385782 -0.011717905 0.018243773 -0.092005238 -0.009410540 0.995546877
1341845711.417635 0.031558007 -0.036917612 -0.011703406 0.017462760 -0.090963930 -0.009178084 0.995658755
1341845711.453809 0.030608417 -0.037390213 -0.012464960 0.018234232 -0.091675013 -0.008432839 0.995586336
1341845711.485895 0.031837422 -0.036788903 -0.012252299 0.019152481 -0.093344897 -0.007202998 0.995423555
1341845711.521704 0.032109007 -0.036767572 -0.011611429 0.019602597 -0.092920385 -0.006593863 0.995458722
1341845711.553696 0.032408919 -0.037180036 -0.012020633 0.020027598 -0.092880748 -0.006137098 0.995456874
1341845711.585708 0.033013888 -0.036235146 -0.011761779 0.019798884 -0.092455737 -0.006645071 0.995497763
1341845711.621659 0.032960344 -0.037078548 -0.011040149 0.018641341 -0.091024339 -0.007322354 0.995647252
1341845711.653731 0.032456499 -0.036880914 -0.011162176 0.019033130 -0.091040924 -0.007112387 0.995639861
1341845711.685758 0.033192519 -0.036510464 -0.011296693 0.019220870 -0.091759458 -0.006402927 0.995575130
1341845711.721850 0.032882325 -0.036940236 -0.011102058 0.019223915 -0.091265149 -0.005732895 0.995624542
1341845711.754323 0.032415617 -0.036797203 -0.011241917 0.019821441 -0.091609471 -0.005151364 0.995584428
1341845711.789716 0.032952610 -0.036926769 -0.011019204 0.019942330 -0.093020737 -0.005109664 0.995451331
1341845711.821820 0.033203300 -0.037000995 -0.011328557 0.019913901 -0.092857875 -0.004778953 0.995468736
1341845711.854173 0.033189274 -0.037042063 -0.011236874 0.020253159 -0.092673063 -0.005617312 0.995474756
1341845711.889875 0.033545196 -0.036429878 -0.011037101 0.020080691 -0.091658056 -0.006641028 0.995565891
1341845711.923959 0.033864137 -0.036480758 -0.010781265 0.019331221 -0.089754276 -0.007085597 0.995751083
1341845711.957595 0.032851283 -0.036427870 -0.011344990 0.018612104 -0.088772967 -0.008173774 0.995844424
1341845711.989820 0.033623423 -0.036258593 -0.010770632 0.018125381 -0.088652350 -0.009558803 0.995851815
1341845712.021796 0.033532705 -0.036321305 -0.011227244 0.017324850 -0.087248340 -0.008473828 0.995999873
1341845712.057899 0.032296523 -0.036356222 -0.011797593 0.016949784 -0.087367557 -0.007229535 0.996005654
1341845712.090038 0.033733681 -0.035742283 -0.011237559 0.016469765 -0.087602392 -0.009644514 0.995972633
1341845712.127587 0.033157583 -0.035445668 -0.011233672 0.015290018 -0.084640481 -0.011396258 0.996229053
1341845712.164065 0.030669665 -0.036851350 -0.012102536 0.014529308 -0.084687814 -0.009628660 0.996255040
1341845712.195638 0.031739913 -0.036343731 -0.011966314 0.016600031 -0.088458054 -0.008527479 0.995905042
1341845712.225662 0.033224873 -0.035520311 -0.011315188 0.016469579 -0.088661849 -0.009312625 0.995882094
1341845712.257830 0.032467980 -0.035932630 -0.011772861 0.015434006 -0.085847557 -0.011439626 0.996123016
1341845712.289935 0.031380329 -0.036250863 -0.012066846 0.015459885 -0.085554644 -0.011158654 0.996151030
