1341845688.929779 -0.023933832 -0.000171673 -0.012097168 0.014175922 -0.021356896 0.020889679 0.999453127
1341845688.965631 -0.020910950 0.002188769 -0.011205574 0.015075442 -0.025867840 0.019214222 0.999366999
1341845688.997750 -0.021120040 0.001965826 -0.013669011 0.013474835 -0.025401318 0.016294809 0.999453664
1341845689.029751 -0.024407111 0.006791447 -0.014215819 0.011434439 -0.020935440 0.008897061 0.999675870
1341845689.065755 -0.022666100 0.006694555 -0.016565887 0.007314832 -0.020107914 0.007219589 0.999745011
1341845689.097725 -0.028607523 0.008251796 -0.018308716 0.004185536 -0.016602049 0.008912929 0.999813676
1341845689.133718 -0.023302112 0.007546561 -0.017385822 0.001438128 -0.017930057 0.011355661 0.999773741
1341845689.165884 -0.025175141 0.015845256 -0.013899348 0.002768794 -0.016775467 0.014740581 0.999746799
1341845689.198264 -0.028322462 0.013772878 -0.018811846 -0.001678262 -0.014607501 0.017504055 0.999738693
1341845689.234322 -0.026547305 0.012478625 -0.016691290 -0.004644282 -0.014490046 0.019051734 0.999702692
1341845689.265745 -0.026405605 0.016083147 -0.013568656 -0.004432653 -0.014645630 0.022194458 0.999636590
1341845689.297769 -0.027439117 0.017394220 -0.014537708 -0.005051892 -0.014504977 0.022700064 0.999624312
1341845689.333650 -0.025856357 0.018033106 -0.012985618 -0.005988212 -0.014366025 0.022578165 0.999623895
1341845689.365881 -0.026788253 0.017048722 -0.013986481 -0.006225596 -0.013571464 0.022375954 0.999638140
1341845689.401592 -0.026821645 0.017750122 -0.013257350 -0.004518599 -0.014234299 0.021862425 0.999649465
1341845689.433744 -0.026069727 0.017801864 -0.013075056 -0.003921906 -0.015487645 0.021504987 0.999641061
1341845689.465651 -0.027608627 0.014661637 -0.014092151 -0.002625062 -0.016338969 0.021460593 0.999632716
1341845689.501840 -0.028335566 0.014528717 -0.014519829 0.001181578 -0.019219114 0.019197663 0.999630272
1341845689.533687 -0.027144408 0.015594051 -0.013907764 0.003626404 -0.021491058 0.014504613 0.999657273
1341845689.565814 -0.027308023 0.014139391 -0.014074779 0.005189388 -0.021188414 0.011234508 0.999698877
1341845689.601682 -0.029421831 0.011905504 -0.016380727 0.006998407 -0.021912655 0.008240506 0.999701440
1341845689.633591 -0.028785951 0.011324767 -0.018895650 0.008407027 -0.025339905 0.004425451 0.999633729
1341845689.669672 -0.028881663 0.010567430 -0.019304346 0.008813051 -0.027009996 0.003074664 0.999591589
1341845689.701700 -0.030645197 0.012285586 -0.019807732 0.010898002 -0.028240776 0.001713729 0.999540269
1341845689.733773 -0.031022176 0.011383030 -0.020959381 0.010583124 -0.030885246 0.000180335 0.999466896
1341845689.769822 -0.029134855 0.014054429 -0.018844021 0.012190642 -0.033262633 -0.000761311 0.999372005
1341845689.802003 -0.033340294 0.011080387 -0.020661658 0.010741905 -0.033067934 -0.001679809 0.999394000
1341845689.833757 -0.033030219 0.011819056 -0.021485081 0.012038504 -0.036298729 -0.002525338 0.999265254
1341845689.869861 -0.032384355 0.012192595 -0.020883676 0.012971929 -0.038873211 -0.004002164 0.999151945
1341845689.901825 -0.035321027 0.012957357 -0.023293858 0.013492313 -0.038712718 -0.004854098 0.999147475
1341845689.937674 -0.038038883 0.014018948 -0.023722934 0.014949020 -0.039701995 -0.005191126 0.999086261
1341845689.969679 -0.036035821 0.015324514 -0.023050405 0.015788818 -0.042128712 -0.004568117 0.998976946
1341845690.003830 -0.035889219 0.016277608 -0.022274785 0.016053233 -0.041922595 -0.005008413 0.998979330
1341845690.037686 -0.035214052 0.015856162 -0.021813460 0.015954899 -0.042613510 -0.006383240 0.998943865
1341845690.069636 -0.035370279 0.016009983 -0.022690699 0.016349992 -0.042320549 -0.006523916 0.998948991
1341845690.106587 -0.036066685 0.014670156 -0.023334973 0.015607347 -0.042260300 -0.005906927 0.998967290
1341845690.138859 -0.034143958 0.016926838 -0.021780850 0.016604891 -0.043701150 -0.006632617 0.998884618
1341845690.169919 -0.034764737 0.015680879 -0.021978686 0.016061177 -0.042814694 -0.006298280 0.998934090
1341845690.206103 -0.035172846 0.016778454 -0.022969600 0.016061349 -0.042585980 -0.006299842 0.998943865
1341845690.237700 -0.034725450 0.016208740 -0.022474194 0.015267140 -0.043397073 -0.005891401 0.998923898
1341845690.269981 -0.033221304 0.015752153 -0.020013403 0.015703047 -0.045653019 -0.005848691 0.998816788
1341845690.306143 -0.032965668 0.016116044 -0.020892899 0.016138218 -0.046962466 -0.007413748 0.998738766
1341845690.338646 -0.033772022 0.017808955 -0.020993868 0.016189188 -0.046672735 -0.006835518 0.998755634
1341845690.373833 -0.032419469 0.016866378 -0.021319220 0.014625927 -0.047818772 -0.006130570 0.998730123
1341845690.405976 -0.032109652 0.016449982 -0.019010818 0.014593037 -0.047981638 -0.007354608 0.998714507
1341845690.437908 -0.032409482 0.016481344 -0.019727768 0.014684380 -0.047514427 -0.007336990 0.998735666
1341845690.473654 -0.032792155 0.016284594 -0.020202566 0.014603643 -0.047884505 -0.006013521 0.998728037
1341845690.505978 -0.031833451 0.016239787 -0.018802222 0.015269957 -0.050050549 -0.006197382 0.998610735
1341845690.537884 -0.032045875 0.016604204 -0.019358711 0.015605465 -0.050008740 -0.008203851 0.998593152
1341845690.573708 -0.031420097 0.016431628 -0.019366758 0.014858597 -0.048872698 -0.007731836 0.998664558
1341845690.605848 -0.031845223 0.016161922 -0.018681262 0.014647800 -0.048253778 -0.005907662 0.998710215
1341845690.641747 -0.032294966 0.016046830 -0.019895138 0.015296984 -0.048630003 -0.005686608 0.998683512
1341845690.673751 -0.032000244 0.016145907 -0.019423287 0.015307093 -0.047791019 -0.006628398 0.998718023
1341845690.706003 -0.031720705 0.016117182 -0.018525297 0.015766585 -0.046779633 -0.007081103 0.998755693
1341845690.741684 -0.031468414 0.016179685 -0.018013597 0.016673231 -0.046295106 -0.008096227 0.998755813
1341845690.773770 -0.032256600 0.016282193 -0.018743759 0.016891345 -0.045234218 -0.008199049 0.998799920
1341845690.805715 -0.034020379 0.015960129 -0.020889346 0.017181395 -0.043202758 -0.007864870 0.998887599
1341845690.841674 -0.034084227 0.016072307 -0.020927664 0.017310226 -0.042442992 -0.007887221 0.998917758
1341845690.873770 -0.034150530 0.016092015 -0.021165621 0.017060185 -0.041580260 -0.007791337 0.998959124
1341845690.909837 -0.033427835 0.015730506 -0.020368723 0.016392328 -0.041300982 -0.007016583 0.998987615
1341845690.941576 -0.033705421 0.016239129 -0.021036472 0.016429178 -0.040947333 -0.006849673 0.999002695
1341845690.973879 -0.033328246 0.015996441 -0.020148432 0.016438732 -0.040683396 -0.007226027 0.999010682
1341845691.011558 -0.033729117 0.016038511 -0.020724170 0.016205991 -0.039635625 -0.005850936 0.999065638
1341845691.041642 -0.033786759 0.016099669 -0.020797752 0.016150279 -0.039433949 -0.005326149 0.999077439
1341845691.077986 -0.033683077 0.016031262 -0.020536385 0.016784348 -0.039746691 -0.006999196 0.999044240
1341845691.109685 -0.033216484 0.015923699 -0.020162493 0.017146684 -0.039312560 -0.007162524 0.999054134
1341845691.141759 -0.033678975 0.016126320 -0.020892290 0.017666908 -0.037859369 -0.006776046 0.999103904
1341845691.177729 -0.033531968 0.015963582 -0.020458916 0.018467132 -0.038296968 -0.007686763 0.999066174
1341845691.209644 -0.026817078 0.018770969 -0.016078526 0.020286836 -0.041839689 -0.008321766 0.998883665
1341845691.241757 -0.026491700 0.018511415 -0.015386376 0.019933110 -0.040707104 -0.008529546 0.998935878
1341845691.277595 -0.026561547 0.018302120 -0.015690211 0.020883922 -0.040792570 -0.007236208 0.998923182
1341845691.310138 -0.033843998 0.016346047 -0.021316463 0.019837664 -0.039042983 -0.010038029 0.998990178
1341845691.345620 -0.027524389 0.017768664 -0.019093102 0.020399271 -0.041363955 -0.010991390 0.998875439
1341845691.378062 -0.028501825 0.016952395 -0.019079013 0.020574812 -0.038859855 -0.011736295 0.998963892
1341845691.451922 -0.029303035 0.018417837 -0.020544987 0.021577349 -0.038093161 -0.014029134 0.998942733
1341845691.478799 -0.028664324 0.018807519 -0.018150002 0.020807333 -0.036948189 -0.013150998 0.999013960
1341845691.509739 -0.028753014 0.017265098 -0.018188749 0.020596888 -0.036705121 -0.013451942 0.999023318
1341845691.545833 -0.028345209 0.018957406 -0.019498061 0.021572383 -0.037281863 -0.015541995 0.998951018
1341845691.578399 -0.027534535 0.019339647 -0.018491179 0.020743441 -0.036304671 -0.017800169 0.998966873
1341845691.613857 -0.022997949 0.018096389 -0.015598926 0.020348851 -0.035356157 -0.021166705 0.998943388
1341845691.645632 -0.025740510 0.018014459 -0.016268620 0.021690551 -0.031113563 -0.024221065 0.998986900
1341845691.677793 -0.028784452 0.017456274 -0.020014068 0.022050681 -0.029721137 -0.022549056 0.999060512
1341845691.713727 -0.027265310 0.018009720 -0.017904231 0.022991084 -0.032111373 -0.019696310 0.999025702
1341845691.746050 -0.023712773 0.019313384 -0.016345838 0.024075454 -0.033787224 -0.020825159 0.998921990
1341845691.778411 -0.023247324 0.020886347 -0.017162966 0.023541475 -0.031366270 -0.022627603 0.998974442
1341845691.813646 -0.026258480 0.019483600 -0.017900741 0.021657830 -0.028790079 -0.021002715 0.999130070
1341845691.845603 -0.023919815 0.018342771 -0.015306423 0.021316990 -0.031378191 -0.019160500 0.999096513
1341845691.881595 -0.022114096 0.020349890 -0.013586008 0.022602206 -0.033145901 -0.021065526 0.998972833
1341845691.913600 -0.020601656 0.019878782 -0.013693613 0.022418391 -0.032941740 -0.020650687 0.998992383
1341845691.945997 -0.026811114 0.018465297 -0.016448876 0.022276469 -0.030435659 -0.018790355 0.999111772
1341845691.981657 -0.028943431 0.017767830 -0.016936867 0.023886774 -0.033912867 -0.016628282 0.999000907
1341845692.013904 -0.026476137 0.018297145 -0.017198207 0.026018271 -0.039102338 -0.014957333 0.998784423
1341845692.049676 -0.022004254 0.019857470 -0.015247079 0.027456982 -0.042139243 -0.013254781 0.998646438
1341845692.081862 -0.022261932 0.018264085 -0.015477885 0.027199440 -0.042899009 -0.012585488 0.998629808
1341845692.113695 -0.022408551 0.019324280 -0.017001873 0.028089019 -0.043853793 -0.013651255 0.998549700
1341845692.149736 -0.020317206 0.019627897 -0.015380323 0.027949898 -0.044070333 -0.014574854 0.998530984
1341845692.182123 -0.019696221 0.018022595 -0.014923677 0.028256612 -0.043467645 -0.013656590 0.998561740
1341845692.213661 -0.020150041 0.018029436 -0.015247787 0.029296665 -0.043597650 -0.013041134 0.998534322
1341845692.249828 -0.018987158 0.017798096 -0.016171630 0.028893786 -0.044153672 -0.012859503 0.998524010
1341845692.282146 -0.018779492 0.017673429 -0.016089795 0.028316101 -0.043132998 -0.013669748 0.998574376
1341845692.317711 -0.018661154 0.017610896 -0.016387912 0.028082795 -0.043931860 -0.013569219 0.998547554
1341845692.349688 -0.018525837 0.016518587 -0.016326305 0.027998142 -0.045196544 -0.013905400 0.998488843
1341845692.381560 -0.017720172 0.016570348 -0.015739692 0.029272201 -0.045608953 -0.015150925 0.998415411
1341845692.417776 -0.015918674 0.016804812 -0.015600625 0.030478666 -0.046375033 -0.015194966 0.998343349
1341845692.449672 -0.016070480 0.016895387 -0.015377734 0.031212492 -0.046307366 -0.016542833 0.998302400
1341845692.481594 -0.016063891 0.016603757 -0.015917307 0.032029867 -0.046790417 -0.017195068 0.998242974
1341845692.517778 -0.015757857 0.016352294 -0.015793867 0.033132099 -0.047256179 -0.017510423 0.998179555
1341845692.549744 -0.015446295 0.016278693 -0.016489411 0.034501452 -0.047328208 -0.017830318 0.998124123
1341845692.585822 -0.015736753 0.015696449 -0.017033877 0.034306567 -0.047241773 -0.019151215 0.998110414
1341845692.617836 -0.015333891 0.015295886 -0.016513608 0.034619119 -0.046504494 -0.018817859 0.998140633
1341845692.649770 -0.015421472 0.014984855 -0.017122051 0.035265535 -0.046408698 -0.018143723 0.998134911
1341845692.685749 -0.014944918 0.014731373 -0.018038264 0.035269689 -0.047596510 -0.018464565 0.998072982
1341845692.717676 -0.014615032 0.014712820 -0.018452052 0.035362814 -0.047402494 -0.018870147 0.998071313
1341845692.749897 -0.015314268 0.014624748 -0.018054016 0.035571679 -0.045497265 -0.018213930 0.998164773
1341845692.785833 -0.017531939 0.012792856 -0.019225791 0.035634473 -0.045130774 -0.018460860 0.998174667
1341845692.817657 -0.015551686 0.014301084 -0.018119162 0.037463445 -0.047034316 -0.021660885 0.997955441
1341845692.853833 -0.015401069 0.014575788 -0.017843584 0.038540397 -0.045691747 -0.023610702 0.997932613
1341845692.885614 -0.016655179 0.014316401 -0.017857384 0.040096510 -0.045038182 -0.023896195 0.997894168
1341845692.917728 -0.015667453 0.013986425 -0.018539935 0.040858041 -0.046184439 -0.024602544 0.997793734
1341845692.953573 -0.015860133 0.010608159 -0.021593319 0.039535385 -0.045312278 -0.024131611 0.997898459
1341845692.985667 -0.016350964 0.009221465 -0.022743786 0.040026799 -0.044536032 -0.023950750 0.997918189
1341845693.017585 -0.015758730 0.010922755 -0.022424666 0.040853005 -0.044982295 -0.024589408 0.997849166
1341845693.053684 -0.015870158 0.010103964 -0.022284126 0.040369809 -0.044397574 -0.024411120 0.997899354
1341845693.086059 -0.017446896 0.009478798 -0.022926772 0.041033980 -0.043411855 -0.024212847 0.997920513
1341845693.121690 -0.017572604 0.009825827 -0.023812076 0.041503515 -0.044532578 -0.022708703 0.997887075
1341845693.153852 -0.017477063 0.010645577 -0.023966523 0.040856071 -0.045447886 -0.023040757 0.997864902
1341845693.185655 -0.015453387 0.010209537 -0.023093715 0.039810058 -0.044977862 -0.023496231 0.997917891
1341845693.221687 -0.017263642 0.010633258 -0.022857793 0.040299788 -0.043606266 -0.021029282 0.998014152
1341845693.254518 -0.018893860 0.010155933 -0.023582101 0.040621720 -0.045782268 -0.019392421 0.997936785
1341845693.289735 -0.015310079 0.012829808 -0.021896262 0.042025495 -0.047986113 -0.019761022 0.997767806
1341845693.321741 -0.015380811 0.012198838 -0.022968449 0.040982757 -0.043121547 -0.020392010 0.998020589
1341845693.353715 -0.013675411 0.013992209 -0.018578224 0.042628285 -0.040966127 -0.018966947 0.998070538
1341845693.389830 -0.013929687 0.014063616 -0.018638540 0.042914014 -0.039897446 -0.018511795 0.998110175
1341845693.421993 -0.013331976 0.013975861 -0.018488884 0.043118764 -0.038170319 -0.019148218 0.998156846
1341845693.453700 -0.012611649 0.013370501 -0.018882185 0.042963292 -0.036840606 -0.021394674 0.998167932
1341845693.489783 -0.009722697 0.013873501 -0.015884476 0.044442311 -0.036808092 -0.020946380 0.998113871
1341845693.522084 -0.010655688 0.013767137 -0.015789585 0.046398304 -0.037123229 -0.020188818 0.998028815
1341845693.557666 -0.010558024 0.013955939 -0.015723843 0.048244320 -0.038642097 -0.021422736 0.997857869
1341845693.589792 -0.013047902 0.013544937 -0.018488940 0.048807580 -0.037745047 -0.023527944 0.997817397
1341845693.622158 -0.009935094 0.014542876 -0.016445208 0.049366839 -0.038126752 -0.023281349 0.997781157
1341845693.657659 -0.009795079 0.014091231 -0.015996512 0.048677951 -0.037434869 -0.022221792 0.997865379
1341845693.689929 -0.008484087 0.016159836 -0.016047342 0.049224775 -0.037686542 -0.021789405 0.997838616
1341845693.721602 -0.008498793 0.015813239 -0.017390791 0.046567529 -0.036166526 -0.022969741 0.997995913
1341845693.757636 -0.009070543 0.015035118 -0.016982445 0.044462420 -0.035003655 -0.023498496 0.998121023
1341845693.789776 -0.009985694 0.015062894 -0.017196542 0.043578103 -0.035448514 -0.022833705 0.998159766
1341845693.825637 -0.009109448 0.014659529 -0.017801600 0.041900661 -0.036297817 -0.022782007 0.998202264
1341845693.857724 -0.009933799 0.014584265 -0.016767215 0.040962406 -0.035888385 -0.021869304 0.998276412
1341845693.889741 -0.012245787 0.016199989 -0.018041432 0.042391878 -0.034382969 -0.021636384 0.998274803
1341845693.925573 -0.011421141 0.016023589 -0.017830105 0.041710474 -0.034477055 -0.020382816 0.998326659
1341845693.957722 -0.011910350 0.016138550 -0.017726172 0.042376004 -0.033675347 -0.019558283 0.998342514
1341845693.990410 -0.011136310 0.015844844 -0.017078239 0.043226026 -0.033155777 -0.019978656 0.998315096
1341845694.025740 -0.008760286 0.014532440 -0.015978469 0.042786520 -0.032903399 -0.019780967 0.998346329
1341845694.057728 -0.008928061 0.014253829 -0.015675331 0.043292440 -0.032090124 -0.019768083 0.998351276
1341845694.093631 -0.009107038 0.013636264 -0.015766993 0.044568770 -0.032156888 -0.019133342 0.998305321
1341845694.125598 -0.009011879 0.013976981 -0.015623515 0.046160560 -0.032288481 -0.019276138 0.998225987
1341845694.157890 -0.007328689 0.012797055 -0.016770089 0.046110891 -0.032343693 -0.020014087 0.998211980
1341845694.193528 -0.008181927 0.011952104 -0.016709849 0.046644773 -0.031468436 -0.020148300 0.998212457
1341845694.226254 -0.007591863 0.012443609 -0.017119603 0.048240885 -0.031991847 -0.019970091 0.998123527
1341845694.261793 -0.007490444 0.012773062 -0.016881339 0.048888884 -0.031566087 -0.019294083 0.998118818
1341845694.293655 -0.007709587 0.012831042 -0.016076259 0.049464244 -0.031632278 -0.017918799 0.998114049
1341845694.325844 -0.010945710 0.012681874 -0.016734725 0.050949346 -0.031661648 -0.016598463 0.998061240
1341845694.361761 -0.010462600 0.013208483 -0.017172480 0.052622043 -0.034085859 -0.014465796 0.997927785
1341845694.393754 -0.011045160 0.012853492 -0.017691225 0.053269796 -0.035808321 -0.013887720 0.997841299
1341845694.425809 -0.011099005 0.013059958 -0.018077239 0.053289428 -0.037368864 -0.014480814 0.997774541
1341845694.461731 -0.010367842 0.014092769 -0.017888661 0.053722136 -0.038940199 -0.014948258 0.997684360
1341845694.493931 -0.010324229 0.014374381 -0.018373000 0.052297074 -0.038691659 -0.016277274 0.997748971
1341845694.529694 -0.010486394 0.014035634 -0.017636901 0.051077466 -0.038128246 -0.017743774 0.997808814
1341845694.561652 -0.010650540 0.014116623 -0.017654136 0.050927565 -0.039299175 -0.017482463 0.997775674
1341845694.595586 -0.009211776 0.013967996 -0.015142245 0.051808573 -0.041563492 -0.016214620 0.997659981
1341845694.629850 -0.008701364 0.013912450 -0.014566859 0.053083967 -0.043650962 -0.015039078 0.997522175
1341845694.661659 -0.006717295 0.014874222 -0.014931105 0.055027571 -0.045399167 -0.014062755 0.997353077
1341845694.693720 -0.002556673 0.016907025 -0.014279892 0.055362433 -0.043348059 -0.012871734 0.997441888
1341845694.735664 -0.001361833 0.018032573 -0.016813952 0.053896647 -0.036290407 -0.011598841 0.997819424
1341845694.767988 -0.002517123 0.017044682 -0.016438598 0.051537972 -0.030077022 -0.009290501 0.998174787
1341845694.803611 -0.003120046 0.016149031 -0.015703941 0.049161073 -0.024588084 -0.007553611 0.998459578
1341845694.835585 -0.006278531 0.016642580 -0.013382594 0.048994604 -0.019643649 -0.007586825 0.998577058
1341845694.867728 -0.001147857 0.019395346 -0.008281630 0.049746830 -0.019324940 -0.006264318 0.998555243
1341845694.903566 -0.000387448 0.020823147 -0.006189826 0.048910148 -0.017005960 -0.006343503 0.998638272
1341845694.935679 -0.000619579 0.019975599 -0.006013176 0.048299175 -0.015087251 -0.005566602 0.998703420
1341845694.967669 -0.000439868 0.019038329 -0.006081165 0.048265390 -0.013989944 -0.004158632 0.998727918
1341845695.003730 0.002511287 0.020620864 -0.004114236 0.049323935 -0.013573413 -0.003057830 0.998685956
1341845695.035689 0.001952377 0.021159414 -0.004347255 0.049697138 -0.009626214 -0.003507470 0.998711765
1341845695.072465 -0.000272601 0.015822044 -0.011149245 0.046191633 -0.006739478 -0.001236656 0.998909116
1341845695.103895 -0.002361506 0.014844777 -0.011496178 0.046027716 -0.007263561 -0.000833228 0.998913407
1341845695.135680 -0.002683498 0.014097122 -0.011572726 0.046637181 -0.010444161 -0.000416362 0.998857200
1341845695.172193 -0.003887292 0.016009744 -0.005199568 0.051661607 -0.015336771 -0.002316318 0.998544157
1341845695.203618 -0.004641534 0.016710326 -0.006971262 0.054587487 -0.022709358 -0.001049452 0.998250186
1341845695.235612 -0.006564333 0.016545316 -0.006478721 0.058258153 -0.029295024 -0.001544395 0.997870445
1341845695.271738 -0.004867142 0.015984789 -0.007948472 0.060869113 -0.036091313 -0.001924373 0.997491181
1341845695.303569 -0.004607092 0.017020730 -0.008236829 0.062827110 -0.040362168 -0.003322230 0.997202396
1341845695.335657 -0.004869686 0.015667224 -0.009623227 0.062765613 -0.043344088 -0.005848368 0.997069478
1341845695.371706 -0.005934377 0.014415682 -0.011505242 0.062261492 -0.045848262 -0.008515808 0.996969879
1341845695.403745 -0.004352333 0.016303204 -0.008650095 0.063747555 -0.049414601 -0.011221082 0.996678710
1341845695.435657 -0.004084785 0.017015340 -0.008605984 0.065366976 -0.052925453 -0.011988366 0.996384621
1341845695.471720 -0.004019060 0.017142707 -0.010303377 0.066966437 -0.057240214 -0.011801471 0.996042013
1341845695.503710 -0.004863850 0.016471518 -0.011427130 0.066513598 -0.060144942 -0.012262358 0.995895624
1341845695.539693 -0.005036762 0.015240973 -0.010188501 0.065828942 -0.062622935 -0.013966126 0.995765924
1341845695.603908 -0.005530647 0.013408527 -0.011933156 0.065363608 -0.064825654 -0.016451471 0.995617688
1341845695.633744 -0.006263806 0.012942807 -0.012418584 0.064990729 -0.065857545 -0.017587852 0.995554924
1341845695.665980 -0.007205319 0.013378909 -0.012618562 0.064651035 -0.066944093 -0.017972935 0.995497704
1341845695.701693 -0.005292204 0.013602564 -0.013706866 0.064619258 -0.068985909 -0.017169604 0.995374560
1341845695.733686 -0.004859574 0.013518522 -0.014558112 0.064147182 -0.069802709 -0.016558751 0.995358467
1341845695.769679 -0.003743256 0.014513053 -0.014306916 0.064296201 -0.070527352 -0.016294932 0.995302141
1341845695.801697 -0.004890205 0.014196831 -0.015093641 0.062760100 -0.069527566 -0.015848622 0.995477736
1341845695.833635 -0.004713406 0.014280759 -0.014118976 0.061870910 -0.069509134 -0.015512610 0.995539963
1341845695.869766 -0.003622230 0.014176222 -0.013299711 0.061626356 -0.069680795 -0.014347821 0.995560586
1341845695.901827 -0.004905485 0.015138902 -0.013856179 0.061110564 -0.068826400 -0.013609620 0.995662153
1341845695.933900 -0.004216968 0.014958732 -0.013195172 0.059602235 -0.069312185 -0.013306391 0.995724022
1341845695.969774 -0.003888064 0.015016971 -0.013185954 0.058835585 -0.068763316 -0.012407309 0.995819271
1341845696.001940 -0.004816703 0.015160358 -0.012843636 0.058232684 -0.067539752 -0.011884948 0.995944798
1341845696.037778 -0.003095005 0.016250119 -0.012586857 0.057776880 -0.067448780 -0.010469999 0.995993435
1341845696.069962 -0.004911698 0.015399962 -0.013911442 0.056178853 -0.066836700 -0.008025030 0.996148765
1341845696.102048 -0.003962025 0.015027303 -0.014264008 0.055857509 -0.068030335 -0.006273349 0.996098578
1341845696.137759 -0.005321958 0.015775772 -0.013793517 0.055946387 -0.067790061 -0.006030763 0.996111512
1341845696.169934 -0.005461425 0.016553884 -0.013605783 0.055292733 -0.068186380 -0.005899968 0.996121705
1341845696.201602 -0.004993525 0.017459607 -0.013337793 0.055044230 -0.068524428 -0.006721482 0.996107101
1341845696.237582 -0.005770523 0.018197918 -0.013681985 0.053675804 -0.067964725 -0.008443886 0.996206999
1341845696.269654 -0.005684255 0.016621025 -0.013741336 0.051649895 -0.068753012 -0.008513766 0.996259391
1341845696.305713 -0.006012975 0.014640437 -0.014876042 0.050317969 -0.069690935 -0.007957343 0.996267021
1341845696.337790 -0.005661389 0.016336145 -0.014162866 0.050632056 -0.070258170 -0.007018322 0.996218324
1341845696.369780 -0.005447580 0.016985746 -0.014173009 0.050764352 -0.071151048 -0.005970707 0.996155024
1341845696.406019 -0.004924442 0.017778266 -0.014461515 0.049788870 -0.071860366 -0.006284670 0.996151447
1341845696.437910 -0.004302824 0.018400921 -0.013974356 0.048325658 -0.072362252 -0.006288424 0.996187091
1341845696.473667 -0.004909562 0.018387517 -0.013911584 0.047046155 -0.071311869 -0.006352332 0.996323705
1341845696.505801 -0.004740620 0.017806355 -0.014530309 0.044935398 -0.070446916 -0.006466312 0.996481895
1341845696.537879 -0.005998402 0.017895598 -0.014557489 0.044122197 -0.069801696 -0.005576147 0.996569037
1341845696.573790 -0.005703643 0.017629225 -0.013341061 0.044001460 -0.070735969 -0.004511957 0.996513903
1341845696.611644 -0.005362725 0.017463423 -0.017035132 0.043245196 -0.071704939 -0.003239033 0.996482670
1341845696.648592 -0.005324417 0.017670941 -0.017250299 0.042961542 -0.072100110 -0.003025793 0.996467113
1341845696.679660 -0.004452446 0.018006133 -0.017823525 0.041983955 -0.072346754 -0.002719027 0.996491790
1341845696.705640 -0.004911825 0.018127363 -0.017950900 0.040611569 -0.071322769 -0.002700465 0.996622503
1341845696.741801 -0.004326305 0.017917788 -0.016938599 0.039944939 -0.070517831 -0.002830021 0.996706367
1341845696.773765 -0.005026642 0.018253721 -0.017734163 0.039854329 -0.069112055 -0.002248450 0.996809959
1341845696.805698 -0.004305129 0.018427568 -0.017774964 0.038566705 -0.069250390 -0.001036649 0.996852994
1341845696.841908 -0.004446187 0.018238014 -0.017280331 0.038082354 -0.068889625 -0.000233816 0.996897101
1341845696.873637 -0.004479379 0.020359596 -0.016552296 0.038417049 -0.067664705 0.000036004 0.996968210
1341845696.905693 -0.004317112 0.020377999 -0.017225668 0.037021488 -0.066867478 0.000192132 0.997074723
1341845696.941841 -0.003149392 0.021955317 -0.016120186 0.036338836 -0.066741683 0.001770880 0.997106731
1341845696.973560 -0.002861476 0.019533478 -0.016905950 0.034158476 -0.066564292 0.004125343 0.997188687
1341845697.009723 -0.002731866 0.019754419 -0.017245399 0.033373337 -0.066250354 0.004843403 0.997232974
1341845697.041678 -0.002904494 0.021936612 -0.016550526 0.033267964 -0.064917482 0.003644668 0.997329235
1341845697.073636 -0.003412974 0.021497026 -0.015263028 0.033440214 -0.063449956 0.002983456 0.997420132
1341845697.109770 -0.002919718 0.021987846 -0.016304325 0.033880703 -0.063092895 0.002655422 0.997428834
1341845697.141787 -0.002924588 0.020740362 -0.016862182 0.032483019 -0.062824734 0.002545469 0.997492552
1341845697.173791 -0.001676927 0.020822119 -0.015291950 0.032757081 -0.063241765 0.003352189 0.997454822
1341845697.209803 -0.001613602 0.020974344 -0.016029676 0.033090211 -0.063042089 0.003658252 0.997455418
1341845697.241685 -0.001648454 0.022223093 -0.016350223 0.033103827 -0.062618501 0.003923024 0.997480631
1341845697.277780 -0.001454024 0.021911178 -0.015489433 0.032780133 -0.062456060 0.004040445 0.997501016
1341845697.309575 -0.002792407 0.021074327 -0.017168852 0.032044925 -0.062054221 0.004719979 0.997547030
1341845697.342252 -0.003462063 0.021210087 -0.016445702 0.031909525 -0.062051281 0.004582164 0.997552156
1341845697.377604 -0.002344436 0.022295803 -0.014758874 0.032913379 -0.062713213 0.004235753 0.997479677
1341845697.409528 -0.001064220 0.021923928 -0.014420451 0.032756094 -0.062948346 0.003606558 0.997472584
1341845697.441666 -0.001777002 0.020558273 -0.013626311 0.032130394 -0.062429909 0.003690080 0.997525215
1341845697.477718 -0.001862378 0.020555509 -0.013802159 0.033070996 -0.062670358 0.003747238 0.997479200
1341845697.509822 -0.001541113 0.022064086 -0.013350760 0.033866722 -0.062687509 0.002859274 0.997454345
1341845697.545892 -0.002456322 0.021130573 -0.014612282 0.033326901 -0.062543318 0.002952193 0.997481287
1341845697.577742 -0.001352399 0.020633204 -0.014258298 0.033627100 -0.063912272 0.003568574 0.997382462
1341845697.609653 -0.000997109 0.021583550 -0.014978316 0.034068592 -0.064636536 0.004099077 0.997318745
1341845697.645769 -0.000926041 0.021874413 -0.015086461 0.033725385 -0.065163665 0.004298745 0.997295260
1341845697.677795 0.000258711 0.022425728 -0.014123756 0.033801727 -0.065684617 0.004703015 0.997256637
1341845697.713520 -0.000725697 0.023302481 -0.014071960 0.033692133 -0.065075248 0.004541771 0.997301102
1341845697.745975 -0.000875001 0.022508062 -0.014721659 0.032778632 -0.065226316 0.004864672 0.997320116
1341845697.777683 -0.001616132 0.023291288 -0.014688492 0.032845631 -0.065267742 0.005303001 0.997312963
1341845697.813673 -0.000793447 0.023563864 -0.015328388 0.032211538 -0.065543719 0.004931913 0.997317433
1341845697.845793 -0.000792815 0.024078559 -0.014008709 0.031345271 -0.065082148 0.004677232 0.997376561
1341845697.877887 -0.001904964 0.023171749 -0.015512841 0.029852804 -0.064561576 0.004543417 0.997456789
1341845697.913637 -0.000412412 0.023995690 -0.014100474 0.029981101 -0.065514721 0.004658421 0.997390211
1341845697.945734 -0.001381732 0.024104057 -0.014069211 0.029414056 -0.065096542 0.003670408 0.997438610
1341845697.981763 -0.000752809 0.023723202 -0.013644748 0.028853882 -0.065403633 0.003233474 0.997436404
1341845698.013639 -0.000519311 0.023628628 -0.013278385 0.029017827 -0.065312140 0.003327346 0.997437298
1341845698.045700 -0.001611946 0.022755673 -0.014341190 0.028899621 -0.064667135 0.002820114 0.997484326
1341845698.081804 -0.002325292 0.024089059 -0.015696106 0.029185619 -0.064985789 0.002669781 0.997455716
1341845698.113733 -0.001766898 0.022694426 -0.015286087 0.028810196 -0.065718494 0.002399412 0.997419357
1341845698.145605 -0.000579768 0.023610815 -0.014342049 0.029720478 -0.066530928 0.002155355 0.997339308
1341845698.181637 -0.000727134 0.023992833 -0.014186337 0.029889427 -0.066438988 0.001382561 0.997341752
1341845698.213981 -0.001736265 0.022037670 -0.014837356 0.029146759 -0.066776291 0.001338777 0.997341275
1341845698.249641 -0.001797992 0.023729594 -0.015327233 0.030634513 -0.067973398 0.000798163 0.997216403
1341845698.281737 -0.001049316 0.024460362 -0.015304757 0.029807134 -0.068581142 0.000858705 0.997199774
1341845698.313940 -0.000811446 0.022934202 -0.014996057 0.028894868 -0.068785407 -0.000073060 0.997212946
1341845698.349629 -0.000673916 0.023759251 -0.014277382 0.029546374 -0.068885066 -0.000642615 0.997186780
1341845698.381667 -0.002151441 0.023358908 -0.014888846 0.029358093 -0.068677448 -0.000825014 0.997206509
1341845698.413724 -0.002040437 0.023431020 -0.014820718 0.029736143 -0.070005611 -0.000571848 0.997103155
1341845698.449543 -0.001696624 0.023441892 -0.015253888 0.030331207 -0.071734071 0.000185089 0.996962488
1341845698.481693 -0.001473284 0.025000347 -0.014518188 0.031016916 -0.073156938 0.000193606 0.996837974
1341845698.517644 -0.000755366 0.024460338 -0.014781790 0.030822396 -0.073961087 -0.000609994 0.996784508
1341845698.549633 0.000743211 0.024295656 -0.013031924 0.031559527 -0.075413898 -0.001443499 0.996651709
1341845698.581773 0.000022756 0.024392553 -0.013961753 0.032233305 -0.075478256 -0.003254543 0.996621013
1341845698.617608 0.002463106 0.025018848 -0.013700162 0.032669902 -0.077030957 -0.003488659 0.996487200
1341845698.649887 0.002946355 0.024416097 -0.012256700 0.033009212 -0.077683344 -0.003912629 0.996423781
1341845698.685838 0.002768075 0.025307609 -0.012909000 0.034368142 -0.077934086 -0.004277866 0.996356726
1341845698.717744 0.002609686 0.025987096 -0.014012740 0.034292702 -0.077674791 -0.004361445 0.996379256
1341845698.749680 0.002439145 0.025002630 -0.013491555 0.033347473 -0.077253394 -0.003868036 0.996446133
1341845698.785826 0.002630650 0.025255054 -0.014035209 0.033380043 -0.077351876 -0.003515239 0.996438682
1341845698.817603 0.002878215 0.025485132 -0.014601028 0.032836732 -0.077353910 -0.003663526 0.996456087
1341845698.849705 0.002762665 0.025362590 -0.014176931 0.031806163 -0.077192806 -0.004031032 0.996500552
1341845698.885714 0.002477101 0.024975270 -0.013474975 0.031423632 -0.077215910 -0.004143928 0.996510446
1341845698.917723 0.002704985 0.025293931 -0.014228657 0.030843420 -0.077013843 -0.004566936 0.996542335
1341845698.953706 0.002666021 0.025275161 -0.014068104 0.030053826 -0.076540373 -0.004600754 0.996602833
1341845698.985694 0.000591806 0.024497716 -0.014157794 0.029267270 -0.075416908 -0.004443174 0.996712565
1341845699.017571 0.001286576 0.024863711 -0.015311623 0.028553829 -0.076161943 -0.004003067 0.996678472
1341845699.053593 0.002978647 0.025614031 -0.014810751 0.027599731 -0.077174298 -0.003527179 0.996629298
1341845699.086340 0.003528574 0.025855998 -0.015830517 0.025872419 -0.077268958 -0.003542706 0.996668220
1341845699.117688 0.001623600 0.028659133 -0.014336091 0.025467012 -0.076019607 -0.004538734 0.996770680
1341845699.153695 0.002400021 0.029422360 -0.011832803 0.024535745 -0.076320291 -0.004741347 0.996770144
1341845699.185845 0.001626542 0.028542282 -0.013717992 0.022952981 -0.075380608 -0.005194685 0.996877074
1341845699.221973 0.001797913 0.028675279 -0.013369997 0.021964123 -0.075022429 -0.005565593 0.996924341
1341845699.253571 0.000374357 0.027539929 -0.013492034 0.021211980 -0.074898854 -0.005005600 0.996952891
1341845699.285622 0.000746141 0.026897492 -0.013890185 0.021766502 -0.076269098 -0.004325545 0.996840239
1341845699.321906 0.001918649 0.027909558 -0.013760325 0.022926433 -0.077923015 -0.003391800 0.996689916
1341845699.354916 0.001657288 0.027369838 -0.014644414 0.022507977 -0.078377828 -0.002893612 0.996665359
1341845699.385859 0.000667432 0.026100425 -0.016376454 0.021862950 -0.077658065 -0.002900351 0.996736050
1341845699.421535 0.001861082 0.026168043 -0.015203759 0.022654468 -0.077779502 -0.003718927 0.996706188
1341845699.454093 0.001521103 0.027919108 -0.015372960 0.023347860 -0.076766156 -0.005017988 0.996763051
1341845699.489836 0.001455972 0.026694661 -0.015554140 0.022459432 -0.076094486 -0.005218403 0.996833980
1341845699.522001 0.000617839 0.025951143 -0.015509502 0.022337560 -0.076308981 -0.004546183 0.996823609
1341845699.556281 0.001523015 0.025141032 -0.015471268 0.022621879 -0.077211395 -0.003703888 0.996751189
1341845699.595416 0.002296098 0.025689986 -0.015110351 0.023423864 -0.077233464 -0.003419840 0.996731937
1341845699.628631 0.002438796 0.025885519 -0.015710879 0.023148347 -0.076198138 -0.003957923 0.996816099
1341845699.663810 0.001955949 0.025512917 -0.015286474 0.022847312 -0.075137421 -0.003716095 0.996904492
1341845699.696113 0.001508136 0.024571477 -0.015862983 0.023094522 -0.074601263 -0.002377813 0.996943116
1341845699.727683 0.000940627 0.027864683 -0.016611947 0.023539279 -0.073954456 -0.002646958 0.996980250
1341845699.763748 0.002346965 0.026273791 -0.015370403 0.021121748 -0.074265257 -0.002564387 0.997011542
1341845699.789808 0.002696291 0.025866577 -0.015630420 0.020841220 -0.073868349 -0.003151542 0.997045219
1341845699.821737 0.001828158 0.025804119 -0.015615450 0.020883808 -0.072743557 -0.003405933 0.997126162
1341845699.857825 0.001041396 0.026509913 -0.016852267 0.020966273 -0.072503969 -0.003584729 0.997141242
1341845699.889686 0.002193323 0.026021373 -0.016035605 0.020887695 -0.073495746 -0.003357739 0.997071087
1341845699.925749 0.003711318 0.026305711 -0.014535172 0.021448847 -0.073732592 -0.003547746 0.997041047
1341845699.957536 0.002560473 0.025637787 -0.015468756 0.021908747 -0.072816454 -0.003233748 0.997099459
1341845699.989671 0.002188020 0.024950868 -0.015177267 0.022477563 -0.073037751 -0.001912784 0.997074008
1341845700.025810 0.003186571 0.025932616 -0.014503652 0.024004120 -0.073700845 -0.001149271 0.996990800
1341845700.058133 0.004250437 0.025367182 -0.014823888 0.024428681 -0.073609404 -0.002226713 0.996985435
1341845700.090754 0.004168179 0.024929019 -0.015126497 0.024435492 -0.073129952 -0.002928592 0.997018754
1341845700.125852 0.004406162 0.024726629 -0.013685365 0.024767021 -0.073603384 -0.003432320 0.996974111
1341845700.157773 0.005450921 0.025234247 -0.012930922 0.025665991 -0.074216276 -0.003500235 0.996905684
1341845700.193533 0.005892870 0.024866650 -0.013573399 0.025779720 -0.073530421 -0.004397602 0.996950030
1341845700.225771 0.005523160 0.025327248 -0.013157709 0.025946064 -0.072686128 -0.004424903 0.997007489
1341845700.257669 0.005963549 0.025342355 -0.012878641 0.026147908 -0.072541185 -0.003964415 0.997014701
1341845700.293641 0.007055928 0.025509605 -0.012384866 0.026152529 -0.072899103 -0.003049836 0.996991694
1341845700.325714 0.006203823 0.024725255 -0.013292052 0.025817903 -0.072317772 -0.002128576 0.997045159
1341845700.357742 0.007320432 0.025126476 -0.013014641 0.026244383 -0.072270513 -0.002672766 0.997036099
1341845700.393681 0.006913462 0.025049534 -0.013447229 0.025681324 -0.071089067 -0.003466256 0.997133255
1341845700.425997 0.007402992 0.025232896 -0.013359435 0.025558725 -0.070940010 -0.003845974 0.997145653
1341845700.461682 0.007309304 0.025092028 -0.012953128 0.025380023 -0.070725404 -0.004226267 0.997163951
1341845700.493808 0.006530221 0.025494462 -0.013008973 0.025527712 -0.070102267 -0.004801074 0.997201562
1341845700.526106 0.006022134 0.025624054 -0.012325704 0.025169542 -0.069837786 -0.004687172 0.997229755
1341845700.562458 0.006658447 0.026673151 -0.012163354 0.025446938 -0.069987640 -0.004110664 0.997214794
1341845700.594110 0.006044982 0.025289560 -0.014143007 0.024077510 -0.069361068 -0.003667292 0.997294247
1341845700.626137 0.006168575 0.025388943 -0.014178870 0.024016960 -0.069648221 -0.003714186 0.997275531
1341845700.661872 0.006398194 0.025639594 -0.014321017 0.023898909 -0.068858959 -0.004842635 0.997328341
1341845700.693861 0.006232477 0.025611101 -0.014201201 0.023283832 -0.068577841 -0.005435804 0.997359216
1341845700.732394 0.005815368 0.025561297 -0.013965335 0.023385445 -0.068994880 -0.004495661 0.997332752
1341845700.767794 0.005768959 0.025631791 -0.013313927 0.023924241 -0.069257498 -0.004123829 0.997303367
1341845700.799058 0.006037641 0.025471859 -0.013938575 0.024114747 -0.069047511 -0.004120342 0.997313380
1341845700.829639 0.006085380 0.025474353 -0.013921949 0.024288915 -0.069008686 -0.004567581 0.997309864
1341845700.867749 0.006122325 0.025509300 -0.013606562 0.024179172 -0.068744376 -0.004685465 0.997330248
1341845700.897703 0.005672528 0.025286851 -0.013073994 0.024323087 -0.068730026 -0.004074311 0.997330427
1341845700.930007 0.005776303 0.025387978 -0.013601534 0.025190631 -0.069404736 -0.004085515 0.997262120
1341845700.961797 0.005947232 0.025540190 -0.013494911 0.025359515 -0.069218375 -0.005435606 0.997264326
1341845700.997752 0.005941871 0.025320621 -0.013417535 0.025048900 -0.069206789 -0.005598635 0.997272074
1341845701.029597 0.006111514 0.025167132 -0.013471982 0.025146790 -0.069823079 -0.005731791 0.997225940
1341845701.061618 0.005793289 0.025204098 -0.013603347 0.025328754 -0.069916002 -0.005982287 0.997213304
1341845701.097561 0.005912914 0.025541712 -0.013951424 0.025671354 -0.070261233 -0.006029264 0.997180045
1341845701.129741 0.005777895 0.025672622 -0.013872997 0.025866173 -0.069790982 -0.005997301 0.997208178
1341845701.165734 0.005869972 0.025637330 -0.013479340 0.025587823 -0.069700353 -0.005473482 0.997224748
1341845701.197714 0.005413423 0.025469087 -0.013444310 0.026041584 -0.070006825 -0.005506672 0.997191310
1341845701.230497 0.005980555 0.025756195 -0.014008734 0.026322575 -0.070580915 -0.005496079 0.997143567
1341845701.265852 0.006048905 0.025446577 -0.013386737 0.026547939 -0.070962735 -0.005472019 0.997110605
1341845701.297730 0.006126218 0.025203122 -0.013870246 0.027381722 -0.071838237 -0.006097560 0.997021735
1341845701.329611 0.006608833 0.025665328 -0.014598046 0.027518127 -0.071830973 -0.007048525 0.997012198
1341845701.365791 0.006242782 0.025723327 -0.014085154 0.027059443 -0.071300358 -0.007105404 0.997062445
1341845701.397757 0.006275025 0.025954064 -0.014131933 0.026978347 -0.071114689 -0.007575352 0.997074485
1341845701.433542 0.005987934 0.025801843 -0.013883360 0.026486620 -0.070618697 -0.006631989 0.997129619
1341845701.465617 0.006044271 0.025638651 -0.013890471 0.026627235 -0.070670553 -0.005443843 0.997129440
1341845701.497704 0.005965979 0.025907587 -0.014113571 0.026452949 -0.070726268 -0.005060470 0.997132123
1341845701.533597 0.006215197 0.025796734 -0.014054541 0.026074475 -0.070863135 -0.005064578 0.997132361
1341845701.565815 0.006536037 0.026105832 -0.014725287 0.026087027 -0.070431836 -0.005769131 0.997158766
1341845701.597762 0.006449101 0.025955878 -0.015075303 0.025865782 -0.069928542 -0.005968361 0.997198761
1341845701.633825 0.006524223 0.025907172 -0.014778735 0.026398826 -0.070326731 -0.005972686 0.997156739
1341845701.665709 0.006650731 0.025702842 -0.014321591 0.026875660 -0.070310190 -0.006029748 0.997144818
1341845701.701676 0.006628958 0.025407236 -0.013967764 0.027488803 -0.069923528 -0.005979862 0.997155607
1341845701.733527 0.006403237 0.025362555 -0.014190240 0.027906241 -0.069864325 -0.006398502 0.997145593
1341845701.765764 0.008076084 0.025615579 -0.013207222 0.028179765 -0.070733033 -0.006336128 0.997077048
1341845701.801701 0.008080220 0.025707977 -0.012761845 0.028258868 -0.070477553 -0.006572830 0.997091353
1341845701.833700 0.008041450 0.025503539 -0.012426190 0.028391480 -0.070371062 -0.006016752 0.997098625
1341845701.865775 0.007996637 0.025683319 -0.012709932 0.028748592 -0.070329040 -0.005776033 0.997092724
1341845701.901711 0.008328120 0.026076257 -0.013113926 0.028754890 -0.070239931 -0.006001582 0.997097492
1341845701.933585 0.008293918 0.026073558 -0.013370155 0.028454628 -0.069864921 -0.006358956 0.997130275
1341845701.969726 0.008290071 0.026194740 -0.013455402 0.028113736 -0.069966331 -0.006398071 0.997132599
1341845702.002544 0.008122461 0.026115952 -0.013558626 0.028068563 -0.069731385 -0.006474355 0.997149825
1341845702.034379 0.007927969 0.026024263 -0.013133313 0.028330211 -0.069350302 -0.006957721 0.997165740
1341845702.070436 0.008141549 0.026161065 -0.013259616 0.028600855 -0.069288485 -0.007557758 0.997157931
1341845702.101809 0.007698816 0.025946874 -0.012505258 0.028811090 -0.069615312 -0.007519555 0.997129381
1341845702.137663 0.007755511 0.025829395 -0.012336163 0.028998256 -0.070114374 -0.007547679 0.997088790
1341845702.169629 0.007752832 0.025755232 -0.011791265 0.029567741 -0.070392646 -0.007971828 0.997049153
1341845702.201769 0.008106816 0.026226014 -0.012742376 0.029965917 -0.070038319 -0.008353934 0.997059107
1341845702.237691 0.007751263 0.025733598 -0.012215564 0.029882981 -0.069383211 -0.009072648 0.997101128
1341845702.269760 0.007785336 0.025593612 -0.012021965 0.030095693 -0.069549106 -0.008808048 0.997085571
1341845702.301761 0.007949688 0.025853507 -0.012226998 0.030331977 -0.069198653 -0.009747226 0.997094035
1341845702.337713 0.007717208 0.025815560 -0.012501569 0.029984798 -0.068549879 -0.010036725 0.997146487
1341845702.369720 0.007205303 0.025494676 -0.011676216 0.029772317 -0.068866991 -0.009906440 0.997132301
1341845702.405655 0.007545750 0.025740715 -0.011786286 0.029838121 -0.069104306 -0.009208875 0.997120619
1341845702.437629 0.007227877 0.025531132 -0.011195675 0.029599130 -0.068351425 -0.009173322 0.997179925
1341845702.469691 0.007297652 0.025675941 -0.010771782 0.029904295 -0.068079419 -0.009330806 0.997187972
1341845702.506265 0.007619431 0.025409006 -0.011489157 0.029940093 -0.068125740 -0.009102559 0.997185826
1341845702.537648 0.007596785 0.025404196 -0.011323616 0.029789401 -0.068340413 -0.008287393 0.997182727
1341845702.569753 0.007707821 0.025405183 -0.011404566 0.029866433 -0.068584517 -0.007480639 0.997170091
1341845702.605685 0.007807963 0.025551422 -0.011776004 0.029527728 -0.068628266 -0.007422473 0.997177601
1341845702.637718 0.007761684 0.025370032 -0.011275878 0.028805174 -0.068588160 -0.008067512 0.997196496
1341845702.673733 0.007714110 0.025227295 -0.011102637 0.028679110 -0.068330869 -0.008218040 0.997216523
1341845702.705735 0.007769486 0.025574183 -0.011729808 0.028291374 -0.067791305 -0.008822532 0.997259319
1341845702.737648 0.008089506 0.026067916 -0.012617857 0.027544893 -0.067098267 -0.010133707 0.997314572
1341845702.773644 0.008716453 0.026267352 -0.013186972 0.026016030 -0.066626713 -0.011171716 0.997376144
1341845702.805893 0.008221080 0.025919294 -0.012089606 0.024593886 -0.065813407 -0.011924661 0.997457564
1341845702.837969 0.010426710 0.029774502 -0.009645682 0.025540415 -0.066455059 -0.012227736 0.997387528
1341845702.874009 0.010366961 0.029263163 -0.009307980 0.023478504 -0.065680981 -0.012544253 0.997485518
1341845702.908704 0.008095802 0.026791643 -0.009914254 0.021734780 -0.064246602 -0.012641344 0.997617245
1341845702.941673 0.007711380 0.026525116 -0.009461083 0.022384161 -0.064586364 -0.011835524 0.997590840
1341845702.973595 0.007479195 0.025899356 -0.009902121 0.024269758 -0.065625787 -0.010709337 0.997491598
1341845703.005769 0.007856910 0.025995677 -0.010481898 0.025959495 -0.067146868 -0.008775788 0.997366726
1341845703.041648 0.007673680 0.025531957 -0.011459843 0.026743433 -0.067898959 -0.008382774 0.997298479
1341845703.073714 0.011165073 0.028272169 -0.012040087 0.027314013 -0.069198340 -0.008909217 0.997189105
1341845703.109699 0.012081092 0.028870245 -0.010314445 0.025529437 -0.067884363 -0.011112886 0.997304618
1341845703.142006 0.011806031 0.028938351 -0.010723603 0.024184523 -0.066324480 -0.012126032 0.997431278
1341845703.173706 0.010556114 0.027716102 -0.010521009 0.022336850 -0.065221608 -0.013129584 0.997534394
1341845703.209732 0.010212378 0.027349230 -0.009789677 0.022101136 -0.065205440 -0.012995343 0.997542441
1341845703.242050 0.010933324 0.025887255 -0.010872094 0.022313092 -0.065774553 -0.012783735 0.997503102
1341845703.273874 0.009673007 0.026609045 -0.010637193 0.023416864 -0.065865584 -0.012287164 0.997478008
1341845703.309758 0.010026012 0.026722690 -0.010333840 0.024389137 -0.066987135 -0.010955449 0.997395515
1341845703.341850 0.011416093 0.027039940 -0.009984458 0.025079694 -0.067772187 -0.010684860 0.997328281
1341845703.377702 0.012045386 0.026874786 -0.009437727 0.025619350 -0.067448415 -0.011132669 0.997331619
1341845703.409585 0.011088138 0.026714621 -0.010267246 0.025894489 -0.066699676 -0.011752147 0.997367799
1341845703.441629 0.010332311 0.027640950 -0.010015395 0.026073661 -0.066719905 -0.012368288 0.997354329
1341845703.477741 0.010741038 0.026899584 -0.009782033 0.025749179 -0.066893846 -0.012965709 0.997343481
1341845703.509995 0.010782460 0.026905151 -0.009367804 0.026127657 -0.066816702 -0.013209232 0.997335613
1341845703.541800 0.010899892 0.026545016 -0.009453951 0.026720617 -0.066702753 -0.013687700 0.997321129
1341845703.577765 0.010963870 0.027098581 -0.009393401 0.027110405 -0.066844396 -0.014403437 0.997291028
1341845703.609650 0.010926488 0.026636433 -0.009956812 0.027188832 -0.067083761 -0.014797630 0.997267008
1341845703.651761 0.010939565 0.026743514 -0.009942750 0.027630877 -0.067388341 -0.014661269 0.997236371
1341845703.677758 0.010236131 0.027268954 -0.010490423 0.028044330 -0.067761905 -0.014340728 0.997204185
1341845703.709916 0.011201172 0.026943851 -0.011328076 0.027510382 -0.068631738 -0.013826198 0.997166812
1341845703.745719 0.011787429 0.028693521 -0.010476917 0.027364632 -0.068633065 -0.015184401 0.997151017
1341845703.777733 0.012054270 0.028612135 -0.010112184 0.026043126 -0.067703702 -0.015651222 0.997242689
1341845703.809711 0.011494636 0.027841816 -0.009427127 0.025399584 -0.066947713 -0.015515998 0.997312427
1341845703.845769 0.011333600 0.027839882 -0.009700335 0.025378542 -0.067036189 -0.015450615 0.997308016
1341845703.877728 0.011671484 0.027871674 -0.009432427 0.025341971 -0.067210697 -0.015583834 0.997295141
1341845703.913808 0.011489757 0.027355310 -0.010230279 0.024536116 -0.066916317 -0.015206142 0.997340918
1341845703.945653 0.011960256 0.026699483 -0.009308952 0.024307217 -0.066756234 -0.015663540 0.997350216
1341845703.977870 0.011369330 0.027059369 -0.009869522 0.025076590 -0.066148937 -0.016206726 0.997362912
1341845704.013637 0.010653060 0.025971023 -0.010006610 0.025318736 -0.066111244 -0.015990984 0.997362792
1341845704.045703 0.011213110 0.026603842 -0.009439660 0.026684960 -0.066775337 -0.015409460 0.997292042
1341845704.077666 0.011399365 0.026630852 -0.009219225 0.027210495 -0.066978201 -0.015005165 0.997270465
1341845704.113706 0.011798665 0.027740266 -0.009004558 0.027701616 -0.066829108 -0.014758003 0.997270644
1341845704.145681 0.011967751 0.027346497 -0.009207955 0.027102364 -0.066571258 -0.014946654 0.997301519
1341845704.181785 0.012590592 0.027189467 -0.009221182 0.026783738 -0.066303864 -0.015471996 0.997319937
1341845704.213778 0.011764309 0.026894879 -0.009174194 0.026513318 -0.065918773 -0.015615068 0.997350454
1341845704.245863 0.011951088 0.027131815 -0.009362184 0.026573613 -0.066041209 -0.015286735 0.997345805
1341845704.281578 0.012197632 0.027791394 -0.009533829 0.026555276 -0.065823413 -0.015132043 0.997363091
1341845704.313707 0.012982227 0.027905604 -0.008781359 0.025764333 -0.065662839 -0.014670907 0.997401297
1341845704.349873 0.014877754 0.028627481 -0.008184015 0.025563259 -0.065218888 -0.014372157 0.997439981
1341845704.381729 0.015156605 0.029141935 -0.006962691 0.025035918 -0.063622802 -0.014353165 0.997556686
1341845704.413817 0.015639974 0.028977869 -0.006492699 0.024789281 -0.062389910 -0.013966513 0.997646213
1341845704.449837 0.014553331 0.029894663 -0.007138552 0.025225479 -0.060287945 -0.014599075 0.997755408
1341845704.481600 0.013669662 0.028502401 -0.006678768 0.023621872 -0.058210015 -0.015019095 0.997911811
1341845704.513671 0.012826002 0.024885913 -0.007102754 0.022826053 -0.057178285 -0.015023685 0.997989893
1341845704.549869 0.009877239 0.023296867 -0.007322142 0.026337035 -0.057148710 -0.012513957 0.997939765
1341845704.581901 0.010055648 0.024143225 -0.007355040 0.030952336 -0.059308156 -0.010537123 0.997704089
1341845704.617838 0.011478985 0.025750874 -0.007557389 0.033627495 -0.060807344 -0.010986448 0.997522414
1341845704.650477 0.013260908 0.024741305 -0.007633342 0.033692885 -0.061435889 -0.012226464 0.997467220
1341845704.681708 0.010263749 0.024174992 -0.007394389 0.034497555 -0.060589038 -0.012687852 0.997485757
1341845704.717704 0.009713647 0.025144015 -0.007688403 0.036146089 -0.061684091 -0.012771299 0.997359216
1341845704.749702 0.011189862 0.026799407 -0.007822727 0.037347171 -0.062671117 -0.013677827 0.997241378
1341845704.781791 0.011143754 0.026916251 -0.008325493 0.036521856 -0.061971467 -0.015791457 0.997284472
1341845704.817744 0.009101125 0.024420336 -0.007546715 0.035851564 -0.061547503 -0.016888855 0.997317076
1341845704.849705 0.009333312 0.024338957 -0.009176732 0.037243944 -0.063365482 -0.017242707 0.997146130
1341845704.885675 0.009235032 0.026291663 -0.007278830 0.038561061 -0.064407870 -0.017559487 0.997023702
1341845704.917742 0.009509858 0.027372932 -0.007517023 0.038396288 -0.065015666 -0.017629156 0.996989429
1341845704.949746 0.009806464 0.027419413 -0.008164541 0.037739109 -0.065420434 -0.018959565 0.996963620
1341845704.985761 0.009935841 0.027491095 -0.008496506 0.036838561 -0.065917946 -0.019273588 0.996958494
1341845705.017537 0.009075432 0.026983952 -0.008698603 0.035948779 -0.065783635 -0.019957697 0.996986389
1341845705.049660 0.009101679 0.026828585 -0.009284680 0.035222113 -0.066103220 -0.021073397 0.996968210
1341845705.085710 0.008762883 0.026253559 -0.009149997 0.034380265 -0.066528440 -0.021408048 0.996962190
1341845705.117831 0.008716766 0.026394658 -0.009561108 0.034426995 -0.067251712 -0.021638583 0.996907115
1341845705.154005 0.010857826 0.027736040 -0.010161585 0.033811156 -0.068423569 -0.021883482 0.996843040
1341845705.185648 0.009625059 0.026782120 -0.009764506 0.032471303 -0.067506231 -0.022047905 0.996946514
1341845705.217695 0.010156013 0.027064377 -0.009700703 0.032631863 -0.067362860 -0.022125646 0.996949255
1341845705.253735 0.011000478 0.027456889 -0.010513745 0.032156289 -0.067221560 -0.022023108 0.996976495
1341845705.285554 0.010654656 0.026834516 -0.009626063 0.031529304 -0.067264363 -0.021959750 0.996995032
1341845705.321646 0.010564014 0.026769830 -0.009666274 0.031940077 -0.067646213 -0.021330580 0.996969819
1341845705.353674 0.010018925 0.027457442 -0.009131493 0.032493085 -0.067934275 -0.020183798 0.996956229
1341845705.385774 0.009571523 0.026523242 -0.009109496 0.032451820 -0.067926183 -0.020407526 0.996953547
1341845705.421801 0.012452017 0.025495056 -0.008450631 0.033001721 -0.068889692 -0.020609183 0.996865273
1341845705.453568 0.010447729 0.025303522 -0.008265472 0.035183340 -0.068092696 -0.020350920 0.996850729
1341845705.485749 0.010819403 0.024454910 -0.009723116 0.036623042 -0.069180749 -0.019284191 0.996745110
1341845705.521655 0.011255221 0.025444454 -0.008416878 0.038448397 -0.070111342 -0.018284516 0.996630192
1341845705.553548 0.010730963 0.026428767 -0.008561902 0.039661769 -0.069977887 -0.017456220 0.996606886
1341845705.589775 0.012495306 0.027181506 -0.008772870 0.039662037 -0.070568278 -0.017658414 0.996561706
1341845705.621894 0.010089018 0.027093992 -0.009063770 0.039701015 -0.069578774 -0.017350201 0.996635139
1341845705.653569 0.008109482 0.026395064 -0.010000875 0.039351754 -0.071030930 -0.016215278 0.996565640
1341845705.689868 0.009938121 0.027323661 -0.008060498 0.040410977 -0.073485605 -0.016711082 0.996337056
1341845705.721810 0.010563409 0.028461656 -0.008190814 0.040773354 -0.072961584 -0.016658409 0.996361673
1341845705.753738 0.010811177 0.027367165 -0.008248070 0.040227063 -0.072477967 -0.017927455 0.996397138
1341845705.789861 0.011318048 0.027800204 -0.008449955 0.040460624 -0.071667112 -0.017822124 0.996448219
1341845705.821704 0.009887548 0.027426422 -0.008017882 0.040012892 -0.070316888 -0.017085079 0.996575415
1341845705.863629 0.008534697 0.026248734 -0.007756140 0.039917290 -0.070743270 -0.017466553 0.996542454
1341845705.895623 0.007990295 0.024712827 -0.007682783 0.041021679 -0.071889140 -0.016186262 0.996437252
1341845705.931726 0.008198309 0.026163768 -0.008069227 0.042895969 -0.074584901 -0.013509405 0.996200025
1341845705.963641 0.008596311 0.028160542 -0.009145967 0.043765210 -0.076362677 -0.015017566 0.996005952
1341845705.995677 0.011072746 0.029406734 -0.008575379 0.042928621 -0.076776780 -0.019706767 0.995928764
1341845706.031837 0.010489865 0.031348750 -0.006440219 0.041604936 -0.074705467 -0.020975361 0.996116519
1341845706.063631 0.007405323 0.027847949 -0.008104498 0.038966697 -0.073810168 -0.020582095 0.996298134
1341845706.095737 0.009125874 0.029192859 -0.007430972 0.039695814 -0.076328427 -0.021282222 0.996064901
1341845706.131716 0.011492854 0.031283941 -0.006518340 0.039545104 -0.076825567 -0.022407673 0.996007979
1341845706.163718 0.010203414 0.029238112 -0.004686325 0.038199537 -0.075052850 -0.022040542 0.996203840
1341845706.195662 0.009375941 0.030097917 -0.005470726 0.039156653 -0.075076908 -0.021035543 0.996186614
1341845706.231610 0.010443517 0.031950742 -0.004612224 0.039181486 -0.075019732 -0.021030448 0.996190012
1341845706.263724 0.011301121 0.030823499 -0.004332802 0.037545424 -0.073583826 -0.020054208 0.996380270
1341845706.299838 0.008483795 0.031175585 -0.004054171 0.036933541 -0.071872309 -0.019407084 0.996540844
1341845706.331753 0.009323454 0.031794868 -0.003748792 0.036682010 -0.072961286 -0.019913642 0.996460974
1341845706.363574 0.010213091 0.030703919 -0.003827875 0.035469070 -0.073144279 -0.018862503 0.996511936
1341845706.399690 0.010274665 0.029795434 -0.003773747 0.035181936 -0.073494397 -0.018708477 0.996499300
1341845706.431735 0.012137077 0.029911125 -0.003793606 0.035480779 -0.074346110 -0.018231221 0.996434331
1341845706.463612 0.011640238 0.029911064 -0.003390249 0.035576914 -0.073168688 -0.017245792 0.996535599
1341845706.499655 0.010052746 0.027981132 -0.003951000 0.035262078 -0.072935835 -0.015931444 0.996585727
1341845706.531782 0.012426829 0.028675826 -0.003416928 0.036532175 -0.074806973 -0.016052308 0.996399343
1341845706.563559 0.014606503 0.029472904 -0.002106508 0.037256058 -0.073929511 -0.015822751 0.996441662
1341845706.599529 0.013126223 0.027779065 -0.002233713 0.037431225 -0.071562931 -0.015788911 0.996608436
1341845706.631786 0.011657502 0.027553787 -0.002776663 0.039024360 -0.072301917 -0.016718917 0.996478796
1341845706.667647 0.015110426 0.028547319 -0.002371839 0.040236309 -0.073100738 -0.016190780 0.996381044
1341845706.700732 0.014838094 0.029339220 -0.001124049 0.040979069 -0.070592038 -0.016267557 0.996530414
1341845706.732115 0.013727412 0.027353624 -0.001328220 0.040750481 -0.069618180 -0.016067011 0.996611536
1341845706.768143 0.015346399 0.027576327 -0.001357002 0.041506011 -0.070066541 -0.014383251 0.996574640
1341845706.800357 0.014731082 0.026857423 -0.001441753 0.041699816 -0.069053560 -0.012980449 0.996656537
1341845706.832602 0.014991237 0.028130932 -0.001879096 0.042377446 -0.069181144 -0.013242358 0.996615648
1341845706.869449 0.015097831 0.028950127 -0.001971113 0.042049173 -0.069076866 -0.013265336 0.996636450
1341845706.904495 0.014266910 0.028026650 -0.002050596 0.040786337 -0.069180802 -0.012724835 0.996688783
1341845706.933651 0.015624290 0.027725814 -0.001957706 0.040746883 -0.069952756 -0.012271266 0.996642232
1341845706.964608 0.016314879 0.028534312 -0.002506814 0.040744741 -0.069910057 -0.011986348 0.996648788
1341845706.994021 0.015392598 0.028175071 -0.001930386 0.039743289 -0.069603257 -0.010741349 0.996724844
1341845707.029674 0.015279561 0.027269129 -0.001828510 0.039831314 -0.069986939 -0.009413659 0.996707916
1341845707.061864 0.016542137 0.027686631 -0.001820140 0.040671937 -0.070259869 -0.009308018 0.996655762
1341845707.097704 0.017499644 0.026490446 -0.000903468 0.040499810 -0.069576494 -0.008789394 0.996715426
1341845707.129770 0.016212666 0.024098609 -0.001322176 0.041459892 -0.068959616 -0.007388671 0.996730149
1341845707.161817 0.018620593 0.023504358 -0.002121982 0.043336645 -0.070824236 -0.006641932 0.996524870
1341845707.197721 0.019771650 0.024077814 -0.001869823 0.044566676 -0.070140079 -0.006861820 0.996517479
1341845707.229795 0.019229496 0.023753682 -0.001893692 0.045208011 -0.068822965 -0.007748162 0.996573925
1341845707.261851 0.019401610 0.023369206 -0.002277420 0.045395337 -0.068763956 -0.006835640 0.996576190
1341845707.297710 0.020454487 0.023830611 -0.002466058 0.045687668 -0.068377949 -0.006653425 0.996590614
1341845707.329761 0.021602690 0.023430903 -0.001260132 0.045083359 -0.067403629 -0.007415333 0.996679068
1341845707.365850 0.021703118 0.021703793 -0.001034573 0.044571765 -0.065770879 -0.006580640 0.996817052
1341845707.397796 0.020008886 0.021041762 -0.001024614 0.045494076 -0.065072455 -0.004540803 0.996832609
1341845707.429752 0.022158680 0.021038514 -0.000407041 0.046556115 -0.066184774 -0.003413554 0.996714830
1341845707.465767 0.024384694 0.020927230 0.000670772 0.047650937 -0.065663710 -0.003755740 0.996696293
1341845707.497642 0.025055308 0.020535110 0.000279471 0.048012476 -0.064151153 -0.004053355 0.996776283
1341845707.533665 0.025750667 0.018903144 0.000710127 0.048243467 -0.063337483 -0.003620506 0.996818841
1341845707.565754 0.027417203 0.019526109 0.001397272 0.049473584 -0.062112223 -0.003474515 0.996836185
1341845707.597603 0.027156657 0.019670028 0.001259442 0.049972776 -0.060016703 -0.004160780 0.996936977
1341845707.633748 0.026326442 0.018697387 0.001442930 0.049951509 -0.059441615 -0.003252173 0.996975899
1341845707.665870 0.027911456 0.020284515 0.001685497 0.051199846 -0.060438499 -0.001652975 0.996856570
1341845707.698455 0.029356590 0.020944633 0.001651786 0.050838996 -0.060219530 -0.001813888 0.996888041
1341845707.734303 0.028352812 0.020440182 0.001318215 0.050120134 -0.059179109 -0.003076259 0.996983647
1341845707.766259 0.028354354 0.019978648 0.001935282 0.049893796 -0.059549592 -0.003167029 0.996972620
1341845707.801730 0.028028650 0.018991042 0.002689073 0.050624561 -0.059430111 -0.002882356 0.996943831
1341845707.836344 0.028664626 0.020290827 0.002761921 0.051793609 -0.059698850 -0.003215386 0.996866703
1341845707.866230 0.027558777 0.020207686 0.001986607 0.051500741 -0.059743151 -0.003315513 0.996878862
1341845707.901694 0.027774105 0.019859644 0.001747404 0.050901022 -0.060086552 -0.002776125 0.996890664
1341845707.933640 0.027372187 0.019718323 0.002393663 0.050977897 -0.060404647 -0.002569226 0.996868074
1341845707.965831 0.027923618 0.019937914 0.001733739 0.051476326 -0.060913492 -0.002760955 0.996810973
1341845708.001954 0.027831938 0.019787779 0.002453882 0.051344417 -0.060374018 -0.001994842 0.996852458
1341845708.034393 0.027478298 0.019700134 0.002281595 0.051518053 -0.060908936 -0.002644337 0.996809423
1341845708.069946 0.027826833 0.019873571 0.002195691 0.051288679 -0.061242670 -0.002587745 0.996800959
1341845708.101700 0.027343906 0.019641338 0.002687194 0.050779857 -0.060867108 -0.002962177 0.996848941
1341845708.133697 0.027038090 0.019480325 0.002901186 0.051130299 -0.061634257 -0.003604211 0.996781766
1341845708.169675 0.027209397 0.019685911 0.002775020 0.051183283 -0.062257033 -0.003654648 0.996740162
1341845708.201793 0.027478380 0.019505087 0.002815608 0.050747383 -0.062031563 -0.004467711 0.996773243
1341845708.233744 0.027425138 0.019463766 0.002800610 0.051279351 -0.062630184 -0.005144033 0.996705294
1341845708.269711 0.027044669 0.019300662 0.003265511 0.051654708 -0.063343197 -0.005043024 0.996641397
1341845708.301629 0.027466360 0.019945195 0.002179904 0.052084006 -0.064099379 -0.005187469 0.996569932
1341845708.337612 0.027739184 0.020162681 0.001862705 0.051660288 -0.063949235 -0.006863288 0.996591508
1341845708.369900 0.027400805 0.019961655 0.002384179 0.051265322 -0.063295670 -0.007891179 0.996645987
1341845708.401883 0.027531726 0.019998830 0.001976898 0.051399045 -0.064303041 -0.007883213 0.996574700
1341845708.443610 0.028391570 0.020207819 0.001130575 0.051854376 -0.064733006 -0.008373670 0.996519268
1341845708.470492 0.028187200 0.020485260 0.001172284 0.051663887 -0.064813957 -0.008654200 0.996521533
1341845708.501776 0.027777927 0.020240031 0.001088242 0.051180735 -0.065776646 -0.007623118 0.996491790
1341845708.543852 0.027233101 0.020233199 0.001141525 0.051565401 -0.067388423 -0.007049968 0.996368468
1341845708.569583 0.028171418 0.020850565 -0.000060401 0.051461577 -0.068915293 -0.008274460 0.996259987
1341845708.605675 0.027885707 0.021608224 -0.000177868 0.051065635 -0.068848506 -0.009493742 0.996274054
1341845708.637641 0.025541924 0.021556897 -0.000627553 0.051068854 -0.069570027 -0.010214130 0.996216655
1341845708.669692 0.028069882 0.021920541 -0.000512243 0.051375140 -0.072476558 -0.011269486 0.995982289
1341845708.705736 0.028186724 0.023946498 -0.000986501 0.051150534 -0.072097577 -0.012117875 0.996011436
1341845708.738027 0.025255483 0.023494741 -0.000878597 0.050653670 -0.071485266 -0.013062485 0.996069014
1341845708.773829 0.025006415 0.023558488 -0.000834823 0.050858058 -0.073328853 -0.013697798 0.995916009
1341845708.805763 0.026229540 0.024499636 -0.001119610 0.050414044 -0.074198991 -0.014068301 0.995868981
1341845708.838653 0.024311224 0.023190714 -0.001302250 0.049568690 -0.073739722 -0.015629839 0.995922267
1341845708.873912 0.025253098 0.024222076 -0.001305208 0.050054647 -0.075550772 -0.016486473 0.995748341
1341845708.905735 0.024884660 0.024566494 -0.001182234 0.049829166 -0.075522684 -0.017055696 0.995752215
1341845708.938426 0.023501594 0.023621766 -0.002214527 0.049441218 -0.075409979 -0.019028772 0.995744348
1341845708.973642 0.023601921 0.024024481 -0.001952217 0.049716502 -0.076557696 -0.018492222 0.995653152
1341845709.005742 0.023205236 0.024142187 -0.003344503 0.049091123 -0.077199988 -0.018655563 0.995631576
1341845709.041686 0.022720404 0.024602544 -0.002389051 0.049536031 -0.077394150 -0.020005994 0.995568216
1341845709.073656 0.023407847 0.025427287 -0.003159741 0.049337044 -0.078444980 -0.021064227 0.995474041
1341845709.105658 0.022578092 0.024987962 -0.002750781 0.048983984 -0.078790151 -0.021213844 0.995461047
1341845709.141741 0.022698475 0.025397358 -0.002872157 0.049210336 -0.080107704 -0.022023246 0.995327115
1341845709.173646 0.023476997 0.025477361 -0.002999880 0.048743811 -0.080410995 -0.021615634 0.995334566
1341845709.205765 0.022829356 0.026860781 -0.003059055 0.048728365 -0.080206312 -0.021572106 0.995352745
1341845709.241765 0.023386683 0.026829094 -0.002893519 0.048228364 -0.080589294 -0.021469811 0.995348394
1341845709.273754 0.023396058 0.025998747 -0.002960213 0.047339994 -0.080422387 -0.020931311 0.995415986
1341845709.309890 0.023110222 0.025641879 -0.003621754 0.047125597 -0.080250800 -0.020160461 0.995455921
1341845709.341728 0.023211388 0.026659025 -0.003772908 0.047163315 -0.080554910 -0.019577717 0.995441198
1341845709.373776 0.023658615 0.026992215 -0.004078561 0.046070796 -0.080507174 -0.019369492 0.995500326
1341845709.409657 0.023438096 0.028286725 -0.003940961 0.044727515 -0.080317184 -0.018506017 0.995593309
1341845709.442072 0.021613985 0.028559266 -0.005416539 0.042577855 -0.079911999 -0.016524792 0.995755017
1341845709.473660 0.021516617 0.030027963 -0.004345506 0.041635547 -0.080609843 -0.015442755 0.995756030
1341845709.509632 0.020762427 0.030817041 -0.004615764 0.040209230 -0.079912692 -0.015312171 0.995872855
1341845709.541673 0.020529997 0.030755272 -0.005218355 0.038012110 -0.080702811 -0.014511282 0.995907426
1341845709.578645 0.019861802 0.030456185 -0.005218866 0.036986541 -0.081662953 -0.014922430 0.995861650
1341845709.609672 0.018097498 0.031247726 -0.004981936 0.037003923 -0.082111195 -0.015899027 0.995809078
1341845709.642057 0.017978279 0.030968938 -0.005046846 0.036690734 -0.083173767 -0.015746923 0.995734930
1341845709.677625 0.017915417 0.031557675 -0.006370253 0.036297735 -0.083909787 -0.015707940 0.995688140
1341845709.709730 0.020564718 0.029838949 -0.004979816 0.035111118 -0.085628308 -0.016015062 0.995579481
1341845709.745593 0.019362545 0.030946290 -0.006132856 0.034954775 -0.084815800 -0.016318852 0.995649576
1341845709.777709 0.018357711 0.029946592 -0.006374423 0.033958972 -0.084645107 -0.015219353 0.995716035
1341845709.809687 0.020089541 0.030917155 -0.006996030 0.034584634 -0.085473627 -0.016264852 0.995607138
1341845709.845686 0.021398872 0.031132726 -0.006118827 0.034640834 -0.084380955 -0.018129297 0.995666206
1341845709.878752 0.020530118 0.029920345 -0.005959101 0.033943828 -0.082188338 -0.019650964 0.995844722
1341845709.909693 0.017988784 0.028519006 -0.006456391 0.034093019 -0.080680095 -0.018633416 0.995982528
1341845709.945663 0.017936192 0.027960055 -0.007021273 0.035569508 -0.081777252 -0.018168774 0.995850027
1341845709.977698 0.018950054 0.028067917 -0.008062257 0.036926791 -0.082354791 -0.017989846 0.995756209
1341845710.013739 0.020012381 0.027881762 -0.006741381 0.037533186 -0.082281671 -0.018515894 0.995729983
1341845710.045754 0.018963370 0.027941097 -0.007113839 0.038301852 -0.081220366 -0.018743409 0.995783567
1341845710.077705 0.018740913 0.028956795 -0.006866036 0.038928121 -0.081594169 -0.019285636 0.995718360
1341845710.113730 0.019841487 0.028927099 -0.006310585 0.038973983 -0.081828222 -0.019314935 0.995696783
1341845710.145759 0.018093525 0.028458370 -0.007105260 0.038775984 -0.080944523 -0.018792326 0.995786726
1341845710.177824 0.017673086 0.027747029 -0.008226089 0.038875051 -0.081485607 -0.018761057 0.995739341
1341845710.213581 0.018411517 0.028218245 -0.007954959 0.039472900 -0.081899054 -0.018724741 0.995682597
1341845710.245636 0.017323503 0.026778378 -0.007508611 0.039613858 -0.081556626 -0.019268189 0.995694697
1341845710.281582 0.016473494 0.026706344 -0.008704440 0.041540358 -0.082929142 -0.020954017 0.995468795
1341845710.313617 0.018588308 0.028085768 -0.008588912 0.042638261 -0.084475346 -0.021094942 0.995289326
1341845710.345643 0.017620256 0.027346276 -0.008207134 0.042316444 -0.083532043 -0.020051753 0.995404243
1341845710.381860 0.016112082 0.026561875 -0.008917728 0.042648967 -0.083356097 -0.020336591 0.995399058
1341845710.413817 0.019737944 0.027950723 -0.007311402 0.043721717 -0.085463554 -0.020106351 0.995178461
1341845710.445824 0.020018283 0.027507197 -0.007597462 0.042873606 -0.084948979 -0.018926086 0.995282531
1341845710.481794 0.019258678 0.027194558 -0.007058456 0.042644948 -0.085535876 -0.019132907 0.995238125
1341845710.513650 0.020212339 0.027264711 -0.007276606 0.042735517 -0.086065255 -0.018822329 0.995194554
1341845710.549635 0.018668121 0.026287660 -0.006945576 0.042789824 -0.085490271 -0.017518854 0.995265543
1341845710.581654 0.018976729 0.025875153 -0.008142260 0.043737058 -0.085921288 -0.018338233 0.995172501
1341845710.613694 0.019198069 0.026746491 -0.007797163 0.044093452 -0.085647769 -0.017421251 0.995196819
1341845710.649564 0.018188640 0.025671378 -0.007631841 0.043934450 -0.085069902 -0.016886557 0.995262623
1341845710.681648 0.019584561 0.026488824 -0.007679529 0.045130815 -0.085822411 -0.017265981 0.995137990
1341845710.713728 0.020901760 0.026461726 -0.006369174 0.045368630 -0.085841633 -0.016984263 0.995130360
1341845710.749785 0.020239737 0.025680024 -0.006715838 0.045248654 -0.084912010 -0.016075939 0.995230675
1341845710.781816 0.020654345 0.025679676 -0.006935571 0.045906268 -0.085176222 -0.016608970 0.995169222
1341845710.817567 0.021419775 0.026583763 -0.006811840 0.046436764 -0.084937371 -0.017176433 0.995155394
1341845710.850205 0.021388162 0.026432713 -0.006491871 0.045835961 -0.084158458 -0.015805766 0.995272100
1341845710.882136 0.020515658 0.026127534 -0.006146775 0.045481358 -0.084254183 -0.015287944 0.995288372
1341845710.917631 0.022174818 0.026111064 -0.006370062 0.045471631 -0.085118681 -0.015692972 0.995208979
1341845710.950281 0.021809764 0.025758425 -0.006057324 0.045153238 -0.083937004 -0.015415174 0.995328188
1341845710.985647 0.020408951 0.024144843 -0.006366059 0.045650590 -0.084190927 -0.015398956 0.995284259
1341845711.017722 0.020979879 0.025957692 -0.006700084 0.047845948 -0.085749872 -0.017210122 0.995018363
1341845711.049965 0.025220621 0.027596069 -0.006345903 0.047340501 -0.086040571 -0.018153790 0.995000720
1341845711.085583 0.022777192 0.025948348 -0.005164661 0.045516949 -0.082541607 -0.017984129 0.995385170
1341845711.117670 0.020246029 0.025603337 -0.006229799 0.046121765 -0.082393788 -0.017848637 0.995372057
1341845711.149770 0.023760252 0.026745003 -0.005822266 0.046847228 -0.084428981 -0.016870851 0.995184660
1341845711.191691 0.023345212 0.026445176 -0.005550999 0.045585267 -0.082861237 -0.016542198 0.995380521
1341845711.218829 0.020906566 0.024578201 -0.005826952 0.045428827 -0.081800714 -0.017300924 0.995462477
1341845711.253627 0.020121297 0.026659038 -0.006499898 0.046747953 -0.083492897 -0.017126162 0.995263934
1341845711.285627 0.023380959 0.027222177 -0.006029014 0.046016064 -0.085335843 -0.017038317 0.995143235
1341845711.317874 0.023547392 0.027271282 -0.005053498 0.045379829 -0.084596239 -0.017266555 0.995231628
1341845711.353756 0.023536570 0.029108940 -0.005953250 0.044901982 -0.083651878 -0.019215032 0.995297432
1341845711.385687 0.024499081 0.027818883 -0.005257701 0.042768504 -0.082245059 -0.019573776 0.995501637
1341845711.417635 0.021131091 0.026402198 -0.005800758 0.041789353 -0.080299184 -0.019182559 0.995709658
1341845711.453809 0.020054555 0.024982601 -0.006405772 0.042191241 -0.081298172 -0.018168753 0.995630682
1341845711.485895 0.023078939 0.026566288 -0.005479892 0.043557569 -0.083519191 -0.017178860 0.995405555
1341845711.521704 0.023091082 0.026829191 -0.004894939 0.044146378 -0.082968615 -0.016318690 0.995440066
1341845711.553696 0.023083543 0.026185041 -0.006798177 0.044322934 -0.082622990 -0.016418055 0.995459378
1341845711.585708 0.025132595 0.028157184 -0.005172806 0.044530127 -0.082807943 -0.016867751 0.995427191
1341845711.621659 0.025069064 0.025970340 -0.005294883 0.042795412 -0.081442192 -0.017135423 0.995611429
1341845711.653731 0.023757786 0.026116489 -0.005841464 0.043057796 -0.081264928 -0.016655335 0.995622754
1341845711.685758 0.024352262 0.027100492 -0.005424623 0.043562327 -0.081742361 -0.016085627 0.995571077
1341845711.721850 0.024039378 0.026732109 -0.005764456 0.043710563 -0.081350692 -0.015212418 0.995610356
1341845711.754323 0.022229876 0.027185842 -0.005864583 0.044328559 -0.081292048 -0.014618570 0.995596766
1341845711.789716 0.023578193 0.027526392 -0.005489726 0.044728331 -0.082883619 -0.014572473 0.995448291
1341845711.821820 0.023344046 0.027140556 -0.005145572 0.044597689 -0.082548924 -0.014611401 0.995481372
1341845711.854173 0.024196954 0.027434580 -0.004963065 0.045158915 -0.082664616 -0.015509748 0.995432913
1341845711.889875 0.025960227 0.028066987 -0.005224603 0.044737615 -0.081988819 -0.016334290 0.995494604
1341845711.923959 0.025589526 0.028465012 -0.005524040 0.044201516 -0.079643205 -0.016702238 0.995702863
1341845711.957595 0.023300730 0.028070094 -0.005859800 0.043253228 -0.078274615 -0.017916840 0.995831907
1341845711.989820 0.026232405 0.028963935 -0.004082199 0.043093871 -0.078944840 -0.019259784 0.995760858
1341845712.021796 0.023096936 0.027710011 -0.005130557 0.041798778 -0.076537624 -0.017995957 0.996027589
1341845712.057899 0.024211738 0.028191261 -0.006014646 0.041583467 -0.077652954 -0.016744375 0.995972097
1341845712.090038 0.027095247 0.029283289 -0.005779362 0.041134968 -0.077808753 -0.019801902 0.995922506
1341845712.127587 0.025302043 0.028947698 -0.005998376 0.039544899 -0.074648693 -0.020529104 0.996213973
1341845712.164065 0.019577321 0.026418060 -0.006700145 0.038678586 -0.073908150 -0.018677691 0.996339679
1341845712.195638 0.022835763 0.028346801 -0.006202139 0.041140486 -0.078560673 -0.018086767 0.995895863
1341845712.225662 0.026178440 0.029685803 -0.005972788 0.041068412 -0.078760691 -0.019463835 0.995857060
1341845712.257830 0.024372637 0.028281284 -0.006410950 0.039772850 -0.075839542 -0.021045525 0.996104181
1341845712.289935 0.022185119 0.027274888 -0.007269862 0.039562799 -0.075317651 -0.020757575 0.996158183
