1341845689.969679 -0.023566850 0.012073776 -0.030688703 0.013116631 -0.049516290 -0.005250232 0.998673379
1341845690.003830 -0.024367362 0.012478733 -0.030677317 0.013137172 -0.049100015 -0.005920564 0.998689890
1341845690.037686 -0.026455931 0.010978200 -0.031009993 0.012612720 -0.048507839 -0.007070560 0.998718143
1341845690.069636 -0.023129042 0.012984945 -0.030334316 0.013891560 -0.049643729 -0.007250345 0.998644054
1341845690.106587 -0.024977293 0.012526594 -0.031304758 0.013444164 -0.049347810 -0.006699253 0.998668671
1341845690.138859 -0.023697363 0.013115198 -0.030193452 0.013605043 -0.050307654 -0.007837603 0.998610318
1341845690.169919 -0.023359148 0.013649362 -0.030816106 0.013953452 -0.049653027 -0.007163777 0.998643339
1341845690.206103 -0.025897427 0.013054753 -0.033498541 0.013028634 -0.048669133 -0.006833382 0.998706579
1341845690.237700 -0.026592283 0.011745143 -0.031397276 0.011937969 -0.048953079 -0.007089538 0.998704553
1341845690.269981 -0.029603256 0.011886355 -0.032269094 0.012762799 -0.048825264 -0.007850060 0.998694956
1341845690.306143 -0.029257763 0.013206614 -0.033571213 0.013605942 -0.050034642 -0.009239421 0.998612046
1341845690.338646 -0.030057516 0.014431238 -0.034494396 0.013292585 -0.049859200 -0.008458395 0.998631954
1341845690.373833 -0.028849617 0.014255209 -0.033127222 0.012230882 -0.050968029 -0.008346651 0.998590529
1341845690.405976 -0.026446618 0.014270798 -0.031795558 0.012457955 -0.052200936 -0.009926139 0.998509526
1341845690.437908 -0.028670305 0.013245923 -0.033440627 0.011862022 -0.050583411 -0.009526259 0.998603940
1341845690.473654 -0.025067694 0.011812939 -0.031532064 0.011244562 -0.053138249 -0.007915100 0.998492479
1341845690.505978 -0.030141609 0.013271620 -0.031590398 0.012639983 -0.052410021 -0.009062964 0.998504519
1341845690.537884 -0.020131372 0.015004842 -0.029608421 0.013443552 -0.056725048 -0.009307282 0.998255968
1341845690.573708 -0.028939612 0.014572051 -0.032496251 0.012669058 -0.051395390 -0.009939083 0.998548567
1341845690.605848 -0.029091410 0.012835232 -0.031333003 0.011758281 -0.051038783 -0.008083140 0.998594761
1341845690.641747 -0.021659480 0.013449822 -0.030074935 0.012866848 -0.054890934 -0.007780047 0.998379171
1341845690.673751 -0.028295962 0.012280971 -0.032157816 0.012448135 -0.050942205 -0.009194203 0.998581707
1341845690.706003 -0.027229736 0.011363202 -0.030420160 0.012336935 -0.050044935 -0.009268504 0.998627782
1341845690.741684 -0.028018406 0.011209155 -0.032327775 0.013012765 -0.049218085 -0.009914920 0.998654068
1341845690.773770 -0.026753530 0.011482349 -0.031091655 0.013441302 -0.049063709 -0.009987908 0.998655260
1341845690.805715 -0.026730517 0.011317193 -0.030734580 0.013787228 -0.048143558 -0.008552176 0.998708665
1341845690.841674 -0.019907350 0.015731499 -0.028300395 0.016054222 -0.050484646 -0.008086830 0.998563051
1341845690.873770 -0.025412407 0.011218305 -0.031661842 0.013684478 -0.047060441 -0.008683131 0.998760521
1341845690.909837 -0.024971556 0.010110564 -0.029685739 0.012715996 -0.046761602 -0.007357744 0.998798013
1341845690.941576 -0.025431298 0.011007195 -0.030326257 0.012971790 -0.046316732 -0.007175010 0.998816788
1341845690.973879 -0.025027307 0.010705465 -0.029086476 0.012942925 -0.046039879 -0.006987359 0.998831332
1341845691.011558 -0.025630157 0.011397809 -0.030415686 0.013069104 -0.044899039 -0.006345765 0.998885930
1341845691.041642 -0.024801496 0.010809018 -0.029507432 0.012801955 -0.045016509 -0.006060661 0.998885810
1341845691.077986 -0.025098791 0.010843359 -0.030311478 0.013423711 -0.045240730 -0.007737927 0.998855948
1341845691.109685 -0.024283152 0.010794238 -0.029707227 0.013768652 -0.044560216 -0.006900270 0.998887956
1341845691.141759 -0.023143819 0.010728758 -0.027242063 0.014298869 -0.044186659 -0.006446672 0.998900175
1341845691.177729 -0.023863317 0.010494200 -0.029428564 0.014927939 -0.044194520 -0.008610217 0.998874307
1341845691.209644 -0.024036834 0.010431488 -0.029774755 0.014904215 -0.044017825 -0.010171212 0.998867810
1341845691.241757 -0.023492098 0.010773847 -0.029074788 0.014975728 -0.043007117 -0.010733207 0.998904884
1341845691.277595 -0.023630239 0.010292123 -0.028999293 0.015675446 -0.043323103 -0.009275409 0.998895049
1341845691.310138 -0.025291132 0.010398874 -0.032016370 0.016122932 -0.044268746 -0.010395180 0.998835444
1341845691.345620 -0.024909176 0.010903262 -0.031411644 0.016381938 -0.043505222 -0.012429605 0.998841524
1341845691.378062 -0.024382988 0.010378673 -0.030061137 0.016630517 -0.041825194 -0.013338745 0.998897493
1341845691.451922 -0.025694937 0.011020815 -0.033071965 0.017037842 -0.040813718 -0.014511167 0.998916149
1341845691.478799 -0.024664855 0.010500137 -0.031761866 0.015597193 -0.039984763 -0.013303866 0.998989999
1341845691.509739 -0.024689034 0.010076109 -0.031539619 0.016044445 -0.039633740 -0.014239174 0.998983979
1341845691.545833 -0.026548989 0.010513801 -0.034786887 0.016461195 -0.038982134 -0.016453246 0.998968840
1341845691.578399 -0.026331201 0.010865787 -0.034712810 0.015659340 -0.037690304 -0.018472813 0.998995960
1341845691.613857 -0.024452318 0.011017740 -0.030581251 0.015976958 -0.035573781 -0.023141665 0.998971283
1341845691.645632 -0.024705077 0.010207367 -0.031347696 0.016723081 -0.032501563 -0.024546923 0.999030232
1341845691.677793 -0.017467175 0.013433519 -0.029975198 0.018964775 -0.035814192 -0.022078829 0.998934567
1341845691.713727 -0.017899148 0.013367969 -0.030710202 0.019293301 -0.037123784 -0.019858062 0.998927057
1341845691.746050 -0.025759719 0.010688731 -0.033203088 0.018755550 -0.033544853 -0.022604682 0.999005497
1341845691.778411 -0.027039306 0.010451056 -0.035861406 0.017214550 -0.030157851 -0.022968862 0.999132931
1341845691.813646 -0.025101190 0.010250732 -0.032974273 0.015936388 -0.030250350 -0.021041609 0.999193788
1341845691.845603 -0.025393676 0.010083610 -0.033053126 0.015936106 -0.031315368 -0.020014210 0.999182105
1341845691.881595 -0.012580353 0.015212625 -0.029090667 0.018439341 -0.037652202 -0.020422289 0.998912036
1341845691.913600 -0.011475879 0.015322837 -0.026587665 0.018566959 -0.037175249 -0.019959265 0.998936892
1341845691.945997 -0.025093073 0.009513331 -0.030761465 0.016726140 -0.032049533 -0.018111490 0.999182165
1341845691.981657 -0.025613710 0.010502945 -0.031195896 0.019219490 -0.036581405 -0.016466377 0.999010146
1341845692.013904 -0.024321347 0.010053070 -0.030972186 0.020768840 -0.040835354 -0.014451465 0.998845458
1341845692.049676 -0.024656484 0.009869643 -0.031473674 0.021201802 -0.041373074 -0.013838468 0.998822927
1341845692.081862 -0.024984868 0.010409206 -0.031750895 0.021939496 -0.042160045 -0.012896667 0.998786688
1341845692.113695 -0.025930639 0.009898264 -0.033545900 0.022338208 -0.042729583 -0.015147801 0.998722017
1341845692.149736 -0.025039544 0.010152999 -0.033273764 0.022071717 -0.042122953 -0.015811816 0.998743474
1341845692.182123 -0.024823306 0.010249267 -0.032907475 0.023336176 -0.041510180 -0.015262516 0.998748899
1341845692.213661 -0.025066158 0.009694247 -0.033856761 0.023887990 -0.041830160 -0.014307253 0.998736620
1341845692.249828 -0.025530027 0.009822489 -0.034964409 0.023911728 -0.041389372 -0.015036328 0.998743713
1341845692.282146 -0.024965962 0.009396493 -0.034001626 0.023184486 -0.040746253 -0.015027009 0.998787463
1341845692.317711 -0.025143104 0.009400314 -0.034209285 0.022827869 -0.041491695 -0.014919080 0.998766601
1341845692.349688 -0.011639853 0.012422184 -0.028567554 0.024725884 -0.048990425 -0.013521416 0.998401582
1341845692.381560 -0.011295952 0.012691932 -0.028267950 0.026338460 -0.049052607 -0.015602252 0.998326957
1341845692.417776 -0.024893615 0.009135910 -0.032798301 0.025708260 -0.042517632 -0.017343756 0.998614311
1341845692.449672 -0.025008563 0.009171804 -0.033050291 0.026240565 -0.042537276 -0.018454254 0.998579741
1341845692.481594 -0.010315974 0.010638020 -0.032624714 0.027994856 -0.049177412 -0.018187929 0.998231947
1341845692.517778 -0.010111519 0.010852740 -0.032199364 0.029394075 -0.049470425 -0.017988881 0.998180866
1341845692.549744 -0.026207741 0.009498589 -0.035331629 0.030077456 -0.042585641 -0.020181779 0.998436034
1341845692.585822 -0.025794979 0.009379840 -0.034330625 0.030252155 -0.042757083 -0.021093301 0.998404562
1341845692.617836 -0.009822744 0.010745907 -0.029320726 0.031410094 -0.048934359 -0.019345663 0.998120487
1341845692.649770 -0.010364313 0.010714895 -0.030523669 0.032081086 -0.048735026 -0.018518262 0.998124599
1341845692.685749 -0.025361160 0.012605654 -0.035600711 0.033106811 -0.042923745 -0.021158680 0.998305500
1341845692.717676 -0.025174830 0.012665743 -0.035005033 0.033309318 -0.042674974 -0.021356443 0.998305202
1341845692.749897 -0.009638025 0.007948902 -0.031592213 0.031504951 -0.048279054 -0.018191909 0.998171151
1341845692.785833 -0.006450888 0.006001125 -0.031674936 0.031397998 -0.050523166 -0.017629016 0.998073518
1341845692.817657 -0.009711877 0.009142991 -0.033434983 0.034064759 -0.049633514 -0.022782689 0.997926354
1341845692.853833 -0.008328280 0.009453288 -0.033988744 0.034982555 -0.048670944 -0.023959445 0.997914493
1341845692.885614 -0.010859895 0.007985214 -0.033712316 0.036098257 -0.047684468 -0.024193734 0.997916698
1341845692.917728 -0.010971293 0.008243476 -0.034363020 0.037101261 -0.048251837 -0.025262913 0.997826159
1341845692.953573 -0.008641473 0.007565024 -0.032872964 0.037689950 -0.048650440 -0.025220081 0.997785807
1341845692.985667 -0.009235418 0.006851753 -0.033792421 0.038796894 -0.047717877 -0.025894100 0.997771144
1341845693.017585 -0.009159894 0.007623843 -0.035273351 0.038957294 -0.048010558 -0.026017969 0.997747660
1341845693.053684 -0.008492999 0.008082065 -0.038718168 0.039027467 -0.047174364 -0.026108706 0.997782409
1341845693.086059 -0.009166098 0.008278687 -0.038963597 0.040045351 -0.046706975 -0.025487512 0.997780144
1341845693.121690 -0.010466918 0.007846377 -0.034848109 0.040156696 -0.047969233 -0.023552416 0.997763336
1341845693.153852 -0.011145308 0.008579100 -0.035991773 0.039479695 -0.048359323 -0.024681617 0.997744203
1341845693.185655 -0.007025459 0.009289634 -0.034463868 0.038941428 -0.048542101 -0.024833815 0.997752726
1341845693.221687 -0.009233026 0.008748161 -0.036009967 0.038750716 -0.047171615 -0.022174641 0.997888505
1341845693.254518 -0.009791869 0.008715819 -0.035778243 0.039428402 -0.049999043 -0.020476699 0.997760594
1341845693.289735 -0.007222687 0.010486976 -0.037505798 0.040218230 -0.051112827 -0.022228757 0.997635126
1341845693.321741 -0.006028148 0.009589456 -0.037641015 0.039133012 -0.046784412 -0.021628819 0.997903824
1341845693.353715 -0.006645061 0.009216388 -0.035820249 0.039221354 -0.043601792 -0.019467648 0.998088956
1341845693.389830 -0.008344515 0.010389871 -0.037795547 0.039939430 -0.041468613 -0.020113710 0.998138607
1341845693.421993 -0.007930594 0.009730427 -0.037726250 0.039834071 -0.039390244 -0.020409187 0.998220980
1341845693.453700 -0.006292756 0.009276727 -0.037052590 0.040030222 -0.038788613 -0.022322902 0.998195708
1341845693.489783 -0.006610623 0.008598859 -0.034886044 0.040805593 -0.037276156 -0.022842031 0.998210192
1341845693.522084 -0.007598272 0.007464910 -0.034535192 0.042359848 -0.037838619 -0.022221688 0.998138249
1341845693.557666 -0.006914069 0.008567113 -0.034595445 0.044620249 -0.039252967 -0.023756517 0.997949839
1341845693.589792 -0.005221590 0.008071401 -0.035069719 0.045161746 -0.040449239 -0.024307836 0.997864425
1341845693.622158 -0.006375729 0.009782612 -0.034835257 0.046048123 -0.038705338 -0.025059009 0.997874498
1341845693.657659 -0.007121054 0.010387252 -0.035811670 0.045757439 -0.037687603 -0.024438458 0.997942209
1341845693.689929 -0.005160107 0.011262092 -0.036196996 0.045498710 -0.037900962 -0.023999033 0.997956634
1341845693.721602 -0.005015189 0.012569405 -0.036652230 0.043774933 -0.036351897 -0.025662554 0.998049974
1341845693.757636 -0.006178698 0.011059700 -0.036343079 0.041074619 -0.035290916 -0.024640599 0.998228550
1341845693.789776 -0.006724239 0.011249166 -0.036389198 0.040274572 -0.036009088 -0.023499018 0.998263061
1341845693.825637 -0.006708352 0.012166605 -0.036405303 0.039086893 -0.036290150 -0.023908697 0.998290360
1341845693.857724 -0.006647456 0.010968663 -0.034902681 0.037863411 -0.036359821 -0.023162713 0.998352528
1341845693.889741 -0.005964223 0.011622963 -0.034679819 0.038778983 -0.036483418 -0.021729456 0.998345137
1341845693.925573 -0.007170259 0.011707689 -0.033899061 0.038172580 -0.035606924 -0.020493299 0.998426259
1341845693.957722 -0.006715752 0.010894483 -0.034407225 0.038588621 -0.035401639 -0.020071594 0.998426139
1341845693.990410 -0.005751793 0.011419414 -0.034548219 0.039635468 -0.034912955 -0.020280713 0.998398125
1341845694.025740 -0.003724675 0.011644738 -0.035504226 0.040113635 -0.034064420 -0.021058418 0.998392224
1341845694.057728 -0.004759014 0.010869829 -0.035086002 0.040591851 -0.032651771 -0.021257926 0.998415887
1341845694.093631 -0.004750574 0.010059934 -0.033990044 0.041614782 -0.033275120 -0.020136254 0.998376429
1341845694.125598 -0.004220610 0.010179956 -0.034783777 0.043297894 -0.033386372 -0.020983595 0.998283684
1341845694.157890 -0.004617289 0.010524951 -0.035513014 0.043926127 -0.032338247 -0.021688087 0.998275697
1341845694.193528 -0.005256762 0.008967427 -0.035439789 0.044153351 -0.031740446 -0.021902494 0.998280168
1341845694.226254 -0.006124851 0.010144282 -0.034107462 0.046090659 -0.031696770 -0.021963926 0.998192608
1341845694.261793 -0.003672591 0.009739487 -0.035755262 0.046275306 -0.031883642 -0.020329650 0.998212755
1341845694.293655 -0.004000824 0.009788636 -0.035274148 0.046722382 -0.032033641 -0.018748026 0.998218119
1341845694.325844 -0.005241571 0.009729513 -0.034934606 0.048216648 -0.033451609 -0.017098173 0.998130143
1341845694.361761 -0.006125948 0.009418719 -0.033427555 0.049717728 -0.035343654 -0.015150642 0.998022735
1341845694.393754 -0.004986826 0.008817459 -0.034354690 0.050191082 -0.037720878 -0.014780439 0.997917593
1341845694.425809 -0.005629711 0.009194605 -0.035316978 0.050326690 -0.038759492 -0.015218632 0.997864366
1341845694.461731 -0.005694259 0.010194350 -0.034795668 0.050568148 -0.039981648 -0.015381264 0.997801423
1341845694.493931 -0.004431486 0.012021684 -0.040217318 0.049607214 -0.039895039 -0.016547374 0.997834504
1341845694.529694 -0.004486768 0.012185293 -0.040626232 0.048380781 -0.039442386 -0.017473157 0.997896969
1341845694.561652 -0.005142597 0.011891221 -0.038738783 0.048300002 -0.040435754 -0.017650077 0.997857988
1341845694.595586 -0.005152634 0.011951297 -0.039235052 0.049247760 -0.042037256 -0.016417105 0.997766495
1341845694.629850 -0.005151116 0.011945818 -0.038536660 0.050435446 -0.044022929 -0.015574898 0.997635067
1341845694.661659 -0.003272698 0.011079763 -0.034714606 0.051977407 -0.045592640 -0.015443399 0.997487426
1341845694.693720 -0.002124072 0.012504794 -0.038478013 0.051736463 -0.041615356 -0.014270090 0.997691274
1341845694.735664 -0.002914572 0.012408801 -0.037014224 0.049667969 -0.034042124 -0.012305614 0.998109579
1341845694.767988 -0.003877836 0.013131685 -0.034907047 0.048304308 -0.028102506 -0.010879526 0.998377979
1341845694.803611 0.006275580 0.012383574 -0.038557548 0.045746528 -0.026658526 -0.008196058 0.998563647
1341845694.835585 0.005237087 0.012243605 -0.037302591 0.045015473 -0.022279073 -0.006802198 0.998714685
1341845694.867728 -0.002460797 0.015503594 -0.035126723 0.045825519 -0.016294315 -0.008716330 0.998778522
1341845694.903566 -0.001098030 0.015248859 -0.032833200 0.043916453 -0.014339069 -0.007781320 0.998902023
1341845694.935679 0.000441464 0.012669662 -0.033118248 0.042794123 -0.013410059 -0.006056183 0.998975575
1341845694.967669 -0.000072128 0.013882364 -0.031368785 0.043891087 -0.011914623 -0.005451593 0.998950422
1341845695.003730 0.006841234 0.013091219 -0.033008132 0.043110359 -0.012494743 -0.002663597 0.998988628
1341845695.035689 0.006527843 0.013040368 -0.032813966 0.043178122 -0.008702055 -0.002785486 0.999025643
1341845695.072465 0.006629790 0.012012886 -0.031344723 0.042673394 -0.007484260 -0.001611482 0.999059737
1341845695.103895 0.006358686 0.011713444 -0.030162638 0.042893503 -0.009255614 -0.000592825 0.999036610
1341845695.135680 0.003791954 0.008811180 -0.032545194 0.042882714 -0.011184431 -0.001146815 0.999016821
1341845695.172193 0.003351257 0.004474386 -0.033847179 0.043680578 -0.016982362 -0.000246752 0.998901129
1341845695.203618 -0.000179930 0.009081081 -0.026398962 0.049107701 -0.023136765 -0.000398757 0.998525381
1341845695.235612 -0.000412893 0.008511472 -0.027126143 0.052890886 -0.030746398 -0.000566183 0.998126686
1341845695.271738 -0.000560109 0.008004648 -0.031214800 0.055149622 -0.036372382 -0.001528590 0.997814238
1341845695.303569 0.000918580 0.009891883 -0.029504484 0.057674062 -0.041210681 -0.002978075 0.997480094
1341845695.335657 -0.000852408 0.010176843 -0.031256672 0.058304060 -0.043981817 -0.004978270 0.997317135
1341845695.371706 -0.002758553 0.011368352 -0.035962235 0.059052765 -0.045636732 -0.008749201 0.997172713
1341845695.403745 -0.002657140 0.011529013 -0.036415555 0.059475385 -0.048717704 -0.011320022 0.996975958
1341845695.435657 0.000551465 0.010127857 -0.029661601 0.060445193 -0.053664334 -0.011668441 0.996659577
1341845695.471720 -0.000188507 0.010264992 -0.030755842 0.062015116 -0.057859641 -0.011216420 0.996333599
1341845695.503710 0.000229633 0.010491411 -0.031861663 0.061901402 -0.061428796 -0.010963434 0.996129751
1341845695.539693 -0.000158736 0.010841910 -0.032078736 0.061857924 -0.063631460 -0.013372513 0.995964766
1341845695.603908 0.000387175 0.010048515 -0.033730842 0.062371958 -0.066190735 -0.016669391 0.995716155
1341845695.633744 0.000713213 0.010308526 -0.034395091 0.061971050 -0.067731678 -0.016694522 0.995637119
1341845695.665980 0.000378914 0.010143788 -0.033991601 0.061487675 -0.069084711 -0.017086081 0.995567501
1341845695.701693 0.001003713 0.010726796 -0.033658363 0.061837308 -0.070677198 -0.016935134 0.995436609
1341845695.733686 0.001636421 0.011147466 -0.034899224 0.061567355 -0.071629517 -0.016476022 0.995392978
1341845695.769679 0.002388154 0.011277130 -0.035292979 0.061285514 -0.072083995 -0.016568465 0.995376050
1341845695.801697 0.001938601 0.011590903 -0.036756665 0.060036946 -0.071306109 -0.016170347 0.995514691
1341845695.833635 0.002011738 0.011465417 -0.036398109 0.059026025 -0.071162112 -0.015748896 0.995592177
1341845695.869766 0.001636437 0.011415144 -0.035947461 0.058769349 -0.070725821 -0.015119934 0.995648205
1341845695.901827 0.001820197 0.011881130 -0.036589518 0.057788856 -0.070679940 -0.013508284 0.995732009
1341845695.933900 0.001896612 0.011635018 -0.036342785 0.056333166 -0.070767947 -0.012832416 0.995818138
1341845695.969774 0.001888164 0.011548605 -0.036931623 0.055455569 -0.069939956 -0.012538157 0.995929658
1341845696.001940 0.001458646 0.011599799 -0.036145888 0.054837968 -0.069136150 -0.011926425 0.996027470
1341845696.037778 0.002085244 0.010856503 -0.034351490 0.053453833 -0.068588890 -0.009539050 0.996166229
1341845696.069962 0.001324312 0.010502633 -0.033586334 0.052127134 -0.068423316 -0.007479856 0.996265531
1341845696.102048 0.001979852 0.010880313 -0.034057252 0.052429903 -0.069638804 -0.005829542 0.996176422
1341845696.137759 0.002197155 0.010996019 -0.034209725 0.051872443 -0.070093036 -0.005728256 0.996174335
1341845696.169934 0.003685478 0.011650559 -0.035102461 0.051220492 -0.071084924 -0.005735936 0.996137798
1341845696.201602 0.003798346 0.012121256 -0.035685826 0.050571904 -0.071169339 -0.005982401 0.996163487
1341845696.237582 0.001206674 0.010634484 -0.034325164 0.048073903 -0.070036657 -0.007432443 0.996357620
1341845696.269654 0.001142915 0.010576021 -0.033670742 0.046859842 -0.070951164 -0.007903600 0.996347129
1341845696.305713 0.001175213 0.010676215 -0.035246037 0.046666037 -0.071698681 -0.007775841 0.996303678
1341845696.337790 0.000675813 0.010737799 -0.034308180 0.046300862 -0.071859471 -0.006750709 0.996316612
1341845696.369780 0.001294107 0.010683264 -0.035427362 0.045839608 -0.072829358 -0.005680489 0.996274233
1341845696.406019 0.001324700 0.010674105 -0.035427142 0.044367641 -0.073359728 -0.005783368 0.996301353
1341845696.437910 0.001176751 0.011291185 -0.035773642 0.042880144 -0.073329188 -0.005799982 0.996368647
1341845696.473667 0.001282807 0.011255249 -0.035978414 0.041477438 -0.072508983 -0.006046135 0.996486604
1341845696.505801 0.001060873 0.011300199 -0.035603076 0.039832361 -0.071739785 -0.005536818 0.996612310
1341845696.537879 0.001152376 0.011434990 -0.035469647 0.039282944 -0.071919560 -0.004768454 0.996625125
1341845696.573790 0.001424357 0.011403481 -0.036007658 0.038988281 -0.072838672 -0.003845681 0.996573985
1341845696.611644 0.004994704 0.013407093 -0.035736006 0.039654780 -0.074968211 -0.003103766 0.996392310
1341845696.648592 0.005138271 0.013404842 -0.036015227 0.039080542 -0.075479865 -0.002604938 0.996377826
1341845696.679660 0.006998432 0.015055344 -0.034970850 0.038681384 -0.076079682 -0.002507829 0.996347964
1341845696.705640 0.006653525 0.014777852 -0.034763772 0.036961801 -0.074939564 -0.002392924 0.996499956
1341845696.741801 0.003081328 0.012069622 -0.036191594 0.035433110 -0.072418511 -0.002823462 0.996740758
1341845696.773765 0.003251137 0.012589896 -0.036411665 0.035499331 -0.071459509 -0.002324938 0.996808887
1341845696.805698 0.003392252 0.012389574 -0.036556728 0.033924561 -0.071319364 -0.000662183 0.996876240
1341845696.841908 0.003960424 0.014609561 -0.038074370 0.034394223 -0.070549652 0.000428742 0.996915042
1341845696.873637 0.003963466 0.014930262 -0.038493402 0.033553354 -0.069182448 0.001396069 0.997038603
1341845696.905693 0.004578777 0.012695806 -0.036254797 0.031316530 -0.069069624 0.001106317 0.997119546
1341845696.941841 0.005655627 0.013148198 -0.037288651 0.030011469 -0.069071479 0.002350344 0.997157395
1341845696.973560 0.004853166 0.014262970 -0.037783165 0.029824413 -0.067685507 0.004445177 0.997250915
1341845697.009723 0.005913945 0.014673819 -0.038659599 0.029054420 -0.067722440 0.004770454 0.997269630
1341845697.041678 0.005063055 0.014221781 -0.038592927 0.027925538 -0.065843172 0.003826248 0.997431815
1341845697.073636 0.005735731 0.012980384 -0.036034744 0.027565226 -0.065602534 0.002976782 0.997460544
1341845697.109770 0.006146359 0.013491280 -0.037133470 0.027970547 -0.065064102 0.003001855 0.997484505
1341845697.141787 0.004556982 0.012356154 -0.036091611 0.026733903 -0.064090528 0.002912171 0.997581661
1341845697.173791 0.006041427 0.013235258 -0.036536388 0.027176056 -0.064479023 0.003603687 0.997542441
1341845697.209803 0.006414555 0.013888598 -0.037193734 0.027864864 -0.064354084 0.004076682 0.997529685
1341845697.241685 0.006159628 0.013647657 -0.037612930 0.027198792 -0.063855849 0.004170736 0.997579694
1341845697.277780 0.006362547 0.013610166 -0.037441384 0.026854785 -0.063793220 0.004445008 0.997591853
1341845697.309575 0.006316172 0.013330317 -0.037046794 0.026505297 -0.064125255 0.004917896 0.997577667
1341845697.342252 0.005741822 0.013379576 -0.036562130 0.026271101 -0.064124830 0.004759662 0.997584641
1341845697.377604 0.005694029 0.013394137 -0.036496688 0.026612213 -0.064233787 0.004507677 0.997569799
1341845697.409528 0.005600928 0.013365155 -0.036434472 0.026373167 -0.063779689 0.004223727 0.997606516
1341845697.441666 0.005321126 0.013420359 -0.035265148 0.026652293 -0.063472331 0.003898996 0.997619987
1341845697.477718 0.004944683 0.014062830 -0.035227004 0.027857075 -0.063533269 0.003993910 0.997582853
1341845697.509822 0.005020668 0.013051451 -0.035449367 0.027329508 -0.063515641 0.003203001 0.997601390
1341845697.545892 0.005235553 0.013497764 -0.035641354 0.027628476 -0.064013407 0.002984765 0.997562051
1341845697.577742 0.005495968 0.013442449 -0.035713062 0.028130678 -0.064789630 0.003601435 0.997495830
1341845697.609653 0.005975694 0.013699481 -0.036328048 0.028310081 -0.065658078 0.004327032 0.997431099
1341845697.645769 0.006087463 0.013856090 -0.036705364 0.027762963 -0.066119000 0.004855295 0.997413635
1341845697.677795 0.006268052 0.014045817 -0.036851719 0.027754070 -0.066089764 0.004559411 0.997417212
1341845697.713520 0.006085720 0.014212180 -0.036976889 0.027314512 -0.065829188 0.004514351 0.997446775
1341845697.745975 0.005962946 0.014218035 -0.036412846 0.026847864 -0.066198595 0.005063844 0.997432351
1341845697.777683 0.006515365 0.014187795 -0.036895618 0.026415642 -0.066797428 0.005653610 0.997400820
1341845697.813673 0.006690740 0.014440214 -0.037894081 0.025778370 -0.066631153 0.005286553 0.997430623
1341845697.845793 0.006273452 0.014423074 -0.037286375 0.024439486 -0.065999985 0.005440947 0.997505426
1341845697.877887 0.005871183 0.013886079 -0.036674004 0.023191670 -0.066065125 0.005607507 0.997529984
1341845697.913637 0.005563673 0.013973563 -0.036214128 0.022920759 -0.066125095 0.004975947 0.997535586
1341845697.945734 0.005929101 0.013961448 -0.036183368 0.022339625 -0.066227853 0.004245690 0.997545362
1341845697.981763 0.005554815 0.013767790 -0.036144834 0.021908093 -0.066024579 0.003660943 0.997570753
1341845698.013639 0.005315341 0.013849268 -0.035401128 0.022145594 -0.065821745 0.003358963 0.997579992
1341845698.045700 0.005750085 0.014309136 -0.035986438 0.022733163 -0.066018447 0.003384118 0.997553647
1341845698.081804 0.005529636 0.014111118 -0.036039900 0.022412805 -0.066533193 0.003332188 0.997526884
1341845698.113733 0.005796204 0.014144925 -0.036104862 0.022773476 -0.067111567 0.002982558 0.997481108
1341845698.145605 0.006361596 0.014061055 -0.037069432 0.023134397 -0.067522332 0.002589092 0.997446179
1341845698.181637 0.006094932 0.014483838 -0.036643546 0.023237951 -0.067413360 0.001911856 0.997452617
1341845698.213981 0.005057770 0.013885062 -0.035688061 0.023400189 -0.067833364 0.001557973 0.997420967
1341845698.249641 0.006213046 0.014675522 -0.036968905 0.024099749 -0.069456100 0.001638253 0.997292519
1341845698.281737 0.006755857 0.014696476 -0.037783816 0.022859573 -0.069808714 0.001633214 0.997297049
1341845698.313940 0.006392585 0.014368541 -0.037027694 0.022668248 -0.069867611 0.000439486 0.997298598
1341845698.349629 0.006251111 0.014633951 -0.036580093 0.023088565 -0.069738194 -0.000366862 0.997298002
1341845698.381667 0.006333039 0.014892894 -0.036637206 0.023211282 -0.070443690 0.000005330 0.997245669
1341845698.413724 0.006364374 0.014489614 -0.036742620 0.023410792 -0.071756236 0.000546658 0.997147262
1341845698.449543 0.006038941 0.014960656 -0.036385942 0.024001649 -0.073305383 0.000750686 0.997020364
1341845698.481693 0.006311114 0.015496357 -0.036962010 0.024087960 -0.074573442 0.000756196 0.996924281
1341845698.517644 0.006639974 0.015017765 -0.036912218 0.024078127 -0.075116530 -0.000190767 0.996883988
1341845698.549633 0.006498239 0.014953861 -0.036303062 0.024870651 -0.075845234 -0.001220193 0.996808589
1341845698.581773 0.006062096 0.014635813 -0.036987651 0.025276713 -0.076002337 -0.002866143 0.996783078
1341845698.617608 0.012477258 0.018666033 -0.033560369 0.027115328 -0.079028390 -0.001771572 0.996501923
1341845698.649887 0.012807949 0.018633004 -0.033475500 0.027739929 -0.079604223 -0.001828635 0.996438801
1341845698.685838 0.006433710 0.015333559 -0.037354041 0.027387554 -0.077224009 -0.003944290 0.996629715
1341845698.717744 0.007269118 0.016183196 -0.037959505 0.027232084 -0.077162057 -0.004040729 0.996638417
1341845698.749680 0.007175110 0.015971769 -0.037599541 0.026805952 -0.076798506 -0.003529722 0.996679962
1341845698.785826 0.007037036 0.015288951 -0.037613872 0.026333215 -0.076837718 -0.003212943 0.996690631
1341845698.817603 0.007207227 0.015182932 -0.037915826 0.025512628 -0.076754592 -0.003365303 0.996717870
1341845698.849705 0.007302243 0.015409645 -0.037773773 0.024631044 -0.076691777 -0.003893860 0.996742964
1341845698.885714 0.006750633 0.015586685 -0.038163614 0.024637122 -0.076488309 -0.004115041 0.996757567
1341845698.917723 0.006702094 0.015549014 -0.038263898 0.023758918 -0.076116510 -0.004380073 0.996806204
1341845698.953706 0.006292442 0.015256144 -0.037776157 0.022883829 -0.075640738 -0.004152270 0.996863842
1341845698.985694 0.006115481 0.014883338 -0.037482608 0.022201683 -0.075515836 -0.003848796 0.996889949
1341845699.017571 0.007513939 0.016587472 -0.038247593 0.021937059 -0.076622009 -0.003473243 0.996812820
1341845699.053593 0.007150918 0.015845345 -0.037831608 0.020339748 -0.076551452 -0.003877869 0.996850610
1341845699.086340 0.007487055 0.016333334 -0.038631666 0.018650960 -0.076430134 -0.003548718 0.996894181
1341845699.117688 0.007835343 0.016534070 -0.039244995 0.016895622 -0.076434501 -0.003547404 0.996925116
1341845699.153695 0.007028145 0.016200671 -0.038433034 0.015303222 -0.075739287 -0.003829761 0.997002840
1341845699.185845 0.007107086 0.015714295 -0.038360804 0.013904568 -0.075296253 -0.004639860 0.997053444
1341845699.221973 0.006976943 0.016061408 -0.038461700 0.013122593 -0.074906237 -0.004631360 0.997093499
1341845699.253571 0.007134576 0.016094116 -0.037839532 0.013114673 -0.075774655 -0.003957026 0.997030854
1341845699.285622 0.006453922 0.015633263 -0.037000928 0.013795662 -0.076601058 -0.003185721 0.996961296
1341845699.321906 0.007068188 0.016273377 -0.037968837 0.014617508 -0.077814117 -0.002062269 0.996858597
1341845699.354916 0.007095828 0.016330302 -0.037999716 0.014588763 -0.078438602 -0.001640155 0.996810853
1341845699.385859 0.007558667 0.016215812 -0.037719589 0.015071434 -0.078755051 -0.002831740 0.996776044
1341845699.421535 0.007666441 0.016154695 -0.038327720 0.015725402 -0.078111000 -0.003879457 0.996813059
1341845699.454093 0.012806073 0.019017799 -0.034370240 0.016645025 -0.079376467 -0.003533051 0.996699452
1341845699.489836 0.012457841 0.018846663 -0.033903129 0.016385363 -0.078614898 -0.003809576 0.996763110
1341845699.522001 0.012524396 0.019030606 -0.033665854 0.016927088 -0.079381295 -0.003084401 0.996695817
1341845699.556281 0.012716223 0.019265065 -0.034283463 0.017795714 -0.079786599 -0.002332890 0.996650398
1341845699.595416 0.012663165 0.019238615 -0.034704257 0.018209126 -0.079187714 -0.002157974 0.996691048
1341845699.628631 0.012826366 0.019236036 -0.034797288 0.017770313 -0.078173928 -0.003189621 0.996776223
1341845699.663810 0.007325374 0.015809216 -0.037419476 0.016158815 -0.075239651 -0.003432248 0.997028649
1341845699.696113 0.007668561 0.015696803 -0.037855849 0.016757434 -0.075200498 -0.002183529 0.997025251
1341845699.727683 0.007848036 0.016031915 -0.039104972 0.015336113 -0.074875027 -0.001626316 0.997073650
1341845699.763748 0.007353822 0.015839469 -0.038118396 0.013790441 -0.074131712 -0.002397048 0.997150183
1341845699.789808 0.007297732 0.015776575 -0.037570674 0.013931642 -0.073428079 -0.003228625 0.997197986
1341845699.821737 0.007495282 0.015721610 -0.037564315 0.013898099 -0.072788715 -0.002930853 0.997246206
1341845699.857825 0.007642332 0.016010070 -0.038006112 0.013657660 -0.073112831 -0.002954321 0.997225761
1341845699.889686 0.007716030 0.016246393 -0.038150407 0.014209996 -0.073459752 -0.003467791 0.997190893
1341845699.925749 0.008084009 0.015859943 -0.036814123 0.014337908 -0.073072456 -0.003534792 0.997217298
1341845699.957536 0.007533350 0.015642369 -0.036205057 0.014848578 -0.072622366 -0.002798953 0.997245073
1341845699.989671 0.007594919 0.015859393 -0.036359467 0.016200751 -0.073012032 -0.001949635 0.997197568
1341845700.025810 0.007411535 0.015797840 -0.037323408 0.017271025 -0.072920524 -0.002196756 0.997185767
1341845700.058133 0.007387644 0.015828822 -0.037378244 0.017837072 -0.072369784 -0.003133382 0.997213423
1341845700.090754 0.007313512 0.015624633 -0.037240766 0.017779769 -0.071811661 -0.003450728 0.997253716
1341845700.125852 0.007781244 0.016121650 -0.037628517 0.018253325 -0.072136477 -0.003778602 0.997220576
1341845700.157773 0.007729702 0.016153421 -0.037547115 0.019017916 -0.072114430 -0.004332087 0.997205615
1341845700.193533 0.007845324 0.016166322 -0.037783798 0.019135077 -0.071316086 -0.005055930 0.997257411
1341845700.225771 0.007708536 0.016120989 -0.037353653 0.019193515 -0.070482105 -0.005007222 0.997315824
1341845700.257669 0.007889954 0.016292626 -0.037714608 0.019564396 -0.070205450 -0.003838539 0.997333288
1341845700.293641 0.007921069 0.016230132 -0.037673686 0.019416800 -0.069979623 -0.003544070 0.997353137
1341845700.325714 0.007433273 0.015829101 -0.037437011 0.019428013 -0.069780365 -0.002875903 0.997369051
1341845700.357742 0.007840564 0.016276387 -0.037577923 0.019614317 -0.068974227 -0.002710075 0.997421920
1341845700.393681 0.007630002 0.016131314 -0.037330780 0.019080909 -0.067883983 -0.003888733 0.997503161
1341845700.425997 0.007715829 0.016157320 -0.037447929 0.018800827 -0.067608617 -0.004282387 0.997525573
1341845700.461682 0.008205160 0.016386539 -0.037908293 0.018870205 -0.067721948 -0.004415428 0.997515976
1341845700.493808 0.008440135 0.016450820 -0.038298178 0.018667921 -0.067614064 -0.004560800 0.997526467
1341845700.526106 0.007687095 0.016190870 -0.037031282 0.018366383 -0.067327209 -0.004995337 0.997549355
1341845700.562458 0.008647288 0.016407104 -0.036837477 0.017990503 -0.067542881 -0.003879116 0.997546613
1341845700.594110 0.009074255 0.016592937 -0.037468936 0.017812157 -0.067712978 -0.003148068 0.997540832
1341845700.626137 0.008497451 0.016532827 -0.038216952 0.017707106 -0.067549005 -0.003817215 0.997551501
1341845700.661872 0.009174489 0.016475722 -0.038248681 0.017281471 -0.066869363 -0.005183072 0.997598588
1341845700.693861 0.008420727 0.016152376 -0.037269015 0.016526988 -0.066387571 -0.005169146 0.997643650
1341845700.732394 0.008255810 0.016130019 -0.036296785 0.016662855 -0.067136794 -0.004232764 0.997595608
1341845700.767794 0.008203325 0.016068384 -0.036270801 0.017056061 -0.067193411 -0.003555126 0.997587800
1341845700.799058 0.008293934 0.016082799 -0.037022315 0.017390843 -0.066886097 -0.004081747 0.997600734
1341845700.829639 0.008604137 0.016348673 -0.037135739 0.017699150 -0.066957049 -0.004572837 0.997588336
1341845700.867749 0.009056911 0.016515978 -0.037857562 0.017632714 -0.066791169 -0.004620544 0.997600436
1341845700.897703 0.007924119 0.016117776 -0.036465302 0.017888684 -0.066653483 -0.003868410 0.997608304
1341845700.930007 0.007918159 0.016056657 -0.036580723 0.018607726 -0.067340039 -0.004249642 0.997547507
1341845700.961797 0.008343185 0.016155610 -0.036579192 0.018522192 -0.067243733 -0.005227549 0.997550905
1341845700.997752 0.008646611 0.016274091 -0.036027323 0.018433541 -0.067440636 -0.005116433 0.997539878
1341845701.029597 0.008459404 0.016228609 -0.035891518 0.018670166 -0.067800075 -0.005670518 0.997508109
1341845701.061618 0.008314150 0.016280718 -0.036748093 0.018847674 -0.068034612 -0.005965844 0.997487068
1341845701.097561 0.008301420 0.016165320 -0.037017163 0.019050345 -0.068202116 -0.005962493 0.997471809
1341845701.129741 0.008332693 0.016147083 -0.037144437 0.019048681 -0.067874365 -0.005607104 0.997496247
1341845701.165734 0.008271480 0.016211508 -0.037070300 0.018856240 -0.067685656 -0.005652604 0.997512460
1341845701.197714 0.008315992 0.016221888 -0.036309175 0.019530157 -0.068389066 -0.005825983 0.997450531
1341845701.230497 0.008827602 0.016378691 -0.037010919 0.019789159 -0.068829387 -0.006056667 0.997413754
1341845701.265852 0.008632746 0.016297478 -0.036713727 0.020150848 -0.069087729 -0.005632982 0.997391164
1341845701.297730 0.009107790 0.016518466 -0.037075914 0.021175407 -0.070221655 -0.005841540 0.997289538
1341845701.329611 0.009365343 0.016801195 -0.037517253 0.020980522 -0.069927469 -0.006477425 0.997310400
1341845701.365791 0.008721597 0.016426396 -0.036423497 0.020542404 -0.069503449 -0.007099562 0.997344911
1341845701.397757 0.008963147 0.016567668 -0.036736008 0.020224243 -0.069376409 -0.007284640 0.997358918
1341845701.433542 0.008697634 0.016456416 -0.036146976 0.019830773 -0.068947673 -0.006313931 0.997403145
1341845701.465617 0.008873879 0.016556615 -0.036448985 0.020037912 -0.069068044 -0.005309018 0.997396588
1341845701.497704 0.008733509 0.016488614 -0.036560435 0.019641845 -0.069174692 -0.004744505 0.997399867
1341845701.533597 0.008866376 0.016523123 -0.036702693 0.019382855 -0.069004931 -0.005060706 0.997415125
1341845701.565815 0.009508895 0.016759310 -0.037616648 0.019412326 -0.068646953 -0.005439044 0.997437298
1341845701.597762 0.009218229 0.016453173 -0.036688924 0.019215072 -0.068292081 -0.006167118 0.997461200
1341845701.633825 0.009174393 0.016561916 -0.036613438 0.019809622 -0.068483859 -0.005513696 0.997440279
1341845701.665709 0.009260057 0.016616564 -0.036793698 0.020518051 -0.068227671 -0.006070729 0.997440279
1341845701.701676 0.009612461 0.016745668 -0.036894064 0.021338107 -0.068096086 -0.005590214 0.997434914
1341845701.733527 0.009893700 0.016880348 -0.037320841 0.021981405 -0.068301395 -0.006122668 0.997403741
1341845701.765764 0.009456320 0.016637860 -0.036603428 0.021862686 -0.068109386 -0.006360142 0.997417986
1341845701.801701 0.009205902 0.016564650 -0.036349595 0.021785652 -0.067686170 -0.006377457 0.997448385
1341845701.833700 0.009453271 0.016669365 -0.036658186 0.022162357 -0.067756869 -0.006134130 0.997436821
1341845701.865775 0.009396964 0.016685631 -0.036578503 0.022309117 -0.067770526 -0.005667546 0.997435391
1341845701.901711 0.009483050 0.016797557 -0.036765385 0.022060916 -0.067327224 -0.005670242 0.997470915
1341845701.933585 0.009852087 0.016905064 -0.037075363 0.021821612 -0.067226067 -0.006294142 0.997479260
1341845701.969726 0.009673128 0.016766397 -0.036725435 0.021409988 -0.067347810 -0.006506379 0.997478604
1341845702.002544 0.009327497 0.016684301 -0.036590733 0.021442918 -0.066869177 -0.006600308 0.997509480
1341845702.034379 0.009180457 0.016726952 -0.036090091 0.021772634 -0.066561967 -0.006747128 0.997521877
1341845702.070436 0.009246886 0.016633615 -0.036878832 0.021887409 -0.066456750 -0.006987849 0.997524679
1341845702.101809 0.008987637 0.016381176 -0.036742222 0.022063550 -0.066801913 -0.006947564 0.997498035
1341845702.137663 0.008923459 0.016487708 -0.035893727 0.022331331 -0.067367584 -0.006786363 0.997455180
1341845702.169629 0.008830725 0.016481854 -0.036610641 0.023021905 -0.067370303 -0.007499079 0.997434199
1341845702.201769 0.008922065 0.016594723 -0.036531851 0.023039298 -0.066993207 -0.008153984 0.997454047
1341845702.237691 0.008690096 0.016443338 -0.035296060 0.023224855 -0.066510886 -0.008470198 0.997479379
1341845702.269760 0.008917503 0.016539807 -0.036699627 0.023509050 -0.066699333 -0.008382943 0.997460902
1341845702.301761 0.009032311 0.016541148 -0.036898073 0.023517717 -0.066318788 -0.009258044 0.997478306
1341845702.337713 0.009163171 0.016703321 -0.036991958 0.023159282 -0.065983944 -0.009054472 0.997510791
1341845702.369720 0.010227273 0.017430784 -0.034785472 0.023411021 -0.067110337 -0.008434114 0.997435212
1341845702.405655 0.010021138 0.017212085 -0.034449566 0.023310045 -0.066939674 -0.008680760 0.997446895
1341845702.437629 0.009839339 0.017213948 -0.033912774 0.023335496 -0.066283800 -0.008850947 0.997488618
1341845702.469691 0.007762912 0.015909202 -0.035758320 0.022999898 -0.064803906 -0.009404837 0.997588575
1341845702.506265 0.007627408 0.015925560 -0.035587732 0.023154594 -0.064869002 -0.008824561 0.997586071
1341845702.537648 0.008268133 0.016162205 -0.035587244 0.023231784 -0.065236785 -0.008071051 0.997566640
1341845702.569753 0.011248168 0.018004211 -0.033980478 0.024097241 -0.066950195 -0.006924608 0.997441232
1341845702.605685 0.011398426 0.018029138 -0.034123518 0.023628294 -0.067031130 -0.006740741 0.997448325
1341845702.637718 0.007578350 0.015736314 -0.035552740 0.022060949 -0.065098621 -0.007943715 0.997603297
1341845702.673733 0.008029188 0.016008442 -0.035762504 0.022225611 -0.065080971 -0.009174180 0.997590244
1341845702.705735 0.008521465 0.016175522 -0.036486935 0.021564862 -0.064802334 -0.009169821 0.997622967
1341845702.737648 0.008376963 0.016185949 -0.036731988 0.020639155 -0.063717298 -0.010322402 0.997701108
1341845702.773644 0.009470748 0.016684208 -0.037113894 0.018851675 -0.063751340 -0.010950958 0.997727633
1341845702.805893 0.008990112 0.016475966 -0.036466923 0.017833246 -0.062923007 -0.011981732 0.997787118
1341845702.837969 0.008742086 0.016229128 -0.037311751 0.016219361 -0.061880466 -0.013362640 0.997862279
1341845702.874009 0.009950258 0.016828623 -0.035567541 0.014774998 -0.061979666 -0.012647390 0.997887909
1341845702.908704 0.009775032 0.016727239 -0.035307866 0.014216965 -0.061763477 -0.012017194 0.997917175
1341845702.941673 0.009145266 0.016525919 -0.034329869 0.015129248 -0.061888099 -0.011260716 0.997904897
1341845702.973595 0.009645922 0.016894227 -0.034070481 0.017645171 -0.063511826 -0.009514773 0.997779667
1341845703.005769 0.009625595 0.016930548 -0.034130048 0.019115301 -0.064925149 -0.007899258 0.997675717
1341845703.041648 0.008936507 0.016543740 -0.036243256 0.020226629 -0.065112658 -0.008053013 0.997640371
1341845703.073714 0.010966082 0.017525356 -0.036057748 0.019540317 -0.065648429 -0.008983115 0.997610986
1341845703.109699 0.011661801 0.017895961 -0.037086748 0.017431691 -0.063882150 -0.010463119 0.997750342
1341845703.142006 0.010486039 0.016951963 -0.036494806 0.015653109 -0.062305182 -0.012267412 0.997859001
1341845703.173706 0.010668274 0.017410593 -0.035383046 0.014695773 -0.061840113 -0.012775523 0.997896075
1341845703.209732 0.010338722 0.017223971 -0.034646641 0.014584986 -0.061916567 -0.012572200 0.997895539
1341845703.242050 0.009716498 0.017072674 -0.033915721 0.015660876 -0.062025312 -0.012559017 0.997872651
1341845703.273874 0.010047948 0.017182900 -0.034266863 0.016298320 -0.062942684 -0.011324651 0.997819781
1341845703.309758 0.010855893 0.017658370 -0.034132861 0.017543904 -0.064018786 -0.010341688 0.997740865
1341845703.341850 0.010980710 0.017701749 -0.034220263 0.018100213 -0.064103566 -0.009740488 0.997731566
1341845703.377702 0.010843546 0.017735424 -0.034253303 0.018733803 -0.063280076 -0.011100237 0.997758269
1341845703.409585 0.010241346 0.017495416 -0.034977350 0.018923994 -0.062797941 -0.011506701 0.997780442
1341845703.441629 0.010322660 0.017466705 -0.034971368 0.018688438 -0.063123100 -0.012046250 0.997758031
1341845703.477741 0.010277779 0.017395934 -0.034863327 0.018663494 -0.063062318 -0.012260663 0.997759700
1341845703.509995 0.010220513 0.017403482 -0.034738202 0.018934842 -0.062919386 -0.012174964 0.997764707
1341845703.541800 0.011255329 0.018095266 -0.034421887 0.019959169 -0.063509636 -0.012761097 0.997700036
1341845703.577765 0.011173798 0.017977063 -0.034195874 0.019970072 -0.063626960 -0.013646480 0.997680604
1341845703.609650 0.010854920 0.017885864 -0.033893742 0.020354260 -0.063752577 -0.013986460 0.997660100
1341845703.651761 0.011207712 0.018041046 -0.034209300 0.020753782 -0.064294755 -0.013971339 0.997617304
1341845703.677758 0.011259515 0.018069057 -0.034406554 0.021082247 -0.065006964 -0.013302709 0.997573376
1341845703.709916 0.011150422 0.017941665 -0.034353741 0.020572303 -0.065395348 -0.013844459 0.997551262
1341845703.745719 0.011189781 0.017963633 -0.034595784 0.019432383 -0.064765610 -0.014936461 0.997599483
1341845703.777733 0.011228916 0.017943487 -0.034251515 0.018113507 -0.063856959 -0.015290588 0.997677505
1341845703.809711 0.011970202 0.018596921 -0.032848027 0.018141584 -0.063829854 -0.014963183 0.997683704
1341845703.845769 0.011990229 0.018576410 -0.032827482 0.017959338 -0.063983850 -0.014635972 0.997681975
1341845703.877728 0.012008274 0.018573940 -0.032946020 0.018080831 -0.064009704 -0.015356244 0.997667313
1341845703.913808 0.010091518 0.017368052 -0.034525342 0.016899494 -0.063006565 -0.014631985 0.997762740
1341845703.945653 0.009819441 0.017311558 -0.034067448 0.017273864 -0.062433265 -0.015415174 0.997780561
1341845703.977870 0.010286440 0.017507976 -0.034670830 0.017911810 -0.062279101 -0.015882861 0.997771621
1341845704.013637 0.012199416 0.018789520 -0.033108834 0.019095680 -0.063544959 -0.014363949 0.997692883
1341845704.045703 0.010979179 0.017975686 -0.033693295 0.019761782 -0.063394606 -0.014502909 0.997687399
1341845704.077666 0.010880296 0.017973281 -0.033516876 0.020327384 -0.063451342 -0.014058740 0.997678816
1341845704.113706 0.011075444 0.018128337 -0.033934552 0.020450767 -0.063084915 -0.014407822 0.997694552
1341845704.145681 0.011272342 0.018181063 -0.034102812 0.020032732 -0.062741905 -0.014767329 0.997719407
1341845704.181785 0.011046672 0.018026223 -0.033916503 0.019682283 -0.062274430 -0.015291399 0.997747779
1341845704.213778 0.011445155 0.018156935 -0.033178754 0.019497536 -0.062319804 -0.014628967 0.997758508
1341845704.245863 0.011296367 0.018081496 -0.032904003 0.019457730 -0.062301811 -0.014791697 0.997758031
1341845704.281578 0.011407587 0.018154817 -0.033287015 0.019085884 -0.062031202 -0.014254199 0.997789860
1341845704.313707 0.012690774 0.018712234 -0.031695873 0.018297369 -0.062084001 -0.013445891 0.997812569
1341845704.349873 0.012892602 0.018774360 -0.032055784 0.017719872 -0.060608443 -0.013491776 0.997913122
1341845704.381729 0.011398383 0.018121265 -0.033352144 0.016983572 -0.057983410 -0.014735267 0.998064280
1341845704.413817 0.012990687 0.018749977 -0.031710047 0.017031685 -0.057507802 -0.013488710 0.998108625
1341845704.449837 0.012769312 0.018666724 -0.031900812 0.016680270 -0.055955175 -0.013418050 0.998203754
1341845704.481600 0.012704556 0.018596856 -0.031685263 0.015806334 -0.054175060 -0.014320938 0.998303592
1341845704.513671 0.011642380 0.018337559 -0.031674094 0.016655872 -0.053364579 -0.013137246 0.998349726
1341845704.549869 0.012156125 0.017293291 -0.028159847 0.020774858 -0.054975279 -0.010759930 0.998213530
1341845704.581901 0.012794461 0.017616818 -0.027954614 0.024936302 -0.057506267 -0.008121714 0.998000622
1341845704.617838 0.011156636 0.017204225 -0.031235147 0.026648939 -0.057270125 -0.009658855 0.997956216
1341845704.650477 0.010843922 0.017198900 -0.031218093 0.027107904 -0.056948967 -0.011102425 0.997947276
1341845704.681708 0.010768074 0.016901873 -0.030493410 0.028222626 -0.057579860 -0.011539865 0.997875214
1341845704.717704 0.012318427 0.017917059 -0.029938739 0.030026319 -0.059772037 -0.011658059 0.997692227
1341845704.749702 0.012632381 0.018234950 -0.030420758 0.030361246 -0.060028046 -0.012225078 0.997659922
1341845704.781791 0.012674506 0.018237054 -0.030490503 0.029400049 -0.059396747 -0.014627866 0.997694194
1341845704.817744 0.012623125 0.017740648 -0.028976986 0.029833395 -0.060256001 -0.015378776 0.997618496
1341845704.849705 0.012210105 0.017751474 -0.030296657 0.031490546 -0.061824046 -0.016040161 0.997461200
1341845704.885675 0.011887146 0.017467845 -0.029674487 0.031422250 -0.062778138 -0.016018000 0.997404099
1341845704.917742 0.012162911 0.018045265 -0.030994115 0.031145340 -0.063239381 -0.016550085 0.997374952
1341845704.949746 0.012335587 0.018288847 -0.032020923 0.030636135 -0.063726597 -0.018080365 0.997333169
1341845704.985761 0.012253709 0.018338405 -0.032206889 0.029807797 -0.063875526 -0.018733922 0.997336686
1341845705.017537 0.012364391 0.018035812 -0.031702962 0.028898925 -0.064433999 -0.019487657 0.997313082
1341845705.049660 0.013149220 0.019213365 -0.033261877 0.028466353 -0.064957038 -0.019780017 0.997285843
1341845705.085710 0.013219333 0.018324273 -0.031748194 0.027608519 -0.065640450 -0.020077066 0.997259259
1341845705.117831 0.012779697 0.018904697 -0.032420862 0.027759003 -0.066136844 -0.020271275 0.997218370
1341845705.154005 0.013025139 0.019325951 -0.033096407 0.026495589 -0.066192314 -0.020383632 0.997246742
1341845705.185648 0.013175893 0.018921481 -0.032086685 0.025821038 -0.066055119 -0.020855697 0.997263789
1341845705.217695 0.013068391 0.018817378 -0.032951701 0.025696142 -0.065524325 -0.020948343 0.997300088
1341845705.253735 0.013531832 0.019508502 -0.032897286 0.025305731 -0.065280557 -0.021127921 0.997322261
1341845705.285554 0.014044010 0.019057494 -0.031690415 0.024932103 -0.065896802 -0.020469412 0.997304857
1341845705.321646 0.013192966 0.018907854 -0.031975552 0.025248470 -0.065884821 -0.019984575 0.997307539
1341845705.353674 0.013143699 0.018992553 -0.031881362 0.025453825 -0.066366345 -0.019120742 0.997287333
1341845705.385774 0.013147075 0.018706376 -0.031929288 0.025697932 -0.066443168 -0.019180378 0.997274756
1341845705.421801 0.014374166 0.018856373 -0.031000599 0.026956754 -0.066728659 -0.019140314 0.997223258
1341845705.453568 0.014097892 0.018448008 -0.030837461 0.029112766 -0.066632777 -0.018970858 0.997172296
1341845705.485749 0.014565296 0.018202122 -0.031314012 0.030567644 -0.068236589 -0.016922619 0.997057199
1341845705.521655 0.014355301 0.018534742 -0.030822942 0.032187521 -0.068508916 -0.016149485 0.997000337
1341845705.553548 0.014406932 0.019035371 -0.031413816 0.032986138 -0.068626344 -0.014787513 0.996987283
1341845705.589775 0.014728050 0.019082958 -0.031916052 0.032802660 -0.068388537 -0.016208638 0.996987581
1341845705.621894 0.012562973 0.017834235 -0.033062279 0.032174841 -0.067746595 -0.015442167 0.997064054
1341845705.653569 0.011938520 0.017454317 -0.033427890 0.032041498 -0.070058219 -0.013813783 0.996932447
1341845705.689868 0.014009758 0.018165659 -0.031629581 0.032997038 -0.072053380 -0.014493492 0.996749401
1341845705.721810 0.014050177 0.018283313 -0.031972487 0.032894883 -0.071209788 -0.014439900 0.996814191
1341845705.753738 0.014215901 0.018349385 -0.031963665 0.032926869 -0.070754543 -0.016031232 0.996821225
1341845705.789861 0.014340430 0.018766535 -0.032196183 0.033050071 -0.069741145 -0.015791891 0.996892393
1341845705.821704 0.012446071 0.017359242 -0.031685442 0.032122456 -0.068398744 -0.015216045 0.997024655
1341845705.863629 0.012048258 0.017173594 -0.031087788 0.032699034 -0.069195494 -0.015747793 0.996942699
1341845705.895623 0.017018264 0.018525831 -0.028191211 0.035124902 -0.073174737 -0.012811982 0.996618032
1341845705.931726 0.017266424 0.018707085 -0.028836811 0.036354881 -0.075748272 -0.011055170 0.996402681
1341845705.963641 0.014579052 0.018851820 -0.032643396 0.036318105 -0.076060481 -0.013483800 0.996350348
1341845705.995677 0.015290611 0.019337201 -0.032497533 0.034880765 -0.075524144 -0.017456014 0.996380806
1341845706.031837 0.014624061 0.019451760 -0.031177830 0.032374214 -0.073314331 -0.018134637 0.996618330
1341845706.063631 0.014739969 0.018553432 -0.029141773 0.031253971 -0.074629702 -0.017589228 0.996566176
1341845706.095737 0.014927258 0.018197177 -0.029452898 0.031124070 -0.076035552 -0.018746663 0.996442854
1341845706.131716 0.018871147 0.020877399 -0.026533779 0.031134166 -0.077109352 -0.019029690 0.996354699
1341845706.163718 0.019784257 0.021464497 -0.025062168 0.031446513 -0.076571427 -0.018443624 0.996397376
1341845706.195662 0.020531088 0.022870323 -0.025308901 0.032396644 -0.077441908 -0.016688751 0.996330619
1341845706.231610 0.021684684 0.022799646 -0.025789248 0.031416196 -0.077036262 -0.017159911 0.996385455
1341845706.263724 0.016921058 0.020435173 -0.027449729 0.028974224 -0.072801240 -0.016911397 0.996782064
1341845706.299838 0.017033402 0.020006150 -0.026640186 0.027820414 -0.072967857 -0.015618566 0.996823847
1341845706.331753 0.017045567 0.020408964 -0.025370711 0.027503356 -0.073669218 -0.016652077 0.996764362
1341845706.363574 0.016716845 0.020433029 -0.024916399 0.027157385 -0.073322177 -0.016081931 0.996808767
1341845706.399690 0.015947802 0.019836597 -0.024675474 0.027206872 -0.073267199 -0.016339146 0.996807277
1341845706.431735 0.016912449 0.019957071 -0.024758084 0.027296018 -0.073372982 -0.015299227 0.996813536
1341845706.463612 0.019150432 0.019900097 -0.021847932 0.027373804 -0.073938563 -0.013466570 0.996796072
1341845706.499655 0.018673992 0.019039618 -0.021205500 0.027786540 -0.074521825 -0.012017431 0.996759713
1341845706.531782 0.019941829 0.019618241 -0.022519624 0.028884200 -0.075518370 -0.012709893 0.996644914
1341845706.563559 0.019135727 0.019550582 -0.021994362 0.029196892 -0.072555646 -0.012811861 0.996854603
1341845706.599529 0.018054936 0.018451670 -0.021642506 0.029885462 -0.071057148 -0.013231257 0.996936619
1341845706.631786 0.018064940 0.019058565 -0.022448974 0.031948663 -0.072259389 -0.013881091 0.996777415
1341845706.667647 0.018799920 0.019513113 -0.022905758 0.032910492 -0.071483374 -0.013867868 0.996802211
1341845706.700732 0.018657591 0.019605689 -0.022197770 0.033158150 -0.069257259 -0.013710419 0.996953368
1341845706.732115 0.017771076 0.018508524 -0.022803599 0.033394028 -0.068433359 -0.013225045 0.997008920
1341845706.768143 0.016814204 0.019596817 -0.023303710 0.034701765 -0.067255840 -0.011453475 0.997066319
1341845706.800357 0.019251842 0.018366020 -0.023786625 0.034573477 -0.067800522 -0.010157559 0.997047901
1341845706.832602 0.019336795 0.018938273 -0.023813238 0.034863379 -0.067945473 -0.010807943 0.997021139
1341845706.869449 0.019705707 0.018686587 -0.023581164 0.033751696 -0.067945108 -0.010339784 0.997064352
1341845706.904495 0.018637728 0.018539172 -0.023304904 0.032932520 -0.068113595 -0.009867395 0.997085035
1341845706.933651 0.019098053 0.019058371 -0.022751397 0.033338062 -0.068369314 -0.009301401 0.997059464
1341845706.964608 0.019391790 0.019745409 -0.024098128 0.033316638 -0.068064414 -0.009464459 0.997079551
1341845706.994021 0.019047085 0.019868609 -0.023633499 0.032464355 -0.067980222 -0.007556859 0.997129679
1341845707.029674 0.019195087 0.019172646 -0.022722622 0.032922201 -0.068502828 -0.006500556 0.997086346
1341845707.061864 0.020045120 0.019154919 -0.024418231 0.033400405 -0.068277270 -0.006355816 0.997086883
1341845707.097704 0.021327347 0.017836792 -0.022323787 0.033278830 -0.067907281 -0.005163269 0.997123063
1341845707.129770 0.019969836 0.016870268 -0.021517087 0.035080411 -0.067459740 -0.004253362 0.997096002
1341845707.161817 0.020576032 0.017740767 -0.022012057 0.038042746 -0.068195634 -0.004286184 0.996937156
1341845707.197721 0.021188866 0.017453523 -0.022333652 0.038771931 -0.067039825 -0.004649466 0.996985853
1341845707.229795 0.020026563 0.015629187 -0.023014672 0.038726229 -0.065481290 -0.005485917 0.997086942
1341845707.261851 0.019941360 0.013613295 -0.023472492 0.038265705 -0.065270871 -0.004770932 0.997122169
1341845707.297710 0.020692421 0.015061358 -0.023400761 0.038817074 -0.064540759 -0.004445804 0.997149885
1341845707.329761 0.022186015 0.014893209 -0.023168169 0.038225934 -0.063578010 -0.005324703 0.997230291
1341845707.365850 0.023865262 0.015751772 -0.020511892 0.039130647 -0.062940285 -0.003318264 0.997244358
1341845707.397796 0.024177659 0.015609935 -0.021179028 0.040197138 -0.063120618 -0.000876788 0.997195661
1341845707.429752 0.025313117 0.015095182 -0.020431455 0.041117437 -0.063549176 -0.000034620 0.997131288
1341845707.465767 0.025860572 0.015614327 -0.021911545 0.042378251 -0.061945569 -0.001116275 0.997178793
1341845707.497642 0.026897449 0.014582356 -0.020784955 0.042451575 -0.060843762 -0.000419037 0.997244060
1341845707.533665 0.027226230 0.014006507 -0.021384738 0.043094393 -0.059699196 0.000108414 0.997285724
1341845707.565754 0.027327238 0.013866053 -0.021705849 0.044024784 -0.057574101 -0.000337657 0.997370005
1341845707.597603 0.028598521 0.014254389 -0.021691240 0.044770073 -0.055916443 -0.001400677 0.997430205
1341845707.633748 0.027937682 0.013946213 -0.020622876 0.044871472 -0.055652346 0.000471203 0.997441292
1341845707.665870 0.028743897 0.013955351 -0.020735180 0.045387186 -0.056243591 0.001396959 0.997383893
1341845707.698455 0.029340092 0.014034318 -0.021503570 0.044778079 -0.055360202 0.001002269 0.997461379
1341845707.734303 0.029909106 0.014601522 -0.021681726 0.044554528 -0.055125978 -0.000553659 0.997484684
1341845707.766259 0.029035328 0.013991595 -0.021011943 0.044408429 -0.055093449 -0.000452979 0.997493029
1341845707.801730 0.031461164 0.013575067 -0.017907137 0.045314204 -0.056137525 0.000373996 0.997394145
1341845707.836344 0.031778429 0.014511161 -0.018668562 0.046512891 -0.056001764 -0.000813321 0.997346342
1341845707.866230 0.031318467 0.013863209 -0.017798206 0.045891970 -0.056630131 -0.000744804 0.997339666
1341845707.901694 0.031738605 0.014503610 -0.017836940 0.045550466 -0.057137523 0.000712581 0.997326434
1341845707.933640 0.031706069 0.014319296 -0.017766887 0.045774922 -0.057551835 0.000620812 0.997292340
1341845707.965831 0.031454027 0.013731654 -0.017712254 0.045926724 -0.057610095 0.000063155 0.997282207
1341845708.001954 0.031974569 0.014177992 -0.017576022 0.046034731 -0.057303112 0.000856824 0.997294545
1341845708.034393 0.031168183 0.013415680 -0.017238604 0.046074692 -0.057823919 -0.000328885 0.997262955
1341845708.069946 0.031287454 0.013085801 -0.017030034 0.045565192 -0.057979532 -0.000323855 0.997277319
1341845708.101700 0.030780951 0.012855721 -0.016181320 0.045175493 -0.057818592 -0.001022770 0.997303963
1341845708.133697 0.031478103 0.013168903 -0.017055022 0.045543771 -0.058769789 -0.001132424 0.997231483
1341845708.169675 0.031572141 0.013294529 -0.017380983 0.045538347 -0.059244111 -0.001261655 0.997203469
1341845708.201793 0.031535126 0.013299879 -0.017366670 0.045408405 -0.059037536 -0.002516686 0.997219265
1341845708.233744 0.031361625 0.013160464 -0.016979489 0.045725130 -0.059761632 -0.002968721 0.997160435
1341845708.269711 0.031248974 0.013197216 -0.016680127 0.046222329 -0.060510579 -0.002704234 0.997093081
1341845708.301629 0.031979449 0.013707626 -0.017930752 0.046682343 -0.061294943 -0.003545301 0.997021139
1341845708.337612 0.031942684 0.014663029 -0.018431269 0.046589274 -0.060808748 -0.004829440 0.997049868
1341845708.369900 0.030870957 0.014385338 -0.017457742 0.046055529 -0.060041420 -0.005605360 0.997117102
1341845708.401883 0.031544689 0.014619919 -0.017873188 0.046374511 -0.061206196 -0.005744461 0.997030675
1341845708.443610 0.031668156 0.014685520 -0.018057631 0.046707150 -0.061338298 -0.006221662 0.997004211
1341845708.470492 0.031495623 0.015072020 -0.019356808 0.046121839 -0.061487868 -0.005423102 0.997026861
1341845708.501776 0.031427775 0.015100404 -0.019318730 0.046028890 -0.062476832 -0.004982396 0.996971965
1341845708.543852 0.031634495 0.015053026 -0.019490981 0.046411101 -0.064578079 -0.004829532 0.996821165
1341845708.569583 0.032690480 0.015000829 -0.020681178 0.045856800 -0.066190310 -0.005980656 0.996734798
1341845708.605675 0.032765139 0.014749958 -0.020365195 0.044804573 -0.066341497 -0.006341919 0.996770382
1341845708.637641 0.031685472 0.014005866 -0.018766003 0.044750303 -0.068000838 -0.007365003 0.996653914
1341845708.669692 0.030462790 0.014896859 -0.022853782 0.045266710 -0.068817265 -0.008856663 0.996562421
1341845708.705736 0.030208139 0.015511725 -0.023890894 0.044242498 -0.068260700 -0.009828801 0.996637583
1341845708.738027 0.029824056 0.016040253 -0.022775371 0.044314783 -0.069026753 -0.011154811 0.996567667
1341845708.773829 0.030155998 0.015624039 -0.022779867 0.044078365 -0.071260892 -0.010902770 0.996423662
1341845708.805763 0.030745266 0.016057810 -0.023384647 0.043545995 -0.071567319 -0.011397378 0.996419549
1341845708.838653 0.030573333 0.015814204 -0.022657666 0.043204907 -0.072283663 -0.013028966 0.996362686
1341845708.873912 0.030583756 0.016063606 -0.022904094 0.043233108 -0.073648885 -0.013774497 0.996251464
1341845708.905735 0.030771974 0.015587844 -0.022585362 0.042624202 -0.073901318 -0.014481228 0.996249020
1341845708.938426 0.030241460 0.015664674 -0.023083612 0.042726006 -0.074307121 -0.016198322 0.996188045
1341845708.973642 0.030838324 0.015458074 -0.022475677 0.042538378 -0.075764783 -0.015155001 0.996102691
1341845709.005742 0.028894961 0.016102960 -0.024276547 0.042478550 -0.075500719 -0.016424766 0.996105134
1341845709.041686 0.029487949 0.016549680 -0.025551975 0.042741865 -0.076193765 -0.017733041 0.996018648
1341845709.073656 0.029416481 0.016592771 -0.025772396 0.042217229 -0.076866508 -0.018269254 0.995979667
1341845709.105658 0.029478809 0.016221620 -0.024919385 0.041775804 -0.077925444 -0.018440954 0.995912790
1341845709.141741 0.029401861 0.015997961 -0.024720231 0.041651845 -0.079052821 -0.018949399 0.995819569
1341845709.173646 0.029303253 0.016423680 -0.025370721 0.041368380 -0.078835040 -0.018929355 0.995849073
1341845709.205765 0.029969726 0.016483871 -0.025968632 0.040999681 -0.079300404 -0.019377932 0.995818734
1341845709.241765 0.029136442 0.016447747 -0.025927562 0.040219970 -0.078842573 -0.019029915 0.995893598
1341845709.273754 0.026918063 0.017695544 -0.026295822 0.040487822 -0.077509269 -0.018871894 0.995990396
1341845709.309890 0.026536355 0.017035799 -0.026066959 0.040124886 -0.077640668 -0.017961765 0.996011674
1341845709.341728 0.027958279 0.017639009 -0.026589762 0.039774574 -0.078406408 -0.017196549 0.995979249
1341845709.373776 0.027567854 0.019473191 -0.026348162 0.039282002 -0.078060739 -0.016717257 0.996034086
1341845709.409657 0.027880035 0.021596946 -0.024645487 0.038206354 -0.078403704 -0.015158843 0.996073961
1341845709.442072 0.028213156 0.021619152 -0.024755431 0.036077727 -0.079148315 -0.013005029 0.996124864
1341845709.473660 0.028433990 0.022507060 -0.024171570 0.034834668 -0.079866096 -0.012454927 0.996118844
1341845709.509632 0.027166966 0.023047056 -0.024114551 0.033141077 -0.079112202 -0.012331384 0.996238351
1341845709.541673 0.024903277 0.023169067 -0.024053164 0.031151250 -0.078954294 -0.012307714 0.996315360
1341845709.578645 0.025211703 0.022991143 -0.023991056 0.030303031 -0.080371708 -0.012665900 0.996223748
1341845709.609672 0.025478335 0.022567462 -0.023884576 0.029631313 -0.081835501 -0.013311404 0.996116340
1341845709.642057 0.025358034 0.022631859 -0.024126491 0.029487500 -0.082817920 -0.012895172 0.996044874
1341845709.677625 0.024984278 0.023133146 -0.024652367 0.028965274 -0.083565526 -0.012818135 0.995998740
1341845709.709730 0.025616026 0.021985130 -0.024922371 0.028145980 -0.084046140 -0.013777745 0.995968997
1341845709.745593 0.026022401 0.022132363 -0.025351005 0.027593495 -0.084168524 -0.013596736 0.995976627
1341845709.777709 0.025669189 0.022029785 -0.024890404 0.027047792 -0.084363356 -0.012065480 0.995994806
1341845709.809687 0.026264876 0.022166613 -0.025794983 0.027193112 -0.084478579 -0.013693761 0.995959997
1341845709.845686 0.026548468 0.022236176 -0.026259869 0.027157899 -0.082780942 -0.015746536 0.996073186
1341845709.878752 0.026370564 0.022220438 -0.025875300 0.027092231 -0.080970623 -0.017148832 0.996200621
1341845709.909693 0.025825914 0.022101484 -0.025111221 0.027975023 -0.080630869 -0.015816784 0.996225834
1341845709.945663 0.025755117 0.022000847 -0.024948226 0.029671231 -0.081877425 -0.014774862 0.996091068
1341845709.977698 0.026094409 0.021616653 -0.025691126 0.030816175 -0.081941456 -0.014915094 0.996048927
1341845710.013739 0.026023081 0.021486020 -0.025613626 0.031532116 -0.081190825 -0.016111583 0.996069372
1341845710.045754 0.025773119 0.021439839 -0.025276177 0.032260835 -0.080687553 -0.015874367 0.996090710
1341845710.077705 0.026026336 0.021563016 -0.025606537 0.032124341 -0.081238076 -0.015960300 0.996049047
1341845710.113730 0.025674479 0.020869438 -0.026067011 0.031891041 -0.080796413 -0.016157828 0.996089280
1341845710.145759 0.024932692 0.020829864 -0.025560260 0.032116417 -0.080521442 -0.015998036 0.996106863
1341845710.177824 0.024689099 0.019661698 -0.027013833 0.032095402 -0.081138939 -0.015807668 0.996060491
1341845710.213581 0.025210408 0.021118378 -0.025843997 0.033097211 -0.081402704 -0.015717369 0.996007562
1341845710.245636 0.024882704 0.020784939 -0.025051489 0.033845492 -0.081667252 -0.016096750 0.995954752
1341845710.281582 0.022711828 0.019952793 -0.027823275 0.035552099 -0.082314558 -0.018279906 0.995804310
1341845710.313617 0.023599729 0.019619677 -0.027708599 0.035501901 -0.082963370 -0.018240547 0.995752990
1341845710.345643 0.023833163 0.019711340 -0.027151126 0.035720155 -0.082706772 -0.017306615 0.995783210
1341845710.381860 0.022637576 0.019475911 -0.026993524 0.036418632 -0.082895629 -0.017691523 0.995735407
1341845710.413817 0.026254017 0.021349784 -0.025549412 0.037516989 -0.084653139 -0.017451826 0.995550931
1341845710.445824 0.025954684 0.021288384 -0.025642658 0.036863625 -0.083786599 -0.016641581 0.995662510
1341845710.481794 0.024698265 0.020477230 -0.026081782 0.036507443 -0.084054306 -0.017141800 0.995644629
1341845710.513650 0.025807936 0.020574300 -0.026012192 0.036594965 -0.084562197 -0.016223874 0.995613813
1341845710.549635 0.024734706 0.019768061 -0.025666608 0.036885921 -0.084383704 -0.015652994 0.995627344
1341845710.581654 0.025646564 0.020002982 -0.025309009 0.037920810 -0.085192889 -0.015616686 0.995520115
1341845710.613694 0.025807248 0.020118862 -0.025784960 0.037922774 -0.084773391 -0.014640017 0.995570719
1341845710.649564 0.025542740 0.020024231 -0.025845636 0.038452368 -0.084522173 -0.014411932 0.995575070
1341845710.681648 0.027188877 0.020777825 -0.025530878 0.039548453 -0.085387781 -0.014765288 0.995453060
1341845710.713728 0.026884982 0.020692894 -0.025204234 0.039647534 -0.084585264 -0.014268413 0.995524883
1341845710.749785 0.026096476 0.019725800 -0.025345692 0.039510772 -0.083590321 -0.013739616 0.995621800
1341845710.781816 0.025858508 0.019314818 -0.026201557 0.039989885 -0.083441474 -0.014650200 0.995602190
1341845710.817567 0.027880671 0.020009190 -0.025857376 0.040246762 -0.083772950 -0.014463590 0.995566726
1341845710.850205 0.027789187 0.020362906 -0.025450217 0.039845504 -0.083006881 -0.013010992 0.995667040
1341845710.882136 0.027309561 0.019585164 -0.025633065 0.039284509 -0.083464913 -0.012066330 0.995662987
1341845710.917631 0.029075883 0.020265784 -0.024611404 0.039546918 -0.084166944 -0.012851410 0.995583653
1341845710.950281 0.027946288 0.020227395 -0.024441972 0.039498039 -0.082689412 -0.012862199 0.995709240
1341845710.985647 0.026782766 0.019259589 -0.023830788 0.040464796 -0.083202220 -0.012405889 0.995633483
1341845711.017722 0.027700756 0.020323360 -0.025662132 0.042259179 -0.084815212 -0.014528974 0.995394111
1341845711.049965 0.031397641 0.021654394 -0.025409371 0.041279085 -0.084483899 -0.015090793 0.995455027
1341845711.085583 0.027656376 0.019262323 -0.025323639 0.039464351 -0.080698773 -0.015177416 0.995841324
1341845711.117670 0.025670324 0.018945746 -0.025998132 0.040212125 -0.080985792 -0.015139712 0.995788634
1341845711.149770 0.028607886 0.019805640 -0.025992811 0.040579565 -0.082553215 -0.014054800 0.995660961
1341845711.191691 0.029030038 0.019165166 -0.026066277 0.039262880 -0.081196949 -0.013708754 0.995830119
1341845711.218829 0.027046300 0.017984699 -0.025498748 0.039584883 -0.080719881 -0.014504615 0.995844841
1341845711.253627 0.027038714 0.018708451 -0.026357660 0.040197060 -0.082760438 -0.014328088 0.995655358
1341845711.285627 0.028836684 0.019409699 -0.026470948 0.039275993 -0.083692804 -0.014240013 0.995615423
1341845711.317874 0.029351324 0.020107251 -0.025328005 0.039003633 -0.083001025 -0.014986809 0.995673060
1341845711.353756 0.029049955 0.021450436 -0.026930366 0.038088251 -0.081894368 -0.016663589 0.995773494
1341845711.385687 0.029054724 0.020910613 -0.026079591 0.036317647 -0.079961032 -0.017195771 0.995987713
1341845711.417635 0.027465889 0.020259881 -0.024907114 0.035817493 -0.079097368 -0.016328735 0.996089339
1341845711.453809 0.027699249 0.018935606 -0.025083916 0.036468815 -0.080724671 -0.015113921 0.995954335
1341845711.485895 0.029898547 0.019990304 -0.025149660 0.037513852 -0.082422659 -0.014277072 0.995788813
1341845711.521704 0.028154107 0.019661669 -0.025663048 0.037774123 -0.080959871 -0.014129247 0.995901048
1341845711.553696 0.028872598 0.019985266 -0.026034568 0.038397040 -0.080915570 -0.013980697 0.995882928
1341845711.585708 0.031618562 0.020130999 -0.026871566 0.037480813 -0.081160530 -0.014144978 0.995895565
1341845711.621659 0.029982435 0.019931914 -0.026829738 0.036901146 -0.079179749 -0.014576040 0.996070445
1341845711.653731 0.029441517 0.019993620 -0.026463801 0.037175365 -0.079533190 -0.014058417 0.996039510
1341845711.685758 0.030625729 0.020242509 -0.026714608 0.037225120 -0.080131382 -0.013091145 0.996002913
1341845711.721850 0.030943351 0.020172667 -0.026220856 0.037612159 -0.080074653 -0.012328547 0.996002674
1341845711.754323 0.029316463 0.020039955 -0.025912264 0.037975565 -0.080253504 -0.011670243 0.995982409
1341845711.789716 0.029797424 0.020372944 -0.026262248 0.038278073 -0.081260368 -0.012224155 0.995882511
1341845711.821820 0.030499522 0.020138379 -0.025819799 0.038294751 -0.081304409 -0.012012865 0.995880902
1341845711.854173 0.029833799 0.020176832 -0.026346205 0.038749065 -0.080654301 -0.013409656 0.995898306
1341845711.889875 0.031576682 0.020689771 -0.026834974 0.038161069 -0.079784498 -0.013941699 0.995983779
1341845711.923959 0.030453328 0.020254735 -0.026690003 0.037301205 -0.077273041 -0.014720635 0.996203125
1341845711.957595 0.029074119 0.020428285 -0.026528940 0.036547575 -0.076582253 -0.015693838 0.996269584
1341845711.989820 0.031192403 0.020579588 -0.025672013 0.035972144 -0.076585732 -0.016729115 0.996273458
1341845712.021796 0.029422440 0.020382866 -0.025665974 0.035367914 -0.074963786 -0.015755629 0.996434271
1341845712.057899 0.029394563 0.020625381 -0.026448458 0.034961708 -0.075739361 -0.014689968 0.996406257
1341845712.090038 0.032233659 0.021022899 -0.027414601 0.034008205 -0.075537920 -0.017491264 0.996409297
1341845712.127587 0.031188970 0.021801341 -0.025836252 0.032960534 -0.073106766 -0.017669266 0.996622741
1341845712.164065 0.027435040 0.019935327 -0.026320081 0.032748621 -0.073688366 -0.015572173 0.996621847
1341845712.195638 0.029734068 0.021113293 -0.026350003 0.034677457 -0.077583671 -0.015434530 0.996263027
1341845712.225662 0.032866422 0.023000207 -0.026391428 0.034569032 -0.077461354 -0.016484048 0.996259511
1341845712.257830 0.030213205 0.022100532 -0.026051605 0.033597197 -0.074301295 -0.018395487 0.996499956
1341845712.289935 0.029102581 0.021506207 -0.025686365 0.033886600 -0.074528143 -0.017711861 0.996485591
