1341846317.248131 -0.013181248 0.000486059 0.005960111 0.008500027 -0.020975243 0.013652955 0.999650657
1341846317.273950 -0.014092334 0.000755868 0.004110110 0.009528808 -0.025422266 0.016487531 0.999495387
1341846317.306289 -0.013832365 0.000649591 0.004695088 0.009732192 -0.027915662 0.018635033 0.999389172
1341846317.348137 -0.013709370 0.000569441 0.004989716 0.010761076 -0.027461475 0.020203190 0.999360740
1341846317.373974 -0.025373813 0.001593017 0.003432618 0.012862144 -0.020864487 0.024320953 0.999403656
1341846317.410120 -0.026003307 0.001741023 0.002207706 0.012824004 -0.022430886 0.027736882 0.999281287
1341846317.442569 -0.025048088 0.001526851 0.004551473 0.015245763 -0.023333495 0.031125354 0.999126792
1341846317.474010 -0.025313623 0.000805728 0.003701814 0.020709326 -0.024092166 0.036443233 0.998830616
1341846317.509927 -0.028438352 0.001542469 -0.002344589 0.023241753 -0.025050474 0.040648393 0.998589039
1341846317.542282 -0.029075334 0.001638407 -0.003503794 0.022399869 -0.027605489 0.041225862 0.998517215
1341846317.573943 -0.027184235 0.001259086 0.000350977 0.022161284 -0.028313177 0.040209584 0.998544157
1341846317.610159 -0.039832935 -0.000835949 0.005479075 0.023567505 -0.019088846 0.037648194 0.998830736
1341846317.643553 -0.045388900 0.001881008 0.006257684 0.027453512 -0.017208591 0.039821766 0.998681307
1341846317.677993 -0.031694077 0.002097790 -0.009465522 0.028161967 -0.030340310 0.050791427 0.997851014
1341846317.709996 -0.037625734 0.000078821 0.007592048 0.029325740 -0.028120769 0.040962752 0.998334229
1341846317.741834 -0.046100486 0.003432256 0.002113849 0.031794958 -0.025833817 0.045866765 0.998107195
1341846317.777923 -0.033182226 0.001645322 0.004542612 0.028291458 -0.033588450 0.039526783 0.998252988
1341846317.810021 -0.034919385 0.002231117 0.005804523 0.028651813 -0.034860756 0.038564511 0.998236716
1341846317.841886 -0.038029663 0.002301522 0.003470736 0.027887782 -0.034883637 0.036203075 0.998345971
1341846317.878017 -0.039554920 0.002565062 0.004031048 0.025895821 -0.034819502 0.033045299 0.998511374
1341846317.909910 -0.038006682 0.001741364 0.004507584 0.024552856 -0.034831103 0.028225292 0.998692811
1341846317.946031 -0.041736279 0.000905520 0.004735561 0.025410242 -0.032216966 0.028779685 0.998743296
1341846317.978041 -0.043466169 0.000301628 0.005092115 0.027187545 -0.033377368 0.029790064 0.998628736
1341846318.009897 -0.042230032 0.001369926 0.005527883 0.030229820 -0.034450453 0.028346740 0.998546839
1341846318.045949 -0.046181381 0.003146427 0.004846373 0.031496126 -0.031874243 0.027139701 0.998626769
1341846318.078074 -0.049751472 0.002664153 0.004801971 0.030661598 -0.031852558 0.026459025 0.998671710
1341846318.109894 -0.053054500 0.002543839 0.004418907 0.030371670 -0.034773763 0.024925571 0.998622596
1341846318.145957 -0.049113974 0.002298716 0.003650810 0.029298589 -0.039358959 0.020800559 0.998578906
1341846318.178001 -0.051185492 0.001443538 0.004039724 0.028381359 -0.038377315 0.018079108 0.998696566
1341846318.214074 -0.055055659 0.000359273 0.003059122 0.028415410 -0.038414102 0.016939325 0.998714149
1341846318.245970 -0.056539562 -0.000677884 0.002172795 0.030423708 -0.043831758 0.017369883 0.998424470
1341846318.278018 -0.059222229 0.000268213 0.003333675 0.034926284 -0.047697797 0.016867472 0.998108506
1341846318.313937 -0.062704653 -0.000131603 0.000045966 0.036316879 -0.052050471 0.017121576 0.997837007
1341846318.345989 -0.067400001 -0.002204538 -0.001604883 0.036471091 -0.059939954 0.017270647 0.997385979
1341846318.382046 -0.071787342 -0.001756949 0.000641197 0.038951110 -0.065236740 0.015834685 0.996983588
1341846318.414072 -0.076187022 -0.003406127 -0.003375256 0.039091505 -0.070039980 0.017119562 0.996630967
1341846318.446035 -0.073073976 -0.002531743 -0.000491960 0.041743305 -0.078568928 0.017309513 0.995883942
1341846318.482196 -0.073023602 -0.001138065 -0.000756936 0.043740094 -0.081256337 0.017067833 0.995586693
1341846318.514144 -0.075907335 -0.000919363 -0.000833925 0.043879658 -0.081545092 0.018191868 0.995537043
1341846318.546259 -0.079274021 -0.003556878 -0.001897494 0.043933470 -0.081560366 0.017862955 0.995539367
1341846318.582042 -0.076553069 -0.001044376 -0.002408378 0.046673335 -0.083782084 0.017463233 0.995237231
1341846318.614115 -0.079478204 -0.000615225 -0.001414055 0.046823949 -0.083297148 0.017933423 0.995262504
1341846318.650038 -0.081982031 -0.000831172 -0.003789181 0.046206705 -0.083337866 0.015133368 0.995334506
1341846318.682350 -0.084627010 -0.000640018 -0.003572539 0.045943189 -0.082928978 0.012187243 0.995421290
1341846318.714063 -0.087042913 -0.000640552 -0.004880404 0.045553844 -0.083226435 0.011889313 0.995417953
1341846318.749905 -0.088145584 -0.001508784 -0.003903990 0.046003405 -0.083592884 0.013403502 0.995347321
1341846318.782036 -0.092606887 -0.001211480 -0.004104124 0.047816429 -0.082370594 0.015305681 0.995336354
1341846318.814121 -0.096569940 -0.001311039 -0.006003409 0.047465235 -0.085921973 0.014764083 0.995061040
1341846318.850072 -0.100104854 -0.001941261 -0.005062871 0.047575656 -0.090229765 0.011133112 0.994721651
1341846318.883516 -0.103930175 -0.002977977 -0.006384640 0.049490962 -0.095790327 0.009554273 0.994124532
1341846318.918047 -0.107305348 -0.002536375 -0.011343906 0.052797329 -0.107417539 0.010479732 0.992755771
1341846318.950044 -0.112781085 -0.003347044 -0.007020604 0.054433998 -0.114736453 0.008084177 0.991870522
1341846318.982028 -0.111900717 -0.001383508 -0.009734499 0.056954190 -0.119114809 0.004164480 0.991236866
1341846319.018123 -0.095813058 -0.000827550 -0.014294609 0.056011144 -0.132275686 0.000983632 0.989628673
1341846319.050745 -0.092339918 -0.002726974 -0.010360801 0.056166809 -0.141349837 0.000403338 0.988364995
1341846319.081905 -0.090874374 -0.002881505 -0.013807137 0.061671130 -0.142655402 -0.000494182 0.987849116
1341846319.117976 -0.097070642 0.000149176 -0.010844840 0.065849178 -0.139524877 0.003985294 0.988018632
1341846319.150093 -0.100086696 -0.000417824 -0.010255308 0.066970870 -0.142654255 0.011175856 0.987441003
1341846319.186069 -0.097559161 0.002883230 -0.010032174 0.070059687 -0.145643935 0.012828578 0.986769915
1341846319.218149 -0.094308458 0.006902135 -0.004975211 0.069348261 -0.143449217 0.010935776 0.987164378
1341846319.250034 -0.098767832 0.004111905 -0.010574955 0.061473329 -0.134922430 0.008640466 0.988909662
1341846319.286594 -0.103055023 0.000821024 -0.012058320 0.057500176 -0.130060002 0.012733425 0.989755511
1341846319.318034 -0.103189141 0.000521316 -0.010394948 0.057949260 -0.129972622 0.016593711 0.989683628
1341846319.350268 -0.108821653 0.000476538 -0.011265317 0.058532186 -0.127291247 0.022554452 0.989879906
1341846319.386163 -0.112872750 -0.001458643 -0.014613509 0.058845926 -0.129679397 0.029926265 0.989355803
1341846319.418386 -0.108362451 0.003613359 -0.011653725 0.061648052 -0.138428137 0.033404242 0.987887323
1341846319.453961 -0.105020806 0.001143866 -0.016651545 0.060756814 -0.140964046 0.028795533 0.987729013
1341846319.486271 -0.113761373 0.003998124 -0.015129763 0.061480906 -0.138460547 0.028755996 0.988039434
1341846319.518456 -0.113329679 0.003764205 -0.017233469 0.058602501 -0.142330378 0.027942659 0.987687707
1341846319.554083 -0.116261281 -0.000087535 -0.015251773 0.054628219 -0.144504890 0.025103617 0.987676024
1341846319.586296 -0.121718764 0.000277709 -0.014335088 0.055586006 -0.142591000 0.022300959 0.987967968
1341846319.622031 -0.127414390 -0.000487421 -0.017961452 0.054221403 -0.143010572 0.018317638 0.988065004
1341846319.653962 -0.125291735 -0.001670689 -0.020159772 0.051971868 -0.148634434 0.019422682 0.987334549
1341846319.686352 -0.128998592 -0.001255837 -0.018706940 0.053906955 -0.151425391 0.020734314 0.986779869
1341846319.721992 -0.131565794 0.000298780 -0.019622605 0.055235136 -0.154812530 0.021933280 0.986154675
1341846319.754063 -0.138418153 0.002204676 -0.018108075 0.054068267 -0.155011907 0.019147160 0.986246049
1341846319.786397 -0.139938161 0.001263795 -0.016993621 0.048826799 -0.154946864 0.022059336 0.986468852
1341846319.822008 -0.124042824 0.004506544 -0.018615345 0.045758829 -0.162417799 0.026633341 0.985300601
1341846319.853917 -0.125308841 0.004462362 -0.019610666 0.040569402 -0.162762180 0.029779622 0.985381007
1341846319.889942 -0.126293615 0.001445497 -0.017224908 0.035768427 -0.163604915 0.034649067 0.985268235
1341846319.922039 -0.131023496 -0.000421717 -0.021733014 0.034244753 -0.165440992 0.036228411 0.984958947
1341846319.953946 -0.129235521 -0.000701397 -0.019854160 0.034917589 -0.172501698 0.033447247 0.983821750
1341846319.990054 -0.129758507 0.000104420 -0.020163756 0.038432695 -0.175238773 0.025538811 0.983443975
1341846320.028122 -0.128956571 -0.000481446 -0.021146432 0.040096164 -0.179750234 0.025889857 0.982553720
1341846320.054177 -0.128983095 -0.000931429 -0.019935552 0.043110769 -0.185348034 0.025244836 0.981402218
1341846320.090047 -0.125179201 0.001969320 -0.017627129 0.046338022 -0.188889593 0.025937058 0.980561495
1341846320.122011 -0.122236773 0.002221383 -0.016137691 0.047190115 -0.187962189 0.027035361 0.980669379
1341846320.157952 -0.121121213 0.002219007 -0.015299632 0.047575891 -0.185538560 0.027049080 0.981111765
1341846320.190003 -0.116033033 -0.000361306 -0.010834860 0.049492963 -0.184780046 0.027173711 0.981156647
1341846320.221941 -0.115924127 -0.000863794 -0.013147347 0.053265389 -0.180619523 0.027645122 0.981720507
1341846320.258015 -0.117707528 0.000181267 -0.013997919 0.057719830 -0.178447619 0.030318534 0.981786966
1341846320.289887 -0.115447678 -0.003426048 -0.015893515 0.060936671 -0.179669261 0.031380303 0.981336296
1341846320.321954 -0.111130126 -0.001682662 -0.012629777 0.071593128 -0.183218151 0.030924575 0.979974091
1341846320.357890 -0.106587350 0.000268173 -0.009096417 0.077443682 -0.185053021 0.033422690 0.979102075
1341846320.390064 -0.101845138 0.000542801 -0.009856807 0.078807682 -0.183022887 0.034036946 0.979353607
1341846320.426544 -0.103587613 -0.000285214 -0.005019026 0.081732914 -0.174564481 0.031585805 0.980739176
1341846320.458122 -0.103727393 -0.001219128 -0.007709400 0.082668237 -0.166155532 0.028334800 0.982219636
1341846320.490186 -0.097659774 -0.003530103 -0.004479693 0.085211292 -0.161874548 0.028332159 0.982717097
1341846320.525911 -0.095664009 -0.002042305 -0.005320305 0.089944564 -0.154128805 0.026189284 0.983599722
1341846320.558091 -0.091845825 -0.001645011 -0.003762755 0.091668725 -0.151502058 0.022425219 0.983941555
1341846320.594093 -0.094036229 -0.002499610 -0.003458175 0.093053386 -0.145113170 0.019381419 0.984838843
1341846320.631955 -0.091086969 -0.000150724 -0.002597483 0.097026989 -0.137894660 0.018890914 0.985501885
1341846320.664916 -0.087142803 0.000572800 -0.004509845 0.097040892 -0.136482492 0.017794602 0.985717475
1341846320.699927 -0.083486296 -0.001687655 -0.002021667 0.096452713 -0.134449750 0.015933823 0.986086369
1341846320.731822 -0.079409942 -0.000094208 -0.000828379 0.099813335 -0.129434198 0.014222569 0.986449122
1341846320.763877 -0.084598377 0.004215561 -0.005168919 0.098977186 -0.124376699 0.014482359 0.987179935
1341846320.799999 -0.080397613 -0.002043748 -0.003485509 0.089422464 -0.127616867 0.009713517 0.987736404
1341846320.831871 -0.062363084 0.001032291 0.014878438 0.095004506 -0.128477052 0.003812055 0.987143993
1341846320.863887 -0.075989433 -0.000539265 -0.002454474 0.091523536 -0.108944587 0.005170646 0.989812016
1341846320.900014 -0.075548008 -0.000466444 -0.002043825 0.084442928 -0.113303229 0.009414040 0.989920795
1341846320.931889 -0.067326330 -0.004231018 0.001091457 0.083860524 -0.116586879 0.008382574 0.989598215
1341846320.967866 -0.066122308 0.001475352 -0.001173588 0.085947059 -0.111185335 0.005586262 0.990060449
1341846321.000017 -0.066651337 0.000499572 -0.001421394 0.079654932 -0.109820992 0.002724865 0.990750730
1341846321.031860 -0.037507001 -0.004946392 0.005746497 0.075499184 -0.123127975 -0.001164997 0.989514053
1341846321.068047 -0.035204507 -0.003227570 0.004735951 0.076964296 -0.120005563 -0.003883829 0.989777803
1341846321.099840 -0.076025665 -0.001689206 -0.001839221 0.074995920 -0.098362431 0.000884863 0.992320359
1341846321.131821 -0.068409450 -0.004055871 -0.000850527 0.074337766 -0.100033902 0.001928579 0.992201269
1341846321.167887 -0.066410199 -0.003050052 -0.000133347 0.077492483 -0.096634679 0.003241061 0.992293358
1341846321.200042 -0.065012097 -0.002572497 -0.001144151 0.078021169 -0.094289891 0.002754264 0.992478967
1341846321.231950 -0.061740335 -0.003909423 -0.000061048 0.077158771 -0.094628885 0.002012839 0.992515922
1341846321.267939 -0.057210311 -0.003218004 -0.001183338 0.077963568 -0.093647555 -0.003353595 0.992542505
1341846321.299948 -0.054781005 -0.003080018 0.002355285 0.077535115 -0.090180352 -0.009456985 0.992857695
1341846321.331858 -0.056847971 -0.004505701 0.000759102 0.077381529 -0.085845448 -0.013340150 0.993209302
1341846321.367913 -0.052039925 -0.006973330 0.000571061 0.078052498 -0.085247099 -0.017791074 0.993138552
1341846321.399897 -0.050293364 -0.005824306 0.002304665 0.080878355 -0.080351338 -0.019025281 0.993297756
1341846321.435994 -0.048780497 -0.006896845 0.002583583 0.082051784 -0.077450335 -0.018973058 0.993432879
1341846321.467946 -0.046496253 -0.006534571 0.003463276 0.084050193 -0.075440563 -0.018811397 0.993423581
1341846321.499882 -0.047019187 -0.004304032 0.003807254 0.086739719 -0.071683615 -0.017909246 0.993487239
1341846321.536109 -0.041711520 -0.001978104 0.003238706 0.087751381 -0.068329684 -0.020824958 0.993577898
1341846321.568960 -0.041839082 -0.000664332 0.003375897 0.085268259 -0.061147708 -0.023046564 0.994212866
1341846321.603938 -0.040828090 -0.001001210 0.005132529 0.082337283 -0.058671225 -0.023723993 0.994593084
1341846321.637163 -0.030834809 0.001385182 0.006347423 0.081092656 -0.058163438 -0.024544163 0.994705260
1341846321.668306 -0.033762243 0.000059790 0.005841710 0.075839087 -0.047287572 -0.021991819 0.995755315
1341846321.704411 -0.037942622 0.000361238 0.007105886 0.072450593 -0.043777745 -0.014744451 0.996301651
1341846321.736861 -0.035731651 0.000311688 0.007202073 0.070715711 -0.046535663 -0.006988844 0.996385872
1341846321.771881 -0.035660036 0.001809687 0.006493600 0.068081871 -0.046105582 -0.001441146 0.996612787
1341846321.804114 -0.032891721 0.001349393 0.007395779 0.063435033 -0.044826597 0.001916491 0.996976912
1341846321.836152 -0.032801662 0.003115391 0.008079145 0.061334360 -0.042252917 0.001989345 0.997220516
1341846321.871882 -0.030912008 0.005359213 0.007499839 0.057312381 -0.041799754 0.000026472 0.997480869
1341846321.904074 -0.029171256 0.005098174 0.008314025 0.050773371 -0.040696971 -0.004174336 0.997871935
1341846321.939847 -0.029007509 0.003834957 0.009551243 0.046781391 -0.037314247 -0.007849633 0.998177111
1341846322.004094 -0.030545251 0.003689105 0.010168801 0.040047023 -0.038537938 -0.008827546 0.998415291
1341846322.034203 -0.026086139 0.001973678 0.009919268 0.037487600 -0.039451394 -0.009884250 0.998469114
1341846322.066178 -0.025412319 0.001563291 0.010361345 0.034883469 -0.035516638 -0.012423987 0.998682797
1341846322.107979 -0.026964992 -0.002300783 0.011191444 0.031325847 -0.032733668 -0.013846207 0.998877108
1341846322.133980 -0.027140433 -0.007071891 0.010667800 0.031117061 -0.032097563 -0.015794486 0.998875380
1341846322.166164 -0.027792322 -0.008066346 0.010052679 0.033012550 -0.032670185 -0.013819774 0.998825252
1341846322.202932 -0.027514180 -0.009453670 0.010356350 0.033816710 -0.035238523 -0.013092964 0.998720825
1341846322.234093 -0.026595416 -0.009719352 0.010405232 0.033143748 -0.037091866 -0.015551247 0.998641014
1341846322.265941 -0.027042529 -0.012012604 0.009441226 0.029973807 -0.039762806 -0.015219094 0.998643517
1341846322.301996 -0.025174541 -0.016615514 0.009217186 0.026424235 -0.042371862 -0.014347959 0.998649359
1341846322.333949 -0.029721094 -0.016428031 0.008817203 0.026261292 -0.041960340 -0.014737354 0.998665333
1341846322.369871 -0.027717806 -0.020767633 0.009900535 0.025836920 -0.048485979 -0.017312242 0.998339534
1341846322.402292 -0.024155639 -0.024543393 0.010182409 0.027203133 -0.048895206 -0.024473265 0.998133421
1341846322.433955 -0.026865968 -0.034267448 0.008203762 0.028202001 -0.046278067 -0.028725291 0.998117149
1341846322.470030 -0.028778823 -0.035493970 0.008076198 0.036625668 -0.049785253 -0.024256082 0.997793376
1341846322.502433 -0.025503138 -0.038979754 0.009653470 0.041318994 -0.054601643 -0.020926520 0.997433484
1341846322.534002 -0.030037597 -0.030031174 0.011323102 0.054777130 -0.052523192 -0.018324900 0.996947825
1341846322.570196 -0.030233236 -0.032775011 0.012455682 0.063869134 -0.052899744 -0.016452005 0.996419430
1341846322.601920 -0.031414818 -0.032866828 0.010337144 0.069729447 -0.055461064 -0.012454250 0.995945156
1341846322.638119 -0.028722994 -0.038141541 0.013078295 0.073416568 -0.060182586 -0.013561076 0.995391428
1341846322.669947 -0.020363117 -0.053070672 0.012260864 0.071754731 -0.061481837 -0.013764693 0.995430470
1341846322.702026 -0.024237325 -0.055743765 0.010720105 0.073591858 -0.057535373 -0.011248507 0.995563865
1341846322.738006 -0.024376797 -0.048637114 0.012372062 0.078799158 -0.060432151 -0.009063645 0.995015860
1341846322.770087 -0.022482414 -0.055104438 0.012944093 0.076775126 -0.060650591 -0.010016896 0.995151639
1341846322.806047 -0.025532626 -0.056046721 0.013811016 0.080514699 -0.059575289 -0.007957142 0.994939625
1341846322.838063 -0.026671246 -0.057896547 0.012271679 0.081871182 -0.063216068 -0.006111072 0.994617283
1341846322.870081 -0.024304820 -0.061526179 0.013398056 0.082500331 -0.069614351 -0.004631279 0.994145930
1341846322.906018 -0.027663961 -0.047109343 0.016392658 0.094884321 -0.069482237 -0.003314619 0.993054986
1341846322.938349 -0.027613085 -0.043370560 0.016813364 0.097184539 -0.068509132 -0.002027523 0.992903590
1341846322.970069 -0.028032627 -0.044700406 0.016329138 0.091807432 -0.068472050 -0.001007257 0.993419349
1341846323.011820 -0.026959483 -0.047424328 0.017678084 0.088798821 -0.068748631 -0.001044378 0.993673682
1341846323.038050 -0.021583915 -0.064743787 0.016734008 0.080036037 -0.071195789 0.000493368 0.994246066
1341846323.073951 -0.026833748 -0.048076909 0.017069582 0.085417129 -0.068675458 0.003553922 0.993969321
1341846323.105962 -0.026588196 -0.052754007 0.017538413 0.080696456 -0.068582028 0.002951510 0.994372129
1341846323.138158 -0.026655991 -0.053645171 0.017112149 0.081342705 -0.068536542 -0.000750608 0.994326711
1341846323.174092 -0.027476046 -0.053390019 0.015571130 0.079710066 -0.068579063 -0.001322610 0.994455338
1341846323.206059 -0.024757395 -0.054992534 0.016164202 0.076423779 -0.070513025 -0.003499605 0.994572818
1341846323.238053 -0.025182616 -0.054978963 0.018083917 0.074901238 -0.067177251 -0.006827362 0.994902253
1341846323.273997 -0.028205805 -0.055698596 0.015450366 0.070266016 -0.065318741 -0.005878492 0.995370090
1341846323.305946 -0.027757723 -0.057456452 0.016937098 0.064316399 -0.069427311 -0.005998636 0.995493472
1341846323.342027 -0.023029340 -0.061120667 0.019118631 0.061492227 -0.070120491 -0.007749335 0.995611250
1341846323.374048 -0.026933908 -0.061676696 0.017447891 0.062040824 -0.064625874 -0.005873851 0.995961785
1341846323.405987 -0.029356342 -0.065414146 0.014052072 0.060079720 -0.067826778 -0.001007519 0.995885968
1341846323.441956 -0.027137641 -0.066667609 0.018309927 0.061329745 -0.073115289 0.001465856 0.995434880
1341846323.473878 -0.027463065 -0.069952875 0.019405061 0.064826265 -0.071619473 -0.000512342 0.995323062
1341846323.506129 -0.028266907 -0.068428151 0.017907688 0.068047881 -0.071417652 -0.002503189 0.995119452
1341846323.541972 -0.024989503 -0.069301330 0.016336266 0.066211507 -0.072821103 -0.004920573 0.995132565
1341846323.573913 -0.021918315 -0.068812326 0.016662212 0.066795759 -0.069923542 -0.008762940 0.995274961
1341846323.609927 -0.024292646 -0.068722531 0.016986797 0.068098351 -0.062884107 -0.012351903 0.995618224
1341846323.642014 -0.026580248 -0.074640490 0.017208835 0.064850464 -0.060401782 -0.013407804 0.995975018
1341846323.674081 -0.027735068 -0.077086002 0.016982559 0.064091332 -0.061619807 -0.011057949 0.995978415
1341846323.710069 -0.021498950 -0.097557448 0.015326521 0.055877753 -0.065858610 -0.007853926 0.996232212
1341846323.742111 -0.027117575 -0.083975032 0.016063936 0.067477405 -0.065037765 -0.005873831 0.995581448
1341846323.774928 -0.027285578 -0.076279536 0.016156629 0.075148657 -0.067279764 -0.007213188 0.994873881
1341846323.810012 -0.027019531 -0.077573106 0.015684320 0.076489918 -0.068725489 -0.010472234 0.994643867
1341846323.842207 -0.026608704 -0.078988500 0.015446153 0.077841431 -0.068824701 -0.015649214 0.994464159
1341846323.878019 -0.028275358 -0.080932863 0.014857794 0.078298092 -0.069046028 -0.019462856 0.994345665
1341846323.909826 -0.028421614 -0.083626948 0.015490077 0.081239462 -0.070737988 -0.024323521 0.993883610
1341846323.942459 -0.029064683 -0.083695628 0.014816519 0.085151836 -0.070716366 -0.024101140 0.993563056
1341846323.978055 -0.029856576 -0.085314795 0.013650641 0.086672954 -0.073143899 -0.022816837 0.993286014
1341846324.015934 -0.027861454 -0.083405584 0.015689323 0.091617838 -0.076379932 -0.022143440 0.992613673
1341846324.047722 -0.026854325 -0.082398541 0.014915585 0.095470771 -0.075374037 -0.022947574 0.992309153
1341846324.083904 -0.026607340 -0.079583094 0.014317274 0.096759692 -0.073915817 -0.023687070 0.992276609
1341846324.115968 -0.025730934 -0.079374678 0.014423777 0.094478391 -0.072689213 -0.024979752 0.992555380
1341846324.151967 -0.025385913 -0.078137197 0.014525322 0.094784714 -0.069888145 -0.029993199 0.992588460
1341846324.183941 -0.026576946 -0.073719487 0.015543988 0.093792334 -0.065027036 -0.033485413 0.992901385
1341846324.219984 -0.026943086 -0.076114699 0.014381132 0.087742530 -0.063076660 -0.032418866 0.993615448
1341846324.251968 -0.027634678 -0.075914569 0.015110197 0.087158181 -0.062774308 -0.032910146 0.993669868
1341846324.284052 -0.028350931 -0.072432637 0.014763395 0.088806532 -0.063081510 -0.033585645 0.993481815
1341846324.319880 -0.028917473 -0.071085639 0.014863872 0.087366603 -0.066531785 -0.034253556 0.993361592
1341846324.351917 -0.028558554 -0.066959955 0.015006864 0.085118435 -0.069860153 -0.035607450 0.993280709
1341846324.388001 -0.025658373 -0.065732822 0.014119956 0.081071787 -0.070778817 -0.039749157 0.993397057
1341846324.419908 -0.026313609 -0.061958618 0.014956200 0.077552050 -0.068292096 -0.042417523 0.993741691
1341846324.452027 -0.028174762 -0.060240395 0.016166013 0.073600531 -0.067092001 -0.042756334 0.994109392
1341846324.487928 -0.028059052 -0.065707467 0.015551344 0.068757169 -0.067685477 -0.041393485 0.994473577
1341846324.519985 -0.030092195 -0.058460318 0.015776321 0.070094824 -0.068756789 -0.036657922 0.994492531
1341846324.556001 -0.029604776 -0.055088971 0.015378145 0.068808898 -0.073930517 -0.032231867 0.994364500
1341846324.587888 -0.029826667 -0.056031499 0.015047921 0.063655570 -0.076711066 -0.030782202 0.994543016
1341846324.620086 -0.029396940 -0.054854911 0.015050367 0.061465219 -0.079263881 -0.033006459 0.994409323
1341846324.655955 -0.029106678 -0.052084878 0.015981562 0.061172113 -0.080460370 -0.034669694 0.994274676
1341846324.688082 -0.025124844 -0.065411232 0.016299395 0.053684834 -0.082752310 -0.034710877 0.994517565
1341846324.755922 -0.028000107 -0.053783312 0.013070149 0.058112215 -0.084103905 -0.030460194 0.994294584
1341846324.782029 -0.028316354 -0.050117072 0.013318945 0.057049386 -0.088557929 -0.031399783 0.993940115
1341846324.814016 -0.024234448 -0.045310941 0.013915008 0.055133462 -0.091382973 -0.033236366 0.993732810
1341846324.849979 -0.026895389 -0.042709231 0.016181571 0.050565109 -0.087043405 -0.036043648 0.994267285
1341846324.881924 -0.028845353 -0.041881748 0.015878560 0.047575928 -0.087313376 -0.036749639 0.994365335
1341846324.913902 -0.027160347 -0.039866265 0.015444834 0.046524558 -0.089377187 -0.033741642 0.994338334
1341846324.949999 -0.027564041 -0.040133506 0.017656090 0.046474133 -0.089664504 -0.029991651 0.994435012
1341846324.981922 -0.030530812 -0.039316077 0.016697116 0.050431870 -0.090838566 -0.026250642 0.994241357
1341846325.018013 -0.030300513 -0.036366854 0.015687056 0.055273179 -0.096025527 -0.023936834 0.993554711
1341846325.050079 -0.031023139 -0.033136949 0.014693437 0.057828151 -0.100591242 -0.024382779 0.992946506
1341846325.081901 -0.030825483 -0.029301148 0.013419691 0.058011569 -0.105548717 -0.026993070 0.992353499
1341846325.118531 -0.027280502 -0.025133358 0.014530862 0.055075675 -0.108772032 -0.028697951 0.992124915
1341846325.149933 -0.027208487 -0.029994942 0.015681880 0.046910048 -0.106601514 -0.031266160 0.992702365
1341846325.181925 -0.028259132 -0.028823411 0.016321721 0.043944232 -0.104875967 -0.029999310 0.993060887
1341846325.218055 -0.028068695 -0.026923491 0.016978856 0.041190621 -0.105029434 -0.025231024 0.993295312
1341846325.249811 -0.028747559 -0.025066886 0.016393639 0.039290830 -0.104595862 -0.021695163 0.993501544
1341846325.285925 -0.028033588 -0.022292787 0.016347077 0.037244912 -0.105284415 -0.018988578 0.993562996
1341846325.317988 -0.025032785 -0.022762699 0.018146930 0.034429293 -0.104578927 -0.016054161 0.993790805
1341846325.349844 -0.027506391 -0.020815382 0.019881956 0.038056001 -0.098913953 -0.013415555 0.994277537
1341846325.387302 -0.027707124 -0.018081158 0.019352384 0.043537207 -0.095862955 -0.010679636 0.994384587
1341846325.417931 -0.025400024 -0.016867461 0.019606156 0.046450187 -0.092047490 -0.007943206 0.994638920
1341846325.450747 -0.024157288 -0.018738450 0.021252191 0.050606631 -0.084713645 -0.005259945 0.995105505
1341846325.485954 -0.027107995 -0.013740472 0.021968037 0.061010193 -0.076666243 -0.002468121 0.995185375
1341846325.517875 -0.027558817 -0.012263751 0.021512482 0.064498618 -0.073804647 0.000315477 0.995184720
1341846325.553859 -0.027263060 -0.010623964 0.022424893 0.068076722 -0.070594110 0.000623947 0.995179176
1341846325.585855 -0.027988268 -0.006783966 0.021611731 0.071620591 -0.067190930 -0.000934279 0.995165825
1341846325.617990 -0.027760804 -0.001914910 0.021455675 0.070164263 -0.065472946 -0.002160121 0.995382130
1341846325.653982 -0.027083414 -0.008505275 0.022538261 0.064723685 -0.064023890 -0.005933622 0.995829582
1341846325.685819 -0.027406128 -0.008869845 0.022836246 0.069674492 -0.062755510 -0.004585650 0.995583355
1341846325.717857 -0.028436746 -0.005380068 0.023099210 0.074897990 -0.061300855 0.002642358 0.995301723
1341846325.754083 -0.028890660 -0.006066422 0.023162445 0.076772429 -0.061133113 0.007467745 0.995144725
1341846325.786087 -0.027945299 -0.004481076 0.022980798 0.083398201 -0.061214041 0.009632409 0.994587779
1341846325.821856 -0.028427817 0.000137361 0.023578446 0.089072034 -0.059121981 0.010933787 0.994208872
1341846325.853827 -0.029854884 0.001892192 0.023940079 0.090064771 -0.058035228 0.014520877 0.994137526
1341846325.885958 -0.031706333 0.004458256 0.022428742 0.090637311 -0.059901215 0.020250766 0.993874609
1341846325.921984 -0.030362820 0.005752071 0.024234993 0.089592323 -0.064618275 0.025153344 0.993561804
1341846325.953899 -0.028238228 0.006021867 0.026153786 0.092198402 -0.065354824 0.026868520 0.993230224
1341846325.985823 -0.028970888 0.009056291 0.026094630 0.095576502 -0.062215053 0.030587442 0.993004978
1341846326.021991 -0.031056777 0.007635327 0.024380639 0.096807003 -0.060953144 0.036723115 0.992756009
1341846326.054055 -0.030263353 0.010408773 0.025179153 0.102207161 -0.062179979 0.041019686 0.991970122
1341846326.089984 -0.028459605 0.014579448 0.025569202 0.106204554 -0.061284650 0.040760081 0.991616547
1341846326.121822 -0.028862759 0.016951127 0.026200283 0.106720775 -0.057020940 0.038909797 0.991889775
1341846326.154079 -0.030468462 0.017062558 0.026381753 0.107144967 -0.053573634 0.036745515 0.992118716
1341846326.190178 -0.031295169 0.019547177 0.026183277 0.110043921 -0.053650178 0.038701408 0.991722822
1341846326.222162 -0.031376269 0.023568336 0.025852529 0.110079780 -0.055596415 0.045151569 0.991338909
1341846326.259181 -0.033336390 0.021471387 0.026127849 0.104676284 -0.056896698 0.048806317 0.991677165
1341846326.291222 -0.032779943 0.023806501 0.027289269 0.101611875 -0.057939485 0.048912663 0.991930246
1341846326.322766 -0.032379311 0.026569694 0.027884411 0.098495007 -0.057669558 0.047277778 0.992339551
1341846326.359773 -0.031902179 0.027943740 0.028165000 0.094971001 -0.056196727 0.044942141 0.992875934
1341846326.392109 -0.031818502 0.026957296 0.030290673 0.092963785 -0.054673046 0.045559850 0.993122816
1341846326.423985 -0.033060547 0.028134705 0.030645819 0.097188950 -0.053352483 0.050597925 0.992546082
1341846326.459869 -0.031872902 0.036186356 0.030414352 0.102308117 -0.056603331 0.055005498 0.991616607
1341846326.491143 -0.032265563 0.030895922 0.030367447 0.099885017 -0.057252705 0.055203233 0.991815388
1341846326.526163 -0.030994637 0.036138408 0.030987615 0.100784630 -0.055267580 0.054432403 0.991879582
1341846326.560211 -0.031709321 0.038584419 0.032029938 0.096471429 -0.050958917 0.054274328 0.992547572
1341846326.591828 -0.032197975 0.038994532 0.031698827 0.092787147 -0.048366897 0.055476081 0.992962062
1341846326.627027 -0.032249592 0.041422594 0.031968754 0.093037181 -0.046712294 0.055218946 0.993032157
1341846326.658442 -0.031581998 0.045437928 0.032645211 0.092597023 -0.043239094 0.053298257 0.993335545
1341846326.694856 -0.032478679 0.049350258 0.033961408 0.090242483 -0.039215036 0.052585553 0.993757129
1341846326.726206 -0.032058381 0.046716113 0.033673432 0.082427807 -0.038480625 0.051090077 0.994542420
1341846326.762753 -0.030882014 0.049052138 0.033870816 0.076980382 -0.036506191 0.048123553 0.995201170
1341846326.794046 -0.031593364 0.051594198 0.034640830 0.070308313 -0.032408196 0.045112148 0.995977581
1341846326.826821 -0.031743459 0.055469848 0.036169767 0.064053796 -0.029876966 0.042679917 0.996585608
1341846326.858887 -0.032767802 0.056459535 0.035284173 0.055326540 -0.027912900 0.040991712 0.997235954
1341846326.895360 -0.033316713 0.057267301 0.035633981 0.053343493 -0.027855219 0.041927185 0.997306705
1341846326.926897 -0.035124619 0.062479969 0.036581613 0.057472318 -0.030328900 0.042894695 0.996963978
1341846326.958888 -0.032666255 0.060257696 0.035049740 0.057784695 -0.034199636 0.047158770 0.996627986
1341846326.994594 -0.031779945 0.063534103 0.034766350 0.059347373 -0.034086902 0.049241364 0.996439338
1341846327.026301 -0.031092290 0.066104494 0.035513561 0.058046386 -0.033232909 0.048283517 0.996591628
1341846327.063945 -0.030443108 0.066986360 0.035500642 0.054617688 -0.031188047 0.044642292 0.997021198
1341846327.094662 -0.030864578 0.069107860 0.036657598 0.054896310 -0.028568538 0.042386536 0.997182846
1341846327.128901 -0.031798646 0.071904123 0.038241994 0.055173025 -0.027885433 0.040822074 0.997252166
1341846327.161940 -0.031078238 0.070796564 0.036768734 0.053226303 -0.029556414 0.040938295 0.997305095
1341846327.193867 -0.029619182 0.071463078 0.034921650 0.051687509 -0.028764809 0.038861591 0.997492254
1341846327.229885 -0.029457243 0.074399836 0.036544487 0.054042175 -0.025444897 0.037091099 0.997525036
1341846327.262014 -0.027703078 0.077282801 0.036273304 0.054618243 -0.022704005 0.035710022 0.997610211
1341846327.294023 -0.025912559 0.078160673 0.028735273 0.057192482 -0.013096270 0.027470086 0.997899234
1341846327.330015 -0.026485793 0.087347940 0.036361035 0.064291149 0.001061210 0.023967370 0.997642756
1341846327.361939 -0.027977495 0.083192304 0.039448824 0.059860945 0.005883295 0.021164371 0.997965038
1341846327.393887 -0.028977884 0.085105024 0.041420851 0.059050091 0.009157293 0.012897180 0.998129725
1341846327.429966 -0.030741695 0.089220122 0.039814312 0.058715735 0.009870615 0.012467277 0.998148084
1341846327.461965 -0.032582417 0.093256056 0.041884944 0.050536763 0.006436466 0.011286149 0.998637676
1341846327.497931 -0.030286569 0.094517946 0.040373165 0.046168491 0.003266487 0.009627279 0.998881936
1341846327.530068 -0.029790394 0.096055381 0.042007439 0.046189640 0.003163095 0.014415053 0.998823643
1341846327.561895 -0.030072151 0.098265521 0.042791251 0.044666246 0.000280110 0.019056363 0.998820126
1341846327.598010 -0.031930894 0.098983139 0.044219647 0.045739025 -0.001241369 0.024687260 0.998647571
1341846327.629945 -0.032001637 0.102597706 0.043035362 0.046934303 -0.006752225 0.023699749 0.998593986
1341846327.662003 -0.033902530 0.103208303 0.041394014 0.045643013 -0.007958265 0.019438565 0.998736978
1341846327.697919 -0.033021413 0.106703959 0.041790068 0.049366627 -0.009350314 0.019603737 0.998544514
1341846327.730075 -0.033921160 0.111126989 0.040768102 0.046606455 -0.009826662 0.021616017 0.998631060
1341846327.766017 -0.032663986 0.109912053 0.042720240 0.040494785 -0.010768512 0.021179056 0.998897254
1341846327.797917 -0.031889033 0.115214281 0.043574207 0.039018620 -0.012018915 0.022410225 0.998914838
1341846327.830054 -0.032218840 0.115328267 0.043764878 0.030631475 -0.011761662 0.022882732 0.999199569
1341846327.865944 -0.032238912 0.117318645 0.043537159 0.027104696 -0.010131711 0.023377456 0.999307871
1341846327.898010 -0.033271592 0.119920351 0.044871774 0.025239492 -0.008809330 0.024830427 0.999334216
1341846327.929991 -0.032871827 0.120421648 0.044778962 0.021682022 -0.010750911 0.023502747 0.999430776
1341846327.966065 -0.032785844 0.122937284 0.044614725 0.018156555 -0.010463818 0.020978918 0.999560297
1341846327.998073 -0.032299869 0.124563523 0.044482589 0.011837461 -0.009955293 0.018062962 0.999717236
1341846328.034045 -0.031871397 0.125751957 0.044441827 0.005948912 -0.009107552 0.015244341 0.999824643
1341846328.065993 -0.032169063 0.126977935 0.043078098 0.001263281 -0.008133978 0.016070060 0.999836981
1341846328.098045 -0.032730710 0.124392204 0.044944998 -0.001236018 -0.006738496 0.016112693 0.999846697
1341846328.133967 -0.032762110 0.124959297 0.044354387 0.002574792 -0.008278917 0.019803606 0.999766290
1341846328.166023 -0.032198694 0.123187594 0.045543332 0.000812346 -0.011463257 0.020416958 0.999725521
1341846328.198018 -0.033011161 0.119690485 0.043812074 -0.000994149 -0.013691619 0.017925018 0.999745071
1341846328.234044 -0.032831851 0.117812596 0.042991258 0.001574308 -0.015344503 0.016550789 0.999744058
1341846328.265899 -0.031641718 0.116352141 0.042223606 0.003584566 -0.018118896 0.017102780 0.999683142
1341846328.302051 -0.032876909 0.110572025 0.041144781 0.003086760 -0.017272441 0.017500410 0.999692917
1341846328.333917 -0.032194268 0.108484186 0.041889224 0.005217900 -0.018129943 0.018434795 0.999652028
1341846328.366008 -0.032326199 0.106159523 0.041565087 0.009888547 -0.018670259 0.016716586 0.999637008
1341846328.402010 -0.030328540 0.099721581 0.039114106 0.020922709 -0.018618917 0.020509915 0.999397278
1341846328.433920 -0.032793403 0.094551735 0.040491447 0.022341896 -0.018175513 0.018421872 0.999415398
1341846328.470003 -0.030935962 0.092203490 0.038940832 0.022699686 -0.021235740 0.014948550 0.999404967
1341846328.502194 -0.031392917 0.085746683 0.037634071 0.022114357 -0.018463245 0.008333828 0.999550223
1341846328.534033 -0.030459922 0.079688333 0.036357597 0.021000367 -0.015717536 0.002401093 0.999653041
1341846328.570125 -0.031384364 0.080747291 0.038181633 0.024550930 -0.014302421 0.001775695 0.999594688
1341846328.602804 -0.034652501 0.075164005 0.038234651 0.027903773 -0.016883031 0.004384889 0.999458373
1341846328.636433 -0.034707386 0.072497271 0.037720446 0.033711579 -0.024123890 0.003141808 0.999135494
1341846328.672663 -0.033164434 0.067220829 0.038003616 0.036695469 -0.031568330 0.003002861 0.998823225
1341846328.702975 -0.031296600 0.063544102 0.038389180 0.038121983 -0.036656443 0.003550996 0.998594224
1341846328.738215 -0.029457305 0.064609602 0.038043410 0.044806231 -0.039027374 -0.000074045 0.998233080
1341846328.770129 -0.029867359 0.059238087 0.036091730 0.046774592 -0.040375296 0.000303699 0.998089075
1341846328.802331 -0.029854497 0.054740023 0.035213850 0.045772187 -0.043295637 0.001408870 0.998012245
1341846328.838051 -0.029039808 0.051105238 0.035897408 0.049260072 -0.045959804 -0.001486359 0.997726858
1341846328.869939 -0.028184112 0.051971864 0.034733899 0.050035134 -0.047736321 -0.001995251 0.997603953
1341846328.904486 -0.029045247 0.047798958 0.033812672 0.044209503 -0.049835566 -0.002877282 0.997774363
1341846328.939814 -0.026487265 0.041165002 0.035885628 0.044902943 -0.055160616 -0.000961848 0.997466862
1341846328.970217 -0.026174497 0.040973693 0.034400348 0.048755951 -0.057167936 0.002337564 0.997170627
1341846329.006232 -0.026722947 0.039045732 0.033932641 0.049445502 -0.058956586 0.005986905 0.997017205
1341846329.038243 -0.025090072 0.035498001 0.033693794 0.051733896 -0.061075535 0.007409523 0.996764004
1341846329.072238 -0.025057629 0.035531756 0.031617615 0.056303214 -0.060032930 0.006663912 0.996584952
1341846329.106125 -0.025695177 0.038948882 0.032033581 0.057442944 -0.060575172 0.005715322 0.996492982
1341846329.138340 -0.026018005 0.035253592 0.032105364 0.058019176 -0.061150767 0.003088944 0.996436059
1341846329.169991 -0.025574815 0.034841020 0.030532131 0.059993200 -0.062267870 0.002393233 0.996251881
1341846329.208656 -0.024823859 0.033173330 0.029746048 0.060311411 -0.063581891 0.001172843 0.996151865
1341846329.238169 -0.023888748 0.032908566 0.029713087 0.059753157 -0.065240525 0.001639737 0.996077597
1341846329.273827 -0.024412056 0.029560523 0.030013291 0.056906506 -0.065886296 0.002012113 0.996201098
1341846329.306052 -0.024874778 0.029664703 0.029447036 0.057788465 -0.068026453 0.000858017 0.996008098
1341846329.338104 -0.023438061 0.029236000 0.028518122 0.054231849 -0.070305593 -0.000865384 0.996049821
1341846329.373907 -0.023989482 0.024977986 0.028805252 0.049631655 -0.070751794 -0.003286897 0.996253014
1341846329.405985 -0.023960399 0.022980291 0.028293166 0.050673049 -0.072137274 -0.005840177 0.996089518
1341846329.442057 -0.023721075 0.022736493 0.028099351 0.050647400 -0.072771348 -0.009463453 0.996016860
1341846329.473950 -0.023922028 0.023629442 0.027541637 0.050959826 -0.073838770 -0.015460428 0.995847285
1341846329.506147 -0.024797481 0.022868283 0.026765494 0.051576462 -0.074995898 -0.019123191 0.995665491
1341846329.542121 -0.025339372 0.020489046 0.026397834 0.049180042 -0.077828012 -0.019249851 0.995566964
1341846329.574086 -0.024197886 0.016679766 0.026803639 0.050267078 -0.081079699 -0.019822661 0.995241880
1341846329.606387 -0.024594877 0.016538208 0.025415272 0.053062260 -0.081066757 -0.021266455 0.995068014
1341846329.641955 -0.025439747 0.015870033 0.024434933 0.052885175 -0.081703521 -0.021058038 0.995029747
1341846329.681570 -0.025747089 0.013790501 0.025244543 0.051607709 -0.084726036 -0.020808000 0.994849324
1341846329.748113 -0.024076313 0.012364561 0.024404567 0.053553298 -0.085516170 -0.023218911 0.994625509
1341846329.774077 -0.024012793 0.010036726 0.024915393 0.050851263 -0.083966590 -0.020752490 0.994953811
1341846329.810175 -0.024748161 0.007779432 0.024578962 0.050390165 -0.082097195 -0.018587118 0.995176077
1341846329.842255 -0.022305235 0.006937891 0.024412241 0.052021809 -0.083138920 -0.015506815 0.995058417
1341846329.874044 -0.022870772 0.005533507 0.023826817 0.053277824 -0.082830951 -0.012155547 0.995064199
1341846329.910073 -0.022843232 0.006692406 0.023781570 0.053996023 -0.083298206 -0.010002768 0.995010436
1341846329.942009 -0.025882876 0.005463806 0.023298254 0.048490994 -0.082012363 -0.004876105 0.995438993
1341846329.978087 -0.025438093 0.000800713 0.023572601 0.044961710 -0.082780302 -0.003084935 0.995548248
1341846330.016305 -0.024393475 0.002033107 0.023073418 0.047510196 -0.082340486 -0.005027005 0.995458424
1341846330.048192 -0.025563791 0.003178671 0.022666493 0.044105556 -0.080194123 -0.003876340 0.995795429
1341846330.080418 -0.025278032 -0.000770252 0.022794278 0.038471039 -0.080418892 -0.002425210 0.996015489
1341846330.115886 -0.024826817 -0.004104206 0.023239981 0.040223550 -0.079524778 -0.001088436 0.996020436
1341846330.147839 -0.026569314 -0.000830974 0.021818647 0.043968964 -0.078074194 0.000136249 0.995977461
1341846330.181257 -0.026025392 0.001740257 0.022042129 0.039730947 -0.079005353 0.003710105 0.996075213
1341846330.215852 -0.026298713 -0.001091447 0.022450376 0.032718766 -0.077524170 0.002225001 0.996450961
1341846330.247833 -0.027013574 -0.002248303 0.021968622 0.030629976 -0.076897904 0.001238272 0.996567607
1341846330.283913 -0.027430672 0.000871173 0.020863263 0.028381908 -0.077148251 0.001117265 0.996614933
1341846330.316011 -0.027895130 -0.002313746 0.021371594 0.020629907 -0.077663250 -0.000150266 0.996766150
1341846330.347868 -0.028438490 -0.003879087 0.021068260 0.018102515 -0.079014517 -0.001054968 0.996708512
1341846330.383835 -0.027516134 -0.004265416 0.020596189 0.016186861 -0.079709664 -0.000806842 0.996686339
1341846330.415934 -0.028101796 -0.006669158 0.021833172 0.015114378 -0.078832693 -0.002315757 0.996770561
1341846330.452561 -0.028749742 -0.007566159 0.020652367 0.017729817 -0.079001777 -0.003695960 0.996709943
1341846330.483903 -0.029297957 -0.006515074 0.019603236 0.018101474 -0.080570698 -0.001382359 0.996583581
1341846330.515970 -0.029248700 -0.008402141 0.019604392 0.015648536 -0.082874328 0.001604200 0.996435821
1341846330.552099 -0.028823981 -0.008841299 0.019758405 0.016724814 -0.084452137 0.004368082 0.996277571
1341846330.583876 -0.029165780 -0.007097620 0.019071590 0.016882554 -0.084476605 0.004832356 0.996270716
1341846330.619992 -0.030185318 -0.005287996 0.017067563 0.012952945 -0.084949158 0.003961482 0.996293187
1341846330.652136 -0.030171290 -0.006733654 0.017819472 0.006181429 -0.086433463 0.001617688 0.996237099
1341846330.683796 -0.030747857 -0.007213373 0.017181631 0.001598723 -0.085888952 0.000238504 0.996303380
1341846330.719991 -0.031472705 -0.010066953 0.016192503 -0.002239149 -0.087954365 0.001101560 0.996121347
1341846330.752103 -0.030249938 -0.009901428 0.016378365 -0.000393061 -0.092574313 0.005193883 0.995692134
1341846330.787952 -0.031816348 -0.008495863 0.015415483 0.001100049 -0.096231915 0.008654526 0.995320678
1341846330.819823 -0.032555435 -0.007755366 0.014997203 0.000700611 -0.100419164 0.009555417 0.994899094
1341846330.852208 -0.032603309 -0.006620438 0.014155146 0.000545603 -0.101999909 0.010242470 0.994731545
1341846330.888445 -0.033738658 -0.003840330 0.013566440 -0.001847741 -0.103304565 0.010791858 0.994589508
1341846330.914111 -0.032980625 -0.003863023 0.013901542 -0.007776249 -0.105116114 0.009094772 0.994387984
1341846330.949903 -0.034244947 -0.005570453 0.014366371 -0.011170325 -0.105690949 0.008494397 0.994300008
1341846330.981986 -0.035903476 -0.005836716 0.012375216 -0.010799113 -0.108851053 0.009388177 0.993955076
1341846331.014111 -0.035048872 -0.004784034 0.012307609 -0.010889153 -0.113497756 0.009609426 0.993432105
1341846331.082139 -0.035362072 -0.006045842 0.010640489 -0.009460561 -0.116077043 0.007026877 0.993170261
1341846331.114334 -0.035028402 -0.005799376 0.009913690 -0.009720973 -0.118542209 0.007023480 0.992876589
1341846331.149989 -0.034405876 -0.007156219 0.010337527 -0.009906838 -0.119966462 0.006149486 0.992709458
1341846331.181954 -0.035297710 -0.007055098 0.009994997 -0.006484958 -0.119901136 0.004840095 0.992752850
1341846331.218151 -0.036683224 -0.004236159 0.008385710 -0.005746293 -0.122043200 0.005671976 0.992491961
1341846331.249914 -0.034829270 -0.006177769 0.009367041 -0.008894783 -0.124825336 0.004596372 0.992128193
1341846331.282227 -0.030869883 -0.010152282 0.010793806 -0.005764068 -0.123165250 0.004036236 0.992361248
1341846331.318141 -0.033225589 -0.006336055 0.009945128 0.002198776 -0.116159961 0.001276275 0.993227243
1341846331.349926 -0.032500066 -0.006106915 0.009309436 0.001178144 -0.113670617 0.000725466 0.993517518
1341846331.382003 -0.025381573 -0.011685816 0.010568246 0.000771323 -0.111700520 0.001736577 0.993740141
1341846331.418008 -0.028388850 -0.008248678 0.013430749 0.010538299 -0.100414246 0.000717204 0.994889677
1341846331.450327 -0.029064799 -0.006554198 0.013984091 0.013430486 -0.094596080 0.000446889 0.995425045
1341846331.486219 -0.030437583 -0.005186964 0.014442835 0.014098277 -0.092003137 0.001553931 0.995657682
1341846331.518344 -0.030259831 -0.005531007 0.015078484 0.012525492 -0.091233820 0.000755516 0.995750427
1341846331.550202 -0.029783199 -0.008104588 0.017096292 0.013998439 -0.087235376 -0.000798482 0.996089041
1341846331.586139 -0.032061249 -0.005232150 0.016742053 0.017427359 -0.084511518 -0.000230348 0.996270061
1341846331.617931 -0.030963171 -0.004851352 0.018037917 0.016605619 -0.085152708 0.000132316 0.996229529
1341846331.654027 -0.029465582 -0.006612234 0.019627968 0.016390314 -0.083408415 0.000928378 0.996380210
1341846331.686123 -0.030754060 -0.004096587 0.020316828 0.019812603 -0.079939052 0.002666824 0.996599257
1341846331.717954 -0.032001693 -0.001485572 0.021596050 0.017749224 -0.080371626 0.002335436 0.996604204
1341846331.754076 -0.029805463 -0.004214324 0.023844892 0.014377812 -0.081207380 0.001509219 0.996592402
1341846331.785920 -0.030175230 -0.004252539 0.025090169 0.017408503 -0.078107812 0.000217957 0.996792853
1341846331.818053 -0.031127350 -0.001690772 0.026831776 0.019106660 -0.076037876 0.000371108 0.996921778
1341846331.853849 -0.031253807 -0.003229650 0.028444938 0.017115109 -0.075659499 -0.000298958 0.996986806
1341846331.885987 -0.029664272 -0.003702832 0.030804588 0.020122290 -0.074216291 -0.002223597 0.997036636
1341846331.922014 -0.029920127 -0.001971489 0.032980666 0.022861887 -0.071140707 -0.002775544 0.997200429
1341846331.954037 -0.028956769 -0.001929709 0.034149986 0.022745213 -0.069021933 -0.002104366 0.997353613
1341846331.986135 -0.027794169 -0.004395502 0.037428617 0.024005793 -0.064553417 -0.000848740 0.997625113
1341846332.022364 -0.030772565 -0.005369693 0.039551105 0.030500012 -0.058275376 -0.000283304 0.997834504
1341846332.054175 -0.031799000 -0.003576622 0.040613897 0.037595086 -0.057493411 0.001990322 0.997635782
1341846332.086502 -0.030911880 -0.002747776 0.041995741 0.040584315 -0.058222581 0.004027400 0.997470200
1341846332.122051 -0.031711612 -0.001796422 0.044626769 0.043043680 -0.056925181 0.002866563 0.997446060
1341846332.153983 -0.032810371 0.001176007 0.046000004 0.042765874 -0.057000209 0.000305322 0.997457743
1341846332.190165 -0.033507358 0.001700451 0.048707373 0.036630511 -0.058311794 -0.002527059 0.997622907
1341846332.222699 -0.033683158 -0.001079452 0.051488947 0.032692935 -0.058760922 -0.003720111 0.997729659
1341846332.254145 -0.034305502 -0.001613743 0.053417001 0.035506561 -0.058033839 -0.004002682 0.997674942
1341846332.289948 -0.034780771 -0.000256483 0.055180166 0.038039826 -0.058363475 -0.001701140 0.997568905
1341846332.322172 -0.035311338 -0.000502819 0.056775689 0.038613800 -0.058361880 0.000112877 0.997548401
1341846332.354003 -0.034133762 -0.001443754 0.058959022 0.040950283 -0.057378430 -0.002093673 0.997510076
1341846332.390180 -0.032854982 0.000963538 0.059326790 0.044002384 -0.053959042 -0.004174372 0.997564375
1341846332.422055 -0.034853153 0.001640842 0.061585113 0.042496700 -0.050391506 -0.008069625 0.997792363
1341846332.458114 -0.034317393 0.001051568 0.064153388 0.041968971 -0.048520606 -0.012258093 0.997864783
1341846332.489993 -0.035663407 0.002141273 0.065477163 0.043404251 -0.046283331 -0.010429038 0.997930408
1341846332.522130 -0.037356351 0.002937224 0.066435322 0.042647973 -0.048893154 -0.005717968 0.997876704
1341846332.558114 -0.036552068 0.002576408 0.068579204 0.042104289 -0.055372979 0.002135979 0.997575283
1341846332.589874 -0.035346601 0.004436733 0.069458030 0.042366430 -0.058499005 0.006079761 0.997369528
1341846332.621889 -0.034627154 0.005430222 0.069806710 0.038261171 -0.058711492 0.007811504 0.997510910
1341846332.658202 -0.034205779 0.004911724 0.071793087 0.034276698 -0.058380805 0.006633951 0.997683704
1341846332.690001 -0.034419857 0.005351719 0.073172092 0.032451712 -0.057223178 0.006764911 0.997810900
1341846332.726000 -0.035119168 0.004620811 0.074653663 0.030682305 -0.058009479 0.011049388 0.997783244
1341846332.758386 -0.034034263 0.004865516 0.075776890 0.031255122 -0.061233446 0.012980325 0.997549534
1341846332.789937 -0.032585714 0.006568153 0.077251717 0.031712223 -0.061269455 0.011963127 0.997545600
1341846332.825925 -0.032193910 0.006475512 0.079725936 0.029413840 -0.059057046 0.010398126 0.997766972
1341846332.857898 -0.032547411 0.006166126 0.080846235 0.030269407 -0.057372715 0.009166682 0.997851729
1341846332.894069 -0.032781411 0.008865936 0.082727753 0.031379670 -0.057262402 0.009628526 0.997819424
1341846332.926029 -0.031033400 0.009798800 0.083396271 0.028488373 -0.058145192 0.008319260 0.997866869
1341846332.958015 -0.030401815 0.010464508 0.085336529 0.026335783 -0.055946909 0.005812089 0.998069406
1341846332.994073 -0.030311309 0.011004505 0.086610809 0.023721451 -0.054891318 0.003733022 0.998203576
1341846333.026545 -0.030211497 0.011201969 0.088363416 0.021249376 -0.053362131 0.000328724 0.998349071
1341846333.057998 -0.029196789 0.011312203 0.089328699 0.020430190 -0.051709965 0.000314681 0.998453081
1341846333.094024 -0.030443583 0.011611163 0.092386976 0.020685544 -0.049107086 0.004430056 0.998569489
1341846333.126095 -0.029814238 0.012398420 0.093480423 0.021503456 -0.047670804 0.006800959 0.998608470
1341846333.161973 -0.028992049 0.013797275 0.094874069 0.021115405 -0.045246899 0.008084374 0.998719931
1341846333.195660 -0.029231250 0.014179750 0.095834546 0.018631954 -0.043005593 0.009403831 0.998856843
1341846333.226331 -0.029227687 0.014310118 0.096912578 0.017386839 -0.042252701 0.008328121 0.998920977
1341846333.262056 -0.028714582 0.016377660 0.097758189 0.016035192 -0.042033955 0.006646414 0.998965383
1341846333.294147 -0.027721953 0.014022638 0.095000692 0.010219144 -0.042705227 0.005817375 0.999018490
1341846333.326100 -0.027452026 0.014222032 0.095540613 0.008633927 -0.044077426 0.004228865 0.998981833
1341846333.362100 -0.027804855 0.016273631 0.094882645 0.006943303 -0.043977268 0.002033782 0.999006331
1341846333.394119 -0.027935803 0.014921973 0.096254751 0.002997183 -0.044932432 0.002433219 0.998982549
1341846333.429974 -0.027814684 0.014905685 0.095813930 0.001673153 -0.046889309 0.001579838 0.998897433
1341846333.462115 -0.028310200 0.014215321 0.095941648 0.000835036 -0.045787826 0.000392858 0.998950779
1341846333.494040 -0.027592698 0.014411558 0.096926734 0.002425274 -0.045530520 0.000255461 0.998959959
1341846333.529953 -0.026777379 0.014338761 0.096723557 0.003363553 -0.045011438 -0.000306627 0.998980761
1341846333.562063 -0.027048746 0.014582569 0.097033866 0.003992024 -0.042552765 0.001000688 0.999085724
1341846333.594090 -0.028012216 0.015813543 0.097562842 0.003617432 -0.042477947 0.000755140 0.999090552
1341846333.629994 -0.028968845 0.017719265 0.096842095 0.001632774 -0.044401444 0.000513807 0.999012291
1341846333.662127 -0.029472150 0.016678426 0.096018061 -0.002571087 -0.044239402 -0.000431956 0.999017537
1341846333.697964 -0.029531909 0.015345226 0.096337669 -0.005138672 -0.044087186 -0.000076484 0.999014497
1341846333.730092 -0.029588612 0.014688730 0.095915206 -0.003147799 -0.043877725 0.001319646 0.999031067
1341846333.762089 -0.030523559 0.015041835 0.094716959 -0.001156879 -0.041944608 0.002043207 0.999117196
1341846333.798006 -0.030304793 0.014168308 0.094713993 -0.000417704 -0.041117404 0.002247391 0.999151707
1341846333.830055 -0.028854024 0.013693220 0.093754776 0.001215711 -0.041240931 0.000962026 0.999148011
1341846333.866045 -0.028336585 0.014207948 0.093819931 0.003220642 -0.041780218 -0.001132599 0.999121010
1341846333.897987 -0.026602574 0.013469848 0.093608037 0.004777445 -0.044568967 -0.002066047 0.998992741
1341846333.930099 -0.026607731 0.012913292 0.092978604 0.007393695 -0.043758016 -0.002937430 0.999010503
1341846333.965889 -0.026538631 0.012935311 0.092123263 0.009680280 -0.043217745 -0.003275070 0.999013424
1341846333.997985 -0.026598746 0.012263200 0.091129437 0.012101661 -0.042323381 -0.003831575 0.999023318
1341846334.030076 -0.026818046 0.012145621 0.090252124 0.015347042 -0.041184861 -0.002751498 0.999029875
1341846334.066000 -0.028159894 0.011815673 0.088430628 0.016680863 -0.040152546 -0.001379369 0.999053359
1341846334.097932 -0.026847050 0.012544791 0.088984922 0.019440951 -0.040965583 -0.000882457 0.998970985
1341846334.133884 -0.027313022 0.012184056 0.087397322 0.020406591 -0.039633416 -0.000126948 0.999005854
1341846334.166115 -0.028982090 0.012236115 0.085922673 0.020740414 -0.039650254 -0.000059915 0.998998344
1341846334.198072 -0.028809724 0.012034497 0.084957182 0.021356570 -0.041469675 -0.000576036 0.998911321
1341846334.234097 -0.028080082 0.012586855 0.084197782 0.022145681 -0.041611686 -0.001697905 0.998886943
1341846334.266045 -0.028630797 0.011802264 0.082636908 0.021492451 -0.039725795 -0.000763168 0.998979151
1341846334.297946 -0.030276010 0.011851400 0.080888495 0.022837292 -0.040149070 -0.000405730 0.998932600
1341846334.334036 -0.030100280 0.012177944 0.080430105 0.023243498 -0.042181313 0.001027953 0.998839021
1341846334.365871 -0.030763444 0.013300237 0.079294100 0.024050828 -0.041482262 -0.001419089 0.998848736
1341846334.401845 -0.030504057 0.012451675 0.078061961 0.021671453 -0.041247942 -0.001552399 0.998912692
1341846334.433864 -0.031627595 0.011017961 0.076787926 0.020857630 -0.041752089 -0.000894207 0.998909891
1341846334.466105 -0.031739194 0.012945645 0.076121807 0.022645630 -0.042792488 -0.000846417 0.998826921
1341846334.502142 -0.032803286 0.013401456 0.074182078 0.021549171 -0.043220971 -0.000462493 0.998833001
1341846334.540153 -0.033071637 0.012905620 0.072997570 0.020849777 -0.044241391 -0.001874817 0.998801529
1341846334.566584 -0.031628940 0.013227530 0.067681856 0.019386988 -0.045496322 -0.005042532 0.998763621
1341846334.602351 -0.033588544 0.013902802 0.067840777 0.016009439 -0.047521144 -0.008329126 0.998707175
1341846334.634069 -0.034757785 0.012414055 0.066679679 0.012860713 -0.049201529 -0.013945030 0.998608708
1341846334.670161 -0.035087056 0.011899055 0.066206977 0.010652167 -0.049947221 -0.015716264 0.998571396
1341846334.702085 -0.035218086 0.011587276 0.064699575 0.008758164 -0.052318644 -0.013800390 0.998496652
1341846334.734751 -0.035315350 0.011360486 0.062975161 0.008759913 -0.054900382 -0.012739073 0.998372138
1341846334.770889 -0.037102077 0.010909845 0.061319999 0.008528643 -0.055155773 -0.011471847 0.998375416
1341846334.802194 -0.037334286 0.010746628 0.059114482 0.007890630 -0.057354655 -0.010519480 0.998267233
1341846334.833908 -0.037067555 0.011399898 0.057748146 0.008316057 -0.059216674 -0.012711775 0.998129606
1341846334.869874 -0.037742954 0.011875226 0.056459349 0.006874674 -0.059164502 -0.012533801 0.998145878
1341846334.902006 -0.038675290 0.011041086 0.054255608 0.004800613 -0.060151014 -0.012588251 0.998098373
1341846334.938010 -0.039333422 0.011287447 0.053509139 0.004424458 -0.062995046 -0.012910206 0.997920513
1341846334.970032 -0.037844796 0.010497333 0.052272160 0.003654158 -0.064975880 -0.012968750 0.997795880
1341846335.002203 -0.038950857 0.009210857 0.050634690 0.004493356 -0.064067885 -0.011978219 0.997863531
1341846335.037880 -0.040134061 0.010057781 0.047915950 0.007414105 -0.066199914 -0.009650160 0.997732162
1341846335.069990 -0.039980009 0.010295853 0.047315493 0.007778434 -0.069175057 -0.010266189 0.997521400
1341846335.106038 -0.039735734 0.010219691 0.047516353 0.008254867 -0.068585008 -0.011448913 0.997545421
1341846335.138045 -0.039965447 0.010630115 0.045444224 0.010189304 -0.067504555 -0.011933253 0.997595549
1341846335.169900 -0.040564440 0.011539726 0.041616905 0.010781772 -0.069482610 -0.011383304 0.997459948
1341846335.206091 -0.040362339 0.011526733 0.041603323 0.010119430 -0.071536787 -0.013803307 0.997291148
1341846335.239365 -0.039167967 0.008886572 0.039324306 0.008473771 -0.071325310 -0.016405405 0.997282207
1341846335.269948 -0.039652228 0.008010939 0.036701772 0.009676631 -0.069488280 -0.018018745 0.997373104
1341846335.305972 -0.040907457 0.008059754 0.035808880 0.011479433 -0.070384450 -0.017004039 0.997308910
1341846335.338012 -0.039591070 0.007588206 0.035024468 0.012448272 -0.072797999 -0.014944172 0.997157037
1341846335.374005 -0.038185902 0.005506585 0.034626920 0.015497832 -0.072204195 -0.014135368 0.997169316
1341846335.406025 -0.039239775 0.005145711 0.033643637 0.021728633 -0.069180317 -0.010806284 0.997308969
1341846335.438079 -0.039198298 0.006385755 0.030154236 0.027572818 -0.068217538 -0.008140028 0.997256160
1341846335.473998 -0.038506728 0.007263240 0.028754767 0.030005774 -0.066994898 -0.006202311 0.997282743
1341846335.507038 -0.038301378 0.008196683 0.026912099 0.031561986 -0.064489365 -0.007951677 0.997387469
1341846335.538040 -0.038811944 0.009350535 0.025336770 0.031617466 -0.061907921 -0.010075663 0.997530043
1341846335.574119 -0.039895367 0.009786771 0.023544108 0.029261723 -0.061297327 -0.009894601 0.997641444
1341846335.605970 -0.039762523 0.008818030 0.022459945 0.027261997 -0.062003680 -0.010655983 0.997646630
1341846335.641978 -0.038898140 0.008578782 0.021059979 0.028358536 -0.061370820 -0.012989010 0.997627556
1341846335.673993 -0.039220601 0.009193989 0.019350464 0.028515141 -0.060572743 -0.013156644 0.997669637
1341846335.706178 -0.039539069 0.008689466 0.017581068 0.027561372 -0.061741930 -0.012223086 0.997636676
1341846335.741982 -0.038850423 0.008328075 0.016284971 0.027845653 -0.062371127 -0.012748882 0.997583032
1341846335.773960 -0.038927246 0.009204834 0.013970269 0.028311081 -0.061609313 -0.013087323 0.997612894
1341846335.806271 -0.038739298 0.009942806 0.011886999 0.026628939 -0.062183890 -0.013105515 0.997623324
1341846335.842031 -0.038844623 0.009013268 0.011594729 0.024098344 -0.061401799 -0.013144149 0.997735560
1341846335.873966 -0.038797148 0.008555719 0.009688923 0.024989804 -0.059805050 -0.014299254 0.997794807
1341846335.910005 -0.040190466 0.009880329 0.007830741 0.024939733 -0.059245504 -0.012345363 0.997855484
1341846335.941936 -0.040331617 0.009709993 0.005933612 0.023679968 -0.061042447 -0.011506733 0.997787893
1341846335.974198 -0.040072575 0.009475636 0.004819572 0.023358392 -0.062100146 -0.013255207 0.997708499
1341846336.010032 -0.040575691 0.010148275 0.003143342 0.023597915 -0.061662842 -0.015046536 0.997704566
1341846336.042129 -0.041658506 0.010244825 0.001382294 0.022650134 -0.062593840 -0.014658698 0.997674346
1341846336.078076 -0.041691471 0.009506153 0.000569542 0.022258282 -0.064448126 -0.015363727 0.997554481
1341846336.110739 -0.041435268 0.009994981 -0.000560264 0.023161653 -0.064853318 -0.016763564 0.997485101
1341846336.142002 -0.042403165 0.009897116 -0.003107083 0.022770517 -0.064409055 -0.015878474 0.997537374
1341846336.183953 -0.043313053 0.010564120 -0.004010644 0.022670286 -0.066509284 -0.015154867 0.997413099
1341846336.210112 -0.042908967 0.010756966 -0.004512977 0.021158546 -0.068455838 -0.014920601 0.997318149
1341846336.241891 -0.042480502 0.010118552 -0.005814563 0.020241573 -0.067737006 -0.015457663 0.997378111
1341846336.277946 -0.044313878 0.009516688 -0.006635097 0.020420928 -0.066713937 -0.013689914 0.997469246
1341846336.309977 -0.044742737 0.008926833 -0.008265692 0.022410166 -0.069009796 -0.010740579 0.997306466
1341846336.346143 -0.044188529 0.010127580 -0.008868517 0.024598697 -0.070939057 -0.008883860 0.997137725
1341846336.377975 -0.043871943 0.009886043 -0.009803875 0.025341149 -0.070876963 -0.009605928 0.997116864
1341846336.410032 -0.044532005 0.010117281 -0.011467614 0.026392130 -0.069736473 -0.010083341 0.997165322
1341846336.446041 -0.044709608 0.010720842 -0.013558512 0.026129017 -0.070119135 -0.010332746 0.997142851
1341846336.477990 -0.044069368 0.010488421 -0.014115787 0.024921553 -0.070635989 -0.010180471 0.997138858
1341846336.510056 -0.044565104 0.010194587 -0.014363661 0.025133723 -0.069738224 -0.009913307 0.997199416
1341846336.546024 -0.044765089 0.009563070 -0.016913624 0.025714867 -0.069313362 -0.008194893 0.997229815
1341846336.578003 -0.045035128 0.010890936 -0.018366285 0.025776653 -0.069512688 -0.006267729 0.997228324
1341846336.614020 -0.043455105 0.010815442 -0.018717121 0.024988186 -0.070023574 -0.006090274 0.997213721
1341846336.645982 -0.045097373 0.011662566 -0.019925954 0.024460087 -0.067651756 -0.007895041 0.997377872
1341846336.678036 -0.046486657 0.010850681 -0.020870227 0.022214688 -0.068675026 -0.007752095 0.997361600
1341846336.714024 -0.046894886 0.009723357 -0.020208610 0.023210114 -0.071113624 -0.007778206 0.997167826
1341846336.746016 -0.048075415 0.009021158 -0.020292945 0.026620874 -0.072861448 -0.005831348 0.996969700
1341846336.778014 -0.047714379 0.009949618 -0.023270851 0.029470010 -0.076923169 -0.002293633 0.996598721
1341846336.820006 -0.047386400 0.010994913 -0.024603127 0.030103745 -0.080801159 0.000558405 0.996275365
1341846336.845952 -0.047250535 0.010113322 -0.023599153 0.030490549 -0.082466185 -0.000425953 0.996127248
1341846336.882056 -0.048195582 0.010247854 -0.026401397 0.032390080 -0.082636006 -0.000756701 0.996052980
1341846336.914273 -0.051422823 0.009340843 -0.024448693 0.034319699 -0.086088449 0.001187774 0.995695472
1341846336.945998 -0.048438102 0.006747708 -0.028578462 0.038239837 -0.093340576 0.004339752 0.994890153
1341846336.981980 -0.049439687 0.011048734 -0.028759349 0.043872882 -0.096994512 0.002022859 0.994315445
1341846337.014238 -0.049295563 0.013011641 -0.029103609 0.041822460 -0.099948138 0.000820236 0.994112968
1341846337.046017 -0.047801223 0.011403237 -0.030336933 0.038721219 -0.101627126 -0.004063073 0.994060397
1341846337.082104 -0.048956607 0.011888115 -0.031428866 0.038595635 -0.101375408 -0.007621882 0.994070113
1341846337.114317 -0.049689379 0.011340341 -0.031925052 0.036545757 -0.103242673 -0.008055893 0.993951917
1341846337.150037 -0.048605207 0.011987618 -0.032419611 0.035157103 -0.105507731 -0.009651784 0.993749976
1341846337.181873 -0.047788221 0.011356270 -0.031781241 0.034749575 -0.106013715 -0.012451405 0.993679285
1341846337.214073 -0.048592608 0.014492874 -0.033047758 0.033841636 -0.104040287 -0.014680341 0.993888736
1341846337.250087 -0.052232068 0.011525578 -0.034466814 0.029778395 -0.103724100 -0.014670280 0.994051993
1341846337.282028 -0.051615883 0.011782730 -0.034524426 0.030814746 -0.108198464 -0.011065139 0.993589997
1341846337.317920 -0.049561609 0.013507545 -0.033840049 0.030998895 -0.110638566 -0.010012532 0.993326724
1341846337.350018 -0.049852826 0.014343087 -0.035190973 0.029772483 -0.109674357 -0.010418401 0.993466973
1341846337.382159 -0.048811615 0.013801367 -0.033962477 0.026916752 -0.109960385 -0.012210663 0.993496418
1341846337.417941 -0.049968813 0.011425916 -0.035468254 0.026826793 -0.108651385 -0.012676566 0.993637025
1341846337.450137 -0.050061166 0.013629070 -0.036250275 0.028061867 -0.110415615 -0.011241943 0.993425667
1341846337.482096 -0.049925521 0.011796960 -0.037026566 0.025758089 -0.110649653 -0.011111455 0.993463516
1341846337.518008 -0.050703332 0.010195803 -0.037718005 0.026038703 -0.110676765 -0.010999291 0.993454397
1341846337.549978 -0.050681986 0.013313829 -0.037867706 0.027616700 -0.111485235 -0.012068165 0.993308961
1341846337.585971 -0.050396480 0.012579384 -0.037424028 0.024668694 -0.111970410 -0.013358401 0.993315458
1341846337.617903 -0.050867975 0.009071155 -0.037013147 0.024530157 -0.112200007 -0.013676741 0.993288696
1341846337.650141 -0.050566569 0.011455731 -0.037555575 0.028007386 -0.112805761 -0.013517677 0.993130267
1341846337.686352 -0.049399257 0.012841668 -0.037979353 0.026602138 -0.112843171 -0.013063768 0.993170738
1341846337.718002 -0.048724659 0.011633155 -0.036990527 0.024262285 -0.112825841 -0.012995020 0.993233502
1341846337.749920 -0.048053201 0.012697588 -0.035827912 0.024579007 -0.111332648 -0.013693619 0.993384778
1341846337.786157 -0.047962628 0.013866608 -0.035789754 0.022195136 -0.108417079 -0.014488141 0.993752062
1341846337.817945 -0.048197243 0.012977171 -0.033986624 0.019221684 -0.106428266 -0.012354812 0.994057775
1341846337.854071 -0.047714133 0.013498818 -0.033597965 0.018390954 -0.103521124 -0.012756771 0.994375408
1341846337.885951 -0.048459567 0.014299436 -0.033736985 0.015765956 -0.100414775 -0.014663964 0.994712651
1341846337.918223 -0.047848195 0.015729159 -0.032772370 0.012396577 -0.099299639 -0.017878145 0.994819760
1341846337.954120 -0.047760610 0.015186817 -0.032040432 0.009875559 -0.097940527 -0.018752370 0.994966567
1341846337.985994 -0.046822149 0.016751193 -0.031690951 0.007924198 -0.097087659 -0.018893873 0.995064974
1341846338.018107 -0.046416372 0.016307419 -0.030006420 0.004134219 -0.096005350 -0.017125836 0.995224893
1341846338.054055 -0.046673689 0.016873345 -0.029432189 0.002204402 -0.094250798 -0.018522611 0.995373726
1341846338.085986 -0.045129858 0.017331475 -0.027688699 -0.000972563 -0.091948427 -0.018650983 0.995588601
1341846338.121875 -0.046555899 0.015451368 -0.026814131 -0.003694819 -0.088754267 -0.017720275 0.995889068
1341846338.154089 -0.046550956 0.015622580 -0.025926707 -0.004663913 -0.088286750 -0.014299229 0.995981574
1341846338.186029 -0.046378583 0.015980940 -0.025301360 -0.005954135 -0.088444874 -0.012223576 0.995988250
1341846338.222071 -0.045427557 0.017009290 -0.022849461 -0.006583487 -0.087960348 -0.012194370 0.996027589
1341846338.254107 -0.045639042 0.016736988 -0.022580722 -0.008546384 -0.085842386 -0.012497502 0.996193707
1341846338.290130 -0.045420881 0.016415257 -0.021250188 -0.008243691 -0.086020827 -0.011016748 0.996198297
1341846338.321952 -0.045233246 0.017386399 -0.019002097 -0.007820606 -0.085413821 -0.008810305 0.996275961
1341846338.354022 -0.045407970 0.016626878 -0.018156981 -0.008856103 -0.084665760 -0.008252224 0.996335924
1341846338.389969 -0.045442738 0.017880660 -0.017045999 -0.008650875 -0.083790317 -0.007875995 0.996414721
1341846338.422377 -0.045755208 0.018107783 -0.014778609 -0.010421866 -0.083217748 -0.007933072 0.996445298
1341846338.454010 -0.046140805 0.018858448 -0.014527598 -0.010741304 -0.083045982 -0.009357790 0.996443927
1341846338.489894 -0.045804631 0.018429268 -0.012697800 -0.012720197 -0.083957538 -0.009028804 0.996347249
1341846338.522066 -0.045317251 0.018399177 -0.010074527 -0.011935997 -0.084002823 -0.008967223 0.996353686
1341846338.558058 -0.045308262 0.019536104 -0.009830410 -0.012055714 -0.083871767 -0.010158409 0.996351838
1341846338.589842 -0.044419952 0.019014433 -0.007249755 -0.014586986 -0.084804155 -0.010663675 0.996233761
1341846338.622019 -0.044235539 0.018396111 -0.005474883 -0.014054884 -0.083833322 -0.009560339 0.996334791
1341846338.657984 -0.044650491 0.019233314 -0.006589558 -0.013540355 -0.083454154 -0.007972986 0.996387720
1341846338.690198 -0.043825429 0.020081813 -0.003305061 -0.015162009 -0.084866427 -0.008341139 0.996242046
1341846338.722454 -0.043672208 0.018256621 -0.001452278 -0.016787233 -0.083849408 -0.008105422 0.996304035
1341846338.757945 -0.044231698 0.020280650 -0.001619233 -0.015516942 -0.083238959 -0.007351175 0.996381700
1341846338.790039 -0.044090338 0.020555966 0.000924191 -0.017590618 -0.085617691 -0.006122371 0.996153951
1341846338.826048 -0.042191103 0.019928336 0.003324365 -0.017517792 -0.086152680 -0.006852995 0.996104300
1341846338.858027 -0.043770283 0.021108901 0.003705589 -0.016777916 -0.083254255 -0.008831188 0.996347904
1341846338.889902 -0.043101612 0.021215068 0.005481147 -0.019450173 -0.084658176 -0.008873566 0.996180654
1341846338.925948 -0.041678380 0.020441556 0.006958552 -0.020659305 -0.084960461 -0.010054255 0.996119380
1341846338.958108 -0.042011715 0.021644054 0.009783085 -0.019201886 -0.082907356 -0.011871049 0.996301532
1341846338.990057 -0.042067599 0.021074330 0.011924756 -0.019235671 -0.082806215 -0.010940377 0.996319950
1341846339.025928 -0.041246980 0.020585265 0.013775195 -0.017570904 -0.082561746 -0.010018114 0.996380687
1341846339.057939 -0.041554917 0.021794185 0.014517344 -0.014144788 -0.079695456 -0.010263259 0.996666074
1341846339.093927 -0.042165074 0.022883464 0.014763455 -0.014946317 -0.079749703 -0.008887399 0.996663213
1341846339.126562 -0.041188389 0.023381427 0.015740400 -0.017886404 -0.081274703 -0.010027121 0.996480763
1341846339.157969 -0.040204037 0.023810811 0.019135330 -0.019749274 -0.079334937 -0.012487260 0.996574163
1341846339.194113 -0.041228451 0.024744973 0.020141961 -0.021207314 -0.077580638 -0.011888101 0.996689618
1341846339.228165 -0.040870253 0.025178742 0.021154853 -0.024677446 -0.079773732 -0.009536437 0.996461868
1341846339.257998 -0.038543232 0.024245078 0.024470279 -0.028324887 -0.080831259 -0.008441369 0.996289492
1341846339.294132 -0.039028257 0.025336856 0.025663223 -0.027490698 -0.077894025 -0.008884897 0.996542990
1341846339.326577 -0.040497199 0.025671994 0.024674129 -0.031338446 -0.078550369 -0.005446786 0.996402562
1341846339.362269 -0.038815927 0.025831636 0.027362704 -0.035735365 -0.081389107 -0.007027051 0.996016800
1341846339.394725 -0.038347621 0.027399432 0.029862262 -0.035526056 -0.079906784 -0.008112054 0.996136069
1341846339.426160 -0.038850076 0.027807271 0.029519318 -0.037473045 -0.079277121 -0.007207684 0.996121943
1341846339.462186 -0.037917569 0.027564902 0.031756196 -0.039274085 -0.080960192 -0.007658251 0.995913804
1341846339.496743 -0.034786671 0.025904864 0.035857890 -0.037611056 -0.080214679 -0.009427391 0.996023178
1341846339.530143 -0.036130156 0.027131367 0.035334036 -0.035653640 -0.075166672 -0.009442430 0.996488631
1341846339.562052 -0.036429308 0.026647305 0.036339346 -0.035409026 -0.074901186 -0.009005453 0.996521413
1341846339.595122 -0.034448724 0.025519637 0.038536016 -0.034643460 -0.076447681 -0.007811806 0.996440947
1341846339.632085 -0.034870993 0.027131477 0.039290130 -0.031531692 -0.071587205 -0.010100096 0.996884644
1341846339.664568 -0.034572769 0.026949938 0.040656984 -0.030989271 -0.068746656 -0.012073016 0.997079670
1341846339.698896 -0.035394546 0.027520016 0.043114994 -0.030075047 -0.066874705 -0.013792374 0.997212648
1341846339.731977 -0.033874687 0.026617832 0.044774026 -0.030487288 -0.067909203 -0.014640785 0.997118115
1341846339.762241 -0.033242539 0.025976464 0.045541059 -0.030596497 -0.067010127 -0.014709717 0.997174561
1341846339.797873 -0.033751365 0.026510274 0.046398267 -0.030262325 -0.066195346 -0.013797588 0.997252226
1341846339.830245 -0.032659404 0.026191590 0.047273934 -0.030802596 -0.067235656 -0.013159816 0.997174740
1341846339.862015 -0.032661714 0.026175661 0.047971964 -0.031384550 -0.067024373 -0.013213302 0.997170091
1341846339.897797 -0.031364694 0.026355201 0.049578711 -0.031953279 -0.066737764 -0.013637345 0.997165561
1341846339.929916 -0.031971861 0.025077032 0.052212726 -0.033066895 -0.065150872 -0.013378407 0.997237682
1341846339.961960 -0.032311432 0.024929391 0.053319193 -0.031956822 -0.065350354 -0.012210614 0.997275829
1341846339.997845 -0.031245094 0.025022037 0.054017857 -0.030462880 -0.065050296 -0.012023313 0.997344434
1341846340.029925 -0.030773582 0.024891909 0.055536192 -0.029517761 -0.062803380 -0.011226614 0.997526169
1341846340.066044 -0.030636691 0.024632104 0.056659222 -0.027810965 -0.061590068 -0.009314769 0.997670531
1341846340.098009 -0.030701052 0.024975441 0.057644952 -0.026711330 -0.061042719 -0.008145208 0.997744441
1341846340.130102 -0.030700721 0.024917513 0.058215950 -0.027485006 -0.060663361 -0.008903020 0.997740090
1341846340.166041 -0.029007614 0.024174141 0.059170492 -0.026751302 -0.059657566 -0.010675834 0.997803271
1341846340.197867 -0.029954929 0.025442934 0.060824499 -0.024608314 -0.056533206 -0.011462449 0.998031616
1341846340.229904 -0.029694140 0.025809057 0.061036646 -0.025745695 -0.056775991 -0.011527427 0.997988343
1341846340.265859 -0.028832449 0.024792552 0.063823603 -0.026750010 -0.056574691 -0.011905942 0.997968912
1341846340.298061 -0.028779838 0.025060266 0.064710960 -0.024514422 -0.054405339 -0.010893079 0.998158514
1341846340.334063 -0.029223565 0.025881393 0.065615878 -0.024838123 -0.054507248 -0.010140087 0.998152912
1341846340.366064 -0.028344918 0.024825288 0.066270202 -0.027404886 -0.057159964 -0.010335635 0.997935295
1341846340.397995 -0.028171677 0.024686847 0.067941405 -0.025612783 -0.056693207 -0.010906048 0.998003483
1341846340.433895 -0.027714031 0.025017910 0.069111429 -0.024757084 -0.057571162 -0.009552556 0.997988641
1341846340.465959 -0.027969612 0.024733488 0.069097102 -0.024471158 -0.059536602 -0.008118150 0.997893095
1341846340.501858 -0.026997022 0.024832444 0.069728442 -0.023720736 -0.063631080 -0.007833755 0.997660756
1341846340.534329 -0.026144106 0.024873530 0.069524229 -0.023084037 -0.065154329 -0.008293636 0.997573674
1341846340.566041 -0.026211428 0.024272641 0.069579259 -0.022270160 -0.065868124 -0.007534436 0.997551322
1341846340.601909 -0.025048597 0.024450568 0.068963043 -0.019557385 -0.066983089 -0.007003620 0.997537851
1341846340.634005 -0.024044417 0.024818117 0.068589173 -0.018577116 -0.068178773 -0.007724010 0.997470260
1341846340.666028 -0.023497825 0.023796333 0.068814397 -0.019506672 -0.067982897 -0.009689707 0.997448742
1341846340.701946 -0.023728294 0.023834242 0.068884298 -0.017310701 -0.066210777 -0.011305599 0.997591436
1341846340.733954 -0.022955015 0.024029508 0.068857260 -0.015799107 -0.065070868 -0.013077214 0.997669876
1341846340.770081 -0.023199467 0.024304748 0.068627439 -0.016313815 -0.064174511 -0.015429004 0.997686028
1341846340.801980 -0.021995435 0.023941111 0.068867080 -0.016001306 -0.064100966 -0.020789374 0.997598529
1341846340.833999 -0.021390926 0.024428096 0.066843286 -0.015817413 -0.061892606 -0.024752507 0.997650445
1341846340.870013 -0.022244239 0.024153417 0.066503994 -0.017344598 -0.061082434 -0.026454248 0.997631311
1341846340.901955 -0.021593241 0.023913722 0.066943258 -0.016471235 -0.062176339 -0.026244134 0.997584105
1341846340.933918 -0.021552147 0.024111954 0.066275567 -0.014536894 -0.062371504 -0.023986319 0.997658789
1341846340.970122 -0.021890473 0.024385454 0.064549409 -0.013324929 -0.064732634 -0.019366620 0.997625709
1341846341.001922 -0.021653267 0.023619769 0.065974712 -0.013075733 -0.069363974 -0.013837579 0.997409761
1341846341.037923 -0.021308349 0.024058994 0.064671949 -0.011649911 -0.071784832 -0.012264347 0.997276723
1341846341.070300 -0.020883415 0.023996085 0.064289570 -0.011270236 -0.073020011 -0.011957193 0.997195125
1341846341.102028 -0.021576270 0.023973009 0.063685589 -0.011445426 -0.073778249 -0.011945408 0.997137427
1341846341.137982 -0.021070044 0.023755522 0.063341759 -0.011592642 -0.076179422 -0.011139708 0.996964514
1341846341.170048 -0.020484088 0.023476271 0.063069716 -0.011236457 -0.076903827 -0.010301086 0.996922016
1341846341.202110 -0.020481553 0.023061974 0.062838636 -0.010253866 -0.077399492 -0.008144303 0.996914148
1341846341.237996 -0.020310434 0.023307420 0.062690333 -0.008391364 -0.077338926 -0.007052239 0.996944606
1341846341.269883 -0.020740978 0.023231765 0.061687686 -0.007359031 -0.076320164 -0.006418273 0.997035563
1341846341.306107 -0.020821301 0.023195850 0.062178131 -0.006676298 -0.077104338 -0.007603501 0.996971667
1341846341.338109 -0.020771965 0.023076853 0.061789181 -0.005748230 -0.076554894 -0.009814856 0.997000515
1341846341.370120 -0.020404983 0.023124462 0.061818715 -0.004963044 -0.075647801 -0.012010100 0.997049928
1341846341.406074 -0.021279247 0.023117004 0.061422706 -0.004747627 -0.074592710 -0.013390833 0.997112870
1341846341.438113 -0.021008870 0.021909300 0.061267149 -0.004391925 -0.076687649 -0.012834352 0.996962845
1341846341.470024 -0.021073101 0.022013184 0.061168257 -0.001460763 -0.076816306 -0.013999478 0.996945918
1341846341.506077 -0.021283425 0.022815365 0.060414586 -0.000965563 -0.075690679 -0.015007933 0.997017920
1341846341.538156 -0.021957837 0.022382496 0.060116202 -0.002364902 -0.076894403 -0.015293224 0.996919155
1341846341.574016 -0.021287685 0.022393806 0.060504362 -0.001459717 -0.079739489 -0.014024031 0.996716022
1341846341.612466 -0.021737369 0.022798233 0.059654824 -0.000664495 -0.079780035 -0.013960706 0.996714473
1341846341.643972 -0.022258120 0.023184037 0.059779257 -0.001489273 -0.081020229 -0.015019237 0.996598184
1341846341.679982 -0.022697452 0.023040136 0.060352784 -0.001513496 -0.082229055 -0.014799023 0.996502399
1341846341.712332 -0.023366293 0.023029339 0.060141180 -0.001175639 -0.084026806 -0.011755162 0.996393442
1341846341.744185 -0.023269340 0.022890585 0.060116500 -0.001178415 -0.086257264 -0.009256360 0.996229172
1341846341.780061 -0.023472598 0.023345165 0.060623590 -0.000421008 -0.086805329 -0.007689752 0.996195495
1341846341.812163 -0.023052629 0.022465503 0.059284870 -0.000862993 -0.087505579 -0.006625482 0.996141613
1341846341.842595 -0.022282893 0.021853911 0.059303883 0.000574061 -0.088270940 -0.003239704 0.996091068
1341846341.875779 -0.022367114 0.021925515 0.058540352 0.002107161 -0.088365093 0.000317382 0.996085882
1341846341.906227 -0.022154640 0.021592963 0.058726970 0.003407789 -0.089101702 0.002775267 0.996012807
1341846341.942069 -0.021876452 0.020254746 0.057792779 0.005900040 -0.089223728 0.004530742 0.995983839
1341846341.974775 -0.021669017 0.020530688 0.056721851 0.009017490 -0.089319192 0.006231965 0.995942712
1341846342.010161 -0.022376906 0.020656673 0.056274500 0.009697547 -0.089875840 0.008008457 0.995873570
1341846342.042024 -0.021071035 0.018782204 0.056267276 0.010402707 -0.091289192 0.008179130 0.995736480
1341846342.080032 -0.020854518 0.019840514 0.057176426 0.013391246 -0.089481011 0.008389627 0.995863140
1341846342.112265 -0.021740135 0.019254934 0.056618720 0.013250122 -0.088216066 0.010241443 0.995960593
1341846342.147954 -0.021051042 0.017849632 0.056297112 0.014450639 -0.089966148 0.012985532 0.995755315
1341846342.179852 -0.020344408 0.018195134 0.056245722 0.017572867 -0.089828707 0.014508172 0.995696485
1341846342.211848 -0.020761406 0.018837076 0.056290902 0.018601721 -0.089009091 0.014352022 0.995753646
1341846342.247920 -0.020830093 0.018204253 0.055803981 0.019326478 -0.088887483 0.013187015 0.995766819
1341846342.279870 -0.020362463 0.018260976 0.056027643 0.020949587 -0.088753246 0.013620092 0.995740175
1341846342.316068 -0.020061826 0.018104704 0.054956332 0.022021381 -0.088708214 0.014757301 0.995704830
1341846342.347894 -0.019840186 0.018850196 0.055351447 0.023038572 -0.088946335 0.014891597 0.995658576
1341846342.379953 -0.020008782 0.018220723 0.055058509 0.022705166 -0.087931819 0.014311514 0.995764852
1341846342.416195 -0.019986624 0.018539865 0.054956947 0.023469901 -0.087779194 0.015657036 0.995740354
1341846342.447907 -0.020260561 0.018885540 0.055383760 0.023831632 -0.088599056 0.016836990 0.995639920
