1341846315.397962 -0.028989466 0.003187342 0.003594741 -0.003178113 0.008968167 0.013096689 0.999868929
1341846315.429923 -0.031546596 0.001713946 0.004457871 -0.001123834 0.012014188 0.016008466 0.999799073
1341846315.466047 -0.039034504 -0.004868343 0.007618077 -0.002785432 0.019111076 0.017374387 0.999662519
1341846315.497883 -0.035464652 -0.001630187 0.005128601 -0.002667521 0.020860216 0.021456944 0.999548554
1341846315.530008 -0.057880450 -0.004505064 0.010402872 -0.003119361 0.031538747 0.027122980 0.999129593
1341846315.566108 -0.058076672 -0.006102880 0.010906477 -0.004513294 0.033334140 0.027553314 0.999054193
1341846315.597986 -0.045884572 -0.000545366 0.007876536 -0.003079192 0.029210549 0.024738193 0.999262333
1341846315.630109 -0.045574907 -0.001102798 0.008035869 -0.003005493 0.030342704 0.023262691 0.999264300
1341846315.666042 -0.064403117 -0.007269128 0.009955268 -0.005844331 0.040482622 0.026319418 0.998816431
1341846315.698114 -0.067612357 -0.014848389 0.007171968 -0.013976659 0.045202821 0.024309333 0.998584211
1341846315.733985 -0.058615293 -0.003697640 0.010691634 -0.012036430 0.044570990 0.024103791 0.998642862
1341846315.766041 -0.054670271 -0.005636171 0.010427925 -0.012615545 0.040677402 0.024241487 0.998798549
1341846315.798188 -0.038570866 -0.000228272 0.004854803 -0.012281680 0.033124126 0.020804739 0.999159157
1341846315.834140 -0.036648534 0.003339536 0.006722155 -0.009568159 0.034446262 0.019646540 0.999167621
1341846315.866751 -0.057374571 -0.000552606 0.010439235 -0.007926064 0.044273306 0.022760797 0.998728693
1341846315.898492 -0.053851150 -0.000334052 0.010471610 -0.006471906 0.043431066 0.021579070 0.998802364
1341846315.936901 -0.050528947 0.004037926 0.010596829 -0.002019655 0.043347001 0.020417482 0.998849392
1341846315.966572 -0.043042559 0.004215737 0.010700185 0.001591789 0.041538253 0.018387584 0.998966455
1341846316.002119 -0.041944426 0.001945227 0.010358043 0.002788392 0.040448558 0.017470801 0.999024987
1341846316.034204 -0.039114289 0.003364199 0.011176673 0.005364026 0.039168857 0.016450068 0.999082804
1341846316.066113 -0.035645731 0.004635382 0.010723942 0.008211940 0.037154760 0.015925916 0.999148846
1341846316.101867 -0.018189412 0.003307159 0.005671111 0.008406600 0.028537752 0.013369618 0.999467969
1341846316.134066 -0.013448858 0.003253801 0.004456120 0.007463729 0.023069743 0.010863552 0.999646962
1341846316.169952 -0.012463687 0.004915061 0.005257552 0.008204873 0.020019075 0.007926094 0.999734521
1341846316.202049 -0.006118350 0.006275831 0.004795525 0.009275873 0.014492433 0.005023070 0.999839306
1341846316.233979 -0.004747239 0.006173758 0.003420195 0.009689090 0.012061954 0.003679134 0.999873519
1341846316.270052 -0.005049570 0.005936118 0.003649997 0.008433275 0.012926136 0.001300082 0.999880016
1341846316.301915 0.002004001 0.010670778 0.005348825 0.011431542 0.011093080 -0.003244253 0.999867857
1341846316.334208 0.006348384 0.011829042 0.005754772 0.013731518 0.008086984 -0.003270465 0.999867618
1341846316.370006 0.003640939 0.008906359 0.004264185 0.013973182 0.007133056 -0.001373902 0.999875963
1341846316.401994 0.008088795 0.008921775 0.003463120 0.015506483 0.004094766 -0.000335384 0.999871314
1341846316.438069 0.008640334 0.009786250 0.002581836 0.017740963 0.002734673 0.002769866 0.999835014
1341846316.470076 0.012245160 0.011133518 0.004224963 0.022853406 -0.000009290 0.004514551 0.999728620
1341846316.502034 0.019627757 0.005844798 0.002888317 0.022074681 -0.006218575 0.005359217 0.999722660
1341846316.537975 0.022150747 0.005638235 0.000503098 0.019153312 -0.010784439 0.002993720 0.999753892
1341846316.570121 0.021281457 0.010099160 0.003093160 0.021264235 -0.010959786 0.000810169 0.999713480
1341846316.601885 0.026867928 0.011336342 0.003480813 0.024263628 -0.014249675 -0.001906967 0.999602199
1341846316.638009 0.030516049 0.010745503 0.004090499 0.026360610 -0.017907465 -0.000580444 0.999491930
1341846316.669925 0.030246075 0.009942315 0.005216639 0.028263917 -0.019026697 -0.000166570 0.999419391
1341846316.705941 0.032790974 0.011033746 0.007044476 0.033440471 -0.020736322 0.000858600 0.999225199
1341846316.738062 0.037792284 0.012606828 0.003653472 0.035521086 -0.024106240 0.003276459 0.999072790
1341846316.770433 0.040475875 0.011118566 0.003325645 0.033567816 -0.026379028 0.003051898 0.999083579
1341846316.805932 0.042414621 0.011354644 0.005405493 0.034676358 -0.027682761 0.001781850 0.999013543
1341846316.838029 0.046977047 0.011053186 0.004792009 0.035767935 -0.031995866 0.003737343 0.998840809
1341846316.870034 0.048433285 0.011192351 0.005629640 0.036183108 -0.037014257 0.005969509 0.998641610
1341846316.906344 0.047814418 0.011216629 0.004443675 0.036838192 -0.040820472 0.006418656 0.998466551
1341846316.937940 0.048516896 0.011384050 0.003209176 0.036808524 -0.042838994 0.004578446 0.998393178
1341846316.973994 0.051022690 0.013014263 -0.000811473 0.036458850 -0.046208184 0.003765827 0.998259187
1341846317.005913 0.060028344 0.014478403 0.004531507 0.036183625 -0.053548746 0.003231882 0.997904241
1341846317.037936 0.060026135 0.016317202 0.003829625 0.037357606 -0.055984046 0.000393064 0.997732460
1341846317.073972 0.061358776 0.015690204 0.005573494 0.038362179 -0.059067082 0.001195544 0.997515917
1341846317.106113 0.068530023 0.018069351 0.005332150 0.041326009 -0.064225025 0.003544454 0.997073114
1341846317.137887 0.076348834 0.016642524 0.007754918 0.043361098 -0.073807232 0.004993073 0.996316910
1341846317.173970 0.078375429 0.013119506 0.008667428 0.042762093 -0.082809463 0.006907810 0.995623589
1341846317.205887 0.082424648 0.011555320 0.010684052 0.042007644 -0.087875783 0.006516872 0.995223939
1341846317.248131 0.089126751 0.020735994 0.005817594 0.045855593 -0.093654148 0.009232856 0.994505346
1341846317.273950 0.092034988 0.019337945 0.005516771 0.046155214 -0.099840261 0.010952093 0.993872046
1341846317.306289 0.096575126 0.017493982 0.007277576 0.045405742 -0.103952371 0.010575028 0.993488967
1341846317.348137 0.099645786 0.020705871 0.006892453 0.047917631 -0.104427390 0.010334587 0.993323684
1341846317.373974 0.093484551 0.015677417 0.008525316 0.047024671 -0.101397015 0.014658139 0.993625939
1341846317.410120 0.097502857 0.014954497 0.007817172 0.046326403 -0.105169997 0.016713854 0.993233979
1341846317.442569 0.097553357 0.016808158 0.009105261 0.049469944 -0.105876088 0.021019572 0.992925584
1341846317.474010 0.103265576 0.018135851 0.011128723 0.055484075 -0.108664863 0.022480488 0.992274225
1341846317.509927 0.103897505 0.015098405 0.011680664 0.056490637 -0.111872941 0.025246475 0.991794288
1341846317.542282 0.106841289 0.014952420 0.008132252 0.054570924 -0.116459347 0.026497861 0.991341054
1341846317.573943 0.106903493 0.017069254 0.009654521 0.055338170 -0.116361126 0.025261456 0.991342366
1341846317.610159 0.114707969 0.016815137 0.015172713 0.058535021 -0.118182287 0.023734488 0.990980983
1341846317.643553 0.117533304 0.014899823 0.015227729 0.059879880 -0.120502323 0.025911123 0.990566611
1341846317.677993 0.123407006 0.015786897 0.015598084 0.059999991 -0.126641244 0.027016349 0.989763677
1341846317.709996 0.130577624 0.018403931 0.016038654 0.063689888 -0.132891983 0.026445072 0.988728464
1341846317.741834 0.131521508 0.014559648 0.016086394 0.062243175 -0.134581998 0.025231408 0.988623679
1341846317.777923 0.139167324 0.016196044 0.015171384 0.060760789 -0.139451921 0.024120372 0.988068581
1341846317.810021 0.134744018 0.014536508 0.016633194 0.060162883 -0.140181854 0.021876371 0.988054097
1341846317.841886 0.136605144 0.014195194 0.015652293 0.059788000 -0.142591402 0.020557707 0.987760305
1341846317.878017 0.139611945 0.012983048 0.016413504 0.057324838 -0.144389749 0.016468896 0.987721741
1341846317.909910 0.143213823 0.013865402 0.017260090 0.057302341 -0.145048648 0.010579545 0.987707138
1341846317.946031 0.149588957 0.014057094 0.018851990 0.058599759 -0.147370160 0.009791323 0.987295449
1341846317.978041 0.151121289 0.015390156 0.021108089 0.061402731 -0.150399998 0.010236713 0.986663461
1341846318.009897 0.151410654 0.015430022 0.021368772 0.064233728 -0.150667578 0.008782150 0.986456394
1341846318.045949 0.158130988 0.012395152 0.022065585 0.063342690 -0.152989373 0.005962874 0.986177683
1341846318.078074 0.164317653 0.015081682 0.024497045 0.064047128 -0.157711804 0.004060757 0.985397637
1341846318.109894 0.166232318 0.014300738 0.024653858 0.063605130 -0.163213208 0.001353229 0.984537423
1341846318.145957 0.167903125 0.014339251 0.025038240 0.063344106 -0.166497633 -0.002560526 0.984001756
1341846318.178001 0.170600325 0.015532594 0.025725933 0.063850120 -0.167633742 -0.006043029 0.983760893
1341846318.214074 0.181778207 0.015871089 0.029943658 0.065203525 -0.174666226 -0.009970430 0.982415795
1341846318.245970 0.190435275 0.018568240 0.032537535 0.068720542 -0.184744492 -0.010098413 0.980329037
1341846318.278018 0.192325398 0.015275507 0.033222675 0.071055003 -0.190876916 -0.010101425 0.978986800
1341846318.313937 0.212929025 0.019776968 0.037291821 0.074775420 -0.205840975 -0.014364920 0.975618660
1341846318.345989 0.201654285 0.017114161 0.038022973 0.075373724 -0.211503953 -0.013112042 0.974378228
1341846318.382046 0.203759924 0.014950517 0.039720930 0.076662652 -0.220251188 -0.014370504 0.972319722
1341846318.414072 0.213398233 0.016029019 0.040427446 0.077904537 -0.231105745 -0.015354744 0.969683051
1341846318.446035 0.213679731 0.016098937 0.044162367 0.080377877 -0.238242611 -0.016270895 0.967737079
1341846318.482196 0.221040159 0.017140519 0.039825872 0.080934010 -0.242839009 -0.017923163 0.966518342
1341846318.514144 0.220064998 0.020940214 0.039027601 0.082364172 -0.244233429 -0.018071193 0.966043293
1341846318.546259 0.220836028 0.021645367 0.042782828 0.084423676 -0.247090355 -0.017454490 0.965149939
1341846318.582042 0.222721502 0.018098067 0.040080756 0.083871469 -0.248004481 -0.016963795 0.964972317
1341846318.614115 0.227184415 0.018445309 0.041422259 0.083843350 -0.250904143 -0.018042766 0.964205325
1341846318.650038 0.231421441 0.016384223 0.044705343 0.083519563 -0.254236698 -0.021675475 0.963285208
1341846318.682350 0.236581475 0.017262029 0.044597309 0.083963864 -0.256898224 -0.027446432 0.962392867
1341846318.714063 0.239864931 0.016768143 0.045943290 0.083533920 -0.259636611 -0.029161591 0.961644709
1341846318.749905 0.238843605 0.017818017 0.046121277 0.084506132 -0.259920746 -0.027455285 0.961533248
1341846318.782036 0.245916992 0.016098024 0.048434161 0.085051514 -0.264202297 -0.026412975 0.960346699
1341846318.814121 0.254485279 0.015755774 0.050952584 0.084869258 -0.273604989 -0.027376259 0.957699358
1341846318.850072 0.251556307 0.016127052 0.046557091 0.084689550 -0.278692216 -0.029929142 0.956170797
1341846318.883516 0.253849655 0.020471882 0.051933665 0.090321437 -0.288589567 -0.030525437 0.952694237
1341846318.918047 0.260591894 0.012835210 0.048762806 0.089032978 -0.303051859 -0.033224069 0.948224008
1341846318.950044 0.261154115 0.013435638 0.050645486 0.090963572 -0.313088685 -0.034020536 0.944745302
1341846318.982028 0.268404186 0.011127404 0.052479193 0.092316702 -0.320281059 -0.037887279 0.942052126
1341846319.018123 0.273648411 0.010226352 0.052985929 0.091018021 -0.327765703 -0.040070653 0.939510345
1341846319.050745 0.263618708 0.013824539 0.051414758 0.092895702 -0.329988956 -0.040251940 0.938540041
1341846319.081905 0.262253255 0.012674267 0.051454872 0.098031901 -0.329981565 -0.041409019 0.937969744
1341846319.117976 0.271901935 0.004914533 0.052572150 0.095782772 -0.333725512 -0.038415421 0.937004387
1341846319.150093 0.277355462 0.008897660 0.055399191 0.097436830 -0.341510743 -0.030450407 0.934317529
1341846319.186069 0.280308396 0.002290406 0.058318123 0.096017361 -0.344838262 -0.029638041 0.933267832
1341846319.218149 0.252800703 0.008056020 0.039618108 0.094522439 -0.324043155 -0.032570809 0.940744758
1341846319.250034 0.253378540 0.006751844 0.038537282 0.088302925 -0.318279594 -0.034864381 0.943231225
1341846319.286594 0.258678973 0.011829508 0.041981667 0.088192225 -0.318694472 -0.031391583 0.943223476
1341846319.318034 0.252919495 0.013176151 0.040187202 0.088923171 -0.315462142 -0.027930589 0.944349647
1341846319.350268 0.243224978 0.017433660 0.034586966 0.088959068 -0.309428304 -0.017578138 0.946589351
1341846319.386163 0.242626995 0.010552296 0.037921268 0.086374767 -0.312846720 -0.012609240 0.945783973
1341846319.418386 0.241023555 0.012790871 0.038587809 0.088503495 -0.317875355 -0.012080307 0.943915486
1341846319.453961 0.242376119 0.014387993 0.040739771 0.090766646 -0.321339220 -0.014766105 0.942488432
1341846319.486271 0.239336863 0.013284902 0.037715599 0.089314200 -0.319455385 -0.016249420 0.943242908
1341846319.518456 0.242250666 0.014725741 0.031830188 0.085051656 -0.322476268 -0.014224031 0.942641437
1341846319.554083 0.239503592 0.014648573 0.035510123 0.084117688 -0.324846208 -0.018483492 0.941837311
1341846319.586296 0.237264261 0.015169753 0.034166947 0.085608765 -0.323351830 -0.021471355 0.942153752
1341846319.622031 0.238532037 0.012425597 0.033157267 0.083307184 -0.325576991 -0.025497636 0.941493154
1341846319.653962 0.235790223 0.013546396 0.036395472 0.083638139 -0.330598980 -0.026758460 0.939677060
1341846319.686352 0.234108791 0.013943405 0.037181038 0.085166156 -0.334260792 -0.024985660 0.938292146
1341846319.721992 0.235353276 0.014216797 0.033465967 0.084833860 -0.337776929 -0.024062775 0.937086403
1341846319.754063 0.236130670 0.014659017 0.023560712 0.080076538 -0.337717175 -0.025420766 0.937490582
1341846319.786397 0.233336061 0.014625142 0.025579415 0.075473450 -0.337504745 -0.023147946 0.938007712
1341846319.822008 0.237957746 0.013938655 0.033664636 0.071985289 -0.341565788 -0.020166889 0.936880052
1341846319.853917 0.237814710 0.014082843 0.033964079 0.066238873 -0.342719227 -0.017679775 0.936932981
1341846319.889942 0.236235783 0.013124351 0.034798540 0.061628263 -0.343237519 -0.013727036 0.937124074
1341846319.922039 0.230455145 0.012019726 0.019100385 0.057117619 -0.340474069 -0.010409823 0.938459694
1341846319.953946 0.230720475 0.012194344 0.021427399 0.058083642 -0.347567141 -0.013376541 0.935758710
1341846319.990054 0.236881539 0.012871998 0.032788806 0.064659171 -0.355063200 -0.022208083 0.932339072
1341846320.028122 0.235442355 0.013114294 0.033048023 0.066994205 -0.358418256 -0.022887331 0.930872858
1341846320.054177 0.237360343 0.011906177 0.031477377 0.068532616 -0.364131719 -0.022432122 0.928551674
1341846320.090047 0.237441793 0.014284546 0.036434129 0.072721250 -0.367671162 -0.021937104 0.926848590
1341846320.122011 0.239422515 0.013533113 0.035893518 0.072530635 -0.366012871 -0.020887820 0.927543879
1341846320.157952 0.239963681 0.013024217 0.036165353 0.072911635 -0.363601625 -0.020879148 0.928462088
1341846320.190003 0.238742784 0.012065200 0.035592023 0.074762225 -0.360317349 -0.020051511 0.929612815
1341846320.221941 0.240177765 0.011479968 0.034178499 0.078353047 -0.357072651 -0.018505044 0.930600584
1341846320.258015 0.240066722 0.011134095 0.036495835 0.081824586 -0.356931895 -0.014545348 0.930426121
1341846320.289887 0.240978390 0.009573248 0.043757945 0.087788597 -0.360082984 -0.014838745 0.928662062
1341846320.321954 0.242129743 0.009514095 0.038655035 0.095186234 -0.360747129 -0.011220635 0.927725792
1341846320.357890 0.243543103 0.010187661 0.043276116 0.100970082 -0.362834275 -0.009058639 0.926322997
1341846320.390064 0.241643265 0.011189779 0.040020090 0.102158003 -0.358936757 -0.006532534 0.927731335
1341846320.426544 0.242986768 0.010779376 0.045003768 0.106568649 -0.353975326 -0.008717053 0.929122508
1341846320.458122 0.244823381 0.010048094 0.044141691 0.108523726 -0.346991807 -0.011284828 0.931499839
1341846320.490186 0.247506067 0.008262699 0.046231642 0.111509427 -0.341901362 -0.010568424 0.933036625
1341846320.525911 0.249897048 0.007548539 0.046129804 0.115631245 -0.335184097 -0.011783732 0.934955716
1341846320.558091 0.249329239 0.008970733 0.048057199 0.119399853 -0.331339687 -0.015584880 0.935796320
1341846320.594093 0.246834815 0.009397079 0.043329883 0.120683640 -0.324978262 -0.017549234 0.937825501
1341846320.631955 0.247544006 0.009831581 0.046329807 0.124996036 -0.318519086 -0.017703099 0.939472258
1341846320.664916 0.251470804 0.009190997 0.044966612 0.124626406 -0.316657573 -0.019388821 0.940117180
1341846320.699927 0.251099437 0.008458668 0.047125679 0.125457525 -0.313851207 -0.020890687 0.940915227
1341846320.731822 0.250854373 0.009366095 0.050491840 0.129374236 -0.308442503 -0.020912725 0.942172050
1341846320.763877 0.252718657 0.015219410 0.045096051 0.129805505 -0.304856688 -0.021163883 0.943273544
1341846320.799999 0.252123773 0.009603163 0.043855887 0.120276570 -0.305772036 -0.026895365 0.944094062
1341846320.831871 0.252437621 0.009356719 0.053404566 0.124861963 -0.299957812 -0.028309477 0.945321858
1341846320.863887 0.253761441 0.009943521 0.045873657 0.124531373 -0.287437409 -0.030781999 0.949170232
1341846320.900014 0.255750299 0.008910723 0.044773716 0.115344718 -0.291784257 -0.027496342 0.949105620
1341846320.931889 0.256480008 0.008550212 0.051222894 0.116976574 -0.294899464 -0.026267774 0.947977185
1341846320.967866 0.257265121 0.011609159 0.050173063 0.119251862 -0.288641691 -0.029912230 0.949510515
1341846321.000017 0.255323976 0.009684816 0.045495063 0.112066343 -0.285535276 -0.034075532 0.951183259
1341846321.031860 0.256770283 0.007152779 0.046699639 0.109168693 -0.285496086 -0.037313674 0.951410472
1341846321.068047 0.258423537 0.008364944 0.047940437 0.111381866 -0.282959998 -0.039411310 0.951826930
1341846321.099840 0.258685470 0.007885005 0.047773663 0.108910680 -0.281124979 -0.039903704 0.952635765
1341846321.131821 0.259675503 0.006517056 0.052698422 0.108964242 -0.281874657 -0.037568569 0.952503085
1341846321.167887 0.261208534 0.006127291 0.052326728 0.111287810 -0.278511643 -0.036803119 0.953253269
1341846321.200042 0.262032211 0.006535772 0.051278226 0.112144895 -0.275460929 -0.036883019 0.954035878
1341846321.231950 0.260881513 0.006884978 0.049159676 0.111056156 -0.273702830 -0.037057403 0.954662263
1341846321.267939 0.263225794 0.007131428 0.049377576 0.112866327 -0.272631496 -0.041111656 0.954590559
1341846321.299948 0.264819443 0.006617487 0.050156359 0.113060631 -0.269008994 -0.046825714 0.955331802
1341846321.331858 0.264144957 0.006418368 0.050161410 0.114504658 -0.265001565 -0.050871268 0.956072688
1341846321.367913 0.265906274 0.005009580 0.049377590 0.116094053 -0.263151824 -0.054646417 0.956183612
1341846321.399897 0.267382830 0.005452058 0.052675676 0.119571619 -0.259798974 -0.055359889 0.956630766
1341846321.435994 0.265963793 0.004824467 0.053495295 0.120984025 -0.255924374 -0.055170622 0.957508147
1341846321.467946 0.265298277 0.005570808 0.052822031 0.122902669 -0.253508329 -0.053211741 0.958017230
1341846321.499882 0.266181529 0.005323373 0.053110644 0.124105453 -0.250867814 -0.052238226 0.958610654
1341846321.536109 0.268804431 0.005759997 0.052563984 0.125164449 -0.246893033 -0.054745976 0.959364712
1341846321.568960 0.267263144 0.006910834 0.055336151 0.124585703 -0.239235640 -0.058354229 0.961165726
1341846321.603938 0.268209100 0.006144586 0.054897811 0.121196806 -0.237002060 -0.059420560 0.962086558
1341846321.637163 0.270148009 0.006035069 0.054305695 0.118658610 -0.233239561 -0.059863511 0.963294268
1341846321.668306 0.271677703 0.006278698 0.057189774 0.114965051 -0.225694403 -0.057900816 0.965656579
1341846321.704411 0.268121302 0.006557655 0.056072306 0.110452868 -0.221823186 -0.050861936 0.967474878
1341846321.736861 0.269121140 0.006446012 0.056774497 0.107260011 -0.224932104 -0.043175511 0.967489898
1341846321.771881 0.270233661 0.008008278 0.057556499 0.104931213 -0.225318208 -0.038880076 0.967837572
1341846321.804114 0.271851569 0.007348359 0.057895616 0.099675521 -0.223865584 -0.037192430 0.968796015
1341846321.836152 0.271281272 0.008553001 0.058613196 0.097552061 -0.221114784 -0.036049694 0.969686687
1341846321.871882 0.272542834 0.009378225 0.058925677 0.093830287 -0.220785126 -0.039150074 0.970008790
1341846321.904074 0.272609174 0.009245592 0.060159598 0.088634707 -0.219082966 -0.044143181 0.970668793
1341846321.939847 0.273126930 0.008541571 0.061115339 0.085048757 -0.216285929 -0.048190590 0.971424103
1341846322.004094 0.271325707 0.007648742 0.058592390 0.078016683 -0.215897307 -0.050969142 0.971958816
1341846322.034203 0.273399860 0.006706884 0.059184287 0.075911455 -0.216564611 -0.052280858 0.971907377
1341846322.066178 0.273646146 0.006183821 0.059495620 0.073720306 -0.212602019 -0.055027854 0.972798884
1341846322.107979 0.272564322 0.004660562 0.059084248 0.071354978 -0.209304109 -0.057707880 0.973534822
1341846322.133980 0.272051662 0.002639615 0.059555784 0.072095774 -0.208897263 -0.059232648 0.973476052
1341846322.166164 0.271787137 0.002262144 0.058775928 0.074038245 -0.209222391 -0.057625622 0.973356903
1341846322.202932 0.271839410 0.001588020 0.058597062 0.074635915 -0.211598411 -0.056640569 0.972855330
1341846322.234093 0.271846205 0.001557538 0.058324356 0.074439608 -0.212584943 -0.059169795 0.972504675
1341846322.265941 0.271709621 0.001112082 0.057983961 0.071464077 -0.215229765 -0.059394579 0.972132385
1341846322.301996 0.272110462 0.001111717 0.058265705 0.069215260 -0.217581436 -0.058677666 0.971815050
1341846322.333949 0.271269292 -0.000264687 0.056999344 0.067519605 -0.218345448 -0.059406489 0.971718729
1341846322.369871 0.271779805 -0.001873201 0.057922874 0.068034358 -0.224545717 -0.062106438 0.970099628
1341846322.402292 0.272801220 -0.003588807 0.058586162 0.070759155 -0.224197596 -0.067551360 0.969621241
1341846322.433955 0.272049725 -0.006959670 0.057333287 0.073436752 -0.222553283 -0.069236025 0.969682157
1341846322.470030 0.271911770 -0.007862242 0.056346402 0.080661610 -0.226876035 -0.064575821 0.968427002
1341846322.502433 0.272415519 -0.009194572 0.056886230 0.085389093 -0.230848119 -0.060206868 0.967363894
1341846322.534002 0.272661805 -0.012065633 0.058128949 0.091625206 -0.232589215 -0.057292897 0.966552973
1341846322.570196 0.271591783 -0.009979178 0.057981282 0.102549143 -0.232369095 -0.054085422 0.965692997
1341846322.601920 0.270697206 -0.010016892 0.057129133 0.107419789 -0.234381422 -0.049336419 0.964931190
1341846322.638119 0.271383017 -0.011431878 0.058572508 0.112450510 -0.239252552 -0.048020128 0.963227451
1341846322.669947 0.272333950 -0.011983863 0.058825221 0.117523335 -0.237166256 -0.047407914 0.963168144
1341846322.702026 0.271744668 -0.014983078 0.057987906 0.118184902 -0.235714540 -0.044706762 0.963572681
1341846322.738006 0.272129953 -0.014997920 0.058809891 0.119254462 -0.239096642 -0.042266067 0.962717354
1341846322.770087 0.272548825 -0.017914979 0.058910836 0.117811345 -0.238696963 -0.043452803 0.962941408
1341846322.806047 0.268168896 -0.011359994 0.056922913 0.124147259 -0.235893011 -0.039992910 0.962986231
1341846322.838063 0.268039614 -0.011497738 0.056721926 0.125573158 -0.240290821 -0.037838090 0.961800396
1341846322.870081 0.268342584 -0.013220898 0.057221022 0.126127258 -0.245970726 -0.036641553 0.960337281
1341846322.906018 0.268407136 -0.013809694 0.058942921 0.130628943 -0.248605981 -0.035098754 0.959113777
1341846322.938349 0.267909855 -0.011943606 0.058902208 0.133562952 -0.246810764 -0.034905087 0.959180415
1341846322.970069 0.268249542 -0.012341734 0.058800533 0.128019884 -0.247208238 -0.033509344 0.959883392
1341846323.011820 0.268335164 -0.014183739 0.058665812 0.124046117 -0.246696815 -0.033427000 0.960539401
1341846323.038050 0.268139929 -0.013928251 0.058097690 0.123107314 -0.246330723 -0.031698771 0.960812628
1341846323.073951 0.268388718 -0.013825829 0.058093797 0.120376207 -0.246929303 -0.030303240 0.961050034
1341846323.105962 0.267729610 -0.015361870 0.058323376 0.117232271 -0.246329039 -0.031187251 0.961564362
1341846323.138158 0.268042684 -0.015642360 0.058285646 0.118474245 -0.246537253 -0.034248613 0.961254537
1341846323.174092 0.268167436 -0.015990444 0.057987373 0.116525128 -0.246956930 -0.036094800 0.961317480
1341846323.206059 0.268700480 -0.016207455 0.058579650 0.114579357 -0.247954845 -0.038831618 0.961187840
1341846323.238053 0.268636733 -0.016206298 0.058385193 0.113105685 -0.244227082 -0.042184006 0.962175012
1341846323.273997 0.267567158 -0.016447809 0.057663295 0.108403884 -0.243056983 -0.041944571 0.963022590
1341846323.305946 0.267760366 -0.017117431 0.058062371 0.102902800 -0.246924058 -0.042816747 0.962603927
1341846323.342027 0.269084662 -0.018779077 0.059219707 0.101142138 -0.246354014 -0.045377098 0.962819278
1341846323.374048 0.267453879 -0.019139579 0.058650460 0.101057790 -0.241934493 -0.043197948 0.964048207
1341846323.405987 0.267416149 -0.020118859 0.056389313 0.098763749 -0.245544598 -0.038521338 0.963571310
1341846323.441956 0.266943902 -0.021302490 0.058484148 0.099261098 -0.250079155 -0.036552001 0.962430060
1341846323.473878 0.267122120 -0.022384128 0.058501091 0.103451885 -0.249084413 -0.037459202 0.962211788
1341846323.506129 0.267574370 -0.021778073 0.058020707 0.106551670 -0.249807745 -0.038064085 0.961662114
1341846323.541972 0.267854631 -0.020042626 0.058025576 0.106768474 -0.249376267 -0.040964089 0.961630821
1341846323.573913 0.269018143 -0.021813303 0.058249354 0.107226759 -0.245804518 -0.046940550 0.962226152
1341846323.609927 0.267890573 -0.021715598 0.058347609 0.109173171 -0.239180282 -0.049595047 0.963542581
1341846323.642014 0.267022252 -0.022223616 0.057948384 0.108153425 -0.237127870 -0.048948899 0.964197695
1341846323.674081 0.266656935 -0.023419745 0.057778571 0.106812648 -0.238684699 -0.046723802 0.964073420
1341846323.710069 0.266720355 -0.025113957 0.057771694 0.106637247 -0.240316376 -0.042907164 0.963864863
1341846323.742111 0.266214907 -0.025763456 0.057461463 0.110863976 -0.241905063 -0.041446090 0.963054180
1341846323.774928 0.266443163 -0.025688969 0.057371087 0.114760689 -0.244503543 -0.043228764 0.961862385
1341846323.810012 0.267206460 -0.024923295 0.057108145 0.116946906 -0.245816171 -0.046183210 0.961126924
1341846323.842207 0.267256945 -0.025135309 0.057347432 0.119909227 -0.245743409 -0.050894715 0.960542381
1341846323.878019 0.266536653 -0.026176168 0.056449782 0.121141523 -0.245632157 -0.055113446 0.960183382
1341846323.909826 0.266353935 -0.027099283 0.056837469 0.125128388 -0.247364432 -0.058556151 0.959022880
1341846323.942459 0.266475141 -0.027057596 0.056317952 0.128852427 -0.247656018 -0.057853624 0.958496988
1341846323.978055 0.265999943 -0.027747484 0.056092288 0.129997253 -0.250307918 -0.055648994 0.957783818
1341846324.015934 0.266120702 -0.027755857 0.057255991 0.133679315 -0.253243148 -0.054495752 0.956570923
1341846324.047722 0.267219961 -0.027342793 0.056556150 0.137244582 -0.252303094 -0.054369252 0.956321657
1341846324.083904 0.266847044 -0.026007397 0.056790397 0.138641715 -0.250587225 -0.054713719 0.956551552
1341846324.115968 0.267603815 -0.025972947 0.056373671 0.136581287 -0.249066263 -0.057301298 0.957093596
1341846324.151967 0.267714977 -0.025610579 0.056780566 0.137489602 -0.246214211 -0.061640803 0.957431734
1341846324.183941 0.267341405 -0.024083726 0.057474475 0.136913359 -0.242129341 -0.064290464 0.958381355
1341846324.219984 0.267131686 -0.024011435 0.056683019 0.132405564 -0.239472777 -0.065120935 0.959625363
1341846324.251968 0.266589493 -0.023796909 0.057016734 0.131724149 -0.239209637 -0.065262355 0.959775150
1341846324.284052 0.266337991 -0.022452163 0.057359744 0.133151904 -0.239833876 -0.065986410 0.959372759
1341846324.319880 0.266266286 -0.021073038 0.056670226 0.132057324 -0.242392913 -0.066632591 0.958836079
1341846324.351917 0.266952246 -0.019696740 0.057278413 0.129455477 -0.246089920 -0.068929017 0.958086550
1341846324.388001 0.268142402 -0.018977350 0.057260510 0.126286462 -0.246329382 -0.073560514 0.958103538
1341846324.419908 0.267505586 -0.017607274 0.058022149 0.122783586 -0.243687168 -0.076571904 0.958998203
1341846324.452027 0.267152905 -0.019213192 0.057268701 0.117271729 -0.242834792 -0.078832969 0.959720790
1341846324.487928 0.267159194 -0.018741116 0.057487287 0.115262024 -0.243404478 -0.077192172 0.959953249
1341846324.519985 0.266107529 -0.019253386 0.057183679 0.112406559 -0.244739205 -0.073348582 0.960253835
1341846324.556001 0.266430020 -0.017694792 0.056898799 0.109922104 -0.249521449 -0.069847897 0.959571481
1341846324.587888 0.266840458 -0.016448589 0.057566732 0.106179625 -0.252933323 -0.068427697 0.959201932
1341846324.620086 0.266935378 -0.016027978 0.057370964 0.104089610 -0.254939437 -0.071315490 0.958689392
1341846324.655955 0.267267078 -0.014763114 0.057637736 0.103998572 -0.255852550 -0.073079228 0.958323121
1341846324.688082 0.266786546 -0.014572094 0.058037192 0.102930687 -0.255657792 -0.072533943 0.958531797
1341846324.755922 0.266240925 -0.011273863 0.057302799 0.103791848 -0.258184344 -0.068228357 0.958077729
1341846324.782029 0.266560078 -0.010061628 0.058208764 0.102318406 -0.263037145 -0.069580048 0.956818163
1341846324.814016 0.268938303 -0.008326973 0.058409140 0.100247964 -0.265077293 -0.072218657 0.956278682
1341846324.849979 0.267194331 -0.007065421 0.059367280 0.096190125 -0.260564476 -0.075967506 0.957644284
1341846324.881924 0.266436100 -0.006655396 0.059073500 0.093274593 -0.260925829 -0.076914616 0.957758725
1341846324.913902 0.267142951 -0.005831739 0.059385717 0.091788992 -0.262994707 -0.074107856 0.957557619
1341846324.949999 0.266949058 -0.006097772 0.059494503 0.090633072 -0.263350695 -0.070754133 0.957823515
1341846324.981922 0.265901864 -0.005534255 0.059017502 0.093795151 -0.265396655 -0.066025607 0.957291842
1341846325.018013 0.265792608 -0.004447405 0.059219696 0.097482510 -0.270540804 -0.063404508 0.955659330
1341846325.050079 0.266000122 -0.002798434 0.058488447 0.099796347 -0.275024325 -0.064048402 0.954096496
1341846325.081901 0.266469240 -0.001398849 0.058524478 0.099370688 -0.279986233 -0.066286445 0.952543616
1341846325.118531 0.267672658 0.000300917 0.058951829 0.096478000 -0.281877011 -0.068947285 0.952094316
1341846325.149933 0.267155677 0.000446083 0.059866592 0.091657244 -0.279182047 -0.072306179 0.953114986
1341846325.181925 0.267111629 0.000931529 0.059683193 0.088198557 -0.277909040 -0.070984289 0.953912377
1341846325.218055 0.266982704 0.001588105 0.060056310 0.084407590 -0.277906418 -0.067250334 0.954526484
1341846325.249811 0.266792595 0.002471572 0.059848413 0.081762873 -0.277596772 -0.063992828 0.955070555
1341846325.285925 0.270288974 -0.003129450 0.061132185 0.076028436 -0.280168772 -0.063128829 0.954850733
1341846325.317988 0.270769179 -0.003326955 0.062243335 0.073248088 -0.278620988 -0.061429162 0.955631495
1341846325.349844 0.268475831 -0.001672156 0.060433209 0.076029338 -0.272623897 -0.057654623 0.957377493
1341846325.387302 0.268806547 -0.000533460 0.060273245 0.080604382 -0.270351201 -0.053540591 0.957886517
1341846325.417931 0.269678921 0.000000146 0.060190212 0.083195686 -0.266087264 -0.050099205 0.959044397
1341846325.450747 0.270547152 -0.001226536 0.061687134 0.086800098 -0.260605097 -0.046410516 0.960414886
1341846325.485954 0.269045025 0.000918192 0.061607987 0.096174195 -0.252997965 -0.041552272 0.961777508
1341846325.517875 0.269148588 0.001833600 0.061180696 0.099512398 -0.250495106 -0.038256612 0.962229669
1341846325.553859 0.269285351 0.002407450 0.061345957 0.103011623 -0.247277543 -0.037584912 0.962719977
1341846325.585855 0.268831939 0.004029469 0.061161861 0.106886998 -0.243715122 -0.038902581 0.963153481
1341846325.617990 0.269226164 0.005428342 0.060996812 0.104788005 -0.241750091 -0.040537365 0.963811755
1341846325.653982 0.268086791 0.004151906 0.061688632 0.102259532 -0.239175141 -0.044573843 0.964547276
1341846325.685819 0.267935693 0.003981205 0.061862975 0.106529981 -0.238422573 -0.041823309 0.964394569
1341846325.717857 0.267539948 0.005692449 0.062087417 0.110546894 -0.237484202 -0.033928592 0.964484096
1341846325.754083 0.267407537 0.005551632 0.061757505 0.111835629 -0.237467930 -0.029179676 0.964494884
1341846325.786087 0.267508715 0.006003923 0.062087525 0.117905259 -0.237526864 -0.026311930 0.963839769
1341846325.821856 0.267771572 0.007735140 0.062225025 0.122360170 -0.236130342 -0.023518514 0.963699818
1341846325.853827 0.267089427 0.008625368 0.062133685 0.122755446 -0.235084370 -0.020032542 0.963984013
1341846325.885958 0.267249376 0.009617136 0.061375655 0.121586397 -0.238172129 -0.014142133 0.963478506
1341846325.921984 0.267231107 0.009976493 0.062152740 0.119206578 -0.242057636 -0.010164905 0.962857544
1341846325.953899 0.268088490 0.010025934 0.063427486 0.121358201 -0.243506461 -0.006884845 0.962252259
1341846325.985823 0.268001676 0.010179046 0.063039400 0.123669505 -0.240495980 -0.002838147 0.962735415
1341846326.021991 0.267727852 0.010005366 0.062716551 0.124161944 -0.240346149 0.003536003 0.962707162
1341846326.054055 0.268247962 0.011148201 0.063184433 0.128614098 -0.241962969 0.008406697 0.961686909
1341846326.089984 0.268895358 0.012815379 0.063540667 0.132179171 -0.240640283 0.008632381 0.961533368
1341846326.121822 0.268753529 0.014025031 0.063913949 0.133263558 -0.236458495 0.006614912 0.962436736
1341846326.154079 0.268002808 0.013986614 0.064123914 0.133926690 -0.233560517 0.005358658 0.963059902
1341846326.190178 0.267744124 0.014988127 0.064109549 0.135959819 -0.233920664 0.008413188 0.962665737
1341846326.222162 0.267672092 0.016792340 0.064069144 0.134781942 -0.235485449 0.013613187 0.962390304
1341846326.259181 0.267268121 0.018076070 0.064851671 0.131159067 -0.237864017 0.017029693 0.962251544
1341846326.291222 0.267922431 0.018126670 0.065076083 0.127167180 -0.239382654 0.016968967 0.962411880
1341846326.322766 0.268362105 0.019252131 0.065374248 0.123952128 -0.239113033 0.015344235 0.962925494
1341846326.359773 0.268422693 0.019737115 0.065652616 0.120725848 -0.237458512 0.012319435 0.963787854
1341846326.392109 0.268018246 0.019164305 0.066479772 0.118697010 -0.235708594 0.012605198 0.964465499
1341846326.423985 0.267752826 0.020061633 0.066473559 0.122320279 -0.235066593 0.018980982 0.964064956
1341846326.459869 0.267551214 0.021212980 0.065970652 0.123081855 -0.237020612 0.022909854 0.963404000
1341846326.491143 0.267916083 0.021806229 0.067086458 0.124076061 -0.238835230 0.022940205 0.962827444
1341846326.526163 0.268423826 0.024008965 0.067025490 0.125556067 -0.235859439 0.021617902 0.963399589
1341846326.560211 0.268249840 0.024476001 0.067326799 0.120476976 -0.231661811 0.021112116 0.965076387
1341846326.591828 0.267969042 0.024795486 0.067650892 0.117337443 -0.229350284 0.021151846 0.966013968
1341846326.627027 0.268409044 0.025934456 0.067665808 0.117697269 -0.228099853 0.020865349 0.966272473
1341846326.658442 0.268602252 0.027294351 0.068206213 0.116958693 -0.224459291 0.019099437 0.967250705
1341846326.694856 0.268104225 0.028140130 0.068257444 0.113515496 -0.220507547 0.018755391 0.968575716
1341846326.726206 0.268298209 0.029631861 0.068558924 0.109149732 -0.219266802 0.015367994 0.969418526
1341846326.762753 0.268631518 0.030750435 0.068821974 0.104853243 -0.216728345 0.011998929 0.970510542
1341846326.794046 0.267502248 0.027435441 0.067825750 0.096852548 -0.212369651 0.007098136 0.972351968
1341846326.826821 0.267359912 0.028735131 0.067915276 0.090397052 -0.209427014 0.003565943 0.973630309
1341846326.858887 0.267096370 0.029390579 0.067993909 0.083085544 -0.207335055 0.000132182 0.974735320
1341846326.895360 0.267565727 0.033618756 0.069587566 0.081971802 -0.207207724 0.000928076 0.974856317
1341846326.926897 0.267273009 0.034509949 0.069618300 0.083204895 -0.210610539 0.003277843 0.974017143
1341846326.958888 0.268145472 0.035450939 0.070356578 0.085212715 -0.214446321 0.007606097 0.972981930
1341846326.994594 0.268404752 0.036520548 0.070594743 0.086085767 -0.214200765 0.009396104 0.972943485
1341846327.026301 0.267603010 0.032113634 0.069261506 0.082006395 -0.212610796 0.007997005 0.973656833
1341846327.063945 0.267928183 0.032739867 0.069376387 0.079394907 -0.210498795 0.005324735 0.974350214
1341846327.094662 0.267542303 0.033811070 0.070366338 0.080923326 -0.207916811 0.001764138 0.974791706
1341846327.128901 0.267319113 0.034724236 0.070739657 0.080584839 -0.207534134 0.000650665 0.974902689
1341846327.161940 0.267482758 0.035688177 0.070545301 0.079956844 -0.208404973 -0.000671144 0.974768579
1341846327.193867 0.267915606 0.036253892 0.071158528 0.079123445 -0.207818344 -0.000916713 0.974961638
1341846327.229885 0.267821938 0.037304793 0.071605586 0.082229085 -0.203907698 -0.004238175 0.975521445
1341846327.262014 0.268235356 0.036967456 0.071608476 0.081834696 -0.200682059 -0.004746288 0.976220906
1341846327.294023 0.267344981 0.037523706 0.071058869 0.086902425 -0.187890708 -0.008791408 0.978298426
1341846327.330015 0.268486083 0.039507918 0.072618350 0.091300115 -0.177651674 -0.013409324 0.979757309
1341846327.361939 0.268040597 0.040762741 0.073606707 0.090847142 -0.172157779 -0.018677648 0.980693460
1341846327.393887 0.267822742 0.041237906 0.073900595 0.090764545 -0.168956131 -0.025905348 0.981093526
1341846327.429966 0.268442839 0.043740731 0.073050439 0.091766030 -0.169027492 -0.026803462 0.980963945
1341846327.461965 0.269129962 0.046996761 0.072614655 0.086411059 -0.173551232 -0.031288147 0.980527461
1341846327.497931 0.268468618 0.043997400 0.073080577 0.079080537 -0.176262200 -0.029523145 0.980717242
1341846327.530068 0.268346220 0.045179617 0.073315889 0.077378683 -0.175828680 -0.026412724 0.981019437
1341846327.561895 0.267374605 0.046297502 0.073465638 0.075566888 -0.176775172 -0.022338791 0.981091857
1341846327.598010 0.267398596 0.046691421 0.073759489 0.075936034 -0.180631727 -0.017457210 0.980459690
1341846327.629945 0.267129958 0.050295744 0.074727908 0.077999905 -0.184195146 -0.017871954 0.979626834
1341846327.662003 0.267347723 0.050668035 0.074535042 0.077799238 -0.187726259 -0.022233684 0.978882909
1341846327.697919 0.267447561 0.050301094 0.073348053 0.079438627 -0.189176127 -0.019119274 0.978537858
1341846327.730075 0.267417789 0.050740127 0.073789626 0.075659841 -0.189476028 -0.020470582 0.978751957
1341846327.766017 0.267685771 0.051552374 0.074334070 0.071234629 -0.190603167 -0.020625746 0.978861928
1341846327.797917 0.268111289 0.054094817 0.074280664 0.068930790 -0.191468626 -0.018212775 0.978905797
1341846327.830054 0.267873257 0.054049134 0.074685477 0.061257232 -0.191124067 -0.019586744 0.979456723
1341846327.865944 0.268265009 0.054331340 0.074633293 0.056537412 -0.189941838 -0.021265149 0.979935408
1341846327.898010 0.267767698 0.055677604 0.074895941 0.054869264 -0.188300103 -0.020314928 0.980367124
1341846327.929991 0.267940342 0.056351710 0.075129673 0.051275719 -0.189693585 -0.022944815 0.980234981
1341846327.966065 0.268162400 0.057667121 0.075042233 0.048733655 -0.188806117 -0.025823200 0.980464399
1341846327.998073 0.267958879 0.057229042 0.074976347 0.042722035 -0.187125728 -0.030146316 0.980943441
1341846328.034045 0.268204272 0.057407741 0.074837945 0.036980912 -0.185824558 -0.033813309 0.981304407
1341846328.065993 0.268271774 0.058049913 0.074738078 0.032160927 -0.184685633 -0.034898583 0.981651127
1341846328.098045 0.267535597 0.056863111 0.075054117 0.029443962 -0.183061063 -0.035922211 0.982003689
1341846328.133967 0.267346799 0.056618441 0.074970789 0.031566147 -0.184535727 -0.030511485 0.981844783
1341846328.166023 0.267267346 0.056266297 0.074568383 0.030423854 -0.187412113 -0.029618055 0.981363297
1341846328.198018 0.267717749 0.055537820 0.074215837 0.030441808 -0.190476373 -0.032558132 0.980679393
1341846328.234044 0.267313361 0.054151893 0.073984250 0.032159463 -0.191329002 -0.034435645 0.980394423
1341846328.265899 0.267359436 0.053087454 0.073755406 0.033267852 -0.193473563 -0.033613537 0.979964972
1341846328.302051 0.267681450 0.052015752 0.073496751 0.034180649 -0.194205329 -0.032622389 0.979822278
1341846328.333917 0.267497361 0.050778124 0.073161051 0.036450896 -0.194211304 -0.029366262 0.979842305
1341846328.366008 0.267919749 0.050646499 0.072987266 0.043598156 -0.196159661 -0.027715566 0.979210079
1341846328.402010 0.268229038 0.048426259 0.072591461 0.053905435 -0.195576712 -0.023472993 0.978924394
1341846328.433920 0.267939061 0.046764176 0.071920350 0.055936076 -0.197063178 -0.023295775 0.978516519
1341846328.470003 0.268620163 0.044399362 0.071503162 0.055890691 -0.198914871 -0.030186448 0.977955937
1341846328.502194 0.268434525 0.043372892 0.071547441 0.057854075 -0.196728289 -0.037167367 0.978043675
1341846328.534033 0.268585652 0.041549336 0.071583554 0.059119906 -0.194291756 -0.039621796 0.978358686
1341846328.570125 0.268036783 0.039317463 0.071251608 0.059754781 -0.193006679 -0.039999686 0.978559077
1341846328.602804 0.268166065 0.036790218 0.070238255 0.062412728 -0.198511913 -0.035265166 0.977473319
1341846328.636433 0.269412100 0.036956713 0.069252223 0.065450259 -0.208100468 -0.033871606 0.975327194
1341846328.672663 0.267778665 0.035416443 0.070202939 0.071047142 -0.211720273 -0.036377940 0.974065423
1341846328.702975 0.267801374 0.033340052 0.069833763 0.072450697 -0.214317501 -0.038510047 0.973311841
1341846328.738215 0.268592566 0.036125652 0.071705513 0.079532713 -0.216449738 -0.040833719 0.972191691
1341846328.770129 0.268992156 0.035160203 0.071608260 0.082906395 -0.218735039 -0.039825741 0.971439898
1341846328.802331 0.268841326 0.033496447 0.070738390 0.082805872 -0.221014962 -0.040196929 0.970917046
1341846328.838051 0.269042969 0.031983197 0.070975192 0.086142033 -0.223876536 -0.041188288 0.969929099
1341846328.869939 0.269499183 0.032119405 0.070779875 0.086657204 -0.225489080 -0.041527923 0.969495058
1341846328.904486 0.269162655 0.030807110 0.070149481 0.082195416 -0.227299273 -0.043963533 0.969353497
1341846328.939814 0.269280910 0.027828665 0.070311897 0.082411267 -0.230867058 -0.043624468 0.968506992
1341846328.970217 0.269570351 0.028269347 0.070089690 0.087269127 -0.232978985 -0.040450480 0.967713118
1341846329.006232 0.269879311 0.027050396 0.069974527 0.085713997 -0.236244708 -0.035090320 0.967269480
1341846329.038243 0.270285159 0.025409328 0.069633797 0.088270724 -0.237643644 -0.034060281 0.966733575
1341846329.072238 0.269314617 0.023412533 0.068289176 0.091857612 -0.236669809 -0.034091726 0.966637135
1341846329.106125 0.269144118 0.022833314 0.068100877 0.090693526 -0.237067997 -0.035259627 0.966607571
1341846329.138340 0.269049406 0.021449760 0.068016171 0.091981024 -0.237941667 -0.036949098 0.966208041
1341846329.169991 0.269192576 0.021316824 0.067547806 0.094429255 -0.238814682 -0.037642013 0.965729654
1341846329.208656 0.269507021 0.020408111 0.067289539 0.094654694 -0.239989370 -0.039212082 0.965353847
1341846329.238169 0.270040929 0.020442206 0.067248844 0.094464839 -0.241648421 -0.038737766 0.964977622
1341846329.273827 0.269870937 0.019167226 0.067049280 0.091835596 -0.242400646 -0.039055940 0.965029955
1341846329.306052 0.269844711 0.019237464 0.066637084 0.093019530 -0.244426519 -0.039740063 0.964377403
1341846329.338104 0.270432532 0.019094115 0.066841997 0.089743875 -0.246590987 -0.041725092 0.964052856
1341846329.373907 0.270268589 0.016777750 0.066354237 0.084860310 -0.246796608 -0.045264106 0.964282811
1341846329.405985 0.270221025 0.015939625 0.066046178 0.086500682 -0.248067036 -0.047646616 0.963696122
1341846329.442057 0.270340115 0.015941327 0.065936692 0.087376952 -0.248388901 -0.051283073 0.963347435
1341846329.473950 0.270014584 0.014546909 0.065416403 0.086894669 -0.248689935 -0.058193114 0.962920666
1341846329.506147 0.270150274 0.014415081 0.065029584 0.088079490 -0.250305951 -0.060758337 0.962235630
1341846329.542121 0.271228969 0.015720304 0.065362699 0.086221471 -0.253593385 -0.061034694 0.961525381
1341846329.574086 0.271320373 0.014115302 0.065461636 0.087993219 -0.256370246 -0.061773807 0.960580826
1341846329.606387 0.271328509 0.014164546 0.065018073 0.091084048 -0.256445318 -0.062374573 0.960233808
1341846329.641955 0.271111935 0.013816960 0.064570330 0.090825438 -0.257279307 -0.062292870 0.960040450
1341846329.681570 0.270807713 0.012848882 0.064582504 0.089392945 -0.260171443 -0.062507913 0.959381282
1341846329.748113 0.271549702 0.012256322 0.064727336 0.092044353 -0.261069685 -0.064568594 0.958749890
1341846329.774077 0.271460235 0.011022914 0.064636387 0.088890001 -0.259372681 -0.062744543 0.959628820
1341846329.810175 0.271098197 0.010022032 0.064423695 0.087979883 -0.257913619 -0.060084436 0.960276008
1341846329.842255 0.270836800 0.009500491 0.064170152 0.088851206 -0.257578820 -0.056663614 0.960493565
1341846329.874044 0.270336121 0.008108909 0.063848332 0.089068532 -0.257551730 -0.053266861 0.960675061
1341846329.910073 0.270593464 0.008581237 0.063600682 0.089270338 -0.258188009 -0.051104806 0.960602999
1341846329.942009 0.270367205 0.008629321 0.063593708 0.083775073 -0.258247226 -0.047259495 0.961278677
1341846329.978087 0.270157278 0.006508775 0.063687749 0.080124430 -0.258912385 -0.046048298 0.961469710
1341846330.016305 0.270768881 0.007087720 0.063311093 0.083196990 -0.258086622 -0.047985587 0.961336017
1341846330.048192 0.270600051 0.007796648 0.063116640 0.079813533 -0.256256878 -0.047088210 0.962156415
1341846330.080418 0.270271331 0.005983201 0.062821195 0.074229166 -0.255833924 -0.046715576 0.962733984
1341846330.115886 0.270236313 0.004561817 0.062863268 0.075869069 -0.254777640 -0.045079429 0.962964237
1341846330.147839 0.270194739 0.005784151 0.062354881 0.078949399 -0.254431576 -0.042759489 0.962913930
1341846330.181257 0.270643204 0.007207278 0.062440604 0.074487522 -0.255479038 -0.040230494 0.963101029
1341846330.215852 0.270350724 0.005880034 0.062613934 0.067685135 -0.254018396 -0.042400084 0.963896036
1341846330.247833 0.269987404 0.005277105 0.062309071 0.065895371 -0.253016621 -0.044257458 0.964200020
1341846330.283913 0.270147651 0.006632420 0.061852403 0.063360006 -0.253282905 -0.044079777 0.964308202
1341846330.316011 0.269565195 0.005467290 0.062060237 0.056583460 -0.253204346 -0.047113050 0.964606822
1341846330.347868 0.269325048 0.004764855 0.061923619 0.053965908 -0.254490465 -0.048273303 0.964360952
1341846330.383835 0.269558817 0.004627315 0.062084965 0.052248523 -0.255040795 -0.048398443 0.964303851
1341846330.415934 0.269266218 0.003297128 0.061977942 0.051247478 -0.254014581 -0.050348651 0.964528561
1341846330.452561 0.269120753 0.003201375 0.061405655 0.054325923 -0.254332781 -0.050993837 0.964242280
1341846330.483903 0.268935680 0.003680994 0.061039954 0.054260291 -0.255874604 -0.048926268 0.963945150
1341846330.515970 0.268794119 0.003107423 0.061039809 0.051508889 -0.257991910 -0.046269592 0.963662863
1341846330.552099 0.268966407 0.002976450 0.060961995 0.052401640 -0.259523273 -0.043994911 0.963310063
1341846330.583876 0.269083291 0.003657934 0.060687762 0.052196749 -0.259811819 -0.043552689 0.963263452
1341846330.619992 0.269021720 0.004398755 0.059986159 0.048274856 -0.260148197 -0.044813696 0.963319421
1341846330.652136 0.269157529 0.003940129 0.059988856 0.042086504 -0.261400044 -0.048067659 0.963113844
1341846330.683796 0.268902034 0.003661522 0.059831910 0.037672032 -0.260746926 -0.050399806 0.963354409
1341846330.719991 0.268407911 0.002525283 0.058925245 0.034056466 -0.261921406 -0.050719947 0.963153601
1341846330.752103 0.268183112 0.002515366 0.058573335 0.034593917 -0.265906692 -0.046276417 0.962265790
1341846330.787952 0.268235207 0.002712785 0.057795618 0.034174092 -0.270374179 -0.042196594 0.961222887
1341846330.819823 0.268341273 0.002899940 0.058270626 0.033727050 -0.274986625 -0.042033371 0.959936500
1341846330.852208 0.268172354 0.004290221 0.057946607 0.033785544 -0.276448041 -0.040824041 0.959566772
1341846330.888445 0.268104017 0.005411660 0.057601325 0.030963613 -0.278033286 -0.040573388 0.959214568
1341846330.914111 0.268538624 0.005206573 0.057550099 0.024798611 -0.279377282 -0.043334149 0.958882451
1341846330.949903 0.268345565 0.003589921 0.057040278 0.021226035 -0.279472232 -0.045368619 0.958846390
1341846330.981986 0.267693132 0.004481731 0.056217972 0.021901198 -0.283357978 -0.044072367 0.957750618
1341846331.014111 0.267668873 0.005203149 0.056450896 0.021691568 -0.287104905 -0.043532405 0.956663609
1341846331.082139 0.267731726 0.004724588 0.056056205 0.023413798 -0.290020734 -0.046120357 0.955621600
1341846331.114334 0.268209517 0.004121119 0.055513941 0.022659713 -0.291832387 -0.046948902 0.955047786
1341846331.149989 0.268284857 0.003535287 0.055752598 0.022677582 -0.292991102 -0.047612846 0.954659641
1341846331.181954 0.267669320 0.004470776 0.055722624 0.027085308 -0.293061852 -0.048061024 0.954500556
1341846331.218151 0.267567843 0.005639387 0.055105925 0.027276795 -0.295814157 -0.047683988 0.953664601
1341846331.249914 0.268079311 0.004620651 0.055897526 0.024268767 -0.298089296 -0.049098525 0.952965438
1341846331.282227 0.269309253 0.002951827 0.057038963 0.028686218 -0.296188384 -0.049295783 0.953425109
1341846331.318141 0.268546343 0.004753829 0.056229766 0.036525916 -0.289932758 -0.050216008 0.955030501
1341846331.349926 0.269049317 0.004603393 0.055990722 0.035623349 -0.287410647 -0.050964955 0.955786943
1341846331.382003 0.270696193 0.001849444 0.059124991 0.035948247 -0.284883231 -0.051329888 0.956511676
1341846331.418008 0.269972175 0.002724973 0.058097173 0.045085929 -0.274295807 -0.049073569 0.959333599
1341846331.450327 0.269206911 0.003725840 0.058004569 0.048484374 -0.268555820 -0.048698835 0.960809827
1341846331.486219 0.268698931 0.004238260 0.057808414 0.048616707 -0.266006798 -0.047553401 0.961569309
1341846331.518344 0.268637478 0.004619008 0.058692969 0.047878332 -0.265698999 -0.048648141 0.961636662
1341846331.550202 0.268422216 0.004081173 0.059980638 0.050439544 -0.261860609 -0.048696797 0.962555707
1341846331.586139 0.268392265 0.004495551 0.059395377 0.053165395 -0.259892046 -0.048426539 0.962956131
1341846331.617931 0.268728822 0.004565779 0.060053378 0.052124988 -0.260429025 -0.048109032 0.962883830
1341846331.654027 0.268786520 0.003883167 0.061267495 0.052278217 -0.258629471 -0.047300115 0.963400543
1341846331.686123 0.268368006 0.004841443 0.061312579 0.055028882 -0.255785882 -0.044956412 0.964118421
1341846331.717954 0.267870098 0.005834177 0.061544456 0.052873679 -0.255983531 -0.045742497 0.964149594
1341846331.754076 0.268195957 0.004442013 0.062903889 0.049692746 -0.256450504 -0.047276814 0.964120686
1341846331.785920 0.267709553 0.004443374 0.063566461 0.053164300 -0.253490865 -0.047907136 0.964686930
1341846331.818053 0.267347217 0.005558958 0.064267881 0.054632053 -0.252025396 -0.046969533 0.965034962
1341846331.853849 0.266250342 0.005617896 0.065029562 0.053415339 -0.251163483 -0.048402771 0.965256929
1341846331.885987 0.266306520 0.005478149 0.066374093 0.057075907 -0.249529645 -0.049215924 0.965430021
1341846331.922014 0.265829623 0.006061741 0.066992089 0.059853751 -0.246194139 -0.049502827 0.966103256
1341846331.954037 0.266288012 0.005854935 0.067811325 0.059529830 -0.244702414 -0.048252732 0.966565371
1341846331.986135 0.266281277 0.004540235 0.068772137 0.060304679 -0.240433216 -0.045873057 0.967703938
1341846332.022364 0.264798164 0.004198963 0.069351509 0.066924684 -0.234769732 -0.044297658 0.968732119
1341846332.054175 0.264200151 0.004775561 0.069964863 0.073206082 -0.234796941 -0.041107867 0.968411803
1341846332.086502 0.264556259 0.004528855 0.070993409 0.075820126 -0.235246241 -0.039287012 0.968177199
1341846332.122051 0.264162123 0.004956817 0.071495093 0.078240015 -0.234029710 -0.039854694 0.968256295
1341846332.153983 0.263582826 0.006110616 0.072455920 0.077920005 -0.234459594 -0.041692138 0.968100727
1341846332.190165 0.263108164 0.006274394 0.073236719 0.072510682 -0.235475242 -0.046511963 0.968054891
1341846332.222699 0.262021840 0.005543574 0.073139697 0.069138967 -0.234944984 -0.047934938 0.968360960
1341846332.254145 0.261561513 0.005287697 0.073954664 0.072090641 -0.234828472 -0.048166260 0.968162477
1341846332.289948 0.261003196 0.005745010 0.074471883 0.073724940 -0.234872460 -0.045439892 0.968160510
1341846332.322172 0.260598093 0.005714709 0.075588174 0.074083298 -0.235695824 -0.042971130 0.968045771
1341846332.354003 0.260921270 0.004910956 0.076015912 0.076485395 -0.234278232 -0.045497842 0.968087614
1341846332.390180 0.260997266 0.006022077 0.076896116 0.079968974 -0.230708271 -0.046470899 0.968617141
1341846332.422055 0.260347456 0.006275521 0.077716120 0.079339817 -0.227969080 -0.050102629 0.969136238
1341846332.458114 0.260177284 0.005798723 0.078701966 0.079414770 -0.225835264 -0.053772714 0.969432950
1341846332.489993 0.259368598 0.006571065 0.078866705 0.081045248 -0.223552153 -0.052320257 0.969906569
1341846332.522130 0.258444011 0.006991572 0.079259299 0.079350710 -0.226507381 -0.047616459 0.969603300
1341846332.558114 0.258506149 0.006568937 0.079732724 0.076655224 -0.232566103 -0.040707223 0.968700171
1341846332.589874 0.259049922 0.007202541 0.080310382 0.075609379 -0.235763833 -0.036190841 0.968188465
1341846332.621889 0.259097189 0.007850852 0.080919474 0.072063789 -0.235794768 -0.035746131 0.968467832
1341846332.658202 0.258918643 0.007360477 0.081964970 0.067943007 -0.235505149 -0.037937291 0.968752742
1341846332.690001 0.258842051 0.007703839 0.082489386 0.066486336 -0.234689549 -0.037474863 0.969069719
1341846332.726000 0.257806540 0.007341360 0.083096243 0.063878790 -0.234639555 -0.033997253 0.969385386
1341846332.758386 0.258148700 0.007383847 0.083539501 0.063917778 -0.237710327 -0.032073718 0.968699992
1341846332.789937 0.258862078 0.007894374 0.084680267 0.064107127 -0.238416165 -0.032876424 0.968487084
1341846332.825925 0.257985771 0.008283173 0.085626878 0.063939132 -0.234544531 -0.036483895 0.969314039
1341846332.857898 0.258146048 0.007623554 0.086147778 0.063398451 -0.234023869 -0.035816740 0.969500184
1341846332.894069 0.257834464 0.008704132 0.086994104 0.064405762 -0.234271511 -0.035052333 0.969401956
1341846332.926029 0.258900285 0.008343859 0.085716881 0.060937081 -0.234316736 -0.037215371 0.969534636
1341846332.958015 0.258437395 0.008625554 0.086739562 0.059381705 -0.231242761 -0.040753756 0.970226645
1341846332.994073 0.258441180 0.008857543 0.087086700 0.057209369 -0.230139658 -0.042571925 0.970541298
1341846333.026545 0.258238465 0.008888424 0.088203125 0.055397589 -0.228691787 -0.045532584 0.970854223
1341846333.057998 0.258601308 0.008770980 0.089010946 0.054421082 -0.227357656 -0.046147171 0.971193731
1341846333.094024 0.258330762 0.008581186 0.089565940 0.053480182 -0.225733489 -0.041718744 0.971825004
1341846333.126095 0.258583605 0.008944442 0.090372086 0.054067232 -0.224842340 -0.038830779 0.972118735
1341846333.161973 0.259102374 0.009460432 0.090309255 0.053366620 -0.222807258 -0.037723508 0.972669482
1341846333.195660 0.258688331 0.009705761 0.091412194 0.051392619 -0.220583066 -0.036590852 0.973325729
1341846333.226331 0.258178025 0.009736857 0.092042133 0.049611811 -0.219222888 -0.038639098 0.973646283
1341846333.262056 0.258387029 0.010356849 0.092631094 0.047887608 -0.219292238 -0.040211026 0.973653316
1341846333.294147 0.258123457 0.009982747 0.092683010 0.044126082 -0.218191981 -0.043077461 0.973955572
1341846333.326100 0.258124352 0.009998935 0.093047254 0.042719956 -0.219239101 -0.044865679 0.973702371
1341846333.362100 0.258446008 0.010538878 0.093455188 0.040489435 -0.220622808 -0.046024486 0.973430991
1341846333.394119 0.257988602 0.010058081 0.093515515 0.036561769 -0.220485792 -0.048453648 0.973499596
1341846333.429974 0.258185148 0.010345796 0.093606226 0.036231805 -0.222618699 -0.048113290 0.973043323
1341846333.462115 0.258367151 0.010302016 0.094101302 0.036859926 -0.222848743 -0.049856499 0.972879291
1341846333.494040 0.258037806 0.010663806 0.095198058 0.038507298 -0.221870929 -0.050368957 0.973012567
1341846333.529953 0.258854985 0.009976375 0.092715569 0.038840938 -0.221131921 -0.050349046 0.973168552
1341846333.562063 0.258807182 0.010116912 0.092769280 0.039446380 -0.219205379 -0.048608862 0.973668396
1341846333.594090 0.258275211 0.010647994 0.092627913 0.038688280 -0.218754679 -0.048383873 0.973811388
1341846333.629994 0.258354008 0.011185481 0.092482463 0.036120370 -0.220805302 -0.049551532 0.973388433
1341846333.662127 0.258477688 0.011095583 0.092290357 0.033067714 -0.221664563 -0.051314432 0.973210216
1341846333.697964 0.258443773 0.010189787 0.092181168 0.029461922 -0.221451461 -0.051049132 0.973388553
1341846333.730092 0.258709788 0.010218563 0.092137016 0.032224473 -0.222106293 -0.049575932 0.973227918
1341846333.762089 0.258824795 0.010244339 0.091912590 0.033415250 -0.221283019 -0.047655527 0.973471224
1341846333.798006 0.258813977 0.010007686 0.091612317 0.034388881 -0.220724612 -0.047592718 0.973567128
1341846333.830055 0.259004295 0.009889598 0.091494113 0.037391189 -0.220031768 -0.049086630 0.973539114
1341846333.866045 0.258975983 0.009880839 0.090958491 0.038604010 -0.218473554 -0.049972795 0.973797619
1341846333.897987 0.258859783 0.009839146 0.090474695 0.040820595 -0.217997879 -0.050734721 0.973774433
1341846333.930099 0.259044170 0.009618998 0.090314917 0.043467250 -0.217798382 -0.050775681 0.973702371
1341846333.965889 0.259135306 0.009675384 0.089967504 0.046144433 -0.217121676 -0.050708432 0.973733783
1341846333.997985 0.259150743 0.009124177 0.089513592 0.048001152 -0.216059670 -0.050521351 0.973890007
1341846334.030076 0.259350538 0.009313107 0.089054659 0.051116340 -0.215465173 -0.048632611 0.973959327
1341846334.066000 0.259044707 0.009431809 0.088299021 0.052756701 -0.214807212 -0.047014769 0.974096596
1341846334.097932 0.259493262 0.009410359 0.088048920 0.054548737 -0.215684637 -0.046439577 0.973831594
1341846334.133884 0.259536892 0.009300824 0.087412663 0.055661652 -0.214816257 -0.046027023 0.973980129
1341846334.166115 0.259162873 0.009560222 0.087284930 0.055845421 -0.215292618 -0.044850353 0.973919332
1341846334.198072 0.259337366 0.009520778 0.086755618 0.056480657 -0.216957793 -0.045421880 0.973486543
1341846334.234097 0.259780914 0.009510963 0.086461052 0.056935050 -0.216928050 -0.046528824 0.973414421
1341846334.266045 0.259715021 0.009372531 0.085756086 0.056627177 -0.215114579 -0.045818046 0.973868489
1341846334.297946 0.259257764 0.009385486 0.084972501 0.057489470 -0.215630352 -0.044757590 0.973753214
1341846334.334036 0.259695262 0.009546487 0.084710285 0.057516519 -0.218204618 -0.043756720 0.973223507
1341846334.365871 0.259936810 0.009728736 0.084170192 0.057781771 -0.217948094 -0.045604073 0.973180413
1341846334.401845 0.259692073 0.009743989 0.083542764 0.056935124 -0.216284096 -0.047368318 0.973517239
1341846334.433864 0.259343624 0.009377497 0.082939915 0.056474250 -0.216760114 -0.047254279 0.973443747
1341846334.466105 0.259478867 0.009680123 0.082565203 0.057042275 -0.218559951 -0.045981433 0.973069072
1341846334.502142 0.259575009 0.009972850 0.081900232 0.055787828 -0.219703749 -0.045373421 0.972912729
1341846334.540153 0.259647518 0.009865263 0.081014499 0.055798303 -0.220072955 -0.047433350 0.972730458
1341846334.566584 0.259839922 0.010434988 0.080511585 0.055347346 -0.221211106 -0.049987148 0.972370088
1341846334.602351 0.259615421 0.010750373 0.079798765 0.053639662 -0.223007858 -0.055275496 0.971768975
1341846334.634069 0.259694785 0.010398546 0.079500966 0.050689820 -0.225060880 -0.060285568 0.971155882
1341846334.670161 0.259605080 0.010365187 0.078613989 0.049437746 -0.224560589 -0.063444510 0.971135020
1341846334.702085 0.259592503 0.010086372 0.077838235 0.047503162 -0.226512134 -0.063707158 0.970761061
1341846334.734751 0.259663522 0.010021564 0.077489547 0.046756644 -0.229264751 -0.061630055 0.970285118
1341846334.770889 0.259678751 0.009905199 0.076538041 0.045615621 -0.230319634 -0.059312858 0.970234036
1341846334.802194 0.259669393 0.010116815 0.075713634 0.045044631 -0.232479036 -0.058678608 0.969784141
1341846334.833908 0.260021836 0.010265403 0.075292327 0.045014370 -0.234296694 -0.060376439 0.969243765
1341846334.869874 0.259987921 0.010363010 0.074492037 0.043641936 -0.233917817 -0.061284751 0.969341040
1341846334.902006 0.260023624 0.010382587 0.073495768 0.042000383 -0.235114753 -0.061239380 0.969126821
1341846334.938010 0.260304064 0.010275640 0.072985165 0.040758550 -0.238599479 -0.061349068 0.968320906
1341846334.970032 0.260702252 0.010069349 0.072573826 0.040769067 -0.239635959 -0.062709890 0.967977226
1341846335.002203 0.260531604 0.009936750 0.071756974 0.041936681 -0.238838777 -0.061134979 0.968225121
1341846335.037880 0.260632694 0.010292126 0.070722297 0.043963596 -0.242059976 -0.058096424 0.967522085
1341846335.069990 0.261062741 0.010348540 0.071034096 0.044017889 -0.245045647 -0.058456410 0.966746032
1341846335.106038 0.261594892 0.010148116 0.070589617 0.044471134 -0.244396716 -0.059674002 0.966815174
1341846335.138045 0.261376381 0.010141552 0.069665901 0.046361491 -0.242736280 -0.060227718 0.967110336
1341846335.169900 0.261501014 0.010550967 0.068414465 0.046775308 -0.244768113 -0.060435135 0.966565192
1341846335.206091 0.262198597 0.010423559 0.068057135 0.046118826 -0.247286648 -0.062541738 0.965821385
1341846335.239365 0.262434393 0.009959788 0.067728750 0.046149183 -0.246318087 -0.065023571 0.965903521
1341846335.269948 0.262527525 0.009709282 0.066738479 0.047456440 -0.244901225 -0.065415338 0.966173947
1341846335.305972 0.262281448 0.009799297 0.065800823 0.049483083 -0.245890036 -0.065125063 0.965840697
1341846335.338012 0.262610823 0.009759456 0.065759562 0.050201390 -0.247966737 -0.062770128 0.965428531
1341846335.374005 0.263205498 0.008621551 0.065266408 0.053265836 -0.247086912 -0.061720364 0.965557575
1341846335.406025 0.263219714 0.008804096 0.064731024 0.059520353 -0.245163649 -0.057454638 0.965945721
1341846335.438079 0.263537079 0.009457136 0.063763350 0.064399719 -0.244536683 -0.052739583 0.966060579
1341846335.473998 0.264155567 0.009711876 0.063085541 0.066417411 -0.243268728 -0.051031124 0.966335773
1341846335.507038 0.264302343 0.010448988 0.063146852 0.068538375 -0.240949109 -0.052211761 0.966705739
1341846335.538040 0.264233887 0.010923584 0.062434696 0.068874434 -0.238126025 -0.054379214 0.967261732
1341846335.574119 0.264116466 0.011257304 0.061681569 0.066697471 -0.237625688 -0.054659028 0.967521548
1341846335.605970 0.264257133 0.010754642 0.061220221 0.064803854 -0.238282129 -0.055965144 0.967414081
1341846335.641978 0.264857292 0.010764682 0.060681988 0.066500142 -0.237599730 -0.057840541 0.967356503
1341846335.673993 0.264891058 0.011173743 0.059687134 0.066750795 -0.236404553 -0.058209531 0.967609882
1341846335.706178 0.265013158 0.011198170 0.059124518 0.065887280 -0.237826407 -0.057243969 0.967378199
1341846335.741982 0.265661865 0.010838512 0.058544695 0.065883957 -0.238382012 -0.057909004 0.967202067
1341846335.773960 0.265747339 0.011338957 0.057731848 0.066860251 -0.237471968 -0.058662947 0.967313528
1341846335.806271 0.266104072 0.011893580 0.057198919 0.065333672 -0.238314793 -0.058745641 0.967205524
1341846335.842031 0.266354591 0.011436643 0.056864288 0.062720329 -0.237534836 -0.058736198 0.967570901
1341846335.873966 0.266576380 0.011374054 0.056111109 0.063845932 -0.236012504 -0.059173927 0.967843056
1341846335.910005 0.266622335 0.011918762 0.054966394 0.063405693 -0.235612333 -0.057572506 0.968066096
1341846335.941936 0.266811073 0.011880804 0.054081332 0.061956264 -0.237185597 -0.057216104 0.967796862
1341846335.974198 0.266928077 0.011961775 0.053866427 0.062187947 -0.238245726 -0.058826912 0.967424929
1341846336.010032 0.267114073 0.012017475 0.052846808 0.062431429 -0.237660542 -0.060786150 0.967432082
1341846336.042129 0.267266691 0.011923310 0.051832080 0.061115518 -0.238633439 -0.060662195 0.967284381
1341846336.078076 0.267303765 0.011681772 0.051450480 0.060675651 -0.240468040 -0.061273016 0.966819108
1341846336.110739 0.267514646 0.011956874 0.051167965 0.061956327 -0.240826532 -0.062592305 0.966564119
1341846336.142002 0.267390728 0.011974940 0.050024714 0.061553430 -0.240189001 -0.062167525 0.966775894
1341846336.183953 0.267295450 0.012295714 0.049205732 0.061077353 -0.242244929 -0.061616115 0.966328323
1341846336.210112 0.267363489 0.012585592 0.049223199 0.059617136 -0.244047284 -0.061286900 0.965986848
1341846336.241891 0.267679811 0.012397421 0.048963170 0.059059761 -0.243366182 -0.062068198 0.966143012
1341846336.277946 0.267438054 0.011950488 0.047894325 0.058546811 -0.242536232 -0.060574315 0.966477692
1341846336.309977 0.267421395 0.011914202 0.047356982 0.060231775 -0.245258585 -0.056921240 0.965909064
1341846336.346143 0.267717957 0.012371633 0.046849366 0.062168185 -0.246686146 -0.055686954 0.965494692
1341846336.377975 0.268270493 0.011990286 0.046426125 0.062740460 -0.246563047 -0.056164633 0.965461433
1341846336.410032 0.268599957 0.012286897 0.045570485 0.063779943 -0.245925575 -0.055766258 0.965579033
1341846336.446041 0.268725991 0.012582120 0.044738367 0.063604504 -0.245995477 -0.056332517 0.965539932
1341846336.477990 0.269054562 0.012398907 0.044593651 0.062263273 -0.246489793 -0.056334656 0.965501130
1341846336.510056 0.269008100 0.012324555 0.044241585 0.062520437 -0.245768085 -0.055932157 0.965691864
1341846336.546024 0.269144595 0.012278078 0.043584634 0.062932104 -0.245706558 -0.054074086 0.965786636
1341846336.578003 0.269198060 0.012970534 0.043140430 0.062740833 -0.246019304 -0.052268136 0.965818882
1341846336.614020 0.269731194 0.012849764 0.043103229 0.062165499 -0.245862678 -0.052849293 0.965864360
1341846336.645982 0.269629478 0.013332389 0.042373318 0.061919995 -0.243953660 -0.054097634 0.966294944
1341846336.678036 0.269376665 0.013002049 0.041406352 0.059451576 -0.245003596 -0.054473683 0.966163218
1341846336.714024 0.268854648 0.012580719 0.041711528 0.060529921 -0.247248158 -0.054388177 0.965529084
1341846336.746016 0.269206256 0.012127494 0.040600792 0.062796541 -0.249471620 -0.051450130 0.964973271
1341846336.778014 0.268798262 0.013031280 0.040519305 0.065394215 -0.253633469 -0.047721457 0.963906825
1341846336.820006 0.269230396 0.013277186 0.039953742 0.065237515 -0.257192254 -0.045450542 0.963083863
1341846336.845952 0.269365251 0.012870173 0.040077887 0.065752007 -0.258694112 -0.046677314 0.962587833
1341846336.882056 0.269153684 0.013168757 0.039042898 0.067825533 -0.259050339 -0.046443090 0.962359428
1341846336.914273 0.269162327 0.012158657 0.037440658 0.067917958 -0.262912452 -0.044001300 0.961419821
1341846336.945998 0.269526571 0.011957522 0.037754253 0.073072746 -0.270170420 -0.041231245 0.959149778
1341846336.981980 0.269888878 0.013911994 0.038119782 0.077864394 -0.274293125 -0.041766506 0.957578182
1341846337.014238 0.269403487 0.014549244 0.037645418 0.075764127 -0.276414871 -0.044475783 0.957014382
1341846337.046017 0.269487381 0.013990331 0.038125951 0.073974840 -0.277646601 -0.049205165 0.956566215
1341846337.082104 0.269511223 0.013946170 0.037105218 0.073814690 -0.277358294 -0.052566845 0.956483424
1341846337.114317 0.269147962 0.014136925 0.036971208 0.072284549 -0.279045820 -0.053692184 0.956046820
1341846337.150037 0.269519180 0.014034951 0.036867768 0.070794813 -0.280863106 -0.055654466 0.955513775
1341846337.181873 0.269605964 0.014019385 0.037030838 0.071070261 -0.280839771 -0.058327597 0.955340743
1341846337.214073 0.269950390 0.014688117 0.036574520 0.070102252 -0.279231608 -0.061145071 0.955707431
1341846337.250087 0.269102156 0.013781908 0.035849135 0.066245548 -0.279575557 -0.061044842 0.955888391
1341846337.282028 0.268900603 0.013906246 0.035605170 0.066463292 -0.283576190 -0.057383854 0.954921067
1341846337.317920 0.269948453 0.014096460 0.036019199 0.065794669 -0.286021918 -0.056637827 0.954282284
1341846337.350018 0.270259202 0.014601316 0.035278346 0.065084562 -0.284992605 -0.057609610 0.954580724
1341846337.382159 0.270235687 0.014144883 0.035576891 0.062206801 -0.284832358 -0.059790209 0.954686284
1341846337.417941 0.269598603 0.013611514 0.035162631 0.062700123 -0.283667743 -0.059806503 0.954999745
1341846337.450137 0.269923627 0.014335862 0.034595329 0.063407436 -0.285466790 -0.058624711 0.954490066
1341846337.482096 0.270421922 0.014084266 0.034779217 0.061415769 -0.286175936 -0.057774067 0.954459846
1341846337.518008 0.269868553 0.013623890 0.034370959 0.061915070 -0.285957158 -0.057952356 0.954482317
1341846337.549978 0.270375609 0.014471021 0.034141943 0.063113049 -0.286910892 -0.059222192 0.954039633
1341846337.585971 0.270226628 0.014289673 0.034333311 0.060612783 -0.286924362 -0.060848445 0.954095364
1341846337.617903 0.269898027 0.013098103 0.034717422 0.060812976 -0.287729204 -0.060733698 0.953847528
1341846337.650141 0.270509064 0.013860086 0.034759607 0.063739784 -0.288542509 -0.060113296 0.953449965
1341846337.686352 0.270525604 0.014439173 0.034798816 0.062486932 -0.288156867 -0.060006179 0.953656256
1341846337.718002 0.270548612 0.013995970 0.035193689 0.060443334 -0.287799925 -0.060778040 0.953846872
1341846337.749920 0.270765573 0.014324905 0.035871793 0.060667526 -0.286459416 -0.060780860 0.954235911
1341846337.786157 0.270492107 0.014868900 0.035780504 0.058615517 -0.283082128 -0.062182859 0.955281138
1341846337.817945 0.270556152 0.014244122 0.036487751 0.055337463 -0.281573623 -0.060557127 0.956026614
1341846337.854071 0.270560265 0.014732845 0.036473550 0.054978125 -0.278263062 -0.061287865 0.956969619
1341846337.885951 0.270350188 0.015322669 0.036588315 0.053276990 -0.275318116 -0.063976899 0.957741320
1341846337.918223 0.270316750 0.015359732 0.037250128 0.050111670 -0.273919106 -0.067497551 0.958071589
1341846337.954120 0.270269334 0.015090619 0.037410598 0.047719721 -0.272477150 -0.068434186 0.958538353
1341846337.985994 0.270291805 0.015787669 0.037844498 0.045849625 -0.271485358 -0.068779498 0.958886266
1341846338.018107 0.270091623 0.015579151 0.038501311 0.042017791 -0.269928217 -0.068014912 0.959555745
1341846338.054055 0.270186037 0.015891669 0.038795762 0.040317729 -0.268428773 -0.069185838 0.959965527
1341846338.085986 0.270183802 0.015674440 0.039620411 0.037279837 -0.265368491 -0.070755281 0.960824370
1341846338.121875 0.269890100 0.015397678 0.040010709 0.034783080 -0.263105124 -0.069253109 0.961649537
1341846338.154089 0.269745171 0.015530036 0.040060177 0.033455011 -0.262362510 -0.066333860 0.962105215
1341846338.186029 0.269558728 0.015697455 0.040730353 0.031757500 -0.262940198 -0.063843243 0.962173522
1341846338.222071 0.269587904 0.016045120 0.041795135 0.031523753 -0.261981577 -0.065102614 0.962358296
1341846338.254107 0.269590944 0.015426036 0.042308118 0.029070731 -0.260424197 -0.064811170 0.962877810
1341846338.290130 0.269290686 0.015258718 0.042943321 0.028932525 -0.260646284 -0.062920541 0.962947249
1341846338.321952 0.269161880 0.015545644 0.043725971 0.028871831 -0.260072380 -0.060932647 0.963232040
1341846338.354022 0.269176453 0.015444772 0.043763738 0.028144244 -0.259291172 -0.061143469 0.963450849
1341846338.389969 0.268775851 0.015881350 0.044593658 0.028312171 -0.258380800 -0.060810674 0.963711500
1341846338.422377 0.268555552 0.015870687 0.045241255 0.026410997 -0.257977009 -0.060861349 0.963870466
1341846338.454010 0.268431634 0.015955590 0.045924205 0.025809117 -0.258395374 -0.062042076 0.963699400
1341846338.489894 0.268124998 0.015977548 0.046526369 0.024253380 -0.258611560 -0.062139984 0.963675499
1341846338.522066 0.267815709 0.015612941 0.047736958 0.024767770 -0.258716285 -0.062145814 0.963633955
1341846338.558058 0.267800122 0.016204732 0.047581181 0.024755236 -0.258303761 -0.063122883 0.963681400
1341846338.589842 0.267743021 0.016038865 0.048652180 0.022756118 -0.259090841 -0.063757569 0.963477612
1341846338.622019 0.267327398 0.015623135 0.049650256 0.022890793 -0.258192748 -0.062270030 0.963812709
1341846338.657984 0.267353386 0.016246285 0.049214523 0.023452748 -0.257785231 -0.060991921 0.963989973
1341846338.690198 0.267367363 0.016336532 0.050506182 0.021607624 -0.259136766 -0.061486393 0.963639259
1341846338.722454 0.267123193 0.015950844 0.051584281 0.020511411 -0.258398950 -0.061144345 0.963883102
1341846338.757945 0.266608566 0.016374432 0.051594932 0.020796714 -0.257608384 -0.060106784 0.964153826
1341846338.790039 0.266728133 0.016412497 0.052507222 0.018433925 -0.260223091 -0.059291705 0.963550031
1341846338.826048 0.266574323 0.016104003 0.053762637 0.018959392 -0.259959072 -0.060661595 0.963525832
1341846338.858027 0.266212553 0.016529653 0.053819202 0.019860899 -0.257572532 -0.062268976 0.964045942
1341846338.889902 0.266288131 0.016716776 0.054130726 0.017434668 -0.258608848 -0.063037343 0.963765442
1341846338.925948 0.266305447 0.016302411 0.055055700 0.017079907 -0.258065879 -0.064925902 0.963791907
1341846338.958108 0.266074508 0.016149417 0.055685207 0.017286960 -0.256334692 -0.065672994 0.964199543
1341846338.990057 0.265671700 0.016013822 0.056653056 0.017501585 -0.256220162 -0.064775638 0.964286804
1341846339.025928 0.265639246 0.015790854 0.057859287 0.019390028 -0.256283432 -0.063900732 0.964292228
1341846339.057939 0.265417218 0.016378557 0.058209494 0.022964973 -0.253730029 -0.063499123 0.964915276
1341846339.093927 0.265262753 0.016719956 0.057726994 0.021766312 -0.253209084 -0.062922195 0.965117693
1341846339.126562 0.265551925 0.016713729 0.059064627 0.018377114 -0.255347878 -0.063770257 0.964568853
1341846339.157969 0.265501708 0.016941538 0.060320001 0.017633952 -0.253029227 -0.066503420 0.965009093
1341846339.194113 0.264740646 0.017235432 0.060389426 0.015736133 -0.251124591 -0.065882459 0.965581894
1341846339.228165 0.264682829 0.017633645 0.061297219 0.012363898 -0.253130645 -0.064899869 0.965173602
1341846339.257998 0.264807194 0.017133636 0.062445745 0.008714340 -0.253406405 -0.064137667 0.965192020
1341846339.294132 0.264676094 0.017305857 0.063072965 0.008771003 -0.251143754 -0.063181117 0.965845764
1341846339.326577 0.264362186 0.018108224 0.062744752 0.005457800 -0.251605272 -0.061785560 0.965840340
1341846339.362269 0.264559746 0.017801665 0.064102106 0.000919341 -0.254476935 -0.063722789 0.964976728
1341846339.394725 0.264675319 0.017845225 0.064967453 0.000692663 -0.252975136 -0.064762145 0.965302527
1341846339.426160 0.264388382 0.017974027 0.065065734 -0.001428690 -0.252419323 -0.064235702 0.965482354
1341846339.462186 0.264462948 0.017407972 0.065964922 -0.003395955 -0.253704011 -0.065712847 0.965041220
1341846339.496743 0.264855951 0.017380696 0.066758946 0.000343423 -0.251064837 -0.067144677 0.965638578
1341846339.530143 0.264293939 0.017511722 0.067395002 0.001704015 -0.247142389 -0.067038745 0.966655850
1341846339.562052 0.264081657 0.017288208 0.068049371 0.001572262 -0.247606888 -0.065292969 0.966656685
1341846339.595122 0.264321208 0.016957637 0.069132365 0.003082642 -0.248304307 -0.064611040 0.966519952
1341846339.632085 0.264350533 0.017092224 0.069711924 0.005350626 -0.245009840 -0.066249125 0.967239678
1341846339.664568 0.264207184 0.017185189 0.070390791 0.007044535 -0.242076024 -0.068498604 0.967810690
1341846339.698896 0.263928324 0.016963629 0.070613451 0.006733886 -0.240629181 -0.069305070 0.968116224
1341846339.731977 0.263864189 0.016850241 0.071198240 0.007117081 -0.240529090 -0.070611425 0.968043983
1341846339.762241 0.263843358 0.016727487 0.072061397 0.007446436 -0.239670634 -0.070518188 0.968261182
1341846339.797873 0.263540983 0.016586797 0.072416663 0.007286933 -0.238927692 -0.069830321 0.968495846
1341846339.830245 0.263625532 0.016602965 0.072946094 0.007352803 -0.239684194 -0.069762819 0.968313277
1341846339.862015 0.263635337 0.016716534 0.073374897 0.007059190 -0.239589825 -0.069645725 0.968347192
1341846339.897797 0.263753563 0.016466307 0.074267358 0.005697969 -0.239125416 -0.069944337 0.968449473
1341846339.929916 0.263522595 0.016207371 0.074838310 0.005156674 -0.237809524 -0.069213375 0.968828976
1341846339.961960 0.263345242 0.016092138 0.075356118 0.006151584 -0.238390669 -0.067996398 0.968766510
1341846339.997845 0.263700068 0.015971240 0.075620085 0.007290249 -0.238137230 -0.066891909 0.968897820
1341846340.029925 0.263538301 0.015791809 0.076578386 0.007950470 -0.236051098 -0.065897852 0.969471037
1341846340.066044 0.263624370 0.015616690 0.076773822 0.009380614 -0.235214084 -0.063788541 0.969802737
1341846340.098009 0.263457865 0.015867721 0.077457324 0.010849918 -0.234961942 -0.062691152 0.969920099
1341846340.130102 0.263392597 0.015746240 0.077429339 0.009921113 -0.234858811 -0.063747369 0.969886184
1341846340.166041 0.263499260 0.015501758 0.078060247 0.011048555 -0.233186588 -0.064678736 0.970215738
1341846340.197867 0.263014644 0.015558512 0.078482032 0.012546185 -0.230284721 -0.064852394 0.970878839
1341846340.229904 0.262943685 0.015830444 0.078838609 0.011795774 -0.230302900 -0.065064773 0.970869720
1341846340.265859 0.262970954 0.015333530 0.079388604 0.010745306 -0.229462966 -0.065864764 0.971026838
1341846340.298061 0.262857527 0.015433791 0.080190703 0.013279312 -0.227756411 -0.064989232 0.971456170
1341846340.334063 0.262507349 0.015843252 0.080219962 0.012464059 -0.227742225 -0.063791700 0.971549630
1341846340.366064 0.262646824 0.015423048 0.080988139 0.010384479 -0.230372578 -0.064775221 0.970888674
1341846340.397995 0.262826711 0.015207794 0.081300929 0.011728613 -0.230374262 -0.064253755 0.970907629
1341846340.433895 0.262693733 0.015467585 0.081726007 0.012477129 -0.230338767 -0.063108750 0.970981777
1341846340.465959 0.262639642 0.015355514 0.081858002 0.012586823 -0.232961118 -0.061549891 0.970454693
1341846340.501858 0.262768239 0.015310475 0.082077704 0.013000485 -0.236282393 -0.061380714 0.969656646
1341846340.534329 0.263028324 0.015436925 0.082255535 0.013905948 -0.237890631 -0.061934974 0.969215512
1341846340.566041 0.263103962 0.014990332 0.082337275 0.014059365 -0.238793895 -0.060582425 0.969076633
1341846340.601909 0.263740212 0.014948274 0.082396150 0.016389158 -0.240305707 -0.059650574 0.968724132
1341846340.634005 0.264038742 0.015216617 0.082330599 0.017821509 -0.241083220 -0.060489394 0.968453586
1341846340.666028 0.264406472 0.014997489 0.082342543 0.017789571 -0.241080984 -0.062703744 0.968313873
1341846340.701946 0.264641583 0.014712431 0.082488641 0.019940272 -0.240053803 -0.064283773 0.968423545
1341846340.733954 0.265160590 0.014892180 0.082339428 0.021521619 -0.239044040 -0.065448791 0.968561411
1341846340.770081 0.265132725 0.014916047 0.082233787 0.021472588 -0.238319203 -0.068062656 0.968560994
1341846340.801980 0.265609115 0.014666441 0.082013257 0.022453645 -0.237592220 -0.073418081 0.968326151
1341846340.833999 0.265562654 0.014993505 0.082005419 0.023877325 -0.235093728 -0.076380037 0.968672752
1341846340.870013 0.265361220 0.014938367 0.082072809 0.022914676 -0.234754384 -0.078361765 0.968620002
1341846340.901955 0.265521139 0.014757283 0.082148969 0.023696445 -0.235505909 -0.078242518 0.968428373
1341846340.933918 0.265429497 0.014804878 0.082003020 0.025056738 -0.235893250 -0.075653784 0.968505561
1341846340.970122 0.265392154 0.014989511 0.081597447 0.025224073 -0.238548726 -0.070895731 0.968210757
1341846341.001922 0.265537858 0.014748015 0.081548825 0.024547515 -0.243246004 -0.065786071 0.967419744
1341846341.037923 0.265873700 0.014944138 0.081342123 0.025498210 -0.245995447 -0.063175023 0.966873825
1341846341.070300 0.265876979 0.014713537 0.081060745 0.025287410 -0.246459305 -0.062977277 0.966774166
1341846341.102028 0.265780985 0.014760560 0.080748007 0.025107708 -0.247322664 -0.063007191 0.966556370
1341846341.137982 0.266078681 0.014698721 0.080631912 0.024869679 -0.249644309 -0.062428147 0.966003120
1341846341.170048 0.266205996 0.014609513 0.080720261 0.025132662 -0.250414431 -0.061681405 0.965844929
1341846341.202110 0.266342074 0.014469001 0.080535434 0.025990210 -0.251000196 -0.059723478 0.965793192
1341846341.237996 0.266397595 0.014435921 0.080502070 0.027368238 -0.250878930 -0.058471948 0.965863228
1341846341.269883 0.266445339 0.014486917 0.080096096 0.028543586 -0.250255972 -0.058262721 0.966003478
1341846341.306107 0.266470045 0.014447427 0.080048762 0.029170319 -0.251003087 -0.058840130 0.965755820
1341846341.338109 0.266476095 0.014461120 0.079924777 0.030392801 -0.250282675 -0.060153581 0.965824246
1341846341.370120 0.266482502 0.014478014 0.079937965 0.031882543 -0.249160409 -0.063023061 0.965883374
1341846341.406074 0.266264647 0.014543953 0.079910755 0.032350201 -0.248571739 -0.063776799 0.965970039
1341846341.438113 0.265933990 0.014115209 0.079735741 0.032612488 -0.249821857 -0.063469850 0.965658844
1341846341.470024 0.266344219 0.014067811 0.079396494 0.035313886 -0.250361443 -0.063974343 0.965390801
1341846341.506077 0.266304314 0.014671682 0.079445817 0.036577940 -0.249516562 -0.065113902 0.965486288
1341846341.538156 0.265707254 0.014454658 0.079473287 0.035097186 -0.250517696 -0.065179005 0.965277553
1341846341.574016 0.266041577 0.014522061 0.079428524 0.035901599 -0.252977997 -0.064172596 0.964673579
1341846341.612466 0.265863389 0.014694668 0.078968763 0.036582585 -0.252624452 -0.064294979 0.964732468
1341846341.643972 0.265869856 0.014802080 0.078989685 0.036180895 -0.254056662 -0.065987706 0.964257121
1341846341.679982 0.265833974 0.014799246 0.078932881 0.035762746 -0.255509526 -0.065453328 0.963925183
1341846341.712332 0.265517592 0.014773268 0.078831829 0.035743546 -0.257331491 -0.063011125 0.963603914
1341846341.744185 0.265633851 0.014598407 0.078903213 0.035134640 -0.259618551 -0.060892809 0.963148892
1341846341.780061 0.265695542 0.014604203 0.078748144 0.034930430 -0.260168463 -0.059193291 0.963113904
1341846341.812163 0.265783936 0.014543171 0.078624263 0.034892526 -0.260966152 -0.057822548 0.962982774
1341846341.842595 0.266036332 0.014211138 0.078968205 0.035743266 -0.262222856 -0.054100797 0.962826431
1341846341.875779 0.266074747 0.014213908 0.078424804 0.036606353 -0.261931866 -0.051013209 0.963041723
1341846341.906227 0.266377926 0.013802405 0.078209557 0.036828894 -0.262896389 -0.048327114 0.962908924
1341846341.942069 0.266419411 0.013554964 0.078014754 0.039354298 -0.263064235 -0.045904540 0.962881744
1341846341.974775 0.266490519 0.013488801 0.077936597 0.041911568 -0.263703644 -0.043194216 0.962724328
1341846342.010161 0.266400993 0.013682473 0.077591449 0.042363703 -0.264455438 -0.041252881 0.962583423
1341846342.042024 0.266874373 0.013027391 0.077787429 0.042846426 -0.266171098 -0.040543854 0.962119162
1341846342.080032 0.266981006 0.013303735 0.077891052 0.045702029 -0.264329493 -0.039932098 0.962520957
1341846342.112265 0.266667485 0.013061103 0.077630840 0.045156308 -0.263232827 -0.038041648 0.962923765
1341846342.147954 0.266799062 0.012746852 0.077586047 0.046457052 -0.264732927 -0.035368085 0.962552488
1341846342.179852 0.267304122 0.012642580 0.077526897 0.048596866 -0.265071958 -0.033218712 0.962430120
1341846342.211848 0.266832411 0.012767086 0.077870645 0.049740966 -0.264105737 -0.033494163 0.962627709
1341846342.247920 0.266763836 0.012501042 0.077721752 0.050763264 -0.263825297 -0.034537718 0.962614357
1341846342.279870 0.267012626 0.012619756 0.077806696 0.052346516 -0.263958156 -0.033635344 0.962525129
1341846342.316068 0.267251998 0.012462356 0.077427231 0.053067513 -0.263857514 -0.032537460 0.962550998
1341846342.347894 0.267482162 0.012591905 0.077193730 0.053239606 -0.263972759 -0.032124817 0.962523758
1341846342.379953 0.267513186 0.012475464 0.077268288 0.053384557 -0.263459772 -0.032320775 0.962649703
1341846342.416195 0.267482340 0.012545677 0.077280030 0.053755842 -0.263350040 -0.030655148 0.962713540
1341846342.447907 0.267492801 0.012548900 0.077219471 0.053462870 -0.264155686 -0.029780632 0.962536573
