1341846313.721918 -0.009566024 -0.002803686 0.003945807 -0.001285915 0.000666722 0.003408778 0.999993145
1341846313.753994 -0.011635441 -0.003175211 0.005052493 -0.001774278 0.001576998 0.004916993 0.999985099
1341846313.789969 -0.013862690 -0.005707263 0.005297843 -0.002075125 0.003245696 0.002046369 0.999990463
1341846313.822075 -0.030712737 -0.019300925 0.007401946 -0.009449789 0.014654025 -0.002358379 0.999845207
1341846313.853928 -0.019903861 -0.005854904 0.007359311 -0.002287811 0.010186270 0.001797330 0.999943912
1341846313.890011 -0.034573831 -0.021558844 0.007450794 -0.011335413 0.022181058 -0.004152645 0.999681115
1341846313.922055 -0.035782304 -0.023902761 0.006154706 -0.014612419 0.023775162 -0.004528531 0.999600291
1341846313.957927 -0.028355446 -0.010060325 0.009568882 -0.008396286 0.022358287 0.003888934 0.999707222
1341846313.990058 -0.027997412 -0.009942469 0.009150880 -0.009548763 0.029199766 0.005221187 0.999514341
1341846314.022042 -0.029297104 -0.017710712 0.005361103 -0.015897952 0.033131070 0.001605042 0.999323308
1341846314.057816 -0.032618947 -0.012993095 0.010942413 -0.016287943 0.036720745 0.009231475 0.999150217
1341846314.089801 -0.040643658 -0.014643634 0.015035180 -0.016190829 0.046914149 0.009998001 0.998717666
1341846314.122037 -0.037078831 -0.019679382 0.012995845 -0.019894881 0.049287859 0.010174469 0.998534620
1341846314.157989 -0.039238855 -0.014673701 0.011669421 -0.019484807 0.053623490 0.014395870 0.998267293
1341846314.190094 -0.040473934 -0.015018192 0.013564233 -0.019062517 0.058454156 0.015142732 0.997993231
1341846314.225969 -0.045202784 -0.019741785 0.012569261 -0.023834221 0.064024255 0.016450237 0.997528017
1341846314.257923 -0.042741548 -0.013574176 0.012078714 -0.022453146 0.064702734 0.018936533 0.997472227
1341846314.290052 -0.044742219 -0.015692523 0.012879282 -0.022605317 0.067174017 0.018524537 0.997313142
1341846314.325981 -0.048727449 -0.020130876 0.012699205 -0.025736829 0.071094282 0.016591376 0.996999502
1341846314.357905 -0.055897888 -0.024048701 0.018541848 -0.028153766 0.078961067 0.015281908 0.996362865
1341846314.389899 -0.056665536 -0.026530033 0.020762978 -0.027990293 0.082784981 0.014265550 0.996072173
1341846314.427905 -0.055110760 -0.018995898 0.016642971 -0.024249239 0.083027393 0.017078511 0.996105790
1341846314.458114 -0.062347829 -0.021021226 0.021577181 -0.025740273 0.091350645 0.017524438 0.995331824
1341846314.493987 -0.066905797 -0.030071637 0.026903633 -0.028696062 0.100890145 0.008220971 0.994449675
1341846314.526085 -0.065039776 -0.022645785 0.022867227 -0.024670921 0.101779163 0.008341425 0.994466066
1341846314.558292 -0.064608425 -0.019748487 0.021036908 -0.024418922 0.104192764 0.011262035 0.994193494
1341846314.594085 -0.070951313 -0.020786790 0.026589453 -0.023153001 0.112675235 0.012344115 0.993285418
1341846314.626096 -0.071814463 -0.021513648 0.024281146 -0.022961320 0.118057124 0.012968075 0.992656589
1341846314.658455 -0.075348884 -0.021863239 0.026343726 -0.025217500 0.122037210 0.014305213 0.992102027
1341846314.694004 -0.080183797 -0.024467295 0.032605018 -0.026262406 0.129186288 0.012890331 0.991188705
1341846314.725910 -0.084642671 -0.025104301 0.037853733 -0.021599066 0.135580212 0.017292684 0.990379989
1341846314.761942 -0.085455850 -0.025156062 0.036894690 -0.017670937 0.136339352 0.022336036 0.990252733
1341846314.794030 -0.096785888 -0.042495705 0.051245488 -0.023191676 0.146839440 0.019734953 0.988691509
1341846314.826092 -0.089201808 -0.027913524 0.040599644 -0.013251771 0.145285890 0.026721705 0.988940001
1341846314.862145 -0.090784609 -0.028493121 0.038717564 -0.013708139 0.150265515 0.026471535 0.988196135
1341846314.894072 -0.092509098 -0.028852869 0.036798693 -0.014578436 0.155658364 0.027255615 0.987327218
1341846314.925969 -0.094839193 -0.030526292 0.040561154 -0.014608828 0.159920722 0.032065645 0.986500740
1341846314.961937 -0.099746801 -0.034394007 0.041702624 -0.018941063 0.164117828 0.035636123 0.985614836
1341846314.994564 -0.106571093 -0.033145070 0.047461543 -0.021354344 0.169023737 0.039463099 0.984590054
1341846315.029900 -0.111095242 -0.034699768 0.051386818 -0.022371899 0.175307512 0.038665365 0.983499765
1341846315.061965 -0.109377600 -0.039529826 0.051843036 -0.025240378 0.178448394 0.036495034 0.982948184
1341846315.094388 -0.109892130 -0.032922994 0.049812395 -0.021250730 0.177420139 0.039454762 0.983114362
1341846315.129851 -0.113850854 -0.036209732 0.054919105 -0.020445378 0.180669755 0.038616132 0.982572734
1341846315.161941 -0.110821828 -0.047307447 0.052680053 -0.028828643 0.180001035 0.036223471 0.982576370
1341846315.197984 -0.113454163 -0.041688044 0.052278448 -0.033364974 0.179166228 0.035988655 0.982594013
1341846315.230076 -0.107321911 -0.026422814 0.039602719 -0.029712709 0.171628743 0.039976295 0.983901739
1341846315.262069 -0.103804864 -0.028694982 0.037808552 -0.034065511 0.167968407 0.038937468 0.984433889
1341846315.298000 -0.108714804 -0.024032447 0.039888866 -0.032776572 0.166775197 0.044032149 0.984465778
1341846315.329931 -0.111775495 -0.019985763 0.044467159 -0.027116083 0.167826578 0.045062054 0.984412730
1341846315.361981 -0.128611743 -0.036970727 0.063554749 -0.028282123 0.179421932 0.046392132 0.982270658
1341846315.397962 -0.134221196 -0.040657349 0.068405263 -0.026400730 0.183149308 0.053222302 0.981288314
1341846315.429923 -0.136290103 -0.041735411 0.069356777 -0.023794938 0.186511755 0.055048965 0.980620623
1341846315.466047 -0.139329642 -0.043682940 0.069039024 -0.024376644 0.193016782 0.051743120 0.979526877
1341846315.497883 -0.119536549 -0.025882287 0.047565177 -0.017885795 0.181550071 0.058363717 0.981485248
1341846315.530008 -0.122809298 -0.023609390 0.049521636 -0.016481664 0.184711576 0.059965931 0.980823159
1341846315.566108 -0.121980637 -0.028933594 0.050529737 -0.019129526 0.186426744 0.063135803 0.980251491
1341846315.597986 -0.123429626 -0.027905611 0.052253079 -0.018701984 0.188936397 0.062276777 0.979834080
1341846315.630109 -0.125690520 -0.027528604 0.053845923 -0.018399594 0.191315889 0.061780006 0.979409456
1341846315.666042 -0.134640649 -0.035503775 0.060136538 -0.022157731 0.197881073 0.065375946 0.977792442
1341846315.698114 -0.142356440 -0.037164904 0.061024189 -0.027789811 0.204553887 0.065145396 0.976289630
1341846315.733985 -0.131900594 -0.031396087 0.058950178 -0.028463397 0.202563435 0.063361719 0.976802528
1341846315.766041 -0.130495116 -0.032834582 0.056924224 -0.028542431 0.199065283 0.064579055 0.977439463
1341846315.798188 -0.122766785 -0.026787391 0.048727214 -0.028174721 0.193598524 0.060458668 0.978810787
1341846315.834140 -0.122002825 -0.026406916 0.049293488 -0.026620520 0.195482895 0.059934270 0.978511989
1341846315.866751 -0.121077120 -0.026637299 0.049904309 -0.024277942 0.196558014 0.058520868 0.978443086
1341846315.898492 -0.121742159 -0.026098419 0.050548345 -0.022812612 0.197104976 0.059274137 0.978322923
1341846315.936901 -0.120866269 -0.023115139 0.049871109 -0.018700341 0.197846159 0.059023723 0.978275716
1341846315.966572 -0.120406412 -0.023466269 0.050911188 -0.015366284 0.198857024 0.059221048 0.978116870
1341846316.002119 -0.120119952 -0.023645654 0.051824261 -0.013304187 0.198148876 0.058768205 0.978318095
1341846316.034204 -0.119313687 -0.023818903 0.053255375 -0.011441592 0.197586045 0.059311830 0.978422701
1341846316.066113 -0.119562857 -0.023501784 0.053671889 -0.008573508 0.197085246 0.060811903 0.978460968
1341846316.101867 -0.109249584 -0.024427924 0.046035118 -0.008896280 0.190227047 0.054060355 0.980210185
1341846316.134066 -0.108475365 -0.024525719 0.048703529 -0.009477261 0.186479852 0.054289702 0.980911851
1341846316.169952 -0.086843885 -0.011989899 0.024165248 -0.006720135 0.171103522 0.038227644 0.984488249
1341846316.202049 -0.081565462 -0.008679689 0.019477148 -0.005542691 0.165082812 0.033665832 0.985689402
1341846316.233979 -0.104905821 -0.013593182 0.037704855 -0.004779302 0.175435811 0.046737064 0.983369231
1341846316.270052 -0.099436983 -0.019899821 0.038189832 -0.010250612 0.174348712 0.040523026 0.983796358
1341846316.301915 -0.095311701 -0.016552517 0.037851915 -0.008106353 0.173118591 0.038115483 0.984129786
1341846316.334208 -0.090407163 -0.013231995 0.033329960 -0.005246201 0.168900341 0.037314970 0.984912515
1341846316.370006 -0.088273503 -0.011657222 0.031708699 -0.002400898 0.165904000 0.037258711 0.985434890
1341846316.401994 -0.088953413 -0.015634652 0.033819515 -0.002705117 0.165486664 0.037984896 0.985476494
1341846316.438069 -0.087772049 -0.014464582 0.034328505 0.000511799 0.164263383 0.039893053 0.985609353
1341846316.470076 -0.080559038 -0.010427486 0.029601237 0.007410426 0.158661127 0.041246694 0.986443341
1341846316.502034 -0.073774874 -0.016901793 0.025658404 0.004887758 0.152318656 0.040305227 0.987497151
1341846316.537975 -0.074055217 -0.015576736 0.024860360 0.002790108 0.148578838 0.040023118 0.988086343
1341846316.570121 -0.076934375 -0.014074510 0.029499367 0.003824508 0.149405330 0.038472943 0.988019824
1341846316.601885 -0.074051157 -0.012881814 0.029629519 0.006355349 0.146760255 0.037587781 0.988437235
1341846316.638009 -0.069727592 -0.010075094 0.025791725 0.009686353 0.142450690 0.036203109 0.989092171
1341846316.669925 -0.069639824 -0.011058321 0.027198337 0.011645678 0.141339913 0.035829641 0.989243984
1341846316.705941 -0.069906183 -0.008545819 0.030340031 0.017936049 0.140855253 0.037909791 0.989141524
1341846316.738062 -0.063864894 -0.009814877 0.024293903 0.018699357 0.136611953 0.038180359 0.989711940
1341846316.770433 -0.060174510 -0.010744259 0.021389684 0.016744070 0.132611915 0.039295204 0.990247250
1341846316.805932 -0.059452474 -0.004785706 0.023611603 0.020770235 0.131590024 0.039602976 0.990295053
1341846316.838029 -0.053837862 -0.003554302 0.021594238 0.022845557 0.126604691 0.039489944 0.990903556
1341846316.870034 -0.052726928 -0.007351640 0.023773024 0.021389179 0.122604810 0.038332440 0.991484344
1341846316.906344 -0.049796853 -0.005765465 0.022308026 0.023271009 0.117153585 0.036995023 0.992151618
1341846316.937940 -0.048883840 -0.006024980 0.020442871 0.022638517 0.114681222 0.034752447 0.992536128
1341846316.973994 -0.045644857 -0.003129652 0.018487416 0.022736782 0.110191666 0.035145968 0.993028522
1341846317.005913 -0.046365902 -0.002041686 0.018768711 0.022036450 0.106706984 0.038529333 0.993299305
1341846317.037936 -0.042508431 -0.005211979 0.020179590 0.021449035 0.102762513 0.033167467 0.993921399
1341846317.073972 -0.042925742 -0.004116750 0.019424845 0.023168717 0.100529455 0.033829570 0.994088829
1341846317.106113 -0.035039425 -0.000324070 0.017744431 0.027207023 0.094643198 0.034117602 0.994554400
1341846317.137887 -0.024107615 0.004708595 0.014190930 0.032443874 0.081390083 0.037294988 0.995455742
1341846317.173970 -0.026730247 0.004994698 0.012568530 0.033376887 0.074569963 0.042252649 0.995761037
1341846317.205887 -0.024193771 0.001274280 0.015218698 0.032573812 0.069825582 0.040359087 0.996210039
1341846317.248131 -0.016807642 0.003927650 0.013369567 0.034951933 0.062647641 0.040695004 0.996592939
1341846317.273950 -0.014443346 0.004384597 0.012232132 0.036318295 0.056383237 0.043329954 0.996807098
1341846317.306289 -0.014405090 0.004749513 0.011337870 0.036794838 0.053720508 0.045178153 0.996854603
1341846317.348137 -0.013540135 0.004723519 0.012422392 0.038164459 0.053851768 0.046442926 0.996737897
1341846317.373974 -0.015628239 -0.002712054 0.015191815 0.035741787 0.056931164 0.045946114 0.996679664
1341846317.410120 -0.011843524 -0.002344243 0.013777140 0.035966251 0.052904423 0.047975127 0.996797860
1341846317.442569 -0.007887994 0.000333122 0.013616540 0.039604187 0.050500508 0.049633626 0.996703446
1341846317.474010 -0.001913696 0.003072935 0.012592275 0.046271585 0.047357861 0.050770793 0.996513188
1341846317.509927 -0.001064869 -0.000189713 0.010883010 0.047861729 0.043857299 0.056080930 0.996313572
1341846317.542282 0.001859299 0.000303416 0.008875514 0.046614680 0.039015688 0.056672148 0.996540546
1341846317.573943 -0.002661660 -0.000607204 0.013150499 0.046751570 0.041887112 0.055276021 0.996496022
1341846317.610159 0.003205129 0.000215143 0.013046918 0.049157638 0.040752493 0.053691044 0.996513963
1341846317.643553 0.010880336 0.001991318 0.010153765 0.052028950 0.035836913 0.053656001 0.996558964
1341846317.677993 0.016437881 0.003792296 0.007463888 0.053058844 0.028793447 0.055895921 0.996609926
1341846317.709996 0.018582353 0.002880199 0.007726366 0.055212323 0.024215251 0.055579398 0.996632397
1341846317.741834 0.028125104 0.002380728 0.004012978 0.054376762 0.017874002 0.054208655 0.996887743
1341846317.777923 0.017889062 -0.002006798 0.009929202 0.051175781 0.020923929 0.054859493 0.996962190
1341846317.810021 0.022567322 -0.002149245 0.009083310 0.050421972 0.016159747 0.052901793 0.997195005
1341846317.841886 0.025139943 -0.001500809 0.008217401 0.050351679 0.012701894 0.052004743 0.997295797
1341846317.878017 0.028542463 -0.003008418 0.006814920 0.046748567 0.010212016 0.048544761 0.997674167
1341846317.909910 0.029492151 -0.001419331 0.006210493 0.046808809 0.010039813 0.044722278 0.997851729
1341846317.946031 0.037015650 -0.002867456 0.005406755 0.046157956 0.007274977 0.042046733 0.998022318
1341846317.978041 0.034981336 -0.001373908 0.007920214 0.049344618 0.006298504 0.041334141 0.997906268
1341846318.009897 0.033933450 0.001194518 0.009170271 0.053762406 0.006766716 0.039432108 0.997751951
1341846318.045949 0.040453784 -0.000037626 0.007053333 0.052771170 0.003981386 0.036683358 0.997924685
1341846318.078074 0.046184786 0.003005321 0.007772761 0.053915747 -0.001122155 0.034863450 0.997936070
1341846318.109894 0.051499113 0.001836680 0.005245058 0.052398402 -0.008803877 0.032149412 0.998069823
1341846318.145957 0.050873917 -0.000851980 0.005801524 0.049966253 -0.011164532 0.030107141 0.998234570
1341846318.178001 0.050690774 -0.000824199 0.006356828 0.049247324 -0.011324001 0.025283664 0.998402297
1341846318.214074 0.057787899 0.004164677 0.007341310 0.052722562 -0.017139552 0.021711083 0.998226047
1341846318.245970 0.067984872 0.005381789 0.006968339 0.055780228 -0.028733458 0.020343829 0.997822165
1341846318.278018 0.073393092 0.005823663 0.005724176 0.059594646 -0.037204292 0.018976413 0.997348607
1341846318.313937 0.087913260 0.009405738 0.005180577 0.063169718 -0.052078869 0.017012557 0.996497810
1341846318.345989 0.081819303 0.009662804 0.003388612 0.064249262 -0.058404941 0.018348172 0.996054292
1341846318.382046 0.079397768 0.005646616 0.008055732 0.065186948 -0.064696543 0.014897190 0.995662153
1341846318.414072 0.086304106 0.007870468 0.006143333 0.067007549 -0.075441346 0.014446291 0.994791389
1341846318.446035 0.089073680 0.006165123 0.007476697 0.068235382 -0.083867259 0.013723387 0.994043171
1341846318.482196 0.088670447 0.004020419 0.007095476 0.068558291 -0.086069100 0.013078346 0.993841469
1341846318.514144 0.095662594 0.005038266 0.008354971 0.068763904 -0.091675468 0.011341776 0.993347108
1341846318.546259 0.100609273 0.007785255 0.008286750 0.071601309 -0.095938653 0.009966806 0.992758632
1341846318.582042 0.097142167 0.004893032 0.005802266 0.071155079 -0.094956361 0.010876871 0.992875576
1341846318.614115 0.100903310 0.005170500 0.006718048 0.071147770 -0.097992189 0.010494469 0.992585182
1341846318.650038 0.101765975 0.003817403 0.007134922 0.070326559 -0.099382505 0.007280854 0.992534280
1341846318.682350 0.110500343 0.004810484 0.006156334 0.070056491 -0.104871668 0.002793260 0.992011189
1341846318.714063 0.115176968 0.004641599 0.006012497 0.069415040 -0.108961165 0.001551046 0.991618156
1341846318.749905 0.117356457 0.003781901 0.004667975 0.069263160 -0.110364668 0.001214552 0.991474032
1341846318.782036 0.122485824 0.005046878 0.006927212 0.072010480 -0.115199067 0.004158976 0.990720093
1341846318.814121 0.120759591 0.004448697 0.008203919 0.071861304 -0.119916782 0.002235808 0.990177214
1341846318.850072 0.124689929 0.005275886 0.008009571 0.072553314 -0.128588483 -0.000566454 0.989040256
1341846318.883516 0.129541278 0.010815825 0.008719669 0.078074925 -0.139260530 -0.004134734 0.987164497
1341846318.918047 0.134165257 0.010588954 0.001788222 0.080236338 -0.153148904 -0.002720385 0.984936595
1341846318.950044 0.141070247 0.001876806 0.006598165 0.077920228 -0.167959750 -0.008952698 0.982668698
1341846318.982028 0.152710766 0.001664228 0.003632244 0.078155234 -0.177302971 -0.015594225 0.980924189
1341846319.018123 0.163114533 -0.002873637 0.010978417 0.076444060 -0.188155726 -0.021145051 0.978931367
1341846319.050745 0.161079213 0.002280071 0.013015040 0.080526792 -0.193947822 -0.021084471 0.977473855
1341846319.081905 0.157817245 0.001542664 0.010421997 0.085352205 -0.193272844 -0.020415615 0.977212250
1341846319.117976 0.169287309 -0.002253426 0.010542787 0.084811613 -0.198643774 -0.019895913 0.976192534
1341846319.150093 0.171296388 -0.001275148 0.011328005 0.086208105 -0.204882309 -0.011945602 0.974909604
1341846319.186069 0.170657277 -0.006095219 0.007129220 0.083508402 -0.206124380 -0.011564273 0.974887311
1341846319.218149 0.121515825 -0.001127725 0.001585723 0.084258825 -0.172871068 -0.005698645 0.981317282
1341846319.250034 0.124770224 -0.000463061 0.001819960 0.078592643 -0.169216841 -0.006465153 0.982418954
1341846319.286594 0.124569885 0.000784520 0.003438561 0.077564493 -0.166658223 -0.003075275 0.982954383
1341846319.318034 0.123203956 0.002411144 0.004457396 0.079037502 -0.165792406 0.001655438 0.982986867
1341846319.350268 0.120978236 0.002317716 0.006817075 0.078996286 -0.165750533 0.010023509 0.982947528
1341846319.386163 0.102210350 0.003302861 0.006783304 0.081968792 -0.157032073 0.017850112 0.984024107
1341846319.418386 0.114252120 0.001276637 0.008525576 0.081382774 -0.171794847 0.018687993 0.981587529
1341846319.453961 0.115834773 0.000417124 0.007903719 0.081531845 -0.174720198 0.014425028 0.981130660
1341846319.486271 0.114407696 0.001231471 0.007264911 0.081597157 -0.173960835 0.012725176 0.981283665
1341846319.518456 0.113786682 0.001885821 0.006163895 0.078439847 -0.177127436 0.014478698 0.980950236
1341846319.554083 0.118602611 0.004468572 0.009512448 0.078716509 -0.183757573 0.010654110 0.979756773
1341846319.586296 0.122239843 0.001889870 0.007603744 0.076931611 -0.185404614 0.006783357 0.979622722
1341846319.622031 0.112864979 0.001089712 0.002630472 0.074421473 -0.179972276 0.003916510 0.980844557
1341846319.653962 0.108892649 0.000702877 0.005070657 0.074275121 -0.183476418 0.001606234 0.980212748
1341846319.686352 0.108450145 -0.000453470 0.006690614 0.075725883 -0.187198460 0.001460266 0.979397893
1341846319.721992 0.110660061 0.003569022 0.008126577 0.078756966 -0.193803191 0.003625631 0.977867305
1341846319.754063 0.118659213 -0.002417180 0.002363018 0.070279770 -0.200942203 0.002008255 0.977076709
1341846319.786397 0.165842876 -0.006536569 0.009855879 0.062253293 -0.227978393 -0.003189591 0.971668780
1341846319.822008 0.111550510 0.001497535 0.002860082 0.063925371 -0.196554542 0.011747278 0.978336275
1341846319.853917 0.113145925 0.002201553 0.002318302 0.058895197 -0.198518336 0.015705999 0.978199959
1341846319.889942 0.113016650 0.002497896 0.003079959 0.055393100 -0.199800879 0.021549974 0.978032112
1341846319.922039 0.113384850 0.003931811 0.001929571 0.055266954 -0.204074144 0.023922611 0.977101326
1341846319.953946 0.111282021 0.003815836 0.003159352 0.056192115 -0.209142461 0.021619383 0.976029992
1341846319.990054 0.110417098 0.002148058 0.002985379 0.058378000 -0.211306706 0.013092867 0.975587070
1341846320.028122 0.108581379 0.002653483 0.003973669 0.061149340 -0.214417145 0.013152244 0.974737406
1341846320.054177 0.110854596 0.000605416 0.003012602 0.062036268 -0.221207082 0.010783704 0.973191977
1341846320.090047 0.112032063 0.000962377 0.002730560 0.063985191 -0.223316327 0.011104847 0.972580254
1341846320.122011 0.112634301 0.001223458 0.003021606 0.064845949 -0.221906722 0.012458672 0.972829461
1341846320.157952 0.112737745 0.001326157 0.003878688 0.065386616 -0.219586328 0.013496459 0.973305881
1341846320.190003 0.112640157 0.000539540 0.005566984 0.068021253 -0.216526330 0.011983818 0.973830521
1341846320.221941 0.112073153 0.000399388 0.005205092 0.072293945 -0.211949125 0.013131364 0.974514604
1341846320.258015 0.112698503 -0.000683836 0.005404866 0.075494952 -0.211404130 0.015567003 0.974354386
1341846320.289887 0.113064982 -0.000144827 0.004314382 0.080659777 -0.212620720 0.016476652 0.973660588
1341846320.321954 0.114345595 -0.004380954 0.000010372 0.086189069 -0.213350073 0.015075621 0.973049760
1341846320.357890 0.112430528 -0.001341429 0.007615577 0.095058985 -0.214165896 0.020133620 0.971952379
1341846320.390064 0.113770321 -0.002049157 0.007253109 0.095543511 -0.210878998 0.020139024 0.972623229
1341846320.426544 0.115369171 -0.001761916 0.007664352 0.098989323 -0.205034733 0.017323324 0.973581910
1341846320.458122 0.115864351 -0.001683108 0.008431256 0.101374209 -0.197441518 0.013872234 0.974960327
1341846320.490186 0.114520051 -0.000866793 0.010131264 0.106002457 -0.189147830 0.017108668 0.976060390
1341846320.525911 0.116983011 -0.000477956 0.007662672 0.109429270 -0.184264243 0.014541353 0.976657808
1341846320.558091 0.117027469 -0.000970792 0.007630285 0.110554233 -0.179865465 0.011042256 0.977396667
1341846320.594093 0.111935973 0.000436580 0.009626549 0.113949172 -0.172088668 0.009117488 0.978426278
1341846320.631955 0.114707805 -0.001243590 0.006614042 0.115290418 -0.164465249 0.006705558 0.979599059
1341846320.664916 0.119241036 -0.000603556 0.008452315 0.117059156 -0.163031250 0.004371184 0.979642212
1341846320.699927 0.120639026 -0.000266989 0.006191811 0.116715163 -0.161161199 0.003336451 0.979996681
1341846320.731822 0.120745048 -0.000455086 0.008546303 0.119341336 -0.155950502 0.003262555 0.980523586
1341846320.763877 0.122837856 0.000500380 0.004225447 0.116485521 -0.153807640 0.002625948 0.981207132
1341846320.799999 0.121926673 0.000170618 0.004950568 0.109916203 -0.153630182 -0.001583428 0.981994748
1341846320.831871 0.120755725 -0.000251706 0.008280129 0.113441832 -0.144202575 -0.004604057 0.983013391
1341846320.863887 0.123052180 0.000729046 0.002325122 0.111644417 -0.133725539 -0.005851834 0.984692216
1341846320.900014 0.123627007 -0.000766697 0.001641021 0.102624387 -0.136907816 -0.001318992 0.985252619
1341846320.931889 0.123450004 -0.000549555 0.006632005 0.104997180 -0.139580101 -0.001052976 0.984627783
1341846320.967866 0.125447497 0.000000230 0.005273057 0.104950130 -0.134665415 -0.004032029 0.985309303
1341846321.000017 0.119488388 0.000650479 0.005398417 0.099191025 -0.130755782 -0.005201399 0.986426353
1341846321.031860 0.115249299 0.000907728 0.003975715 0.097308740 -0.126620859 -0.007822324 0.987135708
1341846321.068047 0.115530424 0.000972548 0.003529644 0.098015256 -0.122988902 -0.010711106 0.987497807
1341846321.099840 0.115604132 0.000932977 0.003301679 0.095562629 -0.121139757 -0.010429448 0.987969697
1341846321.131821 0.116041556 0.000677131 0.004106309 0.095950253 -0.120351337 -0.007470508 0.988055289
1341846321.167887 0.116442122 0.000715372 0.004316133 0.098572627 -0.116834693 -0.007048493 0.988222361
1341846321.200042 0.116640605 0.000690207 0.002797860 0.098815285 -0.113287739 -0.007433566 0.988608181
1341846321.231950 0.116523772 0.000729825 0.003723897 0.098430306 -0.112334400 -0.008070696 0.988750398
1341846321.267939 0.127843872 -0.000856569 0.007406543 0.098922752 -0.119271994 -0.014995996 0.987807453
1341846321.299948 0.127957106 -0.000873331 0.007777292 0.098383799 -0.114520408 -0.021445096 0.988304496
1341846321.331858 0.128102884 -0.000905462 0.007743075 0.099152125 -0.111452341 -0.024838762 0.988498986
1341846321.367913 0.128520370 -0.001177037 0.007315741 0.100767344 -0.108598188 -0.029794179 0.988516390
1341846321.399897 0.128410876 -0.001140971 0.008061397 0.102985926 -0.103009984 -0.030675450 0.988858879
1341846321.435994 0.128682047 -0.001187542 0.007797312 0.104758918 -0.099597506 -0.031161703 0.989006996
1341846321.467946 0.128708318 -0.001223551 0.008200112 0.106465355 -0.097261898 -0.029869506 0.989097059
1341846321.499882 0.130205765 -0.001376587 0.008717068 0.108115643 -0.095538840 -0.028499380 0.989126444
1341846321.536109 0.130908489 -0.001240231 0.007721398 0.108000286 -0.090477191 -0.030648425 0.989550650
1341846321.568960 0.130727023 -0.001153581 0.008142689 0.105341218 -0.082868554 -0.034216825 0.990386426
1341846321.603938 0.130805939 -0.001233160 0.008372520 0.102204897 -0.080668271 -0.033771217 0.990911841
1341846321.637163 0.131128192 -0.001174757 0.008148312 0.099923983 -0.075719774 -0.035669781 0.991468310
1341846321.668306 0.131447941 -0.001158833 0.008487566 0.095199957 -0.067333899 -0.030646389 0.992705345
1341846321.704411 0.131095052 -0.001160588 0.008363804 0.092041887 -0.064257801 -0.025679173 0.993347764
1341846321.736861 0.131377265 -0.001167330 0.008130877 0.089961350 -0.066870838 -0.018043170 0.993533909
1341846321.771881 0.131265938 -0.001050911 0.008683091 0.087457493 -0.067554228 -0.012127392 0.993801057
1341846321.804114 0.133008242 -0.000451123 0.009972388 0.083551481 -0.066430300 -0.008172013 0.994253159
1341846321.836152 0.133062661 -0.000339608 0.009978052 0.080836110 -0.064054444 -0.007232086 0.994640768
1341846321.871882 0.133125722 -0.000270774 0.009887383 0.076260425 -0.062429354 -0.010671708 0.995074391
1341846321.904074 0.133180350 -0.000259651 0.009914501 0.069664843 -0.060704112 -0.014299383 0.995619059
1341846321.939847 0.133151531 -0.000271506 0.010176827 0.066092066 -0.057436001 -0.017431105 0.996006608
1341846322.004094 0.133084580 -0.000324273 0.010161296 0.059333347 -0.058997001 -0.018870875 0.996314585
1341846322.034203 0.133417219 -0.000402520 0.010240157 0.057346869 -0.059274614 -0.019013373 0.996411741
1341846322.066178 0.133879483 -0.000449564 0.010927302 0.055400673 -0.054699175 -0.022887696 0.996702015
1341846322.107979 0.133821681 -0.000627227 0.010930615 0.053124491 -0.052617565 -0.023530994 0.996922970
1341846322.133980 0.133815408 -0.000918867 0.010941231 0.054066714 -0.051994249 -0.025294123 0.996861875
1341846322.166164 0.133643135 -0.000969516 0.011162086 0.056729916 -0.052558791 -0.024311513 0.996708691
1341846322.202932 0.133793518 -0.000993508 0.010957083 0.057904091 -0.055527579 -0.022115124 0.996531367
1341846322.234093 0.133771434 -0.001029369 0.010979659 0.057368640 -0.056709379 -0.025011748 0.996427238
1341846322.265941 0.133777365 -0.001185293 0.010951836 0.055119351 -0.059417136 -0.025114896 0.996393859
1341846322.301996 0.133996844 -0.001441041 0.010786428 0.052359167 -0.061999876 -0.023515439 0.996424377
1341846322.333949 0.133705094 -0.001579164 0.010882514 0.052152410 -0.062638521 -0.024581844 0.996369541
1341846322.369871 0.133837938 -0.001790249 0.011141310 0.052972656 -0.069257192 -0.026508221 0.995838642
1341846322.402292 0.134211063 -0.004681135 0.011136602 0.053362541 -0.068068273 -0.033175312 0.995700002
1341846322.433955 0.134263933 -0.005345921 0.010606885 0.058085352 -0.066424735 -0.038354486 0.995360613
1341846322.470030 0.134321034 -0.005366968 0.010288393 0.066411719 -0.071131729 -0.033097643 0.994703114
1341846322.502433 0.134392515 -0.005614447 0.010617449 0.072040066 -0.074612170 -0.029959923 0.994155765
1341846322.534002 0.134218246 -0.005934910 0.011153911 0.081195138 -0.075451493 -0.027737128 0.993451059
1341846322.570196 0.134187520 -0.006083052 0.011217454 0.089711361 -0.075864553 -0.025575334 0.992744863
1341846322.601920 0.134206802 -0.006001852 0.010817946 0.095124610 -0.078953609 -0.019877668 0.992130280
1341846322.638119 0.134502113 -0.008466977 0.010845174 0.099325992 -0.082693733 -0.018937571 0.991432011
1341846322.669947 0.134571254 -0.008501486 0.011029718 0.104652703 -0.080137439 -0.018985156 0.991092980
1341846322.702026 0.134325534 -0.008662618 0.011161512 0.107401788 -0.077994429 -0.017265936 0.991001308
1341846322.738006 0.134489506 -0.008706315 0.011021067 0.108488828 -0.081173196 -0.015833635 0.990651488
1341846322.770087 0.134537145 -0.009005778 0.011129447 0.108407244 -0.080504902 -0.014818774 0.990730643
1341846322.806047 0.134294957 -0.009200958 0.011484952 0.111218370 -0.081156723 -0.012649119 0.990395904
1341846322.838063 0.134430707 -0.009212067 0.010939687 0.113687806 -0.084815435 -0.010781499 0.989830911
1341846322.870081 0.133211285 -0.004416204 0.011100739 0.118867919 -0.089355081 -0.007963147 0.988849163
1341846322.906018 0.134042487 -0.004183820 0.011561012 0.124466635 -0.092028685 -0.008857217 0.987907052
1341846322.938349 0.135144413 -0.012550210 0.011576101 0.119346179 -0.091643952 -0.007318610 0.988587022
1341846322.970069 0.135200933 -0.012652037 0.011503162 0.114573307 -0.092225708 -0.006252895 0.989104748
1341846323.011820 0.135078773 -0.012810525 0.011799665 0.111718543 -0.091461472 -0.005367771 0.989507377
1341846323.038050 0.135109916 -0.012865563 0.011780942 0.111417443 -0.091528386 -0.003481749 0.989543617
1341846323.073951 0.135116890 -0.012831284 0.011802532 0.108640149 -0.091920041 -0.001738409 0.989820659
1341846323.105962 0.134945303 -0.012998652 0.012261186 0.105453216 -0.091964565 -0.000217770 0.990162611
1341846323.138158 0.135133833 -0.013033585 0.011784754 0.106826819 -0.091538936 -0.003439074 0.990048885
1341846323.174092 0.134936839 -0.014179645 0.012363659 0.104820706 -0.091555752 -0.008136641 0.990234256
1341846323.206059 0.135016218 -0.014271133 0.012423906 0.102165341 -0.091907486 -0.010791835 0.990453839
1341846323.238053 0.135089561 -0.014318523 0.012337686 0.099762842 -0.088853829 -0.012732672 0.990954220
1341846323.273997 0.134841636 -0.014218668 0.012268320 0.096234038 -0.087716021 -0.012037207 0.991413116
1341846323.305946 0.134848863 -0.014346546 0.012445166 0.090997286 -0.091650382 -0.011596339 0.991556942
1341846323.342027 0.135221586 -0.014659076 0.012235455 0.089081392 -0.090527870 -0.014033400 0.991802514
1341846323.374048 0.135047868 -0.013655395 0.012135609 0.089796223 -0.087705083 -0.010160548 0.992038906
1341846323.405987 0.134976774 -0.016180469 0.011262480 0.087036155 -0.091536030 -0.005785449 0.991973937
1341846323.441956 0.135093048 -0.016660362 0.012605136 0.088370748 -0.096111886 -0.005252809 0.991425991
1341846323.473878 0.135182187 -0.017151201 0.012398059 0.092637017 -0.094723731 -0.006414056 0.991163254
1341846323.506129 0.135139033 -0.016715445 0.012187888 0.095981866 -0.094694629 -0.008498024 0.990832090
1341846323.541972 0.135263816 -0.016701328 0.012419543 0.095421337 -0.094840907 -0.011064181 0.990846872
1341846323.573913 0.135780066 -0.017474091 0.012663467 0.094732687 -0.091063254 -0.016857823 0.991185665
1341846323.609927 0.135884166 -0.017556576 0.012481822 0.094974034 -0.086091459 -0.018233167 0.991582453
1341846323.642014 0.135150641 -0.017820278 0.012246676 0.094547749 -0.083048731 -0.019178368 0.991864800
1341846323.674081 0.135031372 -0.018701527 0.012344745 0.093648098 -0.084780119 -0.016789081 0.991847038
1341846323.710069 0.134997815 -0.019681007 0.012213745 0.094468348 -0.085944206 -0.012440278 0.991733074
1341846323.742111 0.134840861 -0.020008665 0.011985019 0.099409349 -0.087694496 -0.011725728 0.991105437
1341846323.774928 0.134939283 -0.019996950 0.012067663 0.102769949 -0.090251438 -0.013594166 0.990509033
1341846323.810012 0.134995922 -0.020214967 0.012301631 0.104341179 -0.091505907 -0.016433187 0.990186632
1341846323.842207 0.135014564 -0.020595508 0.012155220 0.105980612 -0.091327854 -0.021827076 0.989924669
1341846323.878019 0.135029346 -0.022094490 0.011611275 0.105665602 -0.092443548 -0.023499589 0.989816487
1341846323.909826 0.134749576 -0.021571074 0.012071755 0.110388681 -0.093489371 -0.030050673 0.989025295
1341846323.942459 0.134783253 -0.021658111 0.011631950 0.113933839 -0.093735769 -0.030106531 0.988598108
1341846323.978055 0.134470671 -0.021741871 0.011750820 0.116310343 -0.096425503 -0.028360758 0.988114238
1341846324.015934 0.134933323 -0.021820376 0.011653260 0.120107308 -0.099122189 -0.028034389 0.987402201
1341846324.047722 0.135162055 -0.021456048 0.011468363 0.123826690 -0.097849853 -0.028637275 0.987052321
1341846324.083904 0.135113642 -0.020959636 0.011760716 0.124223486 -0.096541509 -0.028766843 0.987127483
1341846324.115968 0.135290846 -0.020917857 0.011528962 0.122020647 -0.094797708 -0.030052271 0.987532914
1341846324.151967 0.135277718 -0.020805059 0.011592747 0.122131817 -0.091631167 -0.035382517 0.987641454
1341846324.183941 0.135112584 -0.020139281 0.011800596 0.120018728 -0.087383822 -0.038353782 0.988174379
1341846324.219984 0.135084674 -0.020088876 0.011727637 0.115516454 -0.085484572 -0.038278021 0.988879740
1341846324.251968 0.134725988 -0.020115843 0.011911232 0.115003489 -0.084964737 -0.039344758 0.988942504
1341846324.284052 0.134584904 -0.019511541 0.011986736 0.115853757 -0.085584737 -0.040040307 0.988761842
1341846324.319880 0.134582758 -0.018654786 0.011586345 0.114783980 -0.088790514 -0.040442333 0.988587499
1341846324.351917 0.134805635 -0.017850583 0.011654845 0.111852184 -0.092339881 -0.042064030 0.988530755
1341846324.388001 0.135313451 -0.017316885 0.011709391 0.107793868 -0.092614494 -0.046313092 0.988765955
1341846324.419908 0.135403574 -0.016687810 0.011918809 0.103140742 -0.090630949 -0.047594875 0.989385009
1341846324.452027 0.134990722 -0.016613917 0.012208581 0.098341726 -0.089801811 -0.048883740 0.989886284
1341846324.487928 0.134721726 -0.016250899 0.012256419 0.097234786 -0.089586444 -0.048716158 0.990023434
1341846324.519985 0.134672627 -0.015716717 0.012053158 0.094909206 -0.092029825 -0.042867254 0.990295470
1341846324.556001 0.134415239 -0.015481409 0.011996379 0.093326479 -0.096268587 -0.039530072 0.990181744
1341846324.587888 0.134447992 -0.014726349 0.012429791 0.089949347 -0.099577069 -0.037543878 0.990244389
1341846324.620086 0.134299830 -0.014288311 0.012312456 0.088037960 -0.101354107 -0.040392030 0.990123808
1341846324.655955 0.134741336 -0.014187629 0.011826383 0.085924774 -0.103187054 -0.040239811 0.990126312
1341846324.688082 0.134765401 -0.014064127 0.011768874 0.084880069 -0.102926955 -0.039566752 0.990270615
1341846324.755922 0.134239167 -0.012497386 0.011362255 0.086078271 -0.105302468 -0.036159009 0.990047693
1341846324.782029 0.134311184 -0.011620257 0.011594492 0.084462546 -0.110140756 -0.037397914 0.989614308
1341846324.814016 0.134858325 -0.010553692 0.011859342 0.082461052 -0.111107588 -0.041578714 0.989508212
1341846324.849979 0.134426609 -0.009990632 0.012602964 0.077469416 -0.107446305 -0.044712313 0.990179062
1341846324.881924 0.134050608 -0.009909643 0.012741029 0.074136987 -0.108251229 -0.045190856 0.990324795
1341846324.913902 0.134285465 -0.009356353 0.012850853 0.073115140 -0.110000633 -0.042693291 0.990318775
1341846324.949999 0.134271830 -0.009603512 0.012977182 0.072368808 -0.110454269 -0.038850322 0.990481317
1341846324.981922 0.133552715 -0.009402016 0.012179165 0.076243244 -0.111744158 -0.036328163 0.990141630
1341846325.018013 0.133507892 -0.008767719 0.012274257 0.080436297 -0.116892442 -0.033391926 0.989318490
1341846325.050079 0.133294359 -0.007891654 0.012056545 0.082899868 -0.121478558 -0.034561079 0.988522172
1341846325.081901 0.133504033 -0.006990297 0.012148852 0.082660101 -0.126757488 -0.037255060 0.987781286
1341846325.118531 0.134217620 -0.006531983 0.012163643 0.078593828 -0.128961533 -0.039580334 0.987737477
1341846325.149933 0.134132013 -0.006402603 0.012396883 0.073165573 -0.126340941 -0.042042669 0.988391221
1341846325.181925 0.133978188 -0.006280439 0.012298972 0.069577873 -0.124859519 -0.040478043 0.988903701
1341846325.218055 0.133666605 -0.005828856 0.012547781 0.066110440 -0.125113994 -0.035590168 0.989297330
1341846325.249811 0.133342370 -0.005441227 0.012579821 0.064100251 -0.124420509 -0.032983813 0.989607394
1341846325.285925 0.133865803 -0.005000752 0.012485259 0.061772190 -0.124889582 -0.030841108 0.989765465
1341846325.317988 0.134106353 -0.005028867 0.012920459 0.058220174 -0.123937227 -0.026899947 0.990215302
1341846325.349844 0.134093598 -0.005243944 0.013180271 0.061604705 -0.118383616 -0.025611632 0.990724087
1341846325.387302 0.134062812 -0.004799674 0.013219553 0.066477135 -0.115826480 -0.022688335 0.990782678
1341846325.417931 0.134606600 -0.005009581 0.013618490 0.068181060 -0.112364069 -0.017952921 0.991162658
1341846325.450747 0.134800822 -0.005400497 0.013283165 0.072628900 -0.104331650 -0.016864153 0.991743684
1341846325.485954 0.134331822 -0.004466491 0.013920492 0.081853874 -0.097521082 -0.012534341 0.991782486
1341846325.517875 0.134289801 -0.004121589 0.013947050 0.085241392 -0.094935186 -0.009874706 0.991778076
1341846325.553859 0.133997962 -0.003750298 0.014229579 0.088657469 -0.091609724 -0.008933867 0.991800189
1341846325.585855 0.133828506 -0.003132145 0.014148458 0.091363668 -0.088471346 -0.010967546 0.991819143
1341846325.617990 0.134306133 -0.002370009 0.013895475 0.088579029 -0.086568817 -0.012836917 0.992217124
1341846325.653982 0.133900300 -0.002652110 0.013667488 0.085646980 -0.084127426 -0.015342446 0.992648840
1341846325.685819 0.133508742 -0.002488347 0.014329607 0.091511331 -0.083170190 -0.013845121 0.992228150
1341846325.717857 0.133509502 -0.002001269 0.014477015 0.095341861 -0.082549728 -0.006385218 0.991995335
1341846325.754083 0.133321881 -0.002055690 0.014446299 0.097528644 -0.082421370 -0.002103513 0.991811693
1341846325.786087 0.133604810 -0.001809534 0.014059559 0.103922106 -0.081959136 0.000435149 0.991202652
1341846325.821856 0.133663863 -0.001100973 0.013870785 0.107863069 -0.080208749 0.001996395 0.990922868
1341846325.853827 0.133380845 -0.000935706 0.014078312 0.108165674 -0.079392038 0.004949532 0.990945280
1341846325.885958 0.133209631 -0.000269536 0.013784735 0.108454615 -0.082178369 0.011315188 0.990634263
1341846325.921984 0.133455753 -0.000104127 0.014003083 0.106536746 -0.086521201 0.016416153 0.990401208
1341846325.953899 0.134093389 -0.000618002 0.014710398 0.108593836 -0.087281711 0.017663263 0.990089536
1341846325.985823 0.133832097 -0.000055969 0.014997627 0.111555770 -0.083971761 0.021203909 0.989977002
1341846326.021991 0.133759096 0.000014244 0.014931001 0.113373689 -0.083970599 0.027894489 0.989604592
1341846326.054055 0.133872733 0.000568006 0.014992599 0.118366137 -0.084833167 0.031833299 0.988827288
1341846326.089984 0.134079307 0.001215827 0.014930731 0.121247366 -0.083230771 0.031231178 0.988633573
1341846326.121822 0.134068593 0.001767761 0.015176693 0.121509604 -0.079165936 0.028735321 0.989010870
1341846326.154079 0.133787543 0.001782981 0.015296032 0.122043602 -0.076129109 0.027221421 0.989226341
1341846326.190178 0.133621037 0.002176828 0.015205680 0.124069862 -0.076470055 0.029528460 0.988881707
1341846326.222162 0.133619279 0.002963896 0.015012399 0.123354487 -0.078285076 0.035378478 0.988637209
1341846326.259181 0.133537188 0.003423674 0.015312130 0.120281972 -0.080646239 0.038013332 0.988728166
1341846326.291222 0.133742467 0.003635687 0.015558080 0.116163895 -0.081855193 0.039175190 0.989075840
1341846326.322766 0.133896068 0.004079699 0.015613408 0.112305626 -0.081523389 0.037686154 0.989606559
1341846326.359773 0.133987665 0.004390896 0.015686283 0.108584106 -0.080041185 0.035478991 0.990224302
1341846326.392109 0.133926198 0.004156497 0.016215224 0.106807999 -0.078323767 0.036335766 0.990523696
1341846326.423985 0.133761927 0.004382018 0.016211374 0.110465012 -0.077462226 0.041660421 0.989980578
1341846326.459869 0.133556172 0.005126128 0.016088011 0.112942472 -0.079512715 0.045219861 0.989382088
1341846326.491143 0.133817852 0.005486947 0.016383758 0.113836899 -0.080992334 0.044930894 0.989172697
1341846326.526163 0.134211734 0.006146338 0.016225901 0.113235898 -0.078447804 0.043904860 0.989492774
1341846326.560211 0.133841768 0.006629748 0.016675761 0.108581789 -0.073767491 0.043100718 0.990409374
1341846326.591828 0.133872777 0.006874066 0.016560996 0.105091557 -0.071707442 0.044891670 0.990857482
1341846326.627027 0.133926287 0.007386385 0.016601501 0.105242237 -0.070026092 0.043849312 0.991008401
1341846326.658442 0.134044126 0.008024017 0.016837960 0.103799082 -0.066413857 0.041995998 0.991489410
1341846326.694856 0.133991346 0.008355855 0.016941685 0.099842198 -0.062973633 0.042894542 0.992081583
1341846326.726206 0.133949608 0.008957297 0.017387571 0.094402455 -0.061826862 0.039999165 0.992806971
1341846326.762753 0.133990183 0.009505671 0.017038867 0.089344397 -0.058544014 0.035815574 0.993633449
1341846326.794046 0.134121001 0.010035593 0.017159699 0.082499415 -0.055483650 0.034142323 0.994459510
1341846326.826821 0.134182155 0.010724394 0.017419059 0.075359501 -0.053466257 0.033341188 0.995163620
1341846326.858887 0.133927017 0.011076420 0.017239749 0.067128114 -0.050466839 0.028533358 0.996058643
1341846326.895360 0.133796901 0.010802583 0.017406184 0.063988231 -0.050774526 0.029466761 0.996222496
1341846326.926897 0.133459389 0.011154063 0.017533641 0.065889128 -0.053574525 0.030677404 0.995915294
1341846326.958888 0.133875012 0.011698388 0.017613018 0.068438716 -0.056831658 0.034327313 0.995443583
1341846326.994594 0.133968964 0.012241636 0.017473429 0.068983831 -0.056237936 0.037188746 0.995336890
1341846327.026301 0.134146586 0.012962367 0.017552810 0.067735568 -0.055306647 0.036415752 0.995503426
1341846327.063945 0.134237081 0.013137037 0.017392838 0.064503603 -0.053156644 0.034180123 0.995914340
1341846327.094662 0.134261280 0.013749077 0.018004546 0.064862750 -0.051296663 0.033073131 0.996025920
1341846327.128901 0.134135097 0.016240587 0.018617900 0.065787770 -0.050978959 0.030254347 0.996071160
1341846327.161940 0.134164616 0.016857237 0.018802101 0.065167800 -0.052454051 0.030126838 0.996039212
1341846327.193867 0.134582743 0.017243741 0.018694619 0.064637497 -0.051986344 0.029312052 0.996122599
1341846327.229885 0.134475440 0.017778164 0.019026341 0.066454068 -0.047971394 0.026763627 0.996276200
1341846327.262014 0.134692356 0.018239019 0.019692266 0.066115178 -0.044170458 0.024748782 0.996526599
1341846327.294023 0.135354996 0.019219296 0.015997451 0.070249684 -0.034788493 0.017454157 0.996769845
1341846327.330015 0.135556579 0.019443274 0.018737324 0.073030308 -0.022662628 0.015337803 0.996954203
1341846327.361939 0.135145470 0.019872025 0.020237720 0.071615741 -0.015852576 0.009642888 0.997259676
1341846327.393887 0.135065198 0.019912764 0.020141281 0.068592280 -0.012674613 0.000263455 0.997564256
1341846327.429966 0.135090128 0.021097507 0.020340690 0.070704624 -0.013373227 0.003083938 0.997402906
1341846327.461965 0.134468332 0.019322608 0.018568140 0.060254060 -0.017206268 0.002109569 0.998032570
1341846327.497931 0.134988129 0.022619873 0.020003513 0.057825021 -0.020149350 -0.001014494 0.998122811
1341846327.530068 0.135040089 0.023164198 0.020174354 0.056850385 -0.020948350 0.004345655 0.998153448
1341846327.561895 0.134601906 0.023704767 0.020184360 0.055655718 -0.021444069 0.006635102 0.998197615
1341846327.598010 0.134638906 0.023938745 0.020775620 0.057108108 -0.024877938 0.013206543 0.997970581
1341846327.629945 0.134284258 0.024852760 0.020884387 0.057866760 -0.028818738 0.013008771 0.997823477
1341846327.662003 0.134315759 0.024981139 0.020605339 0.056629851 -0.032251030 0.007269841 0.997847736
1341846327.697919 0.134401619 0.025632519 0.020496290 0.059454057 -0.033857740 0.008292003 0.997622192
1341846327.730075 0.134189606 0.027461482 0.020748690 0.060787816 -0.033044435 0.006715826 0.997581005
1341846327.766017 0.134359211 0.026929749 0.020529311 0.051436473 -0.034516092 0.009530254 0.998034120
1341846327.797917 0.134265333 0.028399296 0.020670682 0.049396742 -0.034742683 0.013105942 0.998088717
1341846327.830054 0.134295255 0.028633770 0.020855444 0.041030046 -0.034683179 0.012121114 0.998482168
1341846327.865944 0.134434924 0.029108243 0.020909857 0.037718445 -0.033614844 0.012625161 0.998643041
1341846327.898010 0.134497032 0.029084424 0.021127103 0.032870237 -0.033663969 0.013657711 0.998799145
1341846327.929991 0.134129256 0.029551476 0.020839805 0.029307600 -0.033331923 0.010864248 0.998955429
1341846327.966065 0.134156898 0.030432856 0.020841368 0.027343247 -0.032554418 0.007343712 0.999068856
1341846327.998073 0.134047896 0.030864345 0.020840168 0.021141432 -0.031069145 0.004599069 0.999283016
1341846328.034045 0.134168938 0.030905358 0.020797808 0.014732878 -0.030326052 0.001797045 0.999429822
1341846328.065993 0.134299710 0.031220345 0.020652650 0.010462383 -0.029964855 0.002401476 0.999493301
1341846328.098045 0.134104773 0.030866506 0.020785460 0.008677672 -0.028629821 0.003889053 0.999544859
1341846328.133967 0.134151518 0.030743854 0.020908063 0.011783183 -0.030093100 0.007516806 0.999449372
1341846328.166023 0.134205073 0.030547217 0.020872489 0.010550890 -0.033655465 0.009094059 0.999336421
1341846328.198018 0.133838624 0.029449901 0.020692904 0.007737963 -0.034942567 0.004106567 0.999350905
1341846328.234044 0.133827895 0.028923081 0.020350007 0.009948781 -0.036488175 0.004230580 0.999275625
1341846328.265899 0.133970350 0.028727438 0.020283230 0.012622377 -0.038991980 0.004732438 0.999148607
1341846328.302051 0.133939758 0.027919400 0.020217206 0.013552066 -0.039099969 0.004161661 0.999134719
1341846328.333917 0.134040788 0.027256258 0.020003932 0.016735870 -0.039588816 0.006083347 0.999057353
1341846328.366008 0.134010479 0.026399415 0.020023208 0.021127477 -0.040255208 0.005019725 0.998953402
1341846328.402010 0.134284258 0.025705174 0.019652115 0.033780314 -0.040120274 0.008640957 0.998586297
1341846328.433920 0.134705007 0.025685700 0.018849837 0.038826767 -0.043056760 0.012394686 0.998240948
1341846328.470003 0.135029227 0.024364032 0.018109990 0.037062079 -0.043814860 0.002326414 0.998349249
1341846328.502194 0.134759188 0.022838293 0.019183815 0.038496673 -0.041964449 -0.004150597 0.998368561
1341846328.534033 0.134573668 0.020927921 0.019424802 0.037279375 -0.038830478 -0.007306284 0.998523414
1341846328.570125 0.134433672 0.019758234 0.018949550 0.037579440 -0.036788132 -0.009427259 0.998571754
1341846328.602804 0.133880913 0.018681144 0.019456856 0.042428203 -0.040197864 -0.007054003 0.998265624
1341846328.636433 0.133582458 0.017655352 0.019061225 0.046474297 -0.047204453 -0.008013959 0.997771323
1341846328.672663 0.133980304 0.017042520 0.019061852 0.051395569 -0.054612424 -0.008412994 0.997148514
1341846328.702975 0.134322688 0.015621849 0.018852709 0.051969878 -0.059231885 -0.006853962 0.996866941
1341846328.738215 0.134544894 0.014648638 0.018804461 0.056482591 -0.061754968 -0.009203784 0.996449351
1341846328.770129 0.134468049 0.014257879 0.018588560 0.060776904 -0.062608637 -0.010615965 0.996129334
1341846328.802331 0.134487823 0.013562700 0.018470434 0.060971517 -0.065752208 -0.009955009 0.995921671
1341846328.838051 0.134730339 0.012791069 0.018278565 0.064693466 -0.068500951 -0.011954149 0.995479524
1341846328.869939 0.134934127 0.012872814 0.018037166 0.064984024 -0.070277430 -0.011825155 0.995338321
1341846328.904486 0.134383813 0.009933991 0.017626412 0.059271157 -0.070775971 -0.016272908 0.995596766
1341846328.939814 0.134900853 0.009991765 0.018013822 0.060971566 -0.075633779 -0.013731816 0.995175064
1341846328.970217 0.134956837 0.009983405 0.017890014 0.065059327 -0.077767909 -0.010077234 0.994795382
1341846329.006232 0.135004804 0.009387875 0.017535016 0.065317094 -0.080143973 -0.005976844 0.994623005
1341846329.038243 0.135244474 0.008727700 0.017598832 0.068886623 -0.081723765 -0.004772457 0.994260073
1341846329.072238 0.135418221 0.008924235 0.017188417 0.073642902 -0.081543520 -0.004247187 0.993936300
1341846329.106125 0.135328636 0.008638920 0.017153842 0.072753474 -0.081973881 -0.005755700 0.993958771
1341846329.138340 0.134790897 0.006817140 0.016516870 0.072579525 -0.082051188 -0.008895763 0.993941963
1341846329.169991 0.135168940 0.006357668 0.016478118 0.074705929 -0.082987435 -0.009799195 0.993698239
1341846329.208656 0.135483414 0.007277592 0.016741201 0.076006055 -0.084746584 -0.010107950 0.993448019
1341846329.238169 0.135676757 0.007359420 0.016669575 0.076015644 -0.086348370 -0.009556624 0.993314743
1341846329.273827 0.135585636 0.006725927 0.016697044 0.073795587 -0.087037995 -0.009351704 0.993423939
1341846329.306052 0.135615036 0.006690167 0.016358821 0.074602693 -0.089304514 -0.010335399 0.993152738
1341846329.338104 0.135866374 0.006805003 0.016381443 0.071866699 -0.091408357 -0.011981443 0.993144572
1341846329.373907 0.135660917 0.005783261 0.016431611 0.067451455 -0.091669232 -0.014348567 0.993398786
1341846329.405985 0.135779768 0.005351554 0.016223997 0.068450980 -0.093374282 -0.016536588 0.993137598
1341846329.442057 0.135888696 0.005250940 0.016142568 0.068498202 -0.094124906 -0.019697519 0.993005812
1341846329.473950 0.135445192 0.003283945 0.015643550 0.066642113 -0.093846343 -0.027221249 0.992980719
1341846329.506147 0.135736078 0.004198187 0.015577530 0.067743413 -0.096394002 -0.029195618 0.992605984
1341846329.542121 0.135508969 0.003790964 0.015386185 0.066004522 -0.098685205 -0.030389188 0.992462158
1341846329.574086 0.135775849 0.002866390 0.015459836 0.067216717 -0.102015764 -0.030394290 0.992043793
1341846329.606387 0.135770544 0.002954748 0.015452900 0.070432872 -0.102629371 -0.031338129 0.991727948
1341846329.641955 0.135556370 0.002812312 0.015152656 0.070370957 -0.103186607 -0.031305462 0.991675556
1341846329.681570 0.135490358 0.002271189 0.015160584 0.069160193 -0.106090613 -0.031279560 0.991455138
1341846329.748113 0.135741845 0.002074853 0.015111848 0.071751706 -0.106578425 -0.034072563 0.991126537
1341846329.774077 0.135777533 0.001539022 0.015198489 0.069201708 -0.105014786 -0.031013625 0.991575122
1341846329.810175 0.135571510 0.001247388 0.015185143 0.069365107 -0.103204496 -0.028871724 0.991818428
1341846329.842255 0.135380507 0.000858744 0.015042352 0.070542261 -0.102555923 -0.026242267 0.991875708
1341846329.874044 0.135235250 -0.000544667 0.014815413 0.071017265 -0.102840744 -0.022374539 0.991907120
1341846329.910073 0.135321096 -0.000369028 0.014538406 0.071363755 -0.103375003 -0.020341925 0.991870463
1341846329.942009 0.135332957 0.000360174 0.014701338 0.067546785 -0.103547662 -0.015416356 0.992208481
1341846329.978087 0.135344088 -0.000550181 0.014858962 0.064655252 -0.104354978 -0.013583259 0.992343307
1341846330.016305 0.135559320 -0.000236331 0.014641528 0.067311935 -0.103529334 -0.015769910 0.992220759
1341846330.048192 0.135406017 -0.000070703 0.014461243 0.063403614 -0.101788282 -0.014873004 0.992672086
1341846330.080418 0.135336444 -0.000847679 0.014381208 0.058687605 -0.101577729 -0.013731744 0.993000090
1341846330.115886 0.135375172 -0.001443610 0.014409567 0.061067183 -0.100225560 -0.012181520 0.993014216
1341846330.147839 0.135162920 -0.000862919 0.014089659 0.064130038 -0.099652559 -0.010655009 0.992896378
1341846330.181257 0.135306582 -0.000307115 0.014117070 0.059766382 -0.100633383 -0.008151911 0.993093371
1341846330.215852 0.135290399 -0.000872561 0.014231642 0.052756891 -0.099292718 -0.008827414 0.993619502
1341846330.247833 0.135105833 -0.001114221 0.014060628 0.051005948 -0.098423615 -0.010095356 0.993785322
1341846330.283913 0.135016829 -0.000418512 0.013619883 0.048386253 -0.098512314 -0.010489917 0.993903458
1341846330.316011 0.134778306 -0.001183089 0.014119247 0.041510448 -0.099197179 -0.010930858 0.994141519
1341846330.347868 0.134803489 -0.001610750 0.013943651 0.038887281 -0.101117864 -0.012016602 0.994041502
1341846330.383835 0.134945944 -0.001720808 0.014100561 0.037063170 -0.101813585 -0.011743683 0.994043469
1341846330.415934 0.134762123 -0.002383748 0.014247876 0.036116544 -0.100639261 -0.013731485 0.994172394
1341846330.452561 0.134602800 -0.002502474 0.013894856 0.038954291 -0.100850545 -0.014807233 0.994028389
1341846330.483903 0.134368002 -0.002174018 0.013760129 0.039451987 -0.102401830 -0.012623490 0.993880332
1341846330.515970 0.134340838 -0.002601624 0.013707423 0.037139472 -0.104500279 -0.009631509 0.993784487
1341846330.552099 0.134493843 -0.002780329 0.013556612 0.038044639 -0.106136449 -0.006845090 0.993599892
1341846330.583876 0.134493560 -0.002268894 0.013498178 0.038050782 -0.106597066 -0.006421218 0.993553221
1341846330.619992 0.134380728 -0.001652086 0.013268087 0.034380518 -0.107159011 -0.007741740 0.993617117
1341846330.652136 0.134443834 -0.001879670 0.013262244 0.027782308 -0.108582914 -0.009943482 0.993649304
1341846330.683796 0.134191215 -0.001983345 0.013133573 0.023469405 -0.107606441 -0.011366735 0.993851542
1341846330.719991 0.134042487 -0.002707628 0.012613708 0.019712219 -0.109573707 -0.010779785 0.993724704
1341846330.752103 0.133945912 -0.002831489 0.012602268 0.020911412 -0.113878459 -0.007279773 0.993247867
1341846330.787952 0.133531719 -0.002473091 0.012729739 0.022020897 -0.118032560 -0.003327392 0.992759943
1341846330.819823 0.134011835 -0.002569752 0.012723311 0.020956585 -0.124100789 -0.002406263 0.992045343
1341846330.852208 0.134084538 -0.002214410 0.012236194 0.020844532 -0.125479221 -0.000915020 0.991876841
1341846330.888445 0.133882955 -0.001590994 0.011906154 0.018154621 -0.126645744 -0.000792365 0.991781533
1341846330.914111 0.133846223 -0.001577846 0.011944460 0.012398826 -0.127328366 -0.003171179 0.991778076
1341846330.949903 0.133340850 -0.002281731 0.011931553 0.008592277 -0.127785131 -0.003933715 0.991756856
1341846330.981986 0.133241355 -0.002318419 0.011585667 0.008829124 -0.132505774 -0.002276179 0.991140306
1341846331.014111 0.133437663 -0.002188254 0.011229569 0.008151568 -0.136472613 -0.001929117 0.990608454
1341846331.082139 0.133334160 -0.002303699 0.011113030 0.010066447 -0.139381498 -0.004940146 0.990175247
1341846331.114334 0.133370265 -0.002023381 0.010858022 0.010214454 -0.141523078 -0.004744719 0.989870906
1341846331.149989 0.133429334 -0.002490938 0.011181422 0.009741425 -0.143011600 -0.005214991 0.989659309
1341846331.181954 0.133362517 -0.002479981 0.010859115 0.013076205 -0.143167391 -0.006191245 0.989592731
1341846331.218151 0.132987589 -0.001744207 0.010798206 0.013859083 -0.145813912 -0.005405910 0.989200175
1341846331.249914 0.133539006 -0.001990335 0.011466263 0.011091794 -0.148473755 -0.007257054 0.988827527
1341846331.282227 0.134173959 -0.002916664 0.011312177 0.015590895 -0.145063579 -0.008917307 0.989259303
1341846331.318141 0.133575752 -0.002314608 0.010690921 0.022137180 -0.138302103 -0.010346997 0.990088582
1341846331.349926 0.133821070 -0.002236493 0.010851885 0.021380046 -0.136041015 -0.011355474 0.990407348
1341846331.382003 0.135303736 -0.003336455 0.011706100 0.022352794 -0.132058024 -0.011014740 0.990928710
1341846331.418008 0.134502113 -0.002358597 0.012321826 0.031926055 -0.121658549 -0.011308135 0.991993964
1341846331.450327 0.134061933 -0.002206464 0.012096100 0.034430102 -0.115585662 -0.011602646 0.992632806
1341846331.486219 0.133830562 -0.002064807 0.012030783 0.034325227 -0.113079987 -0.010364957 0.992938697
1341846331.518344 0.134118974 -0.002115849 0.012372076 0.033264212 -0.112841122 -0.011683290 0.992987335
1341846331.550202 0.134258315 -0.002459084 0.012787126 0.035723660 -0.108518310 -0.013232312 0.993364215
1341846331.586139 0.133963838 -0.002006901 0.012811959 0.038130295 -0.106809132 -0.012054576 0.993475020
1341846331.617931 0.134166598 -0.001909375 0.013233125 0.037409835 -0.107158929 -0.011799484 0.993467748
1341846331.654027 0.134207115 -0.002165129 0.013508045 0.037759244 -0.104481831 -0.011825371 0.993739367
1341846331.686123 0.134081841 -0.001716058 0.013647058 0.040470507 -0.101752311 -0.009432151 0.993941486
1341846331.717954 0.134022310 -0.000969568 0.014286435 0.038230449 -0.102993943 -0.009436754 0.993902206
1341846331.754076 0.134347811 -0.001611201 0.015006490 0.034975424 -0.103185721 -0.010160387 0.993995070
1341846331.785920 0.134282947 -0.001671457 0.015428615 0.038145643 -0.100254983 -0.011013192 0.994169295
1341846331.818053 0.134061918 -0.001166522 0.015829347 0.039250899 -0.098181218 -0.011016262 0.994333148
1341846331.853849 0.134044960 -0.001735013 0.016311370 0.037213299 -0.098171003 -0.011783786 0.994403720
1341846331.885987 0.134272218 -0.001783071 0.016852684 0.040352400 -0.096295282 -0.013160512 0.994447410
1341846331.922014 0.134097338 -0.001483963 0.017265067 0.042883344 -0.092949711 -0.014243898 0.994644880
1341846331.954037 0.134276375 -0.001484879 0.017959962 0.042669736 -0.090859823 -0.013249263 0.994860888
1341846331.986135 0.134353504 -0.002022529 0.018911945 0.044379253 -0.085647590 -0.011015567 0.995275676
1341846332.022364 0.133358821 -0.002177446 0.018613202 0.050982907 -0.079593293 -0.011059443 0.995461345
1341846332.054175 0.133737013 -0.001885607 0.019211670 0.057287484 -0.080220267 -0.008155135 0.995096147
1341846332.086502 0.133809358 -0.001735055 0.019779630 0.060080055 -0.080599889 -0.005758741 0.994917512
1341846332.122051 0.133688867 -0.001509587 0.020184131 0.062383629 -0.079376549 -0.007145764 0.994865119
1341846332.153983 0.133104116 -0.001150541 0.020216251 0.060803529 -0.079457887 -0.009965159 0.994932175
1341846332.190165 0.132736489 -0.000995967 0.020721382 0.054994956 -0.080098055 -0.013171415 0.995181561
1341846332.222699 0.132683367 -0.001777663 0.021392597 0.051032446 -0.080637559 -0.014307303 0.995333374
1341846332.254145 0.132483572 -0.001841515 0.021772033 0.053995080 -0.079922892 -0.014863987 0.995226562
1341846332.289948 0.132339641 -0.001693459 0.022356670 0.055994708 -0.080347873 -0.012379961 0.995115817
1341846332.322172 0.132409275 -0.001769700 0.022684714 0.056298129 -0.081200704 -0.010013123 0.995056093
1341846332.354003 0.132663757 -0.001998341 0.023063365 0.058668956 -0.080148131 -0.011933393 0.994983315
1341846332.390180 0.132751822 -0.001443537 0.023341149 0.061451934 -0.075755879 -0.014279478 0.995128512
1341846332.422055 0.132489026 -0.001447319 0.023721447 0.059597600 -0.072775275 -0.018186208 0.995399952
1341846332.458114 0.132402793 -0.001604178 0.024215056 0.059436198 -0.070105411 -0.022869537 0.995504677
1341846332.489993 0.132142067 -0.001434490 0.024505768 0.060368937 -0.068320222 -0.020805083 0.995617926
1341846332.522130 0.131808147 -0.001258779 0.024661006 0.059437796 -0.071140654 -0.016555583 0.995556116
1341846332.558114 0.131863862 -0.001262838 0.025547113 0.058859162 -0.077394806 -0.008983639 0.995221019
1341846332.589874 0.132540584 -0.000900337 0.026728690 0.058572877 -0.081381351 -0.004005832 0.994952381
1341846332.621889 0.132561997 -0.000604574 0.026902951 0.054778766 -0.081029311 -0.003450273 0.995199323
1341846332.658202 0.132549182 -0.000871530 0.027161390 0.050222922 -0.080155224 -0.004979641 0.995503902
1341846332.690001 0.132602826 -0.000710410 0.027772229 0.048484329 -0.079543941 -0.003952768 0.995643735
1341846332.726000 0.132269785 -0.000856879 0.027906306 0.046813179 -0.079840079 -0.000602220 0.995707691
1341846332.758386 0.132546201 -0.000830935 0.028427640 0.047191806 -0.083335027 0.001539337 0.995402336
1341846332.789937 0.132847026 -0.000539329 0.028955268 0.047203261 -0.082729913 0.000032538 0.995453477
1341846332.825925 0.132959336 -0.000487975 0.029444400 0.045382787 -0.080909260 -0.000887616 0.995687366
1341846332.857898 0.132831991 -0.000586567 0.029889842 0.046220776 -0.079146333 -0.001930621 0.995789051
1341846332.894069 0.132942632 -0.000076609 0.030206544 0.046620250 -0.079577565 -0.001262587 0.995737076
1341846332.926029 0.133060694 0.000052195 0.030455889 0.043440022 -0.078906126 -0.003865343 0.995927632
1341846332.958015 0.133117348 0.000090038 0.030990295 0.040671162 -0.076669112 -0.006803093 0.996203482
1341846332.994073 0.133188665 0.000221074 0.031189656 0.038293216 -0.075639069 -0.008361939 0.996364594
1341846333.026545 0.133503094 0.000208933 0.031525217 0.035713494 -0.075461976 -0.010327414 0.996455431
1341846333.057998 0.133424759 0.000365856 0.032278728 0.035508733 -0.072254561 -0.012025379 0.996681392
1341846333.094024 0.133615717 0.000265514 0.032418050 0.035185836 -0.071657442 -0.006623328 0.996786475
1341846333.126095 0.133831486 0.000448289 0.032898564 0.035918683 -0.070704080 -0.003925239 0.996842682
1341846333.161973 0.133906946 0.000715465 0.033051785 0.035232320 -0.067738310 -0.003402445 0.997075021
1341846333.195660 0.133611530 0.000815372 0.032218318 0.033030897 -0.065016523 -0.001804663 0.997335672
1341846333.226331 0.134076074 0.000920093 0.033544112 0.031242277 -0.064749978 -0.002177021 0.997409940
1341846333.262056 0.134133995 0.001287514 0.033858337 0.029255340 -0.064363211 -0.003059341 0.997492909
1341846333.294147 0.134209156 0.001268056 0.034184046 0.026084501 -0.064889267 -0.004342584 0.997542024
1341846333.326100 0.134165823 0.001182655 0.034476880 0.023838867 -0.065406285 -0.006899097 0.997550070
1341846333.362100 0.134176522 0.001416939 0.034357049 0.020756271 -0.065942898 -0.009701979 0.997560322
1341846333.394119 0.134113580 0.001230986 0.034723543 0.017339204 -0.066314518 -0.009443342 0.997603416
1341846333.429974 0.134064794 0.001336581 0.034617711 0.016917670 -0.067955062 -0.009760968 0.997497201
1341846333.462115 0.133722723 0.000847549 0.033127852 0.015372696 -0.067290865 -0.012799033 0.997532845
1341846333.494040 0.133819237 0.000998155 0.033263575 0.017186010 -0.066968590 -0.013116717 0.997520804
1341846333.529953 0.134336665 0.000899665 0.033663284 0.017788025 -0.066175230 -0.012878887 0.997566342
1341846333.562063 0.134239942 0.001026967 0.033734832 0.018825360 -0.063634783 -0.010590276 0.997739494
1341846333.594090 0.134147570 0.001300947 0.033884011 0.017912187 -0.064634688 -0.009723332 0.997700870
1341846333.629994 0.133978337 0.001436625 0.033730060 0.014726405 -0.066170961 -0.011253182 0.997636139
1341846333.662127 0.134171754 0.001411154 0.033649091 0.011207603 -0.067974240 -0.012449834 0.997546434
1341846333.697964 0.134065941 0.001201843 0.033641364 0.009379530 -0.067350872 -0.011882514 0.997614503
1341846333.730092 0.134042010 0.000962045 0.033588305 0.011193021 -0.066925794 -0.010876338 0.997635901
1341846333.762089 0.133929327 0.001457177 0.034652919 0.013339316 -0.065961398 -0.008568970 0.997696221
1341846333.798006 0.133947626 0.001358089 0.034339856 0.015375796 -0.065302745 -0.009751840 0.997699380
1341846333.830055 0.134160995 0.001078462 0.034200445 0.016679848 -0.064713694 -0.011547527 0.997697651
1341846333.866045 0.133873746 0.001335679 0.034094606 0.019141514 -0.062768184 -0.012901134 0.997761190
1341846333.897987 0.133502439 0.001118389 0.032273822 0.020887705 -0.062920593 -0.013226395 0.997712255
1341846333.930099 0.133484066 0.000872856 0.032115377 0.023126053 -0.062076207 -0.014672665 0.997695565
1341846333.965889 0.133853436 0.001210923 0.033514045 0.026202079 -0.061726648 -0.013470372 0.997658134
1341846333.997985 0.134050548 0.000936915 0.033169888 0.028533934 -0.061364062 -0.014058024 0.997608423
1341846334.030076 0.133833990 0.001043834 0.032821026 0.031747214 -0.059432153 -0.012771218 0.997645676
1341846334.066000 0.133542329 0.000940111 0.032543760 0.032915935 -0.058889639 -0.011008404 0.997660935
1341846334.097932 0.133787632 0.000896992 0.032221276 0.035033260 -0.059708126 -0.011231904 0.997537673
1341846334.133884 0.133651704 0.000834664 0.031823717 0.036011867 -0.058495484 -0.010715594 0.997580349
1341846334.166115 0.133584395 0.001047144 0.031616520 0.036964275 -0.060027882 -0.009440010 0.997467399
1341846334.198072 0.133361608 0.000852793 0.031208588 0.036833573 -0.060758907 -0.011170731 0.997410059
1341846334.234097 0.133558467 0.000899013 0.030964375 0.037540257 -0.060751311 -0.012247347 0.997371554
1341846334.266045 0.133430511 0.000850264 0.030713322 0.037453916 -0.059233576 -0.011387627 0.997476280
1341846334.297946 0.132998392 0.000916640 0.030390318 0.039097901 -0.059650578 -0.010683461 0.997396111
1341846334.334036 0.133299679 0.000967497 0.030054368 0.039031014 -0.062352061 -0.009536249 0.997245133
1341846334.365871 0.133272976 0.001136883 0.029677281 0.039267156 -0.061891265 -0.011473877 0.997244179
1341846334.401845 0.133077830 0.001021880 0.029510921 0.037805002 -0.060780119 -0.012841089 0.997352302
1341846334.433864 0.132824406 0.000814384 0.029233098 0.037371371 -0.061331317 -0.012555393 0.997338533
1341846334.466105 0.132893935 0.000994090 0.028870974 0.038131040 -0.063222818 -0.011081816 0.997209132
1341846334.502142 0.132870182 0.000821110 0.027396506 0.036414545 -0.064585827 -0.010941982 0.997187495
1341846334.540153 0.132745594 0.000780375 0.027125299 0.036103532 -0.065264575 -0.012586361 0.997135222
1341846334.566584 0.132587597 0.001049322 0.026477493 0.035463516 -0.065938868 -0.015728272 0.997069240
1341846334.602351 0.132285893 0.001248884 0.026411021 0.032715935 -0.068076581 -0.019881414 0.996945322
1341846334.634069 0.132432297 0.001087551 0.026038056 0.029498475 -0.070477873 -0.025053676 0.996762276
1341846334.670161 0.132024020 0.000903462 0.025422271 0.027218502 -0.070791155 -0.027376045 0.996743858
1341846334.702085 0.131742880 0.000713154 0.025042383 0.025237253 -0.072492495 -0.026817419 0.996688902
1341846334.734751 0.132092521 0.000654455 0.024748450 0.025594668 -0.075036943 -0.025688738 0.996521175
1341846334.770889 0.131743819 0.001101691 0.025209518 0.026122749 -0.076079287 -0.023007644 0.996493936
1341846334.802194 0.131629214 0.001169687 0.024576182 0.025294874 -0.078191295 -0.021818273 0.996378541
1341846334.833908 0.131787986 0.001190033 0.024364792 0.025048744 -0.080312245 -0.023646269 0.996174335
1341846334.869874 0.131644264 0.001276661 0.023971407 0.023624660 -0.080166690 -0.024167594 0.996208370
1341846334.902006 0.131539837 0.001228265 0.023279315 0.021825867 -0.081596546 -0.023353733 0.996152699
1341846334.938010 0.131462917 0.001321744 0.023087360 0.021749282 -0.084368460 -0.024095761 0.995905817
1341846334.970032 0.131962910 0.000715720 0.021773243 0.020526560 -0.086496919 -0.025129860 0.995723546
1341846335.002203 0.131845012 0.000561435 0.021450698 0.021635137 -0.086140431 -0.023464259 0.995771646
1341846335.037880 0.131470233 0.000913614 0.021406053 0.024541007 -0.088641398 -0.020755235 0.995544910
1341846335.069990 0.131775573 0.001058756 0.021115961 0.024942944 -0.092165112 -0.020849355 0.995212913
1341846335.106038 0.131971121 0.000910432 0.020747351 0.024987131 -0.091498040 -0.022072095 0.995247006
1341846335.138045 0.131697848 0.000863960 0.020463411 0.026720740 -0.090171196 -0.022987306 0.995302320
1341846335.169900 0.131701156 0.001110957 0.019692859 0.027261205 -0.092615373 -0.022524169 0.995073855
1341846335.206091 0.131971732 0.001049119 0.019312043 0.026411396 -0.094975874 -0.024833953 0.994819224
1341846335.239365 0.131975293 0.000862018 0.019274481 0.026219664 -0.094053686 -0.027090326 0.994853079
1341846335.269948 0.131941497 0.000714802 0.018448345 0.027723836 -0.092426315 -0.028418463 0.994927764
1341846335.305972 0.131489635 0.000684830 0.018239021 0.029567976 -0.093094103 -0.028194323 0.994818747
1341846335.338012 0.131678060 0.000763477 0.018171506 0.031067703 -0.095233247 -0.025979457 0.994630814
1341846335.374005 0.132122323 0.000134471 0.017949058 0.033861376 -0.095183164 -0.024545651 0.994580865
1341846335.406025 0.131902307 -0.000020159 0.017342942 0.040558252 -0.091712847 -0.023085596 0.994691312
1341846335.438079 0.132040516 0.000336068 0.016718930 0.046048168 -0.091289788 -0.018930463 0.994579017
1341846335.473998 0.132202327 0.000578695 0.016245425 0.048548654 -0.089863859 -0.017142611 0.994622350
1341846335.507038 0.132060409 0.000824856 0.015213024 0.049998522 -0.087419026 -0.018815434 0.994738162
1341846335.538040 0.131846920 0.001142703 0.015075524 0.050067890 -0.084801339 -0.020664031 0.994924605
1341846335.574119 0.131683379 0.001334814 0.014726589 0.047905043 -0.084489219 -0.020676220 0.995057344
1341846335.605970 0.131814793 0.001087570 0.014345932 0.045850698 -0.085366398 -0.021137083 0.995069623
1341846335.641978 0.132387862 0.001087194 0.014238063 0.047397953 -0.084798612 -0.023481365 0.994993150
1341846335.673993 0.132265419 0.001317560 0.013843267 0.047666173 -0.083919890 -0.023844449 0.995046139
1341846335.706178 0.132193252 0.001240232 0.013301441 0.046879586 -0.085088775 -0.023353972 0.994995892
1341846335.741982 0.132372677 0.001136082 0.013070178 0.047120769 -0.085675523 -0.023664890 0.994926810
1341846335.773960 0.132381350 0.001391354 0.012452726 0.047671638 -0.084956706 -0.024228515 0.994948626
1341846335.806271 0.132447720 0.001631710 0.011909247 0.046031278 -0.085516594 -0.024345621 0.994975030
1341846335.842031 0.132502958 0.001341263 0.011733004 0.043352418 -0.084946483 -0.024155889 0.995148838
1341846335.873966 0.132624775 0.001335712 0.011127341 0.044472776 -0.083455101 -0.025046388 0.995203555
1341846335.910005 0.132234022 0.001680265 0.010638599 0.044505488 -0.082583293 -0.023565814 0.995310962
1341846335.941936 0.132224917 0.001646136 0.010211793 0.043118127 -0.084713705 -0.022395981 0.995220006
1341846335.974198 0.132305846 0.001672848 0.009979048 0.043133941 -0.085772321 -0.024566857 0.995077431
1341846336.010032 0.132235512 0.001753473 0.009511638 0.043233592 -0.085419051 -0.026282944 0.995059609
1341846336.042129 0.132042080 0.001822103 0.008919847 0.042304803 -0.086407632 -0.026643327 0.995004594
1341846336.078076 0.132008970 0.001760697 0.008560492 0.042203676 -0.088176399 -0.027460955 0.994831502
1341846336.110739 0.132025525 0.001767860 0.008419991 0.042902403 -0.088675559 -0.028637905 0.994724035
1341846336.142002 0.131937578 0.001724273 0.007656122 0.042540342 -0.088484228 -0.027842967 0.994779170
1341846336.183953 0.131899953 0.001988437 0.007356024 0.042222340 -0.091269001 -0.026690921 0.994572699
1341846336.210112 0.131958365 0.002025230 0.007322330 0.040786289 -0.093123809 -0.026487121 0.994466126
1341846336.241891 0.131985009 0.001952108 0.007092824 0.040032901 -0.092356235 -0.026859596 0.994558334
1341846336.277946 0.131601557 0.001802191 0.006800137 0.040430028 -0.091337599 -0.025771072 0.994665146
1341846336.309977 0.131558865 0.001675327 0.006224386 0.042380720 -0.093744382 -0.022748187 0.994433701
1341846336.346143 0.131764874 0.001885357 0.005810230 0.044179801 -0.095535368 -0.020780796 0.994227946
1341846336.377975 0.131795660 0.001968860 0.005259087 0.045057762 -0.095281295 -0.021253293 0.994202971
1341846336.410032 0.131746605 0.002000045 0.004655383 0.046001431 -0.094423689 -0.021749204 0.994230866
1341846336.446041 0.131792232 0.002302756 0.004221080 0.045920510 -0.095059812 -0.021521375 0.994178951
1341846336.477990 0.131878421 0.002214436 0.003900883 0.044735860 -0.095134243 -0.021874191 0.994218111
1341846336.510056 0.131759688 0.002089580 0.003806744 0.044957463 -0.094408311 -0.021560812 0.994284153
1341846336.546024 0.131778255 0.002044906 0.003333853 0.045579564 -0.094374590 -0.019665631 0.994298339
1341846336.578003 0.131696835 0.002487664 0.003000709 0.046019055 -0.094545700 -0.018345786 0.994287074
1341846336.614020 0.132028997 0.002460833 0.002985864 0.045045629 -0.094738245 -0.018283745 0.994314432
1341846336.645982 0.131730080 0.002707483 0.002677143 0.044592533 -0.092664026 -0.019822484 0.994500875
1341846336.678036 0.131340906 0.002569935 0.002317621 0.042557117 -0.093621515 -0.019700194 0.994502783
1341846336.714024 0.131137863 0.002302809 0.002664515 0.043795031 -0.095961429 -0.020112647 0.994217753
1341846336.746016 0.130816326 0.002120916 0.002341125 0.046999555 -0.097730309 -0.017962774 0.993940234
1341846336.778014 0.131209835 0.002384340 0.000954788 0.049559914 -0.101830021 -0.014909218 0.993454695
1341846336.820006 0.131158337 0.002750787 0.001126590 0.050255697 -0.105861783 -0.011764382 0.993040442
1341846336.845952 0.131271020 0.002465653 0.001330639 0.050654106 -0.107463621 -0.013568426 0.992825091
1341846336.882056 0.131334350 0.002688455 0.000631869 0.053058401 -0.108017519 -0.013758929 0.992636740
1341846336.914273 0.130851984 0.002179544 0.000819119 0.054292470 -0.111761563 -0.012437776 0.992172837
1341846336.945998 0.131238222 0.002040050 0.000422885 0.060073540 -0.119141191 -0.009032448 0.991017163
1341846336.981980 0.131359920 0.002949488 -0.000281637 0.064043157 -0.123095669 -0.010089576 0.990274787
1341846337.014238 0.131591633 0.003436039 -0.000715541 0.061664987 -0.126224548 -0.011467482 0.990016818
1341846337.046017 0.131216735 0.003178269 0.000055172 0.059228979 -0.127343789 -0.016134514 0.989957154
1341846337.082104 0.131108239 0.003246529 -0.000526124 0.059037052 -0.127245471 -0.020075863 0.989909172
1341846337.114317 0.130855054 0.003163101 -0.000599666 0.057102997 -0.128871873 -0.020831123 0.989796638
1341846337.150037 0.130917072 0.003215158 -0.000472233 0.055736482 -0.130999997 -0.021914609 0.989571691
1341846337.181873 0.131091312 0.003083395 -0.000537163 0.055236682 -0.131100073 -0.025155574 0.989509404
1341846337.214073 0.131044790 0.003599111 -0.000754719 0.054025345 -0.129355997 -0.027198780 0.989751756
1341846337.250087 0.130371481 0.002959206 -0.001224170 0.050253194 -0.129806489 -0.027201321 0.989891410
1341846337.282028 0.130586565 0.003020921 -0.001295800 0.051031072 -0.134266600 -0.023790449 0.989344418
1341846337.317920 0.130676210 0.003282806 -0.002053609 0.050620362 -0.135933489 -0.023197873 0.989151895
1341846337.350018 0.130730182 0.003601689 -0.002749751 0.049437582 -0.134879917 -0.023668958 0.989344776
1341846337.382159 0.130844727 0.003246851 -0.002310513 0.046444561 -0.135089859 -0.025832791 0.989407003
1341846337.417941 0.130346447 0.002889326 -0.002675863 0.046914019 -0.133432239 -0.026248991 0.989598870
1341846337.450137 0.130465060 0.003337157 -0.002992869 0.047886137 -0.135436118 -0.025018465 0.989311874
1341846337.482096 0.130618230 0.003192649 -0.002799265 0.046151228 -0.135988653 -0.024549870 0.989330292
1341846337.518008 0.130664185 0.002888057 -0.003116915 0.046549484 -0.136270180 -0.024042754 0.989285350
1341846337.549978 0.130536109 0.003492735 -0.002953758 0.047830511 -0.137041688 -0.025486872 0.989081502
1341846337.585971 0.130667031 0.003275990 -0.003232988 0.044632286 -0.137511358 -0.026285399 0.989144921
1341846337.617903 0.130649894 0.002420340 -0.002810514 0.044951867 -0.138249174 -0.026180895 0.989030361
1341846337.650141 0.130798206 0.003072643 -0.003245698 0.048231542 -0.138573393 -0.026647601 0.988817990
1341846337.686352 0.130697414 0.003431312 -0.003009856 0.046927121 -0.138273850 -0.026177214 0.988935232
1341846337.718002 0.130738154 0.003149470 -0.002786862 0.044540975 -0.137847602 -0.026092717 0.989107311
1341846337.749920 0.130823970 0.003243309 -0.002587886 0.044526171 -0.136039197 -0.026815455 0.989338994
1341846337.786157 0.130989835 0.003671642 -0.002601390 0.042071920 -0.133381039 -0.026405407 0.989819288
1341846337.817945 0.130787060 0.003299903 -0.002109128 0.039247785 -0.130988494 -0.025407905 0.990280807
1341846337.854071 0.131304264 0.003575810 -0.002214615 0.038422741 -0.128489852 -0.025507633 0.990637898
1341846337.885951 0.131040335 0.004028600 -0.001836003 0.036182936 -0.125608608 -0.027263291 0.991044879
1341846337.918223 0.131270662 0.004055926 -0.001561562 0.032160912 -0.124413386 -0.030257743 0.991247416
1341846337.954120 0.131162047 0.003901683 -0.001488183 0.029809512 -0.122473136 -0.032012995 0.991507411
1341846337.985994 0.131333247 0.004380817 -0.001361708 0.027647780 -0.121620074 -0.031907510 0.991678417
1341846338.018107 0.131134108 0.004166012 -0.000761779 0.023945179 -0.120004579 -0.030717697 0.992009044
1341846338.054055 0.131303638 0.004393300 -0.000588422 0.021905385 -0.118565880 -0.031551704 0.992202997
1341846338.085986 0.131325498 0.004291072 -0.000155163 0.018377870 -0.115523517 -0.032037660 0.992617846
1341846338.121875 0.131144002 0.004140073 0.000311962 0.016539922 -0.113064751 -0.031137144 0.992961884
1341846338.154089 0.131183490 0.004179604 0.000352299 0.015423721 -0.112348199 -0.027809003 0.993159950
1341846338.186029 0.131176174 0.004232749 0.000934618 0.013997608 -0.113044277 -0.025084231 0.993174613
1341846338.222071 0.131357670 0.004403696 0.001412319 0.013167365 -0.112230688 -0.025470339 0.993268430
1341846338.254107 0.131387919 0.004362448 0.001872343 0.011364250 -0.110388778 -0.025546515 0.993495107
1341846338.290130 0.131404027 0.004060708 0.002064676 0.011008385 -0.110549197 -0.023549778 0.993530631
1341846338.321952 0.131522387 0.004355169 0.002596494 0.011399706 -0.110173009 -0.021208396 0.993620694
1341846338.354022 0.131388307 0.004242674 0.002543723 0.010323343 -0.109098218 -0.021409506 0.993746758
1341846338.389969 0.131337285 0.004542189 0.002859554 0.010582145 -0.108213134 -0.021213129 0.993845046
1341846338.422377 0.131115332 0.004437744 0.003470704 0.008524708 -0.107090935 -0.021578256 0.993978500
1341846338.454010 0.131295189 0.004381918 0.003836477 0.007379347 -0.108006440 -0.022014959 0.993879020
1341846338.489894 0.131411403 0.004270148 0.004169624 0.005470424 -0.108707093 -0.021839468 0.993818820
1341846338.522066 0.131394729 0.004187873 0.005019991 0.006224852 -0.108471148 -0.021956436 0.993837595
1341846338.558058 0.131265372 0.004486059 0.005300673 0.006204349 -0.108049124 -0.023223983 0.993854880
1341846338.589842 0.131381601 0.004340306 0.005953249 0.003549518 -0.108958289 -0.023216959 0.993768811
1341846338.622019 0.131516412 0.004069626 0.006214760 0.003711381 -0.108302265 -0.021792158 0.993872225
1341846338.657984 0.131299764 0.004480409 0.006594968 0.004896255 -0.107890405 -0.020623082 0.993936777
1341846338.690198 0.131503165 0.004638825 0.006849284 0.003104675 -0.108981520 -0.020883897 0.993819535
1341846338.722454 0.131662816 0.004244244 0.007458683 0.001585936 -0.108170815 -0.020548826 0.993918717
1341846338.757945 0.131299779 0.004551514 0.007465355 0.002265850 -0.107158363 -0.018917536 0.994059443
1341846338.790039 0.131482929 0.004553457 0.008071711 0.000009867 -0.109605446 -0.018455738 0.993803859
1341846338.826048 0.131821558 0.004227766 0.008556378 -0.000200848 -0.109574631 -0.018910728 0.993798673
1341846338.858027 0.131496087 0.004595244 0.008725887 0.000613142 -0.106890954 -0.020903505 0.994050801
1341846338.889902 0.131587029 0.004510313 0.009229984 -0.002489157 -0.108270288 -0.021007696 0.993896425
1341846338.925948 0.131941438 0.004308329 0.009861231 -0.003368332 -0.108478494 -0.022270380 0.993843615
1341846338.958108 0.131799802 0.004594055 0.010386148 -0.001938909 -0.106345363 -0.023765879 0.994043350
1341846338.990057 0.131759554 0.004290125 0.010866615 -0.002501139 -0.106279299 -0.023542730 0.994054437
1341846339.025928 0.131747589 0.004252283 0.011844080 -0.000290889 -0.105255909 -0.023098163 0.994176805
1341846339.057939 0.131689951 0.004446318 0.011938590 0.002790682 -0.102846362 -0.022107452 0.994447649
1341846339.093927 0.131220728 0.005036386 0.012436885 0.002975539 -0.101943426 -0.022084573 0.994540572
1341846339.126562 0.131749883 0.005004008 0.012583179 -0.000870695 -0.104321241 -0.022089150 0.994297922
1341846339.157969 0.131903127 0.005072428 0.013417877 -0.002420065 -0.101706490 -0.024835126 0.994501472
1341846339.194113 0.131546348 0.005178342 0.013665006 -0.004632922 -0.099808544 -0.023852250 0.994709909
1341846339.228165 0.131637394 0.005532542 0.014032744 -0.007318472 -0.101899013 -0.022193907 0.994520187
1341846339.257998 0.131975085 0.005246144 0.014245883 -0.010985721 -0.102041252 -0.022122415 0.994473517
1341846339.294132 0.131932557 0.005471067 0.015410210 -0.010393344 -0.099545620 -0.021731839 0.994741380
1341846339.326577 0.131553754 0.005757603 0.015075440 -0.013719491 -0.100035042 -0.020393806 0.994680285
1341846339.362269 0.131998777 0.005636182 0.016103856 -0.018786736 -0.103461698 -0.020756306 0.994239390
1341846339.394725 0.132126883 0.005843352 0.016768312 -0.018400170 -0.101620898 -0.022705795 0.994393826
1341846339.426160 0.131984800 0.005909206 0.017082447 -0.020487517 -0.101019427 -0.021855259 0.994433343
1341846339.462186 0.132200196 0.005896837 0.017739987 -0.022023339 -0.102535091 -0.022156691 0.994238734
1341846339.496743 0.132684171 0.005712985 0.017880978 -0.019175272 -0.099828728 -0.025088737 0.994503438
1341846339.530143 0.132376924 0.006055605 0.018479627 -0.016982449 -0.095414333 -0.025378227 0.994969130
1341846339.562052 0.132342935 0.005792383 0.018521769 -0.017555607 -0.095962450 -0.022773137 0.994969547
1341846339.595122 0.132875189 0.005299040 0.019078411 -0.017461058 -0.096840262 -0.020941302 0.994926393
1341846339.632085 0.133012921 0.005502821 0.019564755 -0.014861701 -0.093611032 -0.023010826 0.995231926
1341846339.664568 0.133003011 0.005419829 0.019992845 -0.014491163 -0.090669848 -0.024734264 0.995468318
1341846339.698896 0.132851169 0.005360100 0.020487929 -0.014552669 -0.089153856 -0.025938850 0.995573699
1341846339.731977 0.133046031 0.005283345 0.020595485 -0.014278653 -0.089457504 -0.026827402 0.995526850
1341846339.762241 0.133317202 0.005042514 0.021085350 -0.014563138 -0.089041673 -0.026779849 0.995561302
1341846339.797873 0.133155718 0.004973706 0.021236533 -0.014306535 -0.087342471 -0.026816767 0.995714545
1341846339.830245 0.133256599 0.005015032 0.021842273 -0.014718568 -0.087945193 -0.026534863 0.995663047
1341846339.862015 0.133255914 0.005072478 0.022158094 -0.014792535 -0.087678254 -0.027224693 0.995666862
1341846339.897797 0.133391723 0.004999541 0.022297965 -0.016099481 -0.087008923 -0.027048195 0.995710135
1341846339.929916 0.133409530 0.004765312 0.022659726 -0.016883798 -0.085726127 -0.026348669 0.995827198
1341846339.961960 0.133382544 0.004667969 0.023104321 -0.016144995 -0.086416028 -0.024580954 0.995824993
1341846339.997845 0.133713946 0.004589030 0.023362800 -0.014956415 -0.086225688 -0.023628328 0.995883107
1341846340.029925 0.133636400 0.004680012 0.023893243 -0.013601346 -0.083317623 -0.023194166 0.996160209
1341846340.066044 0.133748591 0.004487683 0.023828646 -0.012453735 -0.082175136 -0.021162625 0.996315360
1341846340.098009 0.133835658 0.004620409 0.024009950 -0.010991556 -0.081762910 -0.020417670 0.996381998
1341846340.130102 0.133841336 0.004616333 0.024317715 -0.011735332 -0.081975281 -0.020748230 0.996349275
1341846340.166041 0.134152055 0.004538312 0.024613928 -0.010688818 -0.080460444 -0.022401992 0.996448696
1341846340.197867 0.133886680 0.004725867 0.024985045 -0.008520155 -0.076896071 -0.024575666 0.996699750
1341846340.229904 0.133923188 0.004873897 0.025288614 -0.009566408 -0.077168211 -0.023880064 0.996686161
1341846340.265859 0.133902982 0.004638970 0.025784744 -0.010712671 -0.076093793 -0.024392581 0.996744692
1341846340.298061 0.134153813 0.004544021 0.026208995 -0.008685315 -0.074787050 -0.023878299 0.996875763
1341846340.334063 0.134069234 0.004836485 0.026532358 -0.008924610 -0.075332955 -0.022466481 0.996865392
1341846340.366064 0.134210944 0.004599590 0.026644632 -0.011468144 -0.077563703 -0.022330640 0.996671319
1341846340.397995 0.134333968 0.004400374 0.026765894 -0.009977872 -0.077326812 -0.022498233 0.996702015
1341846340.433895 0.134295285 0.004546354 0.027017560 -0.009287506 -0.077434801 -0.021507958 0.996722102
1341846340.465959 0.134122893 0.004590879 0.027250310 -0.008428125 -0.079035491 -0.020448362 0.996626437
1341846340.501858 0.134424776 0.004517097 0.027098505 -0.008092721 -0.082959063 -0.020277904 0.996313751
1341846340.534329 0.134700045 0.004394719 0.027131950 -0.007991353 -0.084965661 -0.020579508 0.996139288
1341846340.566041 0.134838983 0.004292296 0.027374476 -0.006911189 -0.086213931 -0.019380212 0.996064186
1341846340.601909 0.134954825 0.004303575 0.027232766 -0.004250914 -0.086590759 -0.019085359 0.996052027
1341846340.634005 0.135127291 0.004408317 0.027452184 -0.002967162 -0.087673873 -0.020063201 0.995942771
1341846340.666028 0.135346130 0.004309742 0.027189471 -0.003481916 -0.087531909 -0.021724354 0.995918691
1341846340.701946 0.135514453 0.004267318 0.027208554 -0.001079766 -0.086433001 -0.024089444 0.995965779
1341846340.733954 0.135604918 0.004381897 0.027386317 0.000367615 -0.085119858 -0.025213042 0.996051610
1341846340.770081 0.135553628 0.004379184 0.027241046 -0.000298261 -0.084280483 -0.027958658 0.996049702
1341846340.801980 0.135841340 0.004338178 0.027044727 0.000049339 -0.083753221 -0.032714728 0.995949328
1341846340.833999 0.135870337 0.004460406 0.027103813 0.000552851 -0.081480950 -0.037177112 0.995981097
1341846340.870013 0.135767803 0.004542792 0.027171634 -0.000297671 -0.081163242 -0.038390175 0.995961189
1341846340.901955 0.135846511 0.004464254 0.027002046 0.000662187 -0.081431195 -0.039062478 0.995912969
1341846340.933918 0.135842800 0.004441701 0.026887612 0.002226423 -0.081965126 -0.036602981 0.995960295
1341846340.970122 0.135700136 0.004552084 0.026877685 0.003393099 -0.084486775 -0.031837232 0.995910048
1341846341.001922 0.135670081 0.004343900 0.026865110 0.003588042 -0.088663153 -0.026717450 0.995696843
1341846341.037923 0.135894835 0.004439087 0.026451169 0.004535975 -0.091552742 -0.023711232 0.995507538
1341846341.070300 0.135922581 0.004336685 0.026413582 0.004800243 -0.092591643 -0.023281218 0.995420396
1341846341.102028 0.135710567 0.004369334 0.026422624 0.004788910 -0.093371883 -0.023612374 0.995339751
1341846341.137982 0.135833681 0.004332311 0.026145091 0.004641357 -0.095440477 -0.023260633 0.995152533
1341846341.170048 0.136021718 0.004180859 0.026132556 0.004685405 -0.096193314 -0.022181911 0.995104432
1341846341.202110 0.135931328 0.004207392 0.026016932 0.006167140 -0.096170910 -0.020878348 0.995126724
1341846341.237996 0.135972619 0.004265524 0.025893711 0.008126277 -0.096089192 -0.020058354 0.995137453
1341846341.269883 0.135925516 0.004162663 0.025800902 0.008768823 -0.095666692 -0.019241791 0.995188773
1341846341.306107 0.135942549 0.004202327 0.025756476 0.009725576 -0.096405268 -0.020120621 0.995091259
1341846341.338109 0.135919601 0.004228160 0.025715783 0.010857032 -0.095737904 -0.022015164 0.995103896
1341846341.370120 0.135981157 0.004174247 0.025751740 0.011489172 -0.094834961 -0.024095984 0.995135009
1341846341.406074 0.135819837 0.004104786 0.025574978 0.011162726 -0.093979210 -0.024777949 0.995203197
1341846341.438113 0.135719433 0.004015024 0.025655489 0.012613011 -0.095493361 -0.025177609 0.995031655
1341846341.470024 0.135826260 0.003997311 0.025520178 0.015423184 -0.096110746 -0.026562059 0.994896650
1341846341.506077 0.135750830 0.004275966 0.025482310 0.015748831 -0.095195413 -0.026916377 0.994970024
1341846341.538156 0.135576591 0.004144371 0.025516678 0.014643195 -0.096349731 -0.027462661 0.994860828
1341846341.574016 0.135758072 0.004132599 0.025316019 0.015468930 -0.098821014 -0.026694443 0.994626820
1341846341.612466 0.135806501 0.004100606 0.025114434 0.015395663 -0.099684618 -0.025724018 0.994567335
1341846341.643972 0.135756478 0.004167235 0.024967676 0.014534609 -0.100927487 -0.027085338 0.994418800
1341846341.679982 0.135827407 0.004179273 0.024879014 0.014358358 -0.102698483 -0.026317194 0.994260669
1341846341.712332 0.135799348 0.004222750 0.024585120 0.014817521 -0.104588345 -0.023572082 0.994125783
1341846341.744185 0.135499448 0.004161665 0.024780706 0.014996510 -0.105851993 -0.022139108 0.994022310
1341846341.780061 0.135577202 0.004229848 0.024786588 0.015570004 -0.106576040 -0.020648342 0.993968189
1341846341.812163 0.135600820 0.004047018 0.024657276 0.015102986 -0.107478097 -0.018551799 0.993919611
1341846341.842595 0.135813594 0.003894654 0.024714619 0.016555836 -0.108554646 -0.015020547 0.993839145
1341846341.875779 0.135709912 0.003913426 0.024445200 0.018060895 -0.108164661 -0.011986888 0.993896663
1341846341.906227 0.135808259 0.003788678 0.024633415 0.019473480 -0.109213397 -0.009625804 0.993780911
1341846341.942069 0.135929734 0.003490509 0.024298485 0.021925302 -0.109378561 -0.007520758 0.993729830
1341846341.974775 0.135924056 0.003572942 0.024295192 0.025379153 -0.109578632 -0.006359312 0.993633747
1341846342.010161 0.135713726 0.003666210 0.024134744 0.026189782 -0.110181607 -0.004848422 0.993554533
1341846342.042024 0.136160895 0.003262155 0.024064409 0.026762797 -0.112294979 -0.002855947 0.993310332
1341846342.080032 0.136173457 0.003451283 0.024282236 0.029510388 -0.110065520 -0.003047015 0.993481457
1341846342.112265 0.135981426 0.003247139 0.024052920 0.029091598 -0.108965226 -0.001086001 0.993619204
1341846342.147954 0.136163950 0.002929272 0.024038866 0.030627349 -0.110987857 0.001596711 0.993348420
1341846342.179852 0.136172280 0.003085284 0.024036413 0.033990614 -0.110232994 0.002644495 0.993320882
1341846342.211848 0.136247754 0.003085224 0.024094991 0.034485236 -0.110025786 0.002876897 0.993326128
1341846342.247920 0.136127517 0.002942771 0.023979679 0.035353702 -0.109319061 0.001185586 0.993377090
1341846342.279870 0.136238858 0.002885030 0.024057427 0.036646992 -0.109289236 0.002393889 0.993331313
1341846342.316068 0.136265501 0.002961650 0.023768736 0.038157590 -0.108877227 0.002722331 0.993318856
1341846342.347894 0.136309683 0.003063500 0.023684833 0.038805094 -0.108853273 0.003259238 0.993294775
1341846342.379953 0.136250585 0.002987845 0.023807937 0.038929250 -0.108061463 0.003003395 0.993377149
1341846342.416195 0.136329502 0.003033299 0.023817027 0.039541390 -0.108324476 0.005017729 0.993316233
1341846342.447907 0.136306986 0.003029079 0.023833562 0.039269954 -0.109085307 0.005760412 0.993239701
