1341845689.097725 -0.015555144 0.012107390 -0.026134763 0.004643022 -0.023616981 0.006328094 0.999690235
1341845689.133718 -0.015415792 0.012210894 -0.025321402 0.002161399 -0.022621049 0.009568016 0.999695957
1341845689.165884 -0.018008690 0.012088588 -0.028475782 -0.001122192 -0.020476630 0.013714449 0.999695659
1341845689.198264 -0.017387774 0.013300455 -0.027276346 -0.004180557 -0.020763818 0.015411489 0.999656856
1341845689.234322 -0.016358772 0.014033931 -0.025366524 -0.006023487 -0.020221364 0.017402589 0.999625921
1341845689.265745 -0.016686603 0.013821920 -0.025214622 -0.007441371 -0.019904418 0.019449906 0.999584973
1341845689.297769 -0.018728862 0.015009497 -0.028166743 -0.008223877 -0.019230379 0.019086367 0.999599040
1341845689.333650 -0.018366173 0.015617262 -0.027269185 -0.008799064 -0.018350007 0.018705148 0.999617934
1341845689.365881 -0.017770873 0.014896430 -0.026680790 -0.008769097 -0.018503761 0.018647920 0.999616385
1341845689.401592 -0.017409654 0.014507930 -0.026875889 -0.007939498 -0.019557266 0.018502705 0.999606013
1341845689.433744 -0.018208560 0.015751841 -0.027514117 -0.006495116 -0.020151801 0.016917013 0.999632716
1341845689.465651 -0.015901409 0.014544220 -0.025401460 -0.003823358 -0.022983659 0.017273340 0.999579310
1341845689.501840 -0.016902398 0.014411271 -0.026704965 -0.000244715 -0.025974981 0.014413370 0.999558628
1341845689.533687 -0.018182119 0.015795724 -0.027501768 0.002601467 -0.026615772 0.008764924 0.999603927
1341845689.565814 -0.018086880 0.014681799 -0.027315415 0.004520075 -0.026567696 0.005866899 0.999619603
1341845689.601682 -0.016363544 0.013337317 -0.026969783 0.006680642 -0.029699381 0.003397757 0.999530792
1341845689.633591 -0.016367633 0.012704783 -0.028164238 0.008092972 -0.032585893 -0.000610432 0.999435961
1341845689.669672 -0.016606102 0.013229830 -0.028629331 0.009205942 -0.034088440 -0.002073448 0.999374270
1341845689.701700 -0.015905680 0.012603963 -0.028325092 0.009929989 -0.037166804 -0.001669134 0.999258339
1341845689.733773 -0.017093483 0.012603062 -0.030077072 0.010006181 -0.039360609 -0.003870594 0.999167442
1341845689.769822 -0.017526461 0.012208519 -0.030319508 0.010037037 -0.040611211 -0.005637676 0.999108732
1341845689.802003 -0.016254339 0.012369801 -0.028284403 0.010437079 -0.043270227 -0.006034502 0.998990655
1341845689.833757 -0.016533619 0.012784746 -0.028989309 0.011561416 -0.046116501 -0.007239081 0.998842955
1341845689.869861 -0.019772775 0.012549867 -0.031600844 0.012223807 -0.046612158 -0.008249261 0.998804212
1341845689.901825 -0.020120855 0.012771280 -0.030865423 0.012419872 -0.048072383 -0.008107039 0.998733699
1341845689.937674 -0.020449433 0.012935668 -0.031873751 0.013465703 -0.050213289 -0.007600651 0.998618782
1341845689.969679 -0.022198671 0.013930093 -0.034240756 0.014041462 -0.050509047 -0.007509476 0.998596668
1341845690.003830 -0.021240398 0.014554881 -0.032971885 0.014049239 -0.051050272 -0.008564463 0.998560548
1341845690.037686 -0.021063935 0.014230113 -0.032571170 0.014123157 -0.051539477 -0.009638561 0.998524547
1341845690.069636 -0.023656862 0.014974591 -0.034831304 0.014907014 -0.049720902 -0.009664469 0.998605132
1341845690.106587 -0.021870155 0.014550230 -0.033440441 0.014447810 -0.051212396 -0.009089985 0.998541892
1341845690.138859 -0.024003820 0.015091260 -0.035243355 0.014546119 -0.050398037 -0.010904275 0.998563707
1341845690.169919 -0.024023699 0.015204378 -0.035298754 0.014897204 -0.049606148 -0.009990143 0.998607755
1341845690.206103 -0.023818605 0.015167358 -0.035625227 0.014087007 -0.049886782 -0.009537467 0.998609960
1341845690.237700 -0.023699503 0.015220904 -0.035438381 0.013632360 -0.050515078 -0.009763964 0.998582542
1341845690.269981 -0.023260517 0.015097961 -0.035415050 0.014350404 -0.052121244 -0.010467935 0.998482764
1341845690.306143 -0.022940809 0.015239753 -0.035359886 0.014485732 -0.053375497 -0.011446466 0.998403847
1341845690.338646 -0.022793911 0.015329586 -0.035779718 0.013624718 -0.053633731 -0.010284404 0.998414755
1341845690.373833 -0.023546319 0.015504117 -0.036363784 0.012703841 -0.053780407 -0.010675827 0.998414874
1341845690.405976 -0.022334110 0.015307886 -0.035137784 0.012690839 -0.054309212 -0.011919147 0.998372376
1341845690.437908 -0.022482257 0.014926550 -0.034961864 0.012519837 -0.053838570 -0.011380877 0.998406291
1341845690.473654 -0.022795303 0.014620882 -0.034305606 0.012495277 -0.054634944 -0.010346307 0.998374581
1341845690.505978 -0.022619367 0.014968320 -0.034335572 0.013392280 -0.056310493 -0.010935484 0.998263597
1341845690.537884 -0.022512386 0.015628504 -0.035957813 0.013733837 -0.056074083 -0.012624186 0.998252332
1341845690.573708 -0.022869563 0.015099397 -0.035177995 0.012773009 -0.054435570 -0.011872245 0.998364985
1341845690.605848 -0.022190187 0.014838501 -0.034400225 0.012582767 -0.054568656 -0.009857546 0.998382092
1341845690.641747 -0.022051936 0.014833990 -0.034375817 0.013569444 -0.055158332 -0.011043132 0.998324335
1341845690.673751 -0.021644508 0.014831267 -0.033897828 0.013439592 -0.054274276 -0.010965723 0.998375356
1341845690.706003 -0.021595787 0.014906889 -0.033803266 0.014005898 -0.052991927 -0.011469748 0.998430789
1341845690.741684 -0.021791697 0.014784796 -0.033975955 0.014686383 -0.052408472 -0.012171406 0.998443544
1341845690.773770 -0.021745987 0.014832200 -0.034164194 0.014994324 -0.051527228 -0.011927852 0.998487771
1341845690.805715 -0.022099571 0.014915680 -0.034571171 0.015415222 -0.050324138 -0.011144645 0.998551786
1341845690.841674 -0.022170793 0.014812286 -0.034326371 0.015570335 -0.049509492 -0.011035138 0.998591304
1341845690.873770 -0.022177866 0.014881709 -0.034777187 0.015148391 -0.048729386 -0.010917502 0.998637438
1341845690.909837 -0.022395361 0.015003078 -0.034798186 0.014956698 -0.047948118 -0.010271093 0.998685002
1341845690.941576 -0.021831200 0.014809476 -0.033920601 0.014696376 -0.048074931 -0.009231892 0.998692930
1341845690.973879 -0.021824026 0.014815153 -0.033701587 0.014746229 -0.047461320 -0.009885627 0.998715341
1341845691.011558 -0.021818329 0.014881118 -0.034037109 0.014507511 -0.046551384 -0.008329428 0.998775840
1341845691.041642 -0.021794831 0.014874074 -0.033914417 0.014576945 -0.046432797 -0.008353317 0.998780131
1341845691.077986 -0.021863572 0.014887689 -0.033881072 0.015128355 -0.046624720 -0.009749075 0.998750329
1341845691.109685 -0.021592369 0.015340597 -0.033689871 0.016044296 -0.045820843 -0.010478869 0.998765826
1341845691.141759 -0.021452166 0.015442584 -0.033732966 0.016668191 -0.044983786 -0.010152375 0.998797059
1341845691.177729 -0.022138273 0.015518868 -0.033781055 0.017431930 -0.044966251 -0.011371330 0.998771667
1341845691.209644 -0.022265082 0.015713286 -0.034565326 0.017348485 -0.044718690 -0.012950218 0.998764992
1341845691.241757 -0.022214169 0.016038286 -0.034705050 0.017430471 -0.043297898 -0.013315944 0.998821378
1341845691.277595 -0.022085492 0.015499039 -0.034032147 0.018318346 -0.043945413 -0.012088044 0.998792827
1341845691.310138 -0.021400671 0.015658598 -0.033560440 0.018521151 -0.046209756 -0.013307218 0.998671353
1341845691.345620 -0.022198392 0.016268147 -0.034746718 0.018748254 -0.044667911 -0.015047640 0.998712599
1341845691.378062 -0.021765945 0.016526749 -0.035115402 0.019561009 -0.042834889 -0.015775170 0.998766065
1341845691.451922 -0.022029705 0.016255159 -0.035799962 0.019399490 -0.042222533 -0.016410254 0.998785079
1341845691.478799 -0.021800218 0.016165862 -0.034972426 0.018143401 -0.040951826 -0.016047169 0.998867452
1341845691.509739 -0.021447543 0.015625019 -0.034034546 0.018673120 -0.041121155 -0.016371736 0.998845518
1341845691.545833 -0.022292269 0.016710902 -0.036213543 0.019221276 -0.040950760 -0.018881615 0.998797834
1341845691.578399 -0.022076441 0.016625887 -0.035678823 0.018008484 -0.039409667 -0.021021709 0.998839617
1341845691.613857 -0.022136291 0.016973378 -0.035968378 0.018703390 -0.036230896 -0.026183208 0.998825312
1341845691.645632 -0.021827534 0.016801761 -0.035319615 0.020035261 -0.033453200 -0.028091634 0.998844504
1341845691.677793 -0.021312378 0.015572888 -0.034652483 0.020070577 -0.033940256 -0.024695925 0.998917103
1341845691.713727 -0.021285888 0.015627556 -0.034841135 0.020482352 -0.035848111 -0.022313172 0.998898149
1341845691.746050 -0.021577502 0.016666478 -0.036404230 0.021465387 -0.035368215 -0.024740141 0.998837411
1341845691.778411 -0.022268156 0.016599981 -0.036922559 0.019826293 -0.032131016 -0.025879798 0.998951852
1341845691.813646 -0.021789214 0.015970666 -0.035871603 0.018486274 -0.031528313 -0.023855409 0.999047101
1341845691.845603 -0.021554651 0.016007395 -0.035322484 0.018748881 -0.033018969 -0.022883788 0.999016821
1341845691.881595 -0.021468898 0.016016224 -0.035289846 0.018884327 -0.033533007 -0.024725692 0.998953223
1341845691.913600 -0.021644438 0.016513847 -0.035293616 0.019145098 -0.032254394 -0.024128713 0.999004960
1341845691.945997 -0.021572223 0.015241187 -0.033663154 0.019411797 -0.033531588 -0.021258211 0.999022961
1341845691.981657 -0.021209810 0.015231168 -0.033376515 0.021483673 -0.038675774 -0.019735310 0.998825908
1341845692.013904 -0.021437965 0.015973376 -0.034547422 0.023618953 -0.042066440 -0.017130656 0.998688698
1341845692.049676 -0.020991562 0.015991936 -0.035521626 0.023964403 -0.042868476 -0.016754987 0.998652697
1341845692.081862 -0.020671327 0.016129047 -0.034541544 0.024784500 -0.043992262 -0.016327493 0.998590887
1341845692.113695 -0.020568158 0.016196348 -0.035124637 0.025291033 -0.044963252 -0.016691018 0.998528957
1341845692.149736 -0.021034420 0.016760593 -0.036398131 0.025089081 -0.043645576 -0.018371549 0.998562992
1341845692.182123 -0.020758286 0.016539391 -0.036368802 0.026453065 -0.043022905 -0.018119218 0.998559415
1341845692.213661 -0.019800460 0.015774447 -0.035920527 0.026662879 -0.043913223 -0.016642302 0.998540819
1341845692.249828 -0.019973632 0.016106647 -0.036517184 0.026616264 -0.043458208 -0.016916631 0.998557329
1341845692.282146 -0.019842545 0.015560506 -0.035876427 0.025856752 -0.042585991 -0.017467890 0.998605430
1341845692.317711 -0.019824436 0.015495326 -0.036128618 0.025636027 -0.043475412 -0.017800309 0.998566866
1341845692.349688 -0.019653782 0.015718393 -0.035994496 0.026510607 -0.044689037 -0.018135849 0.998484433
1341845692.381560 -0.019760273 0.015755700 -0.036415089 0.027811423 -0.044465490 -0.020181954 0.998419762
1341845692.417776 -0.019585367 0.015626546 -0.035718638 0.028624970 -0.044288542 -0.020406604 0.998400092
1341845692.449672 -0.019586831 0.015650872 -0.035907753 0.029386848 -0.044291858 -0.022365816 0.998335838
1341845692.481594 -0.018472474 0.015576255 -0.036265790 0.030554146 -0.045306474 -0.022897488 0.998243213
1341845692.517778 -0.018473946 0.015552777 -0.036282536 0.031880576 -0.045699440 -0.023319989 0.998174012
1341845692.549744 -0.019526083 0.015792046 -0.036941875 0.033130400 -0.045049839 -0.024326805 0.998138845
1341845692.585822 -0.019381683 0.015974933 -0.037191715 0.033476394 -0.044999782 -0.025742056 0.998094022
1341845692.617836 -0.018764960 0.016366761 -0.037059058 0.034421839 -0.044351976 -0.025427677 0.998098910
1341845692.649770 -0.018017944 0.014712816 -0.037954628 0.034127120 -0.044948533 -0.023320880 0.998133779
1341845692.685749 -0.017772449 0.014607544 -0.038530078 0.034138732 -0.046073005 -0.023167655 0.998085737
1341845692.717676 -0.018020840 0.015006376 -0.038095087 0.034508824 -0.045398660 -0.024316397 0.998076558
1341845692.749897 -0.016658891 0.014433216 -0.036958896 0.034533594 -0.044848915 -0.022901051 0.998134017
1341845692.785833 -0.017488098 0.012396094 -0.036964305 0.034525346 -0.045549344 -0.022678534 0.998107672
1341845692.817657 -0.016837828 0.014349356 -0.037850786 0.036716465 -0.046354152 -0.027316686 0.997876227
1341845692.853833 -0.016973587 0.012747342 -0.038505543 0.036848690 -0.044681486 -0.027818654 0.997933805
1341845692.885614 -0.017621791 0.012572658 -0.039897434 0.038377851 -0.044596072 -0.028287703 0.997866809
1341845692.917728 -0.017464064 0.013170837 -0.039352078 0.039551340 -0.045334168 -0.030023389 0.997736990
1341845692.953573 -0.016740615 0.012662970 -0.039365023 0.040077664 -0.044768717 -0.029585619 0.997754574
1341845692.985667 -0.016898924 0.012559071 -0.039106246 0.041422844 -0.044354059 -0.030168338 0.997700691
1341845693.017585 -0.016562056 0.012631524 -0.038995624 0.041151490 -0.044712178 -0.030146684 0.997696638
1341845693.053684 -0.016590830 0.012654750 -0.038845107 0.041332465 -0.043936331 -0.030541148 0.997711599
1341845693.086059 -0.016667424 0.012659578 -0.039803628 0.042235475 -0.044100698 -0.028760495 0.997719467
1341845693.121690 -0.016593590 0.012641676 -0.039959393 0.042227481 -0.045403033 -0.026923776 0.997712612
1341845693.153852 -0.016624611 0.012699027 -0.039704446 0.041091539 -0.046177998 -0.027413085 0.997711182
1341845693.185655 -0.016565215 0.012617266 -0.040272079 0.040373191 -0.044071894 -0.028653814 0.997800887
1341845693.221687 -0.016570697 0.012793795 -0.040231861 0.040617883 -0.044136360 -0.025240978 0.997880280
1341845693.254518 -0.016574588 0.012626375 -0.039823897 0.041244879 -0.047499828 -0.023422889 0.997744441
1341845693.289735 -0.018305268 0.013305500 -0.042074736 0.041647103 -0.046125665 -0.025830867 0.997732818
1341845693.321741 -0.018050285 0.013248999 -0.041479327 0.040858842 -0.040983740 -0.026248276 0.997978926
1341845693.353715 -0.016454322 0.012612340 -0.041218266 0.040730815 -0.039131690 -0.022816036 0.998142838
1341845693.389830 -0.019142773 0.013674196 -0.042200685 0.041584883 -0.036763627 -0.024134614 0.998166621
1341845693.421993 -0.019135918 0.013634581 -0.042419940 0.041950658 -0.034545626 -0.024149459 0.998230219
1341845693.453700 -0.016639793 0.012632026 -0.040906090 0.041669641 -0.034132335 -0.026545279 0.998195350
1341845693.489783 -0.018055025 0.013406556 -0.039833426 0.043378867 -0.031893007 -0.027190091 0.998179257
1341845693.522084 -0.017560493 0.013134041 -0.039891142 0.045250989 -0.033288579 -0.026032712 0.998081446
1341845693.557666 -0.018345350 0.013758336 -0.040686842 0.047274441 -0.034034852 -0.028424589 0.997897208
1341845693.589792 -0.017549412 0.015098262 -0.038998920 0.048967343 -0.034817100 -0.029854732 0.997746825
1341845693.622158 -0.017468538 0.016982308 -0.038885258 0.049932249 -0.033701960 -0.030433236 0.997719765
1341845693.657659 -0.017765701 0.014937087 -0.040174443 0.048154395 -0.032844760 -0.028495323 0.997892976
1341845693.689929 -0.017943934 0.015804859 -0.040666334 0.047824509 -0.032155555 -0.028775355 0.997923255
1341845693.721602 -0.017332008 0.015135339 -0.039988421 0.045041464 -0.030970143 -0.029720275 0.998062551
1341845693.757636 -0.018752480 0.014221282 -0.041411247 0.042735163 -0.029638167 -0.029075792 0.998223364
1341845693.789776 -0.019063622 0.014692724 -0.040908694 0.042000033 -0.030483609 -0.028657326 0.998241186
1341845693.825637 -0.019299930 0.014669980 -0.040906977 0.040244840 -0.030663934 -0.028526559 0.998311758
1341845693.857724 -0.019650966 0.014838419 -0.040557899 0.039910108 -0.030452149 -0.027908379 0.998349130
1341845693.889741 -0.018363029 0.014488920 -0.039876252 0.040076591 -0.030954940 -0.025976174 0.998379111
1341845693.925573 -0.016097646 0.014184417 -0.035932131 0.039511096 -0.031772058 -0.025090661 0.998398662
1341845693.957722 -0.016605968 0.014855706 -0.037324272 0.040763427 -0.030935286 -0.024346681 0.998392999
1341845693.990410 -0.016724585 0.014838448 -0.038925022 0.041496333 -0.029827079 -0.025044061 0.998379290
1341845694.025740 -0.016536582 0.014821538 -0.038820155 0.041763615 -0.028341318 -0.026103524 0.998384297
1341845694.057728 -0.015295752 0.014143966 -0.036216225 0.042246401 -0.028398890 -0.025690807 0.998373032
1341845694.093631 -0.015994839 0.013952928 -0.037458517 0.043902643 -0.028177259 -0.025147030 0.998321712
1341845694.125598 -0.016137298 0.014201016 -0.038262177 0.045488238 -0.028182993 -0.025375329 0.998244762
1341845694.157890 -0.016789252 0.014679283 -0.040080059 0.046208601 -0.027088674 -0.026624704 0.998209417
1341845694.193528 -0.016446128 0.013691676 -0.038498379 0.046818465 -0.026937729 -0.026327733 0.998192966
1341845694.226254 -0.016525004 0.014309560 -0.039881408 0.048348825 -0.026922232 -0.026291061 0.998121440
1341845694.261793 -0.016738761 0.014942326 -0.038883798 0.049291417 -0.026433507 -0.026044469 0.998094857
1341845694.293655 -0.018056309 0.014316504 -0.040139958 0.049397837 -0.025991922 -0.024034152 0.998151600
1341845694.325844 -0.017217176 0.013539954 -0.038189430 0.050464094 -0.028245680 -0.021231670 0.998100579
1341845694.361761 -0.016857130 0.013971106 -0.037235949 0.052288882 -0.030727673 -0.019747630 0.997963786
1341845694.393754 -0.016663415 0.014150316 -0.039387975 0.052921429 -0.032730777 -0.018761603 0.997885764
1341845694.425809 -0.016613133 0.014092390 -0.039243333 0.052674230 -0.034269031 -0.019367853 0.997835636
1341845694.461731 -0.017785827 0.014417336 -0.039761763 0.052694079 -0.034659572 -0.020219231 0.997804224
1341845694.493931 -0.019649874 0.015105092 -0.042927094 0.051384188 -0.033324104 -0.022224072 0.997875392
1341845694.529694 -0.015747659 0.014490924 -0.038941573 0.049874242 -0.035138007 -0.021963684 0.997895539
1341845694.561652 -0.015408581 0.014181531 -0.037946749 0.049609266 -0.036468025 -0.021813119 0.997864306
1341845694.595586 -0.016499449 0.015017318 -0.038140312 0.051225554 -0.037463889 -0.021600816 0.997750342
1341845694.629850 -0.016609080 0.015464102 -0.037986778 0.052995529 -0.039318446 -0.021161471 0.997595966
1341845694.661659 -0.016947411 0.016338402 -0.040030796 0.054800935 -0.039287206 -0.020449653 0.997514486
1341845694.693720 -0.017067885 0.015697833 -0.042488858 0.053405777 -0.034691431 -0.017854800 0.997810364
1341845694.735664 -0.015233259 0.015907004 -0.039872248 0.051758319 -0.028319109 -0.018283874 0.998090565
1341845694.767988 -0.016904751 0.016481480 -0.042030543 0.050293922 -0.021586843 -0.017416654 0.998349249
1341845694.803611 -0.015697107 0.016994422 -0.039177578 0.048607141 -0.016875869 -0.016177481 0.998544335
1341845694.835585 -0.015190410 0.016862661 -0.037209138 0.047763981 -0.013277018 -0.014278263 0.998668313
1341845694.867728 -0.015101861 0.017295806 -0.035644956 0.047392868 -0.010705818 -0.013681199 0.998725235
1341845694.903566 -0.018956099 0.017355796 -0.040899925 0.045639575 -0.005861137 -0.013699942 0.998846829
1341845694.935679 -0.018020688 0.017034695 -0.038496722 0.045545354 -0.004511447 -0.012950172 0.998868108
1341845694.967669 -0.017345544 0.016994953 -0.038157105 0.045854803 -0.003770027 -0.010628774 0.998884439
1341845695.003730 -0.016556730 0.017841896 -0.037092719 0.046570815 -0.001908728 -0.010576240 0.998857200
1341845695.035689 -0.016732592 0.017913792 -0.036372364 0.046611212 0.001784269 -0.010834794 0.998852730
1341845695.072465 -0.015990127 0.017305626 -0.036067344 0.046421021 0.002702960 -0.009265069 0.998875320
1341845695.103895 -0.015764508 0.016891427 -0.036040898 0.046489075 0.000732969 -0.008589833 0.998881578
1341845695.135680 -0.014472226 0.017188409 -0.033263724 0.047878731 -0.003214656 -0.008286890 0.998813570
1341845695.172193 -0.014427633 0.016762506 -0.032392442 0.050532062 -0.009339655 -0.007285730 0.998652160
1341845695.203618 -0.014665194 0.015567217 -0.033698101 0.052559037 -0.016929027 -0.005547270 0.998458922
1341845695.235612 -0.014743838 0.015931945 -0.033858642 0.056746740 -0.024454065 -0.005866626 0.998071849
1341845695.271738 -0.014365557 0.016424151 -0.034124978 0.059618648 -0.030328769 -0.007123169 0.997734964
1341845695.303569 -0.018206792 0.016658973 -0.038701259 0.061166152 -0.032532573 -0.008885481 0.997557700
1341845695.335657 -0.016329052 0.016842129 -0.036094803 0.062030002 -0.036919516 -0.011475239 0.997325182
1341845695.371706 -0.017162208 0.016829515 -0.037285239 0.062359512 -0.039376069 -0.015109355 0.997162223
1341845695.403745 -0.016728682 0.016362295 -0.037054960 0.062441960 -0.042488664 -0.017273599 0.996994138
1341845695.435657 -0.014269683 0.014731172 -0.032521758 0.063173123 -0.047467746 -0.016352775 0.996738970
1341845695.471720 -0.013690240 0.015991149 -0.034203898 0.065135516 -0.052139923 -0.016244432 0.996380925
1341845695.503710 -0.014108599 0.016066430 -0.034916032 0.065087937 -0.055373482 -0.017525893 0.996187806
1341845695.539693 -0.014862477 0.015594334 -0.035567801 0.064641908 -0.057169169 -0.018808251 0.996092021
1341845695.603908 -0.012691200 0.015684703 -0.034253377 0.065330818 -0.060681965 -0.022012454 0.995773554
1341845695.633744 -0.011934400 0.015307780 -0.035070151 0.064797856 -0.062551342 -0.022862110 0.995673537
1341845695.665980 -0.013373474 0.014688170 -0.035342816 0.063885324 -0.063391827 -0.022111788 0.995696366
1341845695.701693 -0.012415729 0.014314860 -0.036014371 0.063761495 -0.064962827 -0.021336313 0.995619953
1341845695.733686 -0.010487377 0.015734067 -0.034446176 0.064096831 -0.066573538 -0.021266241 0.995493472
1341845695.769679 -0.011127260 0.013721044 -0.036111388 0.062503263 -0.066455573 -0.020364504 0.995621562
1341845695.801697 -0.012967260 0.014140368 -0.038396586 0.061312404 -0.065140575 -0.020462856 0.995780468
1341845695.833635 -0.010700489 0.014380274 -0.035010535 0.060663637 -0.066101275 -0.019396318 0.995778203
1341845695.869766 -0.010175769 0.014827190 -0.034269106 0.060602847 -0.066005334 -0.018688343 0.995801806
1341845695.901827 -0.010171182 0.014794235 -0.035031006 0.059390221 -0.066038713 -0.017781569 0.995889306
1341845695.933900 -0.009928989 0.015022640 -0.034620177 0.058167610 -0.066289440 -0.017943587 0.995941877
1341845695.969774 -0.011656356 0.014670779 -0.036383610 0.057040747 -0.064275183 -0.016483942 0.996164322
1341845696.001940 -0.010817055 0.015191408 -0.033991355 0.056775369 -0.063915767 -0.016647866 0.996199846
1341845696.037778 -0.009305927 0.015166126 -0.035275500 0.055580337 -0.063855492 -0.014184771 0.996309221
1341845696.069962 -0.008767988 0.015255679 -0.033748165 0.054708228 -0.064466611 -0.011705451 0.996350408
1341845696.102048 -0.011032732 0.014797547 -0.034366254 0.054567769 -0.064102493 -0.010379265 0.996396244
1341845696.137759 -0.011077855 0.015248341 -0.034210663 0.054206118 -0.064334609 -0.010073847 0.996404171
1341845696.169934 -0.010331918 0.015162074 -0.033609215 0.053310294 -0.065241501 -0.009459837 0.996399522
1341845696.201602 -0.010381060 0.015217303 -0.033698916 0.052397355 -0.065286256 -0.010656930 0.996432960
1341845696.237582 -0.011845416 0.015262935 -0.035544582 0.050421257 -0.064566046 -0.012324258 0.996562600
1341845696.269654 -0.012299322 0.014911168 -0.036770966 0.048990831 -0.064959802 -0.013128513 0.996598065
1341845696.305713 -0.012787184 0.015190362 -0.036950313 0.048996337 -0.065569825 -0.012948017 0.996560216
1341845696.337790 -0.012196801 0.014804750 -0.036335688 0.048391890 -0.066245072 -0.011347599 0.996564567
1341845696.369780 -0.012000163 0.014653155 -0.036325291 0.047860231 -0.067129001 -0.009945096 0.996546090
1341845696.406019 -0.011757653 0.014983854 -0.034941591 0.046718750 -0.067638509 -0.010288396 0.996562362
1341845696.437910 -0.011332590 0.016455660 -0.035063978 0.045733102 -0.067828111 -0.011473163 0.996582270
1341845696.473667 -0.012323369 0.016467737 -0.035622485 0.044433106 -0.066506609 -0.011687310 0.996727645
1341845696.505801 -0.011577730 0.016988814 -0.034350254 0.042904943 -0.066088364 -0.011252279 0.996827424
1341845696.537879 -0.011637864 0.016721362 -0.035964187 0.042148035 -0.066358976 -0.010415133 0.996850789
1341845696.573790 -0.012713052 0.016685981 -0.037833575 0.041834664 -0.066461973 -0.009317595 0.996868014
1341845696.611644 -0.012135532 0.016095292 -0.037050601 0.041285701 -0.067648113 -0.009004604 0.996814013
1341845696.648592 -0.013548137 0.016654700 -0.038832698 0.040928341 -0.067217246 -0.009112632 0.996856868
1341845696.679660 -0.012487561 0.017952802 -0.037902180 0.040464833 -0.067620538 -0.009588822 0.996844113
1341845696.705640 -0.010533947 0.017375780 -0.035491917 0.038755976 -0.067675874 -0.009188577 0.996912003
1341845696.741801 -0.012281182 0.017214740 -0.036665376 0.038302898 -0.065419927 -0.008986640 0.997081935
1341845696.773765 -0.012096948 0.017935855 -0.037271626 0.038282111 -0.064575560 -0.008899811 0.997138500
1341845696.805698 -0.012129134 0.017963296 -0.037281215 0.036844067 -0.064252943 -0.007405696 0.997225761
1341845696.841908 -0.012106298 0.018291675 -0.035609107 0.036909889 -0.063858025 -0.007159404 0.997250497
1341845696.873637 -0.012626585 0.018274449 -0.036695980 0.035833124 -0.062012274 -0.006999547 0.997407377
1341845696.905693 -0.012393879 0.018297555 -0.036796998 0.034505740 -0.061592165 -0.006525073 0.997483432
1341845696.941841 -0.012736067 0.018760340 -0.036778051 0.033419587 -0.060699034 -0.005423641 0.997581720
1341845696.973560 -0.012567952 0.018373972 -0.036666054 0.032363564 -0.060593210 -0.003325571 0.997632205
1341845697.009723 -0.012225389 0.018964063 -0.036932234 0.031823292 -0.060480960 -0.003354431 0.997656286
1341845697.041678 -0.012949266 0.017980207 -0.037866008 0.030103546 -0.058439255 -0.002878049 0.997832835
1341845697.073636 -0.011370522 0.017203642 -0.035886440 0.029972207 -0.058261618 -0.003592616 0.997844875
1341845697.109770 -0.010982991 0.017215326 -0.036228970 0.030195514 -0.057872102 -0.003583160 0.997860849
1341845697.141787 -0.012840019 0.018287104 -0.037595645 0.030012609 -0.056440543 -0.004545371 0.997944415
1341845697.173791 -0.012642680 0.018422412 -0.037915211 0.030206012 -0.056206390 -0.003903183 0.997954488
1341845697.209803 -0.010693016 0.017671172 -0.036306661 0.029791897 -0.057094034 -0.001994913 0.997922242
1341845697.241685 -0.012491878 0.018081205 -0.038608827 0.029551659 -0.055667654 -0.002345091 0.998009205
1341845697.277780 -0.010550036 0.018149348 -0.035782043 0.029344914 -0.056327205 -0.001631073 0.997979701
1341845697.309575 -0.011035038 0.017473064 -0.035819072 0.028837752 -0.056726176 -0.001086057 0.997972608
1341845697.342252 -0.012310482 0.019035628 -0.036075156 0.029463394 -0.056232348 -0.002198889 0.997980475
1341845697.377604 -0.011832560 0.018126365 -0.035860941 0.029344885 -0.056592416 -0.002252035 0.997963488
1341845697.409528 -0.012504057 0.018811820 -0.035886969 0.029489148 -0.055783078 -0.003370642 0.998001635
1341845697.441666 -0.012578508 0.018354474 -0.035256948 0.029515663 -0.055642895 -0.003820105 0.998007059
1341845697.477718 -0.010859437 0.017077519 -0.033459656 0.029670652 -0.056990087 -0.001431090 0.997932732
1341845697.509822 -0.011575404 0.017984373 -0.033857901 0.030122681 -0.056370877 -0.003152042 0.997950435
1341845697.545892 -0.011365653 0.018109756 -0.034158293 0.030188298 -0.056948673 -0.003019887 0.997916043
1341845697.577742 -0.011533520 0.018140035 -0.034664605 0.031033667 -0.057602640 -0.002807136 0.997853160
1341845697.609653 -0.011656436 0.018140530 -0.034905862 0.030850872 -0.057908211 -0.002177692 0.997842729
1341845697.645769 -0.011591629 0.017475322 -0.035770107 0.029761590 -0.058396973 -0.000548605 0.997849524
1341845697.677795 -0.011401837 0.018162120 -0.034989543 0.030143067 -0.058386002 -0.001071267 0.997838318
1341845697.713520 -0.011620091 0.018225333 -0.034861602 0.029496638 -0.057989053 -0.001474689 0.997880280
1341845697.745975 -0.010689869 0.017488563 -0.034613933 0.028670955 -0.059000153 0.000268643 0.997846127
1341845697.777683 -0.011126745 0.017849244 -0.035092372 0.028550442 -0.059230093 0.000029638 0.997835934
1341845697.813673 -0.011692253 0.018568147 -0.035538342 0.028191999 -0.058587041 -0.000883961 0.997883737
1341845697.845793 -0.011331198 0.018238755 -0.034845918 0.026504958 -0.058106288 -0.001429532 0.997957468
1341845697.877887 -0.011402311 0.018209776 -0.034093089 0.025621938 -0.058511417 -0.000623122 0.997957706
1341845697.913637 -0.011472563 0.017839551 -0.033918314 0.025103221 -0.058668062 -0.000556671 0.997961700
1341845697.945734 -0.011600523 0.017961264 -0.034589857 0.024445195 -0.058334764 -0.001851317 0.997996032
1341845697.981763 -0.011442408 0.018631959 -0.033954941 0.024652103 -0.058584731 -0.002290928 0.997975349
1341845698.013639 -0.011897960 0.018491298 -0.033818480 0.024893254 -0.057999123 -0.002242841 0.998003721
1341845698.045700 -0.012889354 0.018166911 -0.035183832 0.025028929 -0.057499822 -0.002832959 0.998027682
1341845698.081804 -0.012024624 0.018556921 -0.034984339 0.025066646 -0.058745239 -0.003534077 0.997951984
1341845698.113733 -0.011552724 0.018336631 -0.034110516 0.025130559 -0.059481297 -0.003576540 0.997906625
1341845698.145605 -0.011440383 0.017817376 -0.035262372 0.025207806 -0.059617307 -0.003426402 0.997897089
1341845698.181637 -0.012054546 0.019004297 -0.035875294 0.025829135 -0.059364017 -0.004998489 0.997889698
1341845698.213981 -0.010987157 0.017952923 -0.034055937 0.025459673 -0.060862016 -0.004136714 0.997812867
1341845698.249641 -0.012198005 0.017652921 -0.036428098 0.025718709 -0.061343592 -0.003689645 0.997778475
1341845698.281737 -0.012268949 0.018986637 -0.035521436 0.025226133 -0.061401226 -0.005019554 0.997781694
1341845698.313940 -0.010868878 0.018404892 -0.033513092 0.024899961 -0.062347703 -0.005504543 0.997728646
1341845698.349629 -0.011118682 0.018380027 -0.033313897 0.025226668 -0.062045954 -0.006631951 0.997732401
1341845698.381667 -0.012459088 0.018701276 -0.035523269 0.025394937 -0.062210429 -0.006764809 0.997716963
1341845698.413724 -0.012860858 0.019183083 -0.036227766 0.025956910 -0.063160643 -0.007115522 0.997640371
1341845698.449543 -0.010814054 0.018165724 -0.034004882 0.025666362 -0.065850385 -0.004994540 0.997486889
1341845698.481693 -0.010831610 0.018777691 -0.035004679 0.025827326 -0.067034826 -0.005347431 0.997401953
1341845698.517644 -0.010770032 0.018903689 -0.035375834 0.026171075 -0.067514509 -0.006629403 0.997352958
1341845698.549633 -0.010883583 0.018855281 -0.034997843 0.026787659 -0.068392009 -0.007376917 0.997271597
1341845698.581773 -0.010807987 0.018678691 -0.035299815 0.027492365 -0.068822466 -0.008906485 0.997210264
1341845698.617608 -0.011064452 0.018661758 -0.034751508 0.027589036 -0.069002777 -0.009108887 0.997193336
1341845698.649887 -0.010912410 0.018912641 -0.035171892 0.028423259 -0.069481805 -0.010199643 0.997126043
1341845698.685838 -0.010941745 0.018944710 -0.035399079 0.029328978 -0.069664396 -0.010495547 0.997084022
1341845698.717744 -0.010868161 0.018870879 -0.035280798 0.028627831 -0.069581315 -0.009984941 0.997115433
1341845698.749680 -0.010903809 0.018911324 -0.035306185 0.028423028 -0.069208890 -0.009344437 0.997153401
1341845698.785826 -0.010844552 0.019046411 -0.035530552 0.028217504 -0.069190785 -0.009545831 0.997158587
1341845698.817603 -0.010903546 0.019036006 -0.035547663 0.027657799 -0.069144629 -0.009718524 0.997175813
1341845698.849705 -0.011336790 0.018697478 -0.035810225 0.026371701 -0.068710044 -0.009952427 0.997238398
1341845698.885714 -0.010996516 0.018687598 -0.034909859 0.026062282 -0.068877585 -0.009886467 0.997235656
1341845698.917723 -0.010969521 0.018791404 -0.035192054 0.025204055 -0.068428002 -0.010205260 0.997285426
1341845698.953706 -0.011071698 0.018747617 -0.034975886 0.024783947 -0.067959353 -0.010537163 0.997324526
1341845698.985694 -0.011022100 0.018748684 -0.034853466 0.024232468 -0.067828402 -0.010185134 0.997350693
1341845699.017571 -0.010897246 0.018792173 -0.035169095 0.023163296 -0.068560474 -0.009193149 0.997335672
1341845699.053593 -0.011008658 0.018770223 -0.035191085 0.021762107 -0.068642475 -0.009030674 0.997363091
1341845699.086340 -0.010858014 0.018922685 -0.035426155 0.020053118 -0.068514459 -0.009099503 0.997407079
1341845699.117688 -0.010882320 0.018904934 -0.035384245 0.018039541 -0.068365104 -0.009724314 0.997449875
1341845699.153695 -0.010953547 0.018974591 -0.035304796 0.016799549 -0.068027020 -0.010267301 0.997489214
1341845699.185845 -0.010851924 0.018987069 -0.035435207 0.015571412 -0.067646667 -0.010333428 0.997534335
1341845699.221973 -0.010892344 0.018704049 -0.034853492 0.014342230 -0.067346960 -0.010504826 0.997571230
1341845699.253571 -0.010836183 0.018856654 -0.035014868 0.014560238 -0.068158977 -0.010010968 0.997518003
1341845699.285622 -0.010860205 0.018934509 -0.035311177 0.015657727 -0.069202408 -0.009041760 0.997438788
1341845699.321906 -0.010903997 0.018924687 -0.035361789 0.016104462 -0.070115022 -0.008512701 0.997372568
1341845699.354916 -0.010922001 0.018865267 -0.035333954 0.015959674 -0.070697531 -0.007834885 0.997339308
1341845699.385859 -0.011001849 0.018994343 -0.035471968 0.016398435 -0.070505299 -0.008588532 0.997339606
1341845699.421535 -0.010980514 0.018988414 -0.035535876 0.017153855 -0.070059046 -0.009162836 0.997353256
1341845699.454093 -0.010531258 0.019107617 -0.035804063 0.016837666 -0.069362253 -0.010473834 0.997394443
1341845699.489836 -0.010486796 0.019041514 -0.035758868 0.016692141 -0.068844929 -0.010633952 0.997431040
1341845699.522001 -0.010901620 0.018914297 -0.035483114 0.016836535 -0.069448799 -0.009888739 0.997394383
1341845699.556281 -0.010550444 0.019010536 -0.035502553 0.017867355 -0.069918454 -0.009121816 0.997350991
1341845699.595416 -0.010610662 0.019159907 -0.035999648 0.018286031 -0.069397926 -0.009841464 0.997372925
1341845699.628631 -0.010993402 0.018787324 -0.035317700 0.017525546 -0.067867279 -0.009985729 0.997490466
1341845699.663810 -0.010618544 0.018982574 -0.035499949 0.017923221 -0.067274772 -0.009536279 0.997527897
1341845699.696113 -0.010559464 0.018994514 -0.035690896 0.018742457 -0.067245640 -0.007920540 0.997528911
1341845699.727683 -0.010878481 0.018925881 -0.035463557 0.017046351 -0.066780508 -0.007402477 0.997594595
1341845699.763748 -0.010302807 0.019182263 -0.036028005 0.015741145 -0.066419579 -0.008350253 0.997632623
1341845699.789808 -0.010340613 0.019114204 -0.035896864 0.015677376 -0.065684162 -0.008546477 0.997680664
1341845699.821737 -0.010864614 0.018977689 -0.035325635 0.015710616 -0.064842731 -0.008793599 0.997733057
1341845699.857825 -0.010551807 0.019055631 -0.035712171 0.015257701 -0.065313235 -0.008617840 0.997710943
1341845699.889686 -0.010407425 0.019176783 -0.035938628 0.015803698 -0.065684430 -0.008902099 0.997675598
1341845699.925749 -0.010711641 0.018960925 -0.035649177 0.015993513 -0.064766996 -0.008975965 0.997731864
1341845699.957536 -0.010621069 0.019019255 -0.035709087 0.016683288 -0.064766705 -0.008794192 0.997722208
1341845699.989671 -0.010548268 0.019113103 -0.035726290 0.017985476 -0.065167807 -0.007841017 0.997681379
1341845700.025810 -0.010532344 0.019044952 -0.035575371 0.018952582 -0.065228760 -0.007614356 0.997661293
1341845700.058133 -0.010499494 0.019083936 -0.035676207 0.019628609 -0.064591706 -0.008568040 0.997681916
1341845700.090754 -0.010841022 0.018881129 -0.035262100 0.019649269 -0.063806728 -0.008810094 0.997729897
1341845700.125852 -0.010455051 0.019077085 -0.035779011 0.019861083 -0.064275950 -0.009644574 0.997687876
1341845700.157773 -0.010529266 0.018916439 -0.035420347 0.020463742 -0.064204209 -0.009880497 0.997678041
1341845700.193533 -0.010631589 0.019037580 -0.035505641 0.020671995 -0.063196167 -0.009750858 0.997739375
1341845700.225771 -0.010617834 0.019057186 -0.035743155 0.020879293 -0.062353771 -0.010371163 0.997781754
1341845700.257669 -0.010557152 0.019065160 -0.035576422 0.020947617 -0.062038481 -0.009325579 0.997810304
1341845700.293641 -0.010540169 0.019081382 -0.035624612 0.020777302 -0.061645508 -0.008168256 0.997848392
1341845700.325714 -0.010493011 0.019191571 -0.035967022 0.021317428 -0.061809074 -0.008134793 0.997827172
1341845700.357742 -0.010570642 0.019117190 -0.035906713 0.021278804 -0.061023101 -0.008763367 0.997871041
1341845700.393681 -0.010339784 0.019282293 -0.036229517 0.020890653 -0.060166042 -0.009550711 0.997924089
1341845700.425997 -0.010309242 0.019318016 -0.036243379 0.020655703 -0.059932183 -0.010549875 0.997932971
1341845700.461682 -0.010501653 0.019092180 -0.035727479 0.020432102 -0.059638847 -0.010708706 0.997953475
1341845700.493808 -0.010724278 0.018874902 -0.035417948 0.019935409 -0.059195515 -0.010659816 0.997990429
1341845700.526106 -0.010550021 0.019063495 -0.035810307 0.019801019 -0.059212141 -0.010480504 0.997994006
1341845700.562458 -0.010570135 0.019061074 -0.035817359 0.019403782 -0.059131533 -0.009285095 0.998018384
1341845700.594110 -0.010675286 0.018911995 -0.035528239 0.019009696 -0.059018880 -0.009483824 0.998030782
1341845700.626137 -0.010581922 0.019016728 -0.035733096 0.019001797 -0.059130497 -0.009534586 0.998023868
1341845700.661872 -0.010451281 0.019164044 -0.036125436 0.018694699 -0.058436736 -0.010932286 0.998056173
1341845700.693861 -0.010501531 0.019126667 -0.035970017 0.018170547 -0.057905100 -0.011356246 0.998092115
1341845700.732394 -0.010506075 0.019105097 -0.035744257 0.018427677 -0.058905710 -0.010444870 0.998038769
1341845700.767794 -0.010581059 0.019021058 -0.035730664 0.018757775 -0.058871172 -0.010369988 0.998035431
1341845700.799058 -0.010601412 0.018977223 -0.035726156 0.019076392 -0.058611050 -0.010501118 0.998043358
1341845700.829639 -0.010466308 0.019079588 -0.035843857 0.019119287 -0.058690649 -0.010844238 0.998034179
1341845700.867749 -0.010671590 0.019044058 -0.035721302 0.018988363 -0.058222335 -0.010290268 0.998070002
1341845700.897703 -0.010671990 0.018943729 -0.035429999 0.019399194 -0.058479082 -0.009861916 0.998051405
1341845700.930007 -0.010686983 0.018920783 -0.035485152 0.020248292 -0.059071843 -0.010474801 0.997993410
1341845700.961797 -0.010671571 0.018910013 -0.035507467 0.020097604 -0.058877036 -0.011104553 0.998001099
1341845700.997752 -0.009870151 0.019386295 -0.036271609 0.020233145 -0.059175543 -0.011421716 0.997977138
1341845701.029597 -0.009848031 0.019438408 -0.036387388 0.020539602 -0.059664372 -0.011287620 0.997943342
1341845701.061618 -0.010586019 0.019045325 -0.035568759 0.020415664 -0.059698168 -0.012086038 0.997934461
1341845701.097561 -0.010529403 0.018975748 -0.035529222 0.020691818 -0.059931368 -0.011830883 0.997917891
1341845701.129741 -0.010529710 0.019010698 -0.035553791 0.020645048 -0.059511211 -0.011348752 0.997949600
1341845701.165734 -0.010518879 0.018973215 -0.035526685 0.020491837 -0.059475005 -0.011244672 0.997956097
1341845701.197714 -0.010525996 0.018994721 -0.035487529 0.021080730 -0.059983984 -0.011303429 0.997912705
1341845701.230497 -0.010311665 0.019182045 -0.035987444 0.021303948 -0.060232189 -0.011776016 0.997887492
1341845701.265852 -0.010322494 0.019175546 -0.035978496 0.021715455 -0.060584098 -0.012049883 0.997854054
1341845701.297730 -0.010539434 0.019035369 -0.035888892 0.022519303 -0.061371855 -0.011955172 0.997789264
1341845701.329611 -0.010228184 0.019240675 -0.036267035 0.022409892 -0.061195076 -0.012884121 0.997790992
1341845701.365791 -0.010385408 0.019138861 -0.035896733 0.021950265 -0.060889814 -0.012818006 0.997820795
1341845701.397757 -0.010559702 0.019052902 -0.035802688 0.021447964 -0.060699381 -0.012594165 0.997846127
1341845701.433542 -0.010386555 0.019156950 -0.035826840 0.021326793 -0.060183026 -0.012576915 0.997880220
1341845701.465617 -0.010367398 0.019158361 -0.035897661 0.021437716 -0.060332712 -0.011178287 0.997885466
1341845701.497704 -0.010349601 0.019183666 -0.035926159 0.021173822 -0.060511734 -0.010101793 0.997891724
1341845701.533597 -0.010344522 0.019155938 -0.035943989 0.020837324 -0.060507551 -0.010959577 0.997890055
1341845701.565815 -0.010266302 0.019183354 -0.036114458 0.020709705 -0.059722263 -0.011232100 0.997936964
1341845701.597762 -0.010274743 0.019205652 -0.036081262 0.020704959 -0.059506763 -0.011964331 0.997941434
1341845701.633825 -0.010234019 0.019212911 -0.036202248 0.021361364 -0.059836511 -0.011699186 0.997911036
1341845701.665709 -0.010059600 0.019433565 -0.036471114 0.022160424 -0.059630074 -0.012219954 0.997899711
1341845701.701676 -0.010076853 0.019399127 -0.036402497 0.022887079 -0.059333276 -0.013096123 0.997889876
1341845701.733527 -0.009914364 0.019500658 -0.036714878 0.023454696 -0.059371341 -0.013040872 0.997875154
1341845701.765764 -0.010443151 0.019101180 -0.035739701 0.023250794 -0.059179403 -0.012671322 0.997896135
1341845701.801701 -0.010435599 0.019036915 -0.035623498 0.023227161 -0.058953539 -0.012679351 0.997909904
1341845701.833700 -0.010289285 0.019207038 -0.036026713 0.023605596 -0.058895264 -0.012218601 0.997910261
1341845701.865775 -0.010383890 0.019113202 -0.035845622 0.023836216 -0.058794543 -0.011536921 0.997918785
1341845701.901711 -0.010366266 0.019110538 -0.035894029 0.023399834 -0.058509525 -0.011743648 0.997943461
1341845701.933585 -0.010229833 0.019224245 -0.036061071 0.023224009 -0.058146417 -0.011991013 0.997965872
1341845701.969726 -0.009898966 0.019535221 -0.036723629 0.023024147 -0.058445122 -0.012067737 0.997952104
1341845702.002544 -0.009979363 0.019488087 -0.036547206 0.023128282 -0.058236819 -0.011413358 0.997969568
1341845702.034379 -0.009977621 0.019470828 -0.036536168 0.023447488 -0.058011301 -0.012242978 0.997965455
1341845702.070436 -0.010341772 0.019940998 -0.036380678 0.023667341 -0.057795599 -0.013570745 0.997955620
1341845702.101809 -0.010355962 0.019959018 -0.036321200 0.024069833 -0.058221679 -0.013039898 0.997928262
1341845702.137663 -0.010480762 0.019606875 -0.035977498 0.024131419 -0.058840618 -0.013517871 0.997884095
1341845702.169629 -0.010483438 0.018988578 -0.035519399 0.024508685 -0.058704291 -0.013869248 0.997878134
1341845702.201769 -0.010041678 0.019358881 -0.036091574 0.024879135 -0.058488909 -0.014559442 0.997871757
1341845702.237691 -0.010236536 0.019132681 -0.035765417 0.024857143 -0.058135618 -0.014550802 0.997893095
1341845702.269760 -0.010416892 0.018971879 -0.035565607 0.025039347 -0.058033902 -0.015041623 0.997887194
1341845702.301761 -0.010441533 0.018989641 -0.035406474 0.025255403 -0.057773404 -0.016011739 0.997881770
1341845702.337713 -0.010351463 0.019119695 -0.035685722 0.024866536 -0.057207704 -0.015843855 0.997926772
1341845702.369720 -0.010258606 0.019251700 -0.036010232 0.024792099 -0.057970464 -0.014891838 0.997899294
1341845702.405655 -0.010119436 0.019297672 -0.036102466 0.024820305 -0.057877623 -0.015483997 0.997894943
1341845702.437629 -0.010510892 0.018969819 -0.035335295 0.024553722 -0.057120029 -0.015323081 0.997947693
1341845702.469691 -0.010548535 0.018878080 -0.035091948 0.024843330 -0.056582462 -0.015835419 0.997963130
1341845702.506265 -0.010353483 0.018981565 -0.035416488 0.024803367 -0.056617692 -0.014920630 0.997976243
1341845702.537648 -0.010129331 0.019251011 -0.036196325 0.024935056 -0.057079233 -0.014030262 0.997959614
1341845702.569753 -0.010348949 0.019140959 -0.035820510 0.024918258 -0.057164863 -0.013293515 0.997965157
1341845702.605685 -0.010384100 0.018987495 -0.035616960 0.024221878 -0.057190258 -0.013471885 0.997978508
1341845702.637718 -0.010452912 0.018918818 -0.035391349 0.023719994 -0.057207689 -0.014096256 0.997980893
1341845702.673733 -0.010511497 0.018913554 -0.035299726 0.023586415 -0.056776177 -0.014656276 0.998000622
1341845702.705735 -0.010352992 0.019039433 -0.035586108 0.023129828 -0.056435611 -0.015438976 0.998018861
1341845702.737648 -0.010310039 0.019116400 -0.035781872 0.022288540 -0.055498537 -0.017023185 0.998064816
1341845702.773644 -0.010249464 0.019165734 -0.035979614 0.020296022 -0.054807208 -0.017990347 0.998128533
1341845702.805893 -0.010221405 0.019157965 -0.035955675 0.019232677 -0.054058805 -0.018052105 0.998189270
1341845702.837969 -0.009909659 0.019390740 -0.036747102 0.017760387 -0.053650543 -0.018615607 0.998228252
1341845702.874009 -0.010502617 0.019070642 -0.035674579 0.015791630 -0.052627731 -0.018086320 0.998325527
1341845702.908704 -0.010266439 0.019235004 -0.036016814 0.015641881 -0.052443903 -0.018422922 0.998331428
1341845702.941673 -0.010809243 0.018833645 -0.035022367 0.016453153 -0.052678023 -0.017297721 0.998326182
1341845702.973595 -0.010355577 0.019164564 -0.035786726 0.018925076 -0.054206863 -0.016216498 0.998218656
1341845703.005769 -0.010367096 0.019174226 -0.035703208 0.020509440 -0.055627894 -0.014590324 0.998134255
1341845703.041648 -0.010216426 0.019291002 -0.036151584 0.021713719 -0.056296062 -0.015181435 0.998062551
1341845703.073714 -0.010046428 0.019263368 -0.036404755 0.020676196 -0.056216035 -0.016484056 0.998068392
1341845703.109699 -0.010255333 0.019213511 -0.036210999 0.018261140 -0.053930294 -0.018134365 0.998212993
1341845703.142006 -0.009988673 0.019421590 -0.036767177 0.016846647 -0.052791800 -0.018086720 0.998299599
1341845703.173706 -0.010228883 0.019213028 -0.036110532 0.015629923 -0.052178495 -0.018872056 0.998337090
1341845703.209732 -0.010413664 0.019154374 -0.035918452 0.015589920 -0.052302305 -0.018683257 0.998334825
1341845703.242050 -0.010646592 0.019113082 -0.035706021 0.016821939 -0.052308727 -0.018600317 0.998315990
1341845703.273874 -0.010607565 0.018967001 -0.035536844 0.017490242 -0.053157523 -0.019047925 0.998251259
1341845703.309758 -0.010617031 0.018825838 -0.035268210 0.018096143 -0.053954981 -0.016767543 0.998238564
1341845703.341850 -0.010737407 0.018781576 -0.035024632 0.018633382 -0.053992473 -0.017010562 0.998222530
1341845703.377702 -0.010394062 0.019078011 -0.035813101 0.019600438 -0.053428009 -0.017835597 0.998220026
1341845703.409585 -0.010331983 0.019050200 -0.035814609 0.019781666 -0.053401314 -0.019369695 0.998189270
1341845703.441629 -0.010353519 0.019051043 -0.035818528 0.019438243 -0.053784899 -0.019566733 0.998171568
1341845703.477741 -0.010433434 0.019173175 -0.035883557 0.019585812 -0.053565517 -0.019004710 0.998191357
1341845703.509995 -0.010314775 0.019134834 -0.035900839 0.020047035 -0.053628750 -0.020057512 0.998158216
1341845703.541800 -0.010304177 0.019093016 -0.035886247 0.020734642 -0.053635843 -0.020819930 0.998128116
1341845703.577765 -0.010318222 0.019068630 -0.035866238 0.020766856 -0.053679705 -0.021759404 0.998105049
1341845703.609650 -0.010331223 0.019120814 -0.035886358 0.021237416 -0.053925499 -0.021427946 0.998089075
1341845703.651761 -0.010248251 0.019097686 -0.035845801 0.021462534 -0.054373879 -0.021292586 0.998062849
1341845703.677758 -0.010196740 0.019141162 -0.035998709 0.021799291 -0.055059072 -0.020907927 0.998026133
1341845703.709916 -0.010381407 0.019019369 -0.035734914 0.021354940 -0.055295397 -0.020833800 0.998024225
1341845703.745719 -0.010169696 0.019093130 -0.036046926 0.020098710 -0.055037010 -0.022079719 0.998037815
1341845703.777733 -0.010109493 0.019180845 -0.036168300 0.018852372 -0.054149564 -0.021675607 0.998119533
1341845703.809711 -0.010385815 0.019001022 -0.035794921 0.018499397 -0.053402063 -0.022119122 0.998156667
1341845703.845769 -0.010253109 0.019176556 -0.035961118 0.018796820 -0.053538587 -0.022782423 0.998128891
1341845703.877728 -0.010249820 0.019172119 -0.035995636 0.018563213 -0.053483091 -0.022721767 0.998137593
1341845703.913808 -0.010322769 0.019095950 -0.035802636 0.018119223 -0.053310465 -0.022166781 0.998167515
1341845703.945653 -0.010452296 0.019010808 -0.035662979 0.018216878 -0.052905008 -0.022398442 0.998182118
1341845703.977870 -0.010408185 0.019021397 -0.035739828 0.018715100 -0.052591175 -0.022826185 0.998179793
1341845704.013637 -0.010453386 0.018967438 -0.035561558 0.019613402 -0.052904438 -0.022845257 0.998145580
1341845704.045703 -0.010365904 0.019051263 -0.035819154 0.020654077 -0.053251151 -0.022498507 0.998113990
1341845704.077666 -0.010414225 0.019069670 -0.035635252 0.021152919 -0.053290743 -0.021871563 0.998115420
1341845704.113706 -0.010278463 0.019173002 -0.035932973 0.021095175 -0.052992217 -0.021614034 0.998138130
1341845704.145681 -0.010264089 0.019167798 -0.035950594 0.020690298 -0.052690394 -0.022457564 0.998143911
1341845704.181785 -0.010299810 0.019148989 -0.035880812 0.020439649 -0.052266113 -0.022826055 0.998163044
1341845704.213778 -0.010300541 0.019164640 -0.035858147 0.020253535 -0.052171551 -0.022467142 0.998179913
1341845704.245863 -0.010392117 0.019139556 -0.035779249 0.020131601 -0.052064959 -0.021738613 0.998204052
1341845704.281578 -0.010259768 0.019165047 -0.035964210 0.019794943 -0.051774506 -0.022168640 0.998216450
1341845704.313707 -0.010255766 0.019173408 -0.035980314 0.019003546 -0.051033366 -0.021768728 0.998278797
1341845704.349873 -0.010256039 0.019189814 -0.036049645 0.018185098 -0.049558826 -0.021083981 0.998383045
1341845704.381729 -0.010389231 0.019099556 -0.035798326 0.017454328 -0.047757454 -0.020928018 0.998487175
1341845704.413817 -0.010394324 0.019062957 -0.035758786 0.017653458 -0.046279319 -0.021881668 0.998532832
1341845704.449837 -0.010435281 0.019072881 -0.035812154 0.017426591 -0.044816993 -0.021443412 0.998613000
1341845704.481600 -0.010376056 0.019054333 -0.035753366 0.016218679 -0.043302096 -0.021813188 0.998692155
1341845704.513671 -0.010501754 0.019017540 -0.035426222 0.017815588 -0.042858753 -0.021806695 0.998684227
1341845704.549869 -0.010762600 0.018813146 -0.034767117 0.022397980 -0.044137374 -0.018756598 0.998598218
1341845704.581901 -0.010546321 0.019068142 -0.035376966 0.026830042 -0.046268091 -0.017493978 0.998415470
1341845704.617838 -0.010476769 0.019200644 -0.035415359 0.028208185 -0.046908170 -0.018160269 0.998335660
1341845704.650477 -0.010801396 0.018881634 -0.035163447 0.028695112 -0.046599478 -0.019312195 0.998314619
1341845704.681708 -0.010846726 0.018713044 -0.034703400 0.029943196 -0.047455996 -0.019644625 0.998231173
1341845704.717704 -0.010514963 0.018988408 -0.035281546 0.031150874 -0.048833709 -0.019521980 0.998130143
1341845704.749702 -0.010548180 0.018960742 -0.035514075 0.031238938 -0.048955243 -0.021585885 0.998078942
1341845704.781791 -0.010470683 0.019085323 -0.035832576 0.030470150 -0.048304763 -0.023509432 0.998090923
1341845704.817744 -0.010456599 0.019027269 -0.035406761 0.031221975 -0.049317826 -0.024454335 0.997995436
1341845704.849705 -0.010526539 0.018989334 -0.035316017 0.032622408 -0.051202815 -0.023866141 0.997869968
1341845704.885675 -0.010553427 0.018967018 -0.035477132 0.032575805 -0.052084919 -0.024179433 0.997818291
1341845704.917742 -0.010492398 0.018980583 -0.035565086 0.031881887 -0.052607872 -0.024636440 0.997802079
1341845704.949746 -0.010590350 0.018918592 -0.035407480 0.031298731 -0.053007253 -0.025653332 0.997773767
1341845704.985761 -0.010591037 0.018899688 -0.035435468 0.030280249 -0.053281650 -0.026461620 0.997769475
1341845705.017537 -0.010606042 0.018887784 -0.035435818 0.029569950 -0.053701699 -0.027000582 0.997753859
1341845705.049660 -0.010577862 0.018914495 -0.035530560 0.028766684 -0.053877685 -0.027872920 0.997743845
1341845705.085710 -0.010745876 0.018794263 -0.035147086 0.028295718 -0.054503046 -0.027607081 0.997730732
1341845705.117831 -0.010652197 0.018925343 -0.035323605 0.028242502 -0.055376943 -0.028205171 0.997667372
1341845705.154005 -0.010475281 0.019037496 -0.035706531 0.026859146 -0.055379722 -0.028635548 0.997693181
1341845705.185648 -0.010432499 0.019031327 -0.035644151 0.026218586 -0.055075139 -0.028668946 0.997726142
1341845705.217695 -0.010429272 0.019086571 -0.035915088 0.026275491 -0.054646578 -0.029099341 0.997735679
1341845705.253735 -0.010444412 0.019043390 -0.035888232 0.025419574 -0.054234326 -0.029115167 0.997779906
1341845705.285554 -0.010514494 0.019005733 -0.035724580 0.025430372 -0.054330505 -0.029318254 0.997768462
1341845705.321646 -0.010535602 0.019036023 -0.035658285 0.025860077 -0.054879010 -0.027842078 0.997769713
1341845705.353674 -0.010455389 0.019030580 -0.035771914 0.025732137 -0.055300198 -0.026834369 0.997777343
1341845705.385774 -0.010539031 0.018984040 -0.035605621 0.026330272 -0.055392411 -0.027513212 0.997738123
1341845705.421801 -0.010549237 0.018999672 -0.035610463 0.027662734 -0.054898579 -0.028092949 0.997713208
1341845705.453568 -0.010636699 0.018946942 -0.035400182 0.029913446 -0.055166926 -0.027136035 0.997659981
1341845705.485749 -0.010565732 0.018967159 -0.035462115 0.031584423 -0.056290723 -0.025479345 0.997589409
1341845705.521655 -0.010539521 0.019012932 -0.035534449 0.033088338 -0.056693748 -0.024915971 0.997532070
1341845705.553548 -0.010554662 0.018957119 -0.035496239 0.033601865 -0.056862541 -0.023711294 0.997534633
1341845705.589775 -0.010516630 0.018996550 -0.035627156 0.033116885 -0.056389324 -0.024385978 0.997561455
1341845705.621894 -0.010451989 0.018986335 -0.035638392 0.033199012 -0.056841657 -0.023334250 0.997558177
1341845705.653569 -0.010423245 0.019003658 -0.035628188 0.033350758 -0.059678093 -0.021884730 0.997420311
1341845705.689868 -0.010605056 0.018829508 -0.035270486 0.033721808 -0.060762357 -0.023296973 0.997310400
1341845705.721810 -0.010478920 0.019045709 -0.035813458 0.033664405 -0.059922036 -0.023769081 0.997352064
1341845705.753738 -0.010880560 0.018799361 -0.035118431 0.033430509 -0.058995951 -0.024375647 0.997400463
1341845705.789861 -0.010921195 0.018788742 -0.035078626 0.033436388 -0.057881683 -0.023929585 0.997476339
1341845705.821704 -0.010499078 0.018900184 -0.035299763 0.033263728 -0.057681538 -0.023542382 0.997502923
1341845705.863629 -0.010873908 0.018800369 -0.034730848 0.034039263 -0.058509734 -0.023307139 0.997434080
1341845705.895623 -0.011071309 0.018723955 -0.034353588 0.035896715 -0.060148552 -0.021138858 0.997319758
1341845705.931726 -0.010272531 0.018951658 -0.035130333 0.037226006 -0.063185997 -0.019237502 0.997121692
1341845705.963641 -0.009997877 0.018972551 -0.035727859 0.036861558 -0.064817958 -0.021953797 0.996974349
1341845705.995677 -0.009900090 0.019031903 -0.035750624 0.035154637 -0.063891940 -0.026876481 0.996975183
1341845706.031837 -0.010740739 0.018746151 -0.034711309 0.032275509 -0.061566040 -0.027260378 0.997208476
1341845706.063631 -0.010709032 0.018771099 -0.034720782 0.031885039 -0.062834978 -0.026902590 0.997151613
1341845706.095737 -0.010739637 0.018741652 -0.034658827 0.031962939 -0.064301409 -0.027723646 0.997033179
1341845706.131716 -0.011023239 0.018627560 -0.034479987 0.030502802 -0.063105136 -0.029338250 0.997109115
1341845706.163718 -0.011021811 0.018663218 -0.034434598 0.030211616 -0.061921097 -0.028175689 0.997225702
1341845706.195662 -0.011002312 0.018654153 -0.034446698 0.030790858 -0.062600590 -0.026803626 0.997203410
1341845706.231610 -0.011029087 0.018639699 -0.034479823 0.029591875 -0.061596103 -0.027800528 0.997274935
1341845706.263724 -0.011065926 0.018545415 -0.034267243 0.028536217 -0.059497852 -0.026672343 0.997463942
1341845706.299838 -0.010994166 0.018583819 -0.034344189 0.027647955 -0.059520926 -0.025398299 0.997520804
1341845706.331753 -0.011131563 0.018559642 -0.034131985 0.026965171 -0.060112912 -0.026284220 0.997481048
1341845706.363574 -0.011076069 0.018623002 -0.034348186 0.026695659 -0.059813216 -0.025503302 0.997526586
1341845706.399690 -0.011205645 0.018574197 -0.034189843 0.026985087 -0.060241923 -0.025610942 0.997490227
1341845706.431735 -0.010968035 0.018612817 -0.034558263 0.027263043 -0.059875373 -0.025866074 0.997498155
1341845706.463612 -0.011031467 0.018595718 -0.034452461 0.027221529 -0.059043903 -0.024116231 0.997592688
1341845706.499655 -0.011154806 0.018574527 -0.034334555 0.028290965 -0.059665062 -0.022418646 0.997565567
1341845706.531782 -0.011165072 0.018543858 -0.034199592 0.028871428 -0.060373921 -0.023073701 0.997491360
1341845706.563559 -0.011261245 0.018520832 -0.034101829 0.029281951 -0.057666998 -0.023354724 0.997633040
1341845706.599529 -0.011177196 0.018577017 -0.034118209 0.030543381 -0.056744844 -0.023074843 0.997654617
1341845706.631786 -0.011220654 0.018572614 -0.034271855 0.032318767 -0.058052514 -0.023601534 0.997511089
1341845706.667647 -0.011287867 0.018529393 -0.034209203 0.032890432 -0.056487191 -0.023427533 0.997586370
1341845706.700732 -0.011231198 0.018542005 -0.034214392 0.033138949 -0.054441538 -0.022857668 0.997705102
1341845706.732115 -0.011208648 0.018568357 -0.034212280 0.033948500 -0.054117981 -0.022781486 0.997697234
1341845706.768143 -0.011209439 0.018550323 -0.034213081 0.034578454 -0.053712480 -0.020944335 0.997737765
1341845706.800357 -0.011159357 0.018599492 -0.034265906 0.035378996 -0.053157687 -0.019428410 0.997770071
1341845706.832602 -0.011186144 0.018544065 -0.034253616 0.035301201 -0.053258978 -0.020012040 0.997755945
1341845706.869449 -0.011206722 0.018533656 -0.034251779 0.034379683 -0.053045969 -0.019904075 0.997801602
1341845706.904495 -0.010810367 0.018741544 -0.034763429 0.033744577 -0.053692337 -0.018536925 0.997815013
1341845706.933651 -0.010818223 0.018737858 -0.034757331 0.033856850 -0.053711966 -0.018051345 0.997819066
1341845706.964608 -0.010807738 0.018727994 -0.034783568 0.033364549 -0.053327400 -0.017364634 0.997868478
1341845706.994021 -0.010915456 0.018708484 -0.034613803 0.032547843 -0.053200640 -0.015895292 0.997926712
1341845707.029674 -0.010837772 0.018741155 -0.034741580 0.033694673 -0.053630475 -0.015997589 0.997864008
1341845707.061864 -0.010868859 0.018740142 -0.034687757 0.034131177 -0.053137753 -0.015697787 0.997880280
1341845707.097704 -0.010893055 0.018739998 -0.034657806 0.034708705 -0.051871374 -0.014663758 0.997942686
1341845707.129770 -0.011073922 0.018651340 -0.034398794 0.037098233 -0.052261800 -0.015146857 0.997829139
1341845707.161817 -0.011114884 0.018620990 -0.034383483 0.039308056 -0.052389152 -0.014088430 0.997753382
1341845707.197721 -0.011316322 0.018537182 -0.034168925 0.040198538 -0.050877437 -0.015361131 0.997777283
1341845707.229795 -0.010972618 0.018629668 -0.034508862 0.041179337 -0.050122865 -0.016066076 0.997764409
1341845707.261851 -0.011008271 0.018684570 -0.034444749 0.041590676 -0.050091732 -0.015211218 0.997762322
1341845707.297710 -0.011199366 0.018559197 -0.034273494 0.041467279 -0.048958305 -0.014922187 0.997828066
1341845707.329761 -0.011112691 0.018570578 -0.034328390 0.040938918 -0.047132101 -0.016121136 0.997919202
1341845707.365850 -0.011153926 0.018505136 -0.034045391 0.041808013 -0.045569468 -0.014812958 0.997976005
1341845707.397796 -0.011204642 0.018489733 -0.033928175 0.043077581 -0.045776177 -0.012006878 0.997950256
1341845707.429752 -0.011149300 0.018520452 -0.034050878 0.044248730 -0.045586165 -0.012017390 0.997907639
1341845707.465767 -0.011366449 0.018459979 -0.033614006 0.045269269 -0.043154567 -0.012801157 0.997960210
1341845707.497642 -0.011183330 0.018444153 -0.033798277 0.045714866 -0.041933119 -0.012139027 0.998000205
1341845707.533665 -0.011115348 0.018476296 -0.033944409 0.046775781 -0.040630203 -0.011624539 0.998011053
1341845707.565754 -0.010347304 0.019008059 -0.032259624 0.047861326 -0.038907770 -0.012465423 0.998018086
1341845707.597603 -0.010701919 0.018688591 -0.032701518 0.048168063 -0.036678191 -0.012013773 0.998093307
1341845707.633748 -0.011425121 0.018180177 -0.033086471 0.048360787 -0.036055949 -0.010826102 0.998120189
1341845707.665870 -0.011191906 0.018465210 -0.033850379 0.049060415 -0.036328431 -0.010052417 0.998084307
1341845707.698455 -0.011058583 0.018645342 -0.034383669 0.048583735 -0.035369731 -0.010695138 0.998135388
1341845707.734303 -0.010912683 0.018306861 -0.033338271 0.047514189 -0.035014581 -0.011832732 0.998186529
1341845707.766259 -0.011118233 0.018088968 -0.032806084 0.047523241 -0.035365336 -0.011119233 0.998181939
1341845707.801730 -0.011080030 0.018147729 -0.032994702 0.048841510 -0.035201162 -0.011171799 0.998123527
1341845707.836344 -0.011071603 0.018165981 -0.032984924 0.049272113 -0.035092641 -0.011194424 0.998105943
1341845707.866230 -0.011155339 0.018452229 -0.033003293 0.049327638 -0.035852171 -0.011967503 0.998067200
1341845707.901694 -0.011204822 0.018393021 -0.032829691 0.048811466 -0.036169387 -0.010768369 0.998094797
1341845707.933640 -0.011207342 0.018423041 -0.032847945 0.049263775 -0.036692299 -0.010775096 0.998053432
1341845707.965831 -0.011197411 0.018433185 -0.033021767 0.049452953 -0.036710285 -0.011641943 0.998033702
1341845708.001954 -0.011223387 0.018431937 -0.033168338 0.049501471 -0.036075693 -0.011319435 0.998058140
1341845708.034393 -0.011117946 0.018504113 -0.033297148 0.049676985 -0.037053254 -0.012088772 0.998004556
1341845708.069946 -0.011079984 0.018378360 -0.032565869 0.049310774 -0.036912121 -0.012205162 0.998026550
1341845708.101700 -0.011258565 0.017957857 -0.031737406 0.048527408 -0.036897343 -0.011510246 0.998073697
1341845708.133697 -0.011080152 0.018160053 -0.032167714 0.049166650 -0.038039651 -0.012089055 0.997992694
1341845708.169675 -0.011305827 0.018308731 -0.032899987 0.049287822 -0.038018789 -0.013001217 0.997976065
1341845708.201793 -0.011282111 0.017812675 -0.032009695 0.048545510 -0.038179692 -0.013665602 0.997997463
1341845708.233744 -0.011197900 0.017906720 -0.032246817 0.049062680 -0.038958121 -0.014240135 0.997934043
1341845708.269711 -0.011533805 0.017966922 -0.031952407 0.049887586 -0.039384551 -0.013642422 0.997884750
1341845708.301629 -0.011092005 0.018168477 -0.032415979 0.050017565 -0.040017288 -0.015083463 0.997832298
1341845708.337612 -0.011184006 0.018098699 -0.032325611 0.049284466 -0.039581064 -0.016251286 0.997867882
1341845708.369900 -0.011229501 0.018389182 -0.032936312 0.049033139 -0.039444908 -0.016591694 0.997880042
1341845708.401883 -0.011021055 0.018363718 -0.032639336 0.049277805 -0.040272277 -0.017505728 0.997819304
1341845708.443610 -0.010972478 0.018409112 -0.032925434 0.049479704 -0.040260576 -0.017879017 0.997803152
1341845708.470492 -0.011129253 0.018428968 -0.032725483 0.049040247 -0.040689778 -0.016760005 0.997826874
1341845708.501776 -0.011114254 0.018261544 -0.032737233 0.048799690 -0.041861594 -0.016547283 0.997793734
1341845708.543852 -0.011071001 0.018304797 -0.032980651 0.049102183 -0.043548688 -0.015974980 0.997716010
1341845708.569583 -0.010823695 0.018603295 -0.033773772 0.048746027 -0.044938169 -0.017933268 0.997638583
1341845708.605675 -0.010954829 0.018399138 -0.033299979 0.047859300 -0.045061778 -0.018863229 0.997658789
1341845708.637641 -0.010800594 0.018606193 -0.033821933 0.048212156 -0.047410809 -0.019165514 0.997527182
1341845708.669692 -0.010789224 0.018623373 -0.033799853 0.047977030 -0.048804522 -0.019698067 0.997460961
1341845708.705736 -0.010862367 0.018683670 -0.034247104 0.046906494 -0.048269741 -0.021184430 0.997507393
1341845708.738027 -0.010927366 0.018579079 -0.033898715 0.046614233 -0.049454555 -0.020740081 0.997472405
1341845708.773829 -0.010937184 0.018551495 -0.033942293 0.046503257 -0.051331066 -0.021354154 0.997369826
1341845708.805763 -0.010678710 0.018450793 -0.033907291 0.045418553 -0.051604986 -0.022626687 0.997377634
1341845708.838653 -0.010748266 0.018359084 -0.033563342 0.045141850 -0.052400682 -0.022872154 0.997343063
1341845708.873912 -0.010684269 0.018467506 -0.033821777 0.045096274 -0.053667899 -0.024217201 0.997246027
1341845708.905735 -0.010624081 0.018481972 -0.034029543 0.044712439 -0.053904060 -0.025595659 0.997216105
1341845708.938426 -0.010622523 0.018509593 -0.034041729 0.044816699 -0.054627750 -0.027456125 0.997122586
1341845708.973642 -0.010820583 0.018443523 -0.034109019 0.044700485 -0.055607319 -0.026264802 0.997105718
1341845709.005742 -0.010670774 0.018664770 -0.034632642 0.044327851 -0.056397744 -0.027199017 0.997052908
1341845709.041686 -0.010637231 0.018678017 -0.034653176 0.044358127 -0.056960851 -0.028106987 0.996994376
1341845709.073656 -0.010709172 0.018631339 -0.034509711 0.043698989 -0.057612255 -0.028994303 0.996960700
1341845709.105658 -0.010761060 0.018479897 -0.034173209 0.043583944 -0.058506832 -0.029197203 0.996907711
1341845709.141741 -0.010783499 0.018599533 -0.034775041 0.043452680 -0.059708897 -0.029943973 0.996819973
1341845709.173646 -0.010544249 0.018788954 -0.034846764 0.043169621 -0.059862439 -0.029368805 0.996840179
1341845709.205765 -0.010641864 0.018542768 -0.034409344 0.042296980 -0.059997331 -0.029287420 0.996871889
1341845709.241765 -0.010684810 0.018637819 -0.034588844 0.041716374 -0.059736911 -0.029376786 0.996909380
1341845709.273754 -0.010770582 0.018460596 -0.034081832 0.041232768 -0.059482455 -0.029121997 0.996952116
1341845709.309890 -0.010741943 0.018549809 -0.034333464 0.041354518 -0.059643928 -0.028650969 0.996951103
1341845709.341728 -0.010625166 0.018684842 -0.034781940 0.040699434 -0.060097232 -0.027036697 0.996995926
1341845709.373776 -0.010463744 0.018906452 -0.035301555 0.039664835 -0.060006317 -0.027247449 0.997037351
1341845709.409657 -0.010440642 0.018973073 -0.035445102 0.037520934 -0.059939411 -0.025185984 0.997178555
1341845709.442072 -0.010316064 0.019012727 -0.035373282 0.035366181 -0.060609438 -0.023108110 0.997267127
1341845709.473660 -0.010401892 0.018968264 -0.035249975 0.033650629 -0.060986858 -0.022745300 0.997311831
1341845709.509632 -0.010380516 0.018898020 -0.035159290 0.031605050 -0.060859147 -0.022285659 0.997396946
1341845709.541673 -0.010271763 0.018975798 -0.035289824 0.029677600 -0.061985862 -0.021451844 0.997405052
1341845709.578645 -0.010305430 0.018941920 -0.035244431 0.028781887 -0.063095413 -0.022466211 0.997339368
1341845709.609672 -0.010311124 0.018926343 -0.035240449 0.028335107 -0.064533703 -0.023144733 0.997244596
1341845709.642057 -0.010352367 0.018919341 -0.035201460 0.028276462 -0.065410644 -0.022676345 0.997199893
1341845709.677625 -0.010267582 0.018952444 -0.035360537 0.027323252 -0.066530876 -0.022637464 0.997153282
1341845709.709730 -0.010210765 0.018976778 -0.035356957 0.027078085 -0.066759139 -0.023316426 0.997129023
1341845709.745593 -0.010204228 0.018965544 -0.035392553 0.026383154 -0.066494964 -0.023007020 0.997172475
1341845709.777709 -0.010189392 0.018977683 -0.035384696 0.025987266 -0.067116916 -0.022338368 0.997156441
1341845709.809687 -0.010064458 0.019028347 -0.035552837 0.025998162 -0.067044213 -0.023788825 0.997127473
1341845709.845686 -0.010084409 0.019011386 -0.035526652 0.025718048 -0.065058276 -0.025281191 0.997229576
1341845709.878752 -0.010125423 0.019015891 -0.035457719 0.025719812 -0.063419200 -0.026753927 0.997296691
1341845709.909693 -0.010173045 0.019022318 -0.035381265 0.027148509 -0.063171111 -0.024793802 0.997325242
1341845709.945663 -0.010159055 0.019030778 -0.035397727 0.028784273 -0.064520217 -0.024200356 0.997207582
1341845709.977698 -0.010163986 0.019025143 -0.035420258 0.030091489 -0.064480439 -0.024358561 0.997167706
1341845710.013739 -0.010123072 0.019038951 -0.035440683 0.030839572 -0.063739061 -0.025862046 0.997154653
1341845710.045754 -0.010071363 0.019071916 -0.035534520 0.031552739 -0.063266411 -0.025390532 0.997174561
1341845710.077705 -0.010293008 0.018957891 -0.035302877 0.031444162 -0.063616090 -0.026307432 0.997131944
1341845710.113730 -0.010314976 0.018944507 -0.035283145 0.031517114 -0.063143328 -0.026851956 0.997145176
1341845710.145759 -0.009983331 0.019089673 -0.035723362 0.031834457 -0.063594371 -0.025921311 0.997131050
1341845710.177824 -0.010156207 0.019012515 -0.035470098 0.032324981 -0.064422823 -0.025844468 0.997064114
1341845710.213581 -0.010130439 0.019046670 -0.035526004 0.032664184 -0.064365499 -0.025304241 0.997070611
1341845710.245636 -0.010149100 0.019054409 -0.035480272 0.033582997 -0.064878821 -0.026381126 0.996978879
1341845710.281582 -0.010088868 0.019071897 -0.035528518 0.035753500 -0.066674992 -0.027624452 0.996751189
1341845710.313617 -0.010061519 0.019053373 -0.035578638 0.035764981 -0.066945672 -0.028092789 0.996719539
1341845710.345643 -0.010088657 0.019046465 -0.035525583 0.036051795 -0.066436924 -0.027257906 0.996766448
1341845710.381860 -0.010047614 0.019082882 -0.035577774 0.036833778 -0.067277580 -0.027195591 0.996683180
1341845710.413817 -0.010079108 0.019040341 -0.035502627 0.036855780 -0.067166343 -0.027261404 0.996688068
1341845710.445824 -0.010102980 0.019014658 -0.035507679 0.036174782 -0.066529125 -0.025987243 0.996789813
1341845710.481794 -0.009965662 0.019087447 -0.035675738 0.036411699 -0.067885756 -0.027079741 0.996660590
1341845710.513650 -0.009992206 0.019101495 -0.035646349 0.036280863 -0.067679197 -0.025308017 0.996726036
1341845710.549635 -0.009954630 0.019106142 -0.035617776 0.037228025 -0.067980066 -0.025753276 0.996659219
1341845710.581654 -0.009947950 0.019123854 -0.035663828 0.038209032 -0.068255417 -0.025190026 0.996617615
1341845710.613694 -0.009956376 0.019096581 -0.035645477 0.038110025 -0.067746252 -0.024388997 0.996676087
1341845710.649564 -0.009868222 0.019170586 -0.035738703 0.038668625 -0.067869298 -0.023754138 0.996661544
1341845710.681648 -0.009919145 0.019161237 -0.035705257 0.039463725 -0.067979835 -0.024297897 0.996609747
1341845710.713728 -0.010098942 0.019074472 -0.035415512 0.039530329 -0.066934831 -0.023923175 0.996686876
1341845710.749785 -0.010034748 0.019111369 -0.035475329 0.039929628 -0.066454373 -0.023639331 0.996709883
1341845710.781816 -0.009996837 0.019135676 -0.035577673 0.040562335 -0.066501610 -0.024004988 0.996672451
1341845710.817567 -0.010108190 0.019058026 -0.035434075 0.040467016 -0.065795891 -0.024583116 0.996709049
1341845710.850205 -0.010061545 0.019090449 -0.035456620 0.039933167 -0.065095194 -0.023343192 0.996806443
1341845710.882136 -0.010039114 0.019111173 -0.035496578 0.039925061 -0.065761536 -0.022647562 0.996779025
1341845710.917631 -0.009857179 0.019119337 -0.035768133 0.039816406 -0.065681420 -0.023582885 0.996766984
1341845710.950281 -0.009995960 0.019082336 -0.035578594 0.039701894 -0.064636700 -0.023134310 0.996850371
1341845710.985647 -0.009993738 0.019119907 -0.035515048 0.041249219 -0.065739863 -0.022706358 0.996725202
1341845711.017722 -0.009960511 0.019100873 -0.035627890 0.042307593 -0.067010298 -0.024959346 0.996542335
1341845711.049965 -0.009703223 0.019164408 -0.035985142 0.040676352 -0.065004125 -0.026257472 0.996709824
1341845711.085583 -0.010685521 0.018853186 -0.034547865 0.039972480 -0.062436014 -0.026155217 0.996905148
1341845711.117670 -0.010738333 0.018861230 -0.034497492 0.040833324 -0.063764066 -0.024919039 0.996817827
1341845711.149770 -0.010081228 0.019057028 -0.035455253 0.040879194 -0.064156391 -0.024783276 0.996794164
1341845711.191691 -0.010050408 0.019082477 -0.035525519 0.039794225 -0.062632687 -0.024797367 0.996934593
1341845711.218829 -0.010061787 0.019106660 -0.035458039 0.040841233 -0.063241504 -0.024263181 0.996867001
1341845711.253627 -0.010035228 0.019103868 -0.035516877 0.041034587 -0.065308847 -0.024119800 0.996729255
1341845711.285627 -0.009972435 0.019088665 -0.035629552 0.039859977 -0.065201893 -0.024241619 0.996780932
1341845711.317874 -0.010112651 0.019051373 -0.035509393 0.039125096 -0.064343691 -0.025220210 0.996841490
1341845711.353756 -0.010068229 0.019059682 -0.035592854 0.037441555 -0.063304737 -0.026692757 0.996934354
1341845711.385687 -0.010044236 0.019079475 -0.035598811 0.036031570 -0.061261062 -0.027563700 0.997090280
1341845711.417635 -0.010187034 0.019018013 -0.035345845 0.035992306 -0.061269961 -0.025990952 0.997133374
1341845711.453809 -0.010045751 0.019110657 -0.035514168 0.037182353 -0.062933855 -0.024550494 0.997022629
1341845711.485895 -0.010067068 0.019079978 -0.035519648 0.037709683 -0.063453160 -0.024544733 0.996969998
1341845711.521704 -0.010037178 0.019099742 -0.035555813 0.038419232 -0.062790602 -0.024134219 0.996994913
1341845711.553696 -0.009970376 0.019134736 -0.035676971 0.038780462 -0.062539704 -0.024020022 0.996999443
1341845711.585708 -0.010041305 0.019071590 -0.035620540 0.037481137 -0.061455850 -0.025081968 0.997090399
1341845711.621659 -0.010104804 0.019082706 -0.035466481 0.037223917 -0.060242057 -0.025013244 0.997175813
1341845711.653731 -0.010046562 0.019090135 -0.035593476 0.037443209 -0.060772251 -0.023767114 0.997165918
1341845711.685758 -0.010331111 0.018955655 -0.035245571 0.037182998 -0.060635388 -0.023362968 0.997193515
1341845711.721850 -0.010283479 0.018971168 -0.035298601 0.037730355 -0.060656745 -0.022902610 0.997182369
1341845711.754323 -0.010105450 0.019047491 -0.035498779 0.038184363 -0.061851244 -0.021888191 0.997114480
1341845711.789716 -0.009935772 0.019138901 -0.035762880 0.038315412 -0.062488191 -0.021275125 0.997083008
1341845711.821820 -0.010221373 0.018982826 -0.035420578 0.038397457 -0.062164329 -0.022413937 0.997075140
1341845711.854173 -0.010554438 0.018891964 -0.034974106 0.038549766 -0.061556473 -0.023154927 0.997090101
1341845711.889875 -0.010421162 0.018919971 -0.035150647 0.037901193 -0.059943426 -0.024905840 0.997170985
1341845711.923959 -0.010320690 0.018928522 -0.035282183 0.037068520 -0.058044113 -0.024904568 0.997314692
1341845711.957595 -0.010238172 0.018972682 -0.035326362 0.036498833 -0.057962097 -0.026469102 0.997300148
1341845711.989820 -0.010466234 0.018908272 -0.035099838 0.035483789 -0.056604993 -0.027507475 0.997386634
1341845712.021796 -0.010400386 0.018934734 -0.035172105 0.034937464 -0.056216486 -0.025035171 0.997493029
1341845712.057899 -0.010199261 0.018949537 -0.035461057 0.034559615 -0.057013433 -0.024728686 0.997468591
1341845712.090038 -0.010287754 0.018918857 -0.035398502 0.033314012 -0.055351350 -0.028619578 0.997500539
1341845712.127587 -0.010206449 0.018966125 -0.035440773 0.032094631 -0.053347588 -0.027974399 0.997667968
1341845712.164065 -0.010310869 0.018958164 -0.035223588 0.032963727 -0.055844154 -0.025131186 0.997578681
1341845712.195638 -0.010293298 0.018983137 -0.035331804 0.034183070 -0.058488838 -0.025362523 0.997380197
1341845712.225662 -0.010424942 0.018867958 -0.035177588 0.032961752 -0.056839898 -0.027874699 0.997449636
1341845712.257830 -0.010456601 0.018898278 -0.035116792 0.032508362 -0.054798059 -0.028555226 0.997559488
1341845712.289935 -0.010389436 0.018939365 -0.035206310 0.033078451 -0.055714872 -0.027700720 0.997514069
