1341846317.474010 -0.028213605 -0.001700226 -0.005734493 0.015327433 -0.022141675 0.026047066 0.999297917
1341846317.509927 -0.025205275 0.000253439 -0.014489138 0.018079447 -0.027345642 0.031280652 0.998972893
1341846317.542282 -0.034118257 0.003111508 -0.008572339 0.018229334 -0.026515882 0.031434774 0.998987734
1341846317.573943 -0.031545449 -0.000548748 -0.011437904 0.016495688 -0.027858179 0.029317997 0.999045670
1341846317.610159 -0.030396460 0.000928605 -0.010332973 0.020622073 -0.027735801 0.032395624 0.998877347
1341846317.643553 -0.043347750 0.001252030 -0.007659217 0.022357108 -0.023491178 0.032982562 0.998929679
1341846317.677993 -0.033312615 0.000092702 -0.012293981 0.022274423 -0.033569384 0.037314545 0.998491168
1341846317.709996 -0.030666484 0.000335069 -0.012839480 0.025484711 -0.038310274 0.039744545 0.998149872
1341846317.741834 -0.029972890 0.001250273 -0.014094383 0.024525648 -0.041179266 0.037707049 0.998138726
1341846317.777923 -0.056705106 0.004187477 -0.010466925 0.024461396 -0.030793315 0.035030775 0.998612165
1341846317.810021 -0.034747787 0.001485262 -0.010456444 0.022655500 -0.044370551 0.035951808 0.998110950
1341846317.841886 -0.035590395 0.001104122 -0.014304796 0.021461602 -0.046246912 0.034115545 0.998116612
1341846317.878017 -0.050604191 0.001140404 -0.018571869 0.019247413 -0.040964711 0.026082586 0.998634636
1341846317.909910 -0.065969184 0.003295694 -0.010172028 0.020464493 -0.032273769 0.022715461 0.999011338
1341846317.946031 -0.067252740 0.005526034 -0.008486670 0.023346800 -0.032112636 0.025549149 0.998884857
1341846317.978041 -0.062327433 0.001351771 -0.012469182 0.022875506 -0.038014401 0.025197692 0.998697519
1341846318.009897 -0.064182438 0.003440661 -0.012583256 0.025894538 -0.037332457 0.023030780 0.998701811
1341846318.045949 -0.062711075 0.002103721 -0.014720535 0.025262447 -0.038908448 0.022862712 0.998661697
1341846318.078074 -0.070229881 0.001281748 -0.015910937 0.024467118 -0.038610015 0.021666974 0.998719752
1341846318.109894 -0.090635441 0.005961252 -0.011617319 0.026184229 -0.034768231 0.018800888 0.998875439
1341846318.145957 -0.067465864 0.000932955 -0.020338915 0.022798665 -0.049111869 0.015476554 0.998413086
1341846318.178001 -0.067117840 -0.002475091 -0.023575867 0.021069638 -0.050470032 0.013349357 0.998414040
1341846318.214074 -0.067916267 -0.004718941 -0.021541631 0.021312917 -0.053420633 0.014033816 0.998246014
1341846318.245970 -0.103253290 -0.000212450 -0.013000919 0.026884751 -0.042835489 0.012607437 0.998640776
1341846318.278018 -0.118658654 -0.006913992 -0.018910939 0.027554277 -0.042034250 0.011719660 0.998667359
1341846318.313937 -0.108388476 0.000996219 -0.013294601 0.032416966 -0.052987032 0.011714212 0.998000145
1341846318.345989 -0.113503948 0.000189190 -0.011306226 0.033602338 -0.061306208 0.011967232 0.997481465
1341846318.382046 -0.112243675 0.000646368 -0.014866185 0.035546187 -0.069999225 0.010555626 0.996857643
1341846318.414072 -0.119811080 -0.000538012 -0.018398095 0.036343649 -0.075001031 0.010329453 0.996467412
1341846318.446035 -0.119192481 -0.003471692 -0.024101079 0.037282802 -0.082957618 0.011825869 0.995785177
1341846318.482196 -0.122023880 0.000896610 -0.018781230 0.040119354 -0.084113941 0.009978582 0.995598197
1341846318.514144 -0.122710049 0.000545826 -0.020657327 0.040053863 -0.086634167 0.011469342 0.995368600
1341846318.546259 -0.123605132 0.000718578 -0.018668951 0.042182863 -0.088496834 0.011293460 0.995118797
1341846318.582042 -0.130820513 0.000892453 -0.023864053 0.042878605 -0.085860454 0.010474367 0.995328903
1341846318.614115 -0.134481981 0.000403777 -0.025532527 0.042271703 -0.086189352 0.010151264 0.995329797
1341846318.650038 -0.135827288 0.000787552 -0.025093334 0.042275220 -0.087259166 0.006913593 0.995264232
1341846318.682350 -0.140291512 0.001783146 -0.025251050 0.042142998 -0.087111257 0.005263731 0.995292842
1341846318.714063 -0.144108981 0.002486570 -0.026874218 0.041899361 -0.088009417 0.004349720 0.995228529
1341846318.749905 -0.147371531 0.000965946 -0.026473200 0.042343050 -0.087629989 0.005660587 0.995236635
1341846318.782036 -0.151983827 0.000565989 -0.028037131 0.043690074 -0.088012561 0.007795235 0.995130241
1341846318.814121 -0.155852303 0.000596308 -0.028753180 0.043451004 -0.093101390 0.006662547 0.994685769
1341846318.850072 -0.160748586 0.000993230 -0.029126722 0.043991800 -0.098121516 0.003656893 0.994194925
1341846318.883516 -0.160965621 -0.000830921 -0.030318849 0.046558678 -0.106095091 0.002767152 0.993261516
1341846318.918047 -0.165167019 -0.000468989 -0.034695830 0.049076241 -0.117889091 0.002989284 0.991808832
1341846318.950044 -0.174986556 0.000080291 -0.037779547 0.051220030 -0.125744969 -0.001798684 0.990737855
1341846318.982028 -0.173966154 0.000477692 -0.036967009 0.052770920 -0.130147830 -0.004140663 0.990080595
1341846319.018123 -0.180615067 0.000384422 -0.036177408 0.052200787 -0.134494796 -0.004559832 0.989527881
1341846319.050745 -0.183657631 -0.000225779 -0.036542561 0.053326227 -0.140179396 -0.008134938 0.988655567
1341846319.081905 -0.176294640 -0.000786989 -0.033959873 0.059007153 -0.143536747 -0.006296239 0.987864196
1341846319.117976 -0.183912382 -0.000357383 -0.038220230 0.060682375 -0.142064542 -0.000807030 0.987995267
1341846319.150093 -0.185040891 -0.001459474 -0.037231565 0.061711289 -0.146815896 0.007002726 0.987212121
1341846319.186069 -0.183498725 0.003878525 -0.042941514 0.064285539 -0.148054183 0.007683173 0.986857772
1341846319.218149 -0.181679264 0.009922745 -0.040234078 0.062732585 -0.143909767 0.005836224 0.987583160
1341846319.250034 -0.185832083 0.010290360 -0.041536495 0.056811575 -0.137390375 0.004355108 0.988876820
1341846319.286594 -0.192332566 0.004478461 -0.043254837 0.053192120 -0.133211538 0.007820936 0.989628255
1341846319.318034 -0.193513796 0.003892003 -0.041129019 0.053659193 -0.132793814 0.012128723 0.989615798
1341846319.350268 -0.199891254 0.003586292 -0.039213005 0.054149359 -0.131481513 0.018506199 0.989665568
1341846319.386163 -0.209441334 0.003107664 -0.039959878 0.055496488 -0.134107694 0.024836957 0.989099801
1341846319.418386 -0.207935482 0.005761328 -0.040064260 0.057070371 -0.140108094 0.025097132 0.988171458
1341846319.453961 -0.211209133 0.006225464 -0.039443403 0.057732396 -0.141763479 0.021481337 0.987982094
1341846319.486271 -0.212486878 0.005959882 -0.042699639 0.056679137 -0.142858952 0.020601925 0.987904012
1341846319.518456 -0.219384640 0.009229701 -0.050136004 0.054003991 -0.145263642 0.021966837 0.987673759
1341846319.554083 -0.219742656 0.007070472 -0.040247824 0.051554248 -0.148459300 0.019168084 0.987387776
1341846319.586296 -0.223211110 0.006261244 -0.041589171 0.051824063 -0.148002431 0.016113536 0.987496793
1341846319.622031 -0.228525609 0.006562879 -0.052061789 0.050242517 -0.150614142 0.012558565 0.987235188
1341846319.653962 -0.230906710 0.005035855 -0.047457505 0.049305562 -0.155884117 0.011575616 0.986476123
1341846319.686352 -0.234100759 0.003713114 -0.048863798 0.050575003 -0.159579247 0.013582462 0.985795200
1341846319.721992 -0.236571923 0.005811987 -0.050592944 0.051320750 -0.163689554 0.013979490 0.985076904
1341846319.754063 -0.238456950 0.011227958 -0.057390247 0.048905116 -0.165152162 0.013776717 0.984958470
1341846319.786397 -0.240653232 0.011764005 -0.049020495 0.044681653 -0.165398821 0.016157025 0.985081553
1341846319.822008 -0.243653670 0.011477618 -0.055053886 0.040853564 -0.165293440 0.020594191 0.985182703
1341846319.853917 -0.242594004 0.012816375 -0.049401496 0.036292750 -0.166616976 0.024007341 0.985061049
1341846319.889942 -0.242771402 0.007532964 -0.045710478 0.031668730 -0.167696700 0.029412093 0.984890759
1341846319.922039 -0.245370939 0.005055650 -0.049998280 0.030548384 -0.171841890 0.031579252 0.984144270
1341846319.953946 -0.247005269 0.004009675 -0.042563286 0.031278454 -0.178240657 0.027340269 0.983109593
1341846319.990054 -0.247308269 0.006351364 -0.047494903 0.034834925 -0.180687159 0.020440701 0.982711017
1341846320.028122 -0.248372704 0.005491924 -0.050032079 0.036434457 -0.184277803 0.019836294 0.981998324
1341846320.054177 -0.248205051 0.005760832 -0.048229702 0.039769210 -0.189717680 0.019504638 0.980839014
1341846320.090047 -0.243656904 0.008980091 -0.044857033 0.042154018 -0.191980019 0.020011537 0.980288863
1341846320.122011 -0.239978656 0.009171909 -0.043717429 0.042820714 -0.190226212 0.021086933 0.980579257
1341846320.157952 -0.237095803 0.008648083 -0.042379119 0.043010645 -0.188204244 0.021931393 0.980942547
1341846320.190003 -0.230907515 0.004115222 -0.039279822 0.045293387 -0.186260372 0.021227451 0.981226265
1341846320.221941 -0.229470044 0.003531630 -0.041495200 0.049216717 -0.182479843 0.022412293 0.981721222
1341846320.258015 -0.226803273 0.001900499 -0.038927268 0.053005125 -0.181990594 0.025414916 0.981541634
1341846320.289887 -0.224293888 -0.003217184 -0.044635646 0.056840852 -0.182417527 0.026026579 0.981231689
1341846320.321954 -0.218204901 -0.001400187 -0.035595551 0.066930234 -0.185525253 0.027353033 0.979975760
1341846320.357890 -0.212204814 0.002523939 -0.030258093 0.072737552 -0.186182812 0.029331997 0.979379833
1341846320.390064 -0.203424007 -0.000616923 -0.040317807 0.073192842 -0.183208913 0.029259400 0.979908764
1341846320.426544 -0.195752248 0.000508524 -0.021902932 0.077546649 -0.177899525 0.025233304 0.980663836
1341846320.458122 -0.195665613 -0.000282478 -0.024545373 0.078649871 -0.169812068 0.022416528 0.982077122
1341846320.490186 -0.193084300 -0.003303366 -0.024339329 0.081892602 -0.162609845 0.022229724 0.983034849
1341846320.525911 -0.182651907 -0.003923961 -0.031032002 0.085507452 -0.155579165 0.020317934 0.983905852
1341846320.558091 -0.179127544 -0.002164620 -0.032569483 0.087266363 -0.151935861 0.016290946 0.984395623
1341846320.594093 -0.175753176 -0.003052521 -0.021225974 0.088820577 -0.148245335 0.013675029 0.984858990
1341846320.631955 -0.170170337 -0.001018000 -0.020961531 0.092280410 -0.140387222 0.012197273 0.985711396
1341846320.664916 -0.164674446 -0.000430325 -0.024415797 0.092233442 -0.138433680 0.011361221 0.986002028
1341846320.699927 -0.157463461 -0.003442629 -0.019743586 0.092063412 -0.136265486 0.009631949 0.986338317
1341846320.731822 -0.153809205 -0.002482553 -0.021719648 0.094409525 -0.129877731 0.009206123 0.986982226
1341846320.763877 -0.154402688 0.007273413 -0.025181824 0.093823574 -0.127857581 0.009276929 0.987301171
1341846320.799999 -0.146941230 -0.002352010 -0.022129001 0.085066855 -0.130445778 0.004458983 0.987789273
1341846320.831871 -0.130584329 -0.008094548 -0.034068737 0.086539403 -0.120609865 -0.001021825 0.988920152
1341846320.863887 -0.144073591 0.003155180 -0.021743773 0.087821156 -0.110149398 -0.000598198 0.990027368
1341846320.900014 -0.143355072 -0.001487747 -0.022356886 0.079612143 -0.114446789 0.004195426 0.990225375
1341846320.931889 -0.131097272 -0.005225763 -0.016836768 0.080557615 -0.116552807 0.003338720 0.989906430
1341846320.967866 -0.130934954 0.002865146 -0.021591213 0.081383832 -0.110476032 0.000549576 0.990540981
1341846321.000017 -0.128863439 0.001820362 -0.019378288 0.075315312 -0.110034570 -0.002456252 0.991067111
1341846321.031860 -0.118775912 -0.003823386 -0.018476442 0.072384194 -0.111016728 -0.004162862 0.991170228
1341846321.068047 -0.116011053 -0.000332216 -0.018447494 0.073839828 -0.107422791 -0.007137439 0.991441905
1341846321.099840 -0.114466980 -0.000904209 -0.018304458 0.071377464 -0.105994165 -0.006409871 0.991780937
1341846321.131821 -0.107247904 -0.007225283 -0.019377315 0.070337579 -0.105382681 -0.004950978 0.991928756
1341846321.167887 -0.115546294 -0.003149172 -0.018695127 0.073942058 -0.097615808 -0.003339716 0.992467880
1341846321.200042 -0.112492330 -0.001302670 -0.018148076 0.074612573 -0.095544830 -0.003273361 0.992619455
1341846321.231950 -0.108154885 -0.003843585 -0.016363000 0.073648147 -0.094976783 -0.004158862 0.992742658
1341846321.267939 -0.102533206 -0.003233009 -0.020018011 0.074540965 -0.093371086 -0.009011809 0.992796183
1341846321.299948 -0.099110574 -0.004287855 -0.015360697 0.073701307 -0.089147680 -0.015209454 0.993171394
1341846321.331858 -0.098875612 -0.006048667 -0.014541524 0.073972300 -0.085953236 -0.018923225 0.993369043
1341846321.367913 -0.092284240 -0.008420448 -0.013418880 0.075476684 -0.084196962 -0.022729877 0.993326485
1341846321.399897 -0.090257429 -0.006318794 -0.011685906 0.078099206 -0.079152860 -0.023701001 0.993515790
1341846321.435994 -0.090080053 -0.008495234 -0.010433147 0.079324044 -0.075528860 -0.024037713 0.993692756
1341846321.467946 -0.085245088 -0.007446607 -0.009345287 0.081556335 -0.073649578 -0.023156904 0.993674040
1341846321.499882 -0.079369664 -0.007783992 -0.007603021 0.083016053 -0.071169481 -0.022740852 0.993743479
1341846321.536109 -0.069617465 -0.005842313 -0.010641925 0.083268799 -0.067553431 -0.025646100 0.993903995
1341846321.568960 -0.074396484 -0.001335520 -0.005910718 0.081590153 -0.059595041 -0.028881688 0.994463325
1341846321.603938 -0.072858073 -0.003618130 -0.004179588 0.077998921 -0.056947488 -0.029557914 0.994886696
1341846321.637163 -0.061303433 -0.001620361 -0.006272922 0.075974256 -0.053653855 -0.030128561 0.995209277
1341846321.668306 -0.063082114 -0.000222847 -0.000160458 0.071974523 -0.044126268 -0.027406072 0.996052921
1341846321.704411 -0.069728933 -0.001715079 0.000015614 0.067822069 -0.041043047 -0.019834690 0.996655524
1341846321.736861 -0.065793648 -0.001298271 0.001106215 0.066314824 -0.043780636 -0.011706547 0.996769071
1341846321.771881 -0.060057804 0.003490998 -0.001312898 0.064186051 -0.044153646 -0.006963413 0.996936381
1341846321.804114 -0.055172525 0.001809499 0.001740568 0.059405196 -0.042814359 -0.003435172 0.997309446
1341846321.836152 -0.056841776 0.003935784 0.002228587 0.056776535 -0.039557073 -0.003726356 0.997596025
1341846321.871882 -0.053192008 0.007567200 0.000670506 0.052388687 -0.038573273 -0.005720397 0.997865140
1341846321.904074 -0.050840210 0.006506983 0.003115880 0.045962080 -0.037180845 -0.009971003 0.998201191
1341846321.939847 -0.048919220 0.004690276 0.005423394 0.041987639 -0.034637652 -0.013189144 0.998430431
1341846322.004094 -0.052302636 0.003648822 0.005441106 0.035004992 -0.035724983 -0.014388567 0.998644769
1341846322.034203 -0.045022581 0.001102332 0.005110094 0.032719709 -0.036106355 -0.015016794 0.998699307
1341846322.066178 -0.045219552 0.000372060 0.006366970 0.030161139 -0.031772751 -0.017648235 0.998884082
1341846322.107979 -0.048088204 -0.005258801 0.006519793 0.027192414 -0.028933002 -0.019646816 0.999018252
1341846322.133980 -0.048660211 -0.011123323 0.007973263 0.028135300 -0.028322726 -0.021672538 0.998967707
1341846322.166164 -0.049137250 -0.012852547 0.007227432 0.030071151 -0.029052235 -0.019369153 0.998937726
1341846322.202932 -0.047627870 -0.015874662 0.005158622 0.030849474 -0.031957984 -0.018648988 0.998838961
1341846322.234093 -0.048289035 -0.015372770 0.004939783 0.030536387 -0.033002555 -0.021497637 0.998757362
1341846322.265941 -0.047439266 -0.019476706 0.004182403 0.027383918 -0.036356788 -0.020205038 0.998759270
1341846322.301996 -0.045082729 -0.024735451 0.007255132 0.025083890 -0.038489323 -0.019767543 0.998748541
1341846322.333949 -0.050344240 -0.030577378 0.005077571 0.023710748 -0.039131865 -0.020499814 0.998742342
1341846322.369871 -0.047850464 -0.035734173 0.005261105 0.024062345 -0.045158062 -0.022635439 0.998433471
1341846322.402292 -0.043192513 -0.040788177 0.003896555 0.026090778 -0.044617116 -0.029122436 0.998238683
1341846322.433955 -0.049096428 -0.050449338 0.004246091 0.029918481 -0.042382400 -0.033153877 0.998102963
1341846322.470030 -0.048225388 -0.053983476 0.004452897 0.037740972 -0.047145449 -0.028053045 0.997780502
1341846322.502433 -0.045614995 -0.059018347 0.004819997 0.043123521 -0.050760638 -0.025285685 0.997458935
1341846322.534002 -0.047572624 -0.066067927 0.007379606 0.051693235 -0.050336793 -0.022843523 0.997132003
1341846322.570196 -0.045821168 -0.070932530 0.008481146 0.060474154 -0.051808864 -0.019019537 0.996642888
1341846322.601920 -0.048733283 -0.073620990 0.005553935 0.066063233 -0.054171238 -0.015607696 0.996221662
1341846322.638119 -0.045396514 -0.078382082 0.008769616 0.070747457 -0.057950001 -0.015570262 0.995687842
1341846322.669947 -0.042770945 -0.076638430 0.010465042 0.077232607 -0.055261329 -0.017468842 0.995327175
1341846322.702026 -0.047976568 -0.081385389 0.009064201 0.079508469 -0.052469354 -0.015411624 0.995333076
1341846322.738006 -0.045407668 -0.080376603 0.010377114 0.081280388 -0.055756811 -0.013525278 0.995038569
1341846322.770087 -0.043630064 -0.088277429 0.010509067 0.080400370 -0.055452064 -0.013769566 0.995123744
1341846322.806047 -0.047328070 -0.092215843 0.012580628 0.084027164 -0.055105962 -0.012111158 0.994864881
1341846322.838063 -0.048795313 -0.093686834 0.010860530 0.086156584 -0.059206694 -0.009727834 0.994473219
1341846322.870081 -0.046274830 -0.101261802 0.010840665 0.086817019 -0.064706594 -0.008659677 0.994082928
1341846322.906018 -0.041736409 -0.101072870 0.016466418 0.092556752 -0.067628160 -0.008096321 0.993375123
1341846322.938349 -0.043309357 -0.096078947 0.013818256 0.094140686 -0.065912783 -0.007783149 0.993344069
1341846322.970069 -0.043179426 -0.097937979 0.014922085 0.089016542 -0.066316500 -0.005925085 0.993802369
1341846323.011820 -0.042701811 -0.103302442 0.018610496 0.085847460 -0.065944478 -0.005214709 0.994109869
1341846323.038050 -0.044479806 -0.103853330 0.020636525 0.085539944 -0.065249994 -0.003035081 0.994191170
1341846323.073951 -0.044078160 -0.101921581 0.021114336 0.083461963 -0.065558404 -0.001244926 0.994351387
1341846323.105962 -0.043597236 -0.108998299 0.021519626 0.079542905 -0.065703183 -0.001186933 0.994663060
1341846323.138158 -0.044496931 -0.109604478 0.022480933 0.080720350 -0.065554969 -0.005079656 0.994565725
1341846323.174092 -0.044670641 -0.110288493 0.020072490 0.078629091 -0.065878369 -0.006384097 0.994704366
1341846323.206059 -0.041580152 -0.112524942 0.020354416 0.075720847 -0.067000143 -0.008926975 0.994835496
1341846323.238053 -0.038858168 -0.113189772 0.019380771 0.073324323 -0.064453609 -0.010705450 0.995165646
1341846323.273997 -0.045485549 -0.113346756 0.015290747 0.069260068 -0.062551782 -0.010428247 0.995581031
1341846323.305946 -0.045049217 -0.116364524 0.018335393 0.063762583 -0.066423766 -0.010005957 0.995701849
1341846323.342027 -0.037468649 -0.122674547 0.025734911 0.061301127 -0.066663131 -0.011686795 0.995822072
1341846323.374048 -0.045863483 -0.125296399 0.024151448 0.061592411 -0.061492611 -0.010825998 0.996146500
1341846323.405987 -0.050676927 -0.129449621 0.020559354 0.060802363 -0.064575635 -0.005597105 0.996043086
1341846323.441956 -0.044313170 -0.132502854 0.024422664 0.061669160 -0.070025407 -0.003297959 0.995631695
1341846323.473878 -0.042867206 -0.138143435 0.024348794 0.065351240 -0.069016501 -0.004473832 0.995462656
1341846323.506129 -0.045686245 -0.134240761 0.023478897 0.068945639 -0.068581678 -0.007147585 0.995234609
1341846323.541972 -0.041556049 -0.135379493 0.021980409 0.067453511 -0.069469310 -0.008925227 0.995260954
1341846323.573913 -0.034537818 -0.143904209 0.019620193 0.066160105 -0.066484548 -0.014375756 0.995487809
1341846323.609927 -0.039443169 -0.142433479 0.021181647 0.067715451 -0.059717063 -0.017841490 0.995756090
1341846323.642014 -0.045175232 -0.144919261 0.021124899 0.066820361 -0.056839138 -0.017762154 0.995986402
1341846323.674081 -0.046686534 -0.149300039 0.023119185 0.066039748 -0.058342654 -0.015831871 0.995984077
1341846323.710069 -0.045188766 -0.156277642 0.022271266 0.066790476 -0.060071822 -0.011286321 0.995893061
1341846323.742111 -0.045377824 -0.158490822 0.022078041 0.071408346 -0.062176581 -0.009813505 0.995459020
1341846323.774928 -0.045451123 -0.158056229 0.020296648 0.075135209 -0.064341299 -0.012341321 0.995018899
1341846323.810012 -0.045100525 -0.158945888 0.020692460 0.077012263 -0.065843552 -0.016055051 0.994724035
1341846323.842207 -0.042341869 -0.162431404 0.016253211 0.078139283 -0.066161998 -0.020790426 0.994527340
1341846323.878019 -0.046340123 -0.166597977 0.015199322 0.078616545 -0.066146478 -0.024747660 0.994400144
1341846323.909826 -0.045959800 -0.170249999 0.020221109 0.082304865 -0.068402223 -0.029174687 0.993828893
1341846323.942459 -0.047697917 -0.169754162 0.018181887 0.086468451 -0.068144895 -0.029733650 0.993476391
1341846323.978055 -0.050608944 -0.171581328 0.019059183 0.088539273 -0.070603289 -0.028095836 0.993169963
1341846324.015934 -0.046177287 -0.172579169 0.019696841 0.092119828 -0.073662028 -0.027826218 0.992629647
1341846324.047722 -0.044359643 -0.169863507 0.018765431 0.096154392 -0.072570801 -0.028696122 0.992302537
1341846324.083904 -0.044503622 -0.165695101 0.015859604 0.096789263 -0.070916824 -0.028254921 0.992373049
1341846324.115968 -0.042510077 -0.163807437 0.016171144 0.094682470 -0.069734059 -0.029427564 0.992626011
1341846324.151967 -0.041048910 -0.163023233 0.015333417 0.094822809 -0.066958882 -0.034558497 0.992638350
1341846324.183941 -0.042636108 -0.157508940 0.017386200 0.092578642 -0.062645093 -0.037636820 0.993019760
1341846324.219984 -0.044486426 -0.156768709 0.016540553 0.088170007 -0.060206976 -0.038065355 0.993555307
1341846324.251968 -0.046544649 -0.156789392 0.018753065 0.087467141 -0.059816755 -0.038484886 0.993624866
1341846324.284052 -0.047612783 -0.152071476 0.017640874 0.088457398 -0.060284752 -0.039376732 0.993473947
1341846324.319880 -0.048930410 -0.146342695 0.016420536 0.087527946 -0.063414358 -0.039813656 0.993344009
1341846324.351917 -0.046176426 -0.140108749 0.016309738 0.084352873 -0.067246459 -0.040742680 0.993328989
1341846324.388001 -0.042416736 -0.137896016 0.014857826 0.080239512 -0.067637295 -0.044906195 0.993463755
1341846324.419908 -0.043929175 -0.131580323 0.017893083 0.076284260 -0.065269314 -0.047538675 0.993811190
1341846324.452027 -0.046637747 -0.130940184 0.020169724 0.071646847 -0.064448185 -0.047987700 0.994188249
1341846324.487928 -0.046487868 -0.128479987 0.018321890 0.070093274 -0.064727545 -0.046101730 0.994370103
1341846324.519985 -0.050611813 -0.124516487 0.017553451 0.068473764 -0.065830708 -0.042297892 0.994579554
1341846324.556001 -0.050614145 -0.119842090 0.016149120 0.066026740 -0.070659891 -0.037691325 0.994598925
1341846324.587888 -0.048683323 -0.113000654 0.017195141 0.063357741 -0.074079297 -0.035565708 0.994601965
1341846324.620086 -0.048510712 -0.110974230 0.017550062 0.061184365 -0.076563641 -0.037825201 0.994466543
1341846324.655955 -0.047427531 -0.108373582 0.016616961 0.059411097 -0.077721536 -0.039414797 0.994422555
1341846324.688082 -0.048440266 -0.107058316 0.019452829 0.058716986 -0.077539265 -0.038446561 0.994515896
1341846324.755922 -0.052447088 -0.093054995 0.014668828 0.060545497 -0.079763427 -0.034904592 0.994360983
1341846324.782029 -0.050846752 -0.089241922 0.017547965 0.058340114 -0.085049577 -0.035562344 0.994031370
1341846324.814016 -0.043625332 -0.078818202 0.016485129 0.056951314 -0.087031089 -0.037283350 0.993877292
1341846324.849979 -0.048563749 -0.075135380 0.021076182 0.051758438 -0.083023630 -0.039998725 0.994398415
1341846324.881924 -0.052487724 -0.073463731 0.020515399 0.048701875 -0.083365843 -0.040622953 0.994498909
1341846324.913902 -0.050057843 -0.070157923 0.021568233 0.047555055 -0.085274160 -0.037568562 0.994512618
1341846324.949999 -0.052039154 -0.070918858 0.022877065 0.047535475 -0.084951319 -0.035012644 0.994634509
1341846324.981922 -0.054936748 -0.068272330 0.023792502 0.051378466 -0.087152511 -0.030595018 0.994398654
1341846325.018013 -0.055173576 -0.064064674 0.021834742 0.055671223 -0.092187867 -0.027911764 0.993792236
1341846325.050079 -0.055294868 -0.058915790 0.019906117 0.057712924 -0.097200602 -0.028333245 0.993186057
1341846325.081901 -0.053971380 -0.051897760 0.017208347 0.057459380 -0.102599211 -0.030565113 0.992591381
1341846325.118531 -0.048901252 -0.044549629 0.016754001 0.053992718 -0.104936466 -0.032797437 0.992470384
1341846325.149933 -0.049947720 -0.044524774 0.018891720 0.048367903 -0.102306917 -0.035362989 0.992946744
1341846325.181925 -0.051537950 -0.042719319 0.019813195 0.044970874 -0.100836128 -0.033356998 0.993326247
1341846325.218055 -0.051533718 -0.040018018 0.020486498 0.042051803 -0.100640997 -0.029195033 0.993604898
1341846325.249811 -0.052522056 -0.036023065 0.021126613 0.039969664 -0.100506857 -0.025338938 0.993810236
1341846325.285925 -0.051122777 -0.032630507 0.020768356 0.037356578 -0.101130642 -0.022972282 0.993906081
1341846325.317988 -0.046930615 -0.033803098 0.022604514 0.034607552 -0.099546172 -0.020393493 0.994221807
1341846325.349844 -0.048284400 -0.035902381 0.025165066 0.036783043 -0.094781183 -0.017509829 0.994664192
1341846325.387302 -0.044862989 -0.037406947 0.022261068 0.039776593 -0.092979483 -0.015619374 0.994750559
1341846325.417931 -0.043935083 -0.029618099 0.027491070 0.044205766 -0.088403761 -0.011543632 0.995036364
1341846325.450747 -0.043479607 -0.032197651 0.027317561 0.048608102 -0.080100894 -0.009623856 0.995554388
1341846325.485954 -0.046592187 -0.025107644 0.031278979 0.058110207 -0.073249079 -0.006333712 0.995599151
1341846325.517875 -0.047625564 -0.021948395 0.030508898 0.061801359 -0.070293166 -0.003581401 0.995603621
1341846325.553859 -0.047109533 -0.019982405 0.031396117 0.064969748 -0.066873662 -0.004168957 0.995635211
1341846325.585855 -0.048111048 -0.012476075 0.029243555 0.068249106 -0.063581824 -0.005506148 0.995624959
1341846325.617990 -0.043817878 -0.011333231 0.025756953 0.064368226 -0.063020378 -0.007209683 0.995908201
1341846325.653982 -0.046722747 -0.016361313 0.029430941 0.060898297 -0.060694929 -0.010790985 0.996238470
1341846325.685819 -0.046468690 -0.016823577 0.030169679 0.065909348 -0.059785448 -0.009507455 0.995987594
1341846325.717857 -0.051787842 -0.004508541 0.033232592 0.072490610 -0.057317890 -0.001228775 0.995719969
1341846325.754083 -0.053100675 -0.005025648 0.033130966 0.074748613 -0.057103209 0.003232179 0.995560884
1341846325.786087 -0.047560800 -0.008894401 0.030895030 0.079569206 -0.058169395 0.004079556 0.995122313
1341846325.821856 -0.047349874 -0.001629608 0.031499926 0.084246188 -0.056356359 0.006213349 0.994830608
1341846325.853827 -0.049924459 0.000414937 0.031867720 0.084712334 -0.055447303 0.009774417 0.994813502
1341846325.885958 -0.056849994 0.008746166 0.030014470 0.086464427 -0.056173328 0.015612457 0.994547486
1341846325.921984 -0.054195713 0.012962717 0.034679484 0.085357353 -0.060845248 0.021159818 0.994265676
1341846325.953899 -0.050316997 0.013832491 0.035010554 0.088100761 -0.061303169 0.022904672 0.993959546
1341846325.985823 -0.052167557 0.018959960 0.037013035 0.091259129 -0.058012519 0.027173996 0.993764520
1341846326.021991 -0.050583150 0.012605963 0.034624495 0.091538839 -0.058451228 0.032100577 0.993566155
1341846326.054055 -0.047721986 0.017426021 0.035324041 0.096643753 -0.060067803 0.036577761 0.992831290
1341846326.089984 -0.045602430 0.024305098 0.034457158 0.100045070 -0.058429632 0.035731185 0.992622912
1341846326.121822 -0.047333229 0.028125707 0.035316847 0.099984020 -0.053847976 0.033598468 0.992962599
1341846326.154079 -0.049484558 0.028730353 0.037723385 0.100579508 -0.050966971 0.032020304 0.993106663
1341846326.190178 -0.051393434 0.032012202 0.037982304 0.102924652 -0.051097102 0.034395512 0.992780209
1341846326.222162 -0.052139387 0.037872486 0.037157051 0.102369241 -0.052622244 0.039920259 0.992551148
1341846326.259181 -0.052330874 0.042700913 0.038501594 0.099286303 -0.055129353 0.043702513 0.992568910
1341846326.291222 -0.050193045 0.047529951 0.039308697 0.095757350 -0.056404009 0.044829618 0.992793739
1341846326.322766 -0.048346873 0.052494835 0.041283149 0.091993488 -0.056295414 0.043543108 0.993212998
1341846326.359773 -0.048524667 0.055007733 0.042265803 0.088273019 -0.054528520 0.040572576 0.993774831
1341846326.392109 -0.048252907 0.053065665 0.044692382 0.086500719 -0.052746352 0.040876672 0.994014382
1341846326.423985 -0.050622314 0.054904178 0.045803428 0.090262175 -0.051459633 0.046420794 0.993503809
1341846326.459869 -0.052572560 0.061521843 0.045399595 0.093071081 -0.053525068 0.050036065 0.992959857
1341846326.491143 -0.048783638 0.064413339 0.048250075 0.093870632 -0.055711921 0.050828326 0.992724061
1341846326.526163 -0.045432877 0.073548727 0.045757622 0.093865998 -0.053218700 0.049761266 0.992915273
1341846326.560211 -0.046138324 0.077380829 0.048269466 0.089187235 -0.049166542 0.049427751 0.993571937
1341846326.591828 -0.046854410 0.078691907 0.047131125 0.085799165 -0.046730988 0.050779052 0.993919671
1341846326.627027 -0.046642333 0.083408363 0.047948867 0.086154200 -0.045071982 0.049825858 0.994013786
1341846326.658442 -0.044168860 0.088949159 0.048920650 0.084325306 -0.042014759 0.048905004 0.994350195
1341846326.694856 -0.051361784 0.089720726 0.053208180 0.080155149 -0.037004124 0.047564525 0.994959056
1341846326.726206 -0.050703980 0.094879873 0.053864159 0.074978136 -0.035903059 0.045300212 0.995508492
1341846326.762753 -0.048791394 0.101751208 0.052528344 0.069861777 -0.033664349 0.042628787 0.996076763
1341846326.794046 -0.050510757 0.106222302 0.054769035 0.063136935 -0.029505139 0.039177615 0.996799052
1341846326.826821 -0.050991479 0.113634869 0.055865724 0.056375444 -0.026965782 0.036188841 0.997389078
1341846326.858887 -0.047393944 0.118005142 0.052968565 0.048666503 -0.026295161 0.035868309 0.997824430
1341846326.895360 -0.053469095 0.113368250 0.057595551 0.044760674 -0.025328074 0.036684029 0.998002589
1341846326.926897 -0.054708540 0.115816474 0.057872843 0.046376087 -0.028687837 0.037981562 0.997789383
1341846326.958888 -0.051857848 0.120623894 0.056727741 0.048966203 -0.031697590 0.041725688 0.997424960
1341846326.994594 -0.050431028 0.125438720 0.055060070 0.049845446 -0.031520288 0.044942990 0.997247219
1341846327.026301 -0.048778724 0.131493926 0.058140319 0.048555654 -0.030358465 0.043516155 0.997410178
1341846327.063945 -0.047576409 0.132784918 0.056676563 0.045212746 -0.028163472 0.040400863 0.997762680
1341846327.094662 -0.047092907 0.136046678 0.056550618 0.045257658 -0.026109634 0.038279984 0.997900128
1341846327.128901 -0.048478227 0.140719160 0.058794536 0.044900939 -0.025636163 0.036251623 0.998004258
1341846327.161940 -0.048416499 0.144388795 0.058773525 0.043897409 -0.026613347 0.035719708 0.998042524
1341846327.193867 -0.044845954 0.146378458 0.060097337 0.042868536 -0.026282514 0.034665581 0.998133183
1341846327.229885 -0.044978254 0.151781201 0.062871367 0.044576462 -0.023012940 0.032956611 0.998196959
1341846327.262014 -0.043422852 0.156390697 0.064789817 0.044650789 -0.019261312 0.030353082 0.998355687
1341846327.294023 -0.044492431 0.155935481 0.062102426 0.047421500 -0.008368047 0.021502865 0.998608470
1341846327.330015 -0.041110538 0.166560769 0.059783962 0.052201763 0.003196831 0.021154650 0.998407364
1341846327.361939 -0.040845189 0.171539515 0.066785485 0.050420739 0.008605863 0.015851760 0.998565197
1341846327.393887 -0.042496931 0.174021557 0.068993941 0.049264994 0.011121444 0.008894407 0.998684227
1341846327.429966 -0.045014914 0.182351276 0.062751412 0.048038952 0.011224814 0.008962459 0.998742163
1341846327.461965 -0.046673391 0.191113934 0.066512324 0.041429404 0.007251300 0.008962611 0.999074936
1341846327.497931 -0.042274497 0.191160828 0.067366309 0.035831217 0.004217114 0.006618401 0.999327064
1341846327.530068 -0.044921406 0.197350696 0.071155764 0.035108723 0.006023488 0.008026379 0.999333084
1341846327.561895 -0.046321474 0.200115383 0.071517304 0.032812968 0.004417890 0.012170146 0.999377668
1341846327.598010 -0.049297776 0.200192332 0.069758110 0.033290658 0.001659353 0.017636329 0.999288738
1341846327.629945 -0.048499446 0.205270216 0.069420673 0.033942912 -0.004004279 0.018606463 0.999242544
1341846327.662003 -0.050515279 0.207244888 0.069197044 0.033796076 -0.006796830 0.014576499 0.999299347
1341846327.697919 -0.048141614 0.215174705 0.068375193 0.037378427 -0.008461471 0.015193997 0.999149859
1341846327.730075 -0.049162492 0.222305343 0.066740647 0.033877417 -0.008904100 0.016493201 0.999250233
1341846327.766017 -0.050156072 0.225329220 0.067150898 0.028675556 -0.008859185 0.016431283 0.999414444
1341846327.797917 -0.049267083 0.233558238 0.070664480 0.025651528 -0.009223251 0.018187245 0.999462962
1341846327.830054 -0.048810933 0.236352116 0.072934888 0.019172164 -0.009776869 0.019213513 0.999583781
1341846327.865944 -0.047360159 0.237816006 0.069688790 0.014236471 -0.008730877 0.018239550 0.999694169
1341846327.898010 -0.050478268 0.241790816 0.072065540 0.011685801 -0.006578377 0.018473681 0.999739408
1341846327.929991 -0.047876596 0.245804250 0.071733713 0.007985909 -0.009162605 0.016922414 0.999782920
1341846327.966065 -0.048250124 0.250538707 0.070059195 0.003928758 -0.008555540 0.014622171 0.999848783
1341846327.998073 -0.047405507 0.254175007 0.070741683 -0.001611626 -0.007985143 0.012456712 0.999889255
1341846328.034045 -0.047434136 0.255915940 0.069418155 -0.007399274 -0.006735153 0.009816066 0.999901772
1341846328.065993 -0.047253668 0.257535368 0.069376826 -0.012541854 -0.005650041 0.010405702 0.999851227
1341846328.098045 -0.049499393 0.252038717 0.072538942 -0.015240377 -0.004230187 0.010512565 0.999819636
1341846328.133967 -0.049373206 0.252586901 0.071346231 -0.012038281 -0.005513919 0.013916939 0.999815464
1341846328.166023 -0.049532827 0.250957876 0.070313193 -0.012747739 -0.008689276 0.015262687 0.999764502
1341846328.198018 -0.050861999 0.243902490 0.069298059 -0.014618677 -0.010870676 0.011721776 0.999765337
1341846328.234044 -0.050914366 0.238817990 0.067977667 -0.012545838 -0.012493855 0.011187389 0.999780655
1341846328.265899 -0.050987583 0.234884053 0.067354158 -0.011085405 -0.014087827 0.011689588 0.999770999
1341846328.302051 -0.050134126 0.227354154 0.065436348 -0.009763651 -0.014764281 0.011233618 0.999780238
1341846328.333917 -0.050953962 0.221342042 0.065576799 -0.007296412 -0.014586688 0.013412205 0.999777019
1341846328.366008 -0.051944308 0.216445088 0.064868085 -0.002007820 -0.015049197 0.011426420 0.999819458
1341846328.402010 -0.050933380 0.205952629 0.063071400 0.009453632 -0.013717528 0.014680951 0.999753416
1341846328.433920 -0.051752381 0.198116422 0.065052755 0.012038490 -0.015373210 0.013585925 0.999717057
1341846328.470003 -0.048399113 0.191791713 0.062572859 0.012128291 -0.017974051 0.009289276 0.999721706
1341846328.502194 -0.048104372 0.181105822 0.062194321 0.012820008 -0.016080095 0.001510405 0.999787390
1341846328.534033 -0.047502622 0.173822746 0.062065143 0.013619746 -0.013240613 -0.001773635 0.999817967
1341846328.570125 -0.049333896 0.164808869 0.061154380 0.014866194 -0.011806887 -0.003198722 0.999814630
1341846328.602804 -0.052846435 0.155584216 0.056873746 0.019185791 -0.015828243 0.001266322 0.999689817
1341846328.636433 -0.048807900 0.145465478 0.056587812 0.022064088 -0.026227167 0.004356272 0.999403000
1341846328.672663 -0.051695015 0.142089903 0.062982664 0.028379362 -0.029912358 -0.000916459 0.999149144
1341846328.702975 -0.047008861 0.135370776 0.059991237 0.030099539 -0.035146322 0.000608105 0.998928607
1341846328.738215 -0.046317328 0.125617549 0.061490163 0.034464434 -0.036900006 -0.002806242 0.998720527
1341846328.770129 -0.045531388 0.122401379 0.060906071 0.038642671 -0.038276765 -0.004441342 0.998509824
1341846328.802331 -0.045713615 0.115503177 0.060059972 0.038671732 -0.041293800 -0.003481631 0.998392284
1341846328.838051 -0.044647105 0.107974678 0.059601851 0.041825052 -0.043954439 -0.005886021 0.998140275
1341846328.869939 -0.043890644 0.110923581 0.058431532 0.043104209 -0.045172032 -0.006878838 0.998025119
1341846328.904486 -0.044349171 0.102946125 0.054285098 0.037340339 -0.047716454 -0.007482423 0.998134673
1341846328.939814 -0.041470036 0.090445064 0.054042716 0.038319282 -0.051768549 -0.005268496 0.997909725
1341846328.970217 -0.041644283 0.090182126 0.053667489 0.042821508 -0.053437222 -0.003273321 0.997647285
1341846329.006232 -0.041334376 0.087357134 0.051980957 0.043432027 -0.055774070 0.001421034 0.997497320
1341846329.038243 -0.039843477 0.078161262 0.050687175 0.045837913 -0.056846596 0.001565637 0.997328877
1341846329.072238 -0.035272382 0.083199441 0.050098963 0.051914576 -0.057455290 0.001813840 0.996995747
1341846329.106125 -0.036130685 0.081088170 0.049183402 0.050914627 -0.057772301 0.000678435 0.997030377
1341846329.138340 -0.040261399 0.070717998 0.050754976 0.050702218 -0.057700988 -0.002347517 0.997042835
1341846329.169991 -0.039538041 0.070897572 0.049554296 0.053391065 -0.058972266 -0.002852572 0.996826768
1341846329.208656 -0.038639788 0.066807419 0.048337191 0.053335920 -0.060090080 -0.004074398 0.996758699
1341846329.238169 -0.037076492 0.066894837 0.048220318 0.053146105 -0.061631691 -0.003669521 0.996676266
1341846329.273827 -0.037964523 0.061159465 0.048798058 0.050630532 -0.062378816 -0.003349970 0.996761858
1341846329.306052 -0.037322335 0.060304575 0.045559462 0.051271942 -0.064900838 -0.004091866 0.996565282
1341846329.338104 -0.035815328 0.060278621 0.043389615 0.048138544 -0.066692702 -0.006083841 0.996593118
1341846329.373907 -0.037229359 0.051816884 0.044241767 0.043695793 -0.067075111 -0.008479519 0.996754587
1341846329.405985 -0.036422946 0.047573011 0.043110270 0.044783473 -0.068772994 -0.011011965 0.996565819
1341846329.442057 -0.035896178 0.047231063 0.040672425 0.044702534 -0.069251813 -0.014432820 0.996492624
1341846329.473950 -0.037214395 0.041646946 0.041348096 0.043406960 -0.070193857 -0.020878484 0.996369779
1341846329.506147 -0.038456388 0.040094923 0.040540822 0.043925520 -0.071723238 -0.023678362 0.996175528
1341846329.542121 -0.039643191 0.035852540 0.040150773 0.041739486 -0.074594475 -0.024257563 0.996044695
1341846329.574086 -0.038934793 0.028492548 0.040349104 0.043302517 -0.077049062 -0.025295347 0.995765269
1341846329.606387 -0.037575763 0.028397372 0.038613312 0.046145517 -0.077988297 -0.025920931 0.995548368
1341846329.641955 -0.039881252 0.027440421 0.037390228 0.046355315 -0.078458481 -0.026032742 0.995498776
1341846329.681570 -0.036601923 0.025735207 0.035129592 0.045667659 -0.082215853 -0.025363563 0.995244563
1341846329.748113 -0.033266187 0.023718700 0.033857830 0.047914147 -0.083138116 -0.027476415 0.995006204
1341846329.774077 -0.033464953 0.018994248 0.034635928 0.045333639 -0.081420533 -0.025134530 0.995330989
1341846329.810175 -0.035494521 0.015054394 0.034329426 0.045242265 -0.079289667 -0.023405053 0.995549381
1341846329.842255 -0.034868397 0.010939191 0.034093805 0.046088837 -0.079686612 -0.019605052 0.995560944
1341846329.874044 -0.038385291 0.013234185 0.035436917 0.049060307 -0.078890890 -0.015596993 0.995553136
1341846329.910073 -0.038247235 0.014622195 0.034309402 0.049377199 -0.079344377 -0.013482625 0.995532334
1341846329.942009 -0.039119896 0.015244022 0.034782473 0.044969343 -0.079538070 -0.008645151 0.995779455
1341846329.978087 -0.039420735 0.006285436 0.035794761 0.041885033 -0.079731025 -0.007279962 0.995909452
1341846330.016305 -0.037160177 0.008030800 0.033310398 0.044144981 -0.079403125 -0.008958034 0.995824337
1341846330.048192 -0.036757626 0.006284845 0.029635148 0.039369445 -0.077775449 -0.008543999 0.996156633
1341846330.080418 -0.038896061 0.003150015 0.032545481 0.035342563 -0.077529095 -0.006104607 0.996344745
1341846330.115886 -0.038253400 -0.002905138 0.033523221 0.037581529 -0.076361425 -0.004981491 0.996359229
1341846330.147839 -0.038651787 -0.002332277 0.028346250 0.039459500 -0.075697683 -0.004420817 0.996339917
1341846330.181257 -0.037072752 0.004043904 0.026513152 0.035760053 -0.076675996 -0.001285016 0.996413767
1341846330.215852 -0.036577892 -0.002385152 0.029050268 0.028289765 -0.075622343 -0.002160776 0.996732831
1341846330.247833 -0.039031483 -0.004436165 0.028140545 0.026320366 -0.074646600 -0.003350188 0.996856987
1341846330.283913 -0.039776467 0.001736649 0.026845409 0.023962116 -0.074945182 -0.003077685 0.996894956
1341846330.316011 -0.040868882 -0.005311718 0.027885441 0.016069651 -0.075333335 -0.004407129 0.997019172
1341846330.347868 -0.044063210 -0.003121089 0.030024370 0.015200344 -0.076506637 -0.004942826 0.996940970
1341846330.383835 -0.043441258 -0.008298595 0.029649576 0.011841150 -0.076794438 -0.005305618 0.996962547
1341846330.415934 -0.045147505 -0.013439636 0.031619534 0.010859692 -0.075647898 -0.007869592 0.997044444
1341846330.452561 -0.046518855 -0.014352269 0.028683443 0.013711569 -0.075893342 -0.008752949 0.996983290
1341846330.483903 -0.047600713 -0.012101494 0.027163368 0.014115420 -0.077581659 -0.006152653 0.996867120
1341846330.515970 -0.047116246 -0.015693814 0.027588008 0.011695985 -0.080146164 -0.002928018 0.996710241
1341846330.552099 -0.046119086 -0.016422508 0.027416607 0.013057182 -0.081595272 -0.000366748 0.996579945
1341846330.583876 -0.047476351 -0.013631905 0.025779687 0.012835689 -0.081528299 0.000004530 0.996588409
1341846330.619992 -0.048154168 -0.010865737 0.022725064 0.008594582 -0.082324058 -0.000493319 0.996568441
1341846330.652136 -0.048252884 -0.012744317 0.022307642 0.002053839 -0.083672665 -0.002722149 0.996487498
1341846330.683796 -0.049857646 -0.013067398 0.021633124 -0.002177914 -0.083049998 -0.004336551 0.996533573
1341846330.719991 -0.052371621 -0.017887451 0.020320304 -0.005585480 -0.084664293 -0.003707528 0.996387005
1341846330.752103 -0.052604441 -0.019980874 0.019421082 -0.004502670 -0.089014322 0.000708530 0.996019959
1341846330.787952 -0.055526875 -0.017774709 0.016776396 -0.003372114 -0.093020789 0.003962713 0.995650589
1341846330.819823 -0.053265449 -0.017722627 0.016203152 -0.003931165 -0.097908966 0.005333681 0.995173335
1341846330.852208 -0.053040981 -0.015585955 0.013886744 -0.004288400 -0.099535234 0.006235641 0.995005250
1341846330.888445 -0.054927286 -0.010026239 0.009878473 -0.006536787 -0.100846447 0.006765675 0.994857550
1341846330.914111 -0.053954475 -0.009660555 0.011518175 -0.012399231 -0.102657206 0.005279723 0.994625509
1341846330.949903 -0.056163825 -0.014245805 0.011167845 -0.016182926 -0.103248864 0.004429573 0.994514048
1341846330.981986 -0.058665130 -0.013630931 0.010420050 -0.015381041 -0.107269317 0.005204793 0.994097412
1341846331.014111 -0.057895210 -0.011893807 0.007893716 -0.015829036 -0.111390673 0.005578505 0.993634999
1341846331.082139 -0.059283260 -0.013427618 0.006671958 -0.014149928 -0.113884233 0.002840321 0.993389189
1341846331.114334 -0.059492420 -0.012980365 0.006582417 -0.014628537 -0.116026498 0.002878655 0.993134201
1341846331.149989 -0.057318233 -0.014378541 0.007218486 -0.014061076 -0.117635146 0.001875146 0.992955565
1341846331.181954 -0.057289038 -0.014395390 0.006380093 -0.010681017 -0.118338369 0.001222802 0.992915094
1341846331.218151 -0.060561385 -0.009219796 0.001879930 -0.010287084 -0.120311432 0.001778696 0.992681324
1341846331.249914 -0.056438439 -0.014009340 0.004837368 -0.013592399 -0.123125017 0.000369636 0.992298007
1341846331.282227 -0.049499664 -0.022030797 0.007055625 -0.009920320 -0.120670378 -0.000743749 0.992642760
1341846331.318141 -0.053303961 -0.013420218 0.005672125 -0.002246379 -0.114452079 -0.002517516 0.993423045
1341846331.349926 -0.051792778 -0.012192158 0.005053943 -0.002891667 -0.112091385 -0.003665917 0.993686974
1341846331.382003 -0.043525245 -0.022521870 0.011409636 -0.002458108 -0.107660450 -0.003160166 0.994179666
1341846331.418008 -0.047182877 -0.016295176 0.012174257 0.006621730 -0.097203180 -0.003129894 0.995237589
1341846331.450327 -0.050882749 -0.013372200 0.014287952 0.009206975 -0.090985581 -0.003915276 0.995801985
1341846331.486219 -0.053398743 -0.011580315 0.015739832 0.009407041 -0.088430144 -0.003270236 0.996032596
1341846331.518344 -0.049647529 -0.012375470 0.017096508 0.008159161 -0.088409029 -0.004172649 0.996042132
1341846331.550202 -0.048716284 -0.014883184 0.021397227 0.010324932 -0.084139578 -0.005524399 0.996385217
1341846331.586139 -0.052296270 -0.010144183 0.021222865 0.013205283 -0.081963912 -0.004697329 0.996536732
1341846331.617931 -0.049754925 -0.009326573 0.023284856 0.012428382 -0.082502671 -0.004515017 0.996503115
1341846331.654027 -0.047999050 -0.012026621 0.028471023 0.012553703 -0.080318056 -0.004039269 0.996682048
1341846331.686123 -0.051856309 -0.007269822 0.028868116 0.015764752 -0.076538168 -0.002452694 0.996939003
1341846331.717954 -0.053325135 -0.003046558 0.030935768 0.013146146 -0.077330127 -0.002478487 0.996915758
1341846331.754076 -0.049392223 -0.008148267 0.036845803 0.010016841 -0.077844158 -0.003441299 0.996909261
1341846331.785920 -0.050504629 -0.008525101 0.040152133 0.013111939 -0.074633837 -0.005069228 0.997111917
1341846331.818053 -0.050391689 -0.004267627 0.042556331 0.014275564 -0.073372766 -0.004594070 0.997191846
1341846331.853849 -0.050495815 -0.006861757 0.046258684 0.012628055 -0.073046416 -0.005229841 0.997234881
1341846331.885987 -0.047632910 -0.007394570 0.052498449 0.015493810 -0.071562864 -0.006756136 0.997292876
1341846331.922014 -0.048939019 -0.004607973 0.055192683 0.018103078 -0.068007238 -0.007909438 0.997489214
1341846331.954037 -0.046602834 -0.004063523 0.058641996 0.018069195 -0.065836929 -0.007041195 0.997641921
1341846331.986135 -0.044687588 -0.008260177 0.064547263 0.019504860 -0.061160322 -0.005166000 0.997923970
1341846332.022364 -0.050115723 -0.010700349 0.068977006 0.025949137 -0.055113759 -0.005712569 0.998126507
1341846332.054175 -0.051733159 -0.008196793 0.071762890 0.032691244 -0.054815043 -0.003299807 0.997955739
1341846332.086502 -0.051011611 -0.006685810 0.076151952 0.035613909 -0.055092361 -0.001089177 0.997845292
1341846332.122051 -0.051667992 -0.005285878 0.079161264 0.037736330 -0.054135010 -0.002021871 0.997818291
1341846332.153983 -0.053999782 0.000851365 0.085308805 0.037174769 -0.054448221 -0.004373781 0.997814775
1341846332.190165 -0.055119127 0.002812244 0.089738026 0.031287406 -0.055777058 -0.007127380 0.997927427
1341846332.222699 -0.056138374 -0.003059054 0.096436955 0.027424958 -0.055932328 -0.008743151 0.998019516
1341846332.254145 -0.057161674 -0.003779550 0.099215373 0.030280182 -0.055337921 -0.008949867 0.997968316
1341846332.289948 -0.058761299 -0.001802239 0.102605395 0.032373361 -0.055354480 -0.006741474 0.997919023
1341846332.322172 -0.057756342 -0.002468748 0.105925947 0.032873753 -0.056318261 -0.004327277 0.997862160
1341846332.354003 -0.055802371 -0.004744170 0.109728418 0.035111517 -0.054842696 -0.007116154 0.997852087
1341846332.390180 -0.054657008 0.000993748 0.113146320 0.038211931 -0.051045425 -0.009487408 0.997919917
1341846332.422055 -0.057952736 0.001952660 0.115290992 0.036635377 -0.047594965 -0.013560330 0.998102546
1341846332.458114 -0.056445852 0.000441947 0.120249122 0.036085933 -0.045845382 -0.017493133 0.998143256
1341846332.489993 -0.059980821 0.002532253 0.122992963 0.037416883 -0.043300845 -0.016023595 0.998232543
1341846332.522130 -0.062988855 0.004360474 0.125006661 0.036629591 -0.046349753 -0.010579819 0.998197377
1341846332.558114 -0.061750855 0.003265308 0.129794613 0.035764806 -0.052369051 -0.003086045 0.997982383
1341846332.589874 -0.057847783 0.007478139 0.131375834 0.035906799 -0.056094509 0.001717613 0.997778118
1341846332.621889 -0.057082221 0.010267556 0.134516388 0.032276683 -0.056265313 0.003080822 0.997889280
1341846332.658202 -0.056881543 0.008498189 0.139052704 0.027747599 -0.055524338 0.001838764 0.998070002
1341846332.690001 -0.057892151 0.009671679 0.139409229 0.025908267 -0.053963050 0.001922618 0.998204887
1341846332.726000 -0.059200238 0.009062962 0.146323264 0.024521532 -0.054793861 0.006069884 0.998178124
1341846332.758386 -0.058049459 0.009837979 0.148471937 0.025250882 -0.057637971 0.008012810 0.997986019
1341846332.789937 -0.052992858 0.012374018 0.151688948 0.025195235 -0.058506541 0.007250209 0.997942686
1341846332.825925 -0.053226076 0.011698999 0.153794661 0.022856908 -0.055696085 0.005454780 0.998171210
1341846332.857898 -0.054404259 0.011235971 0.156994715 0.023528701 -0.053590219 0.004017270 0.998277664
1341846332.894069 -0.053544078 0.015334646 0.158488199 0.024238231 -0.054132771 0.004620513 0.998228788
1341846332.926029 -0.050624967 0.016207336 0.160466716 0.020953510 -0.054563381 0.003348313 0.998284817
1341846332.958015 -0.049975906 0.017075080 0.165185437 0.018266203 -0.052264523 0.000092522 0.998466194
1341846332.994073 -0.049815927 0.018541764 0.167704269 0.015818223 -0.051049110 -0.001902118 0.998569071
1341846333.026545 -0.048224125 0.019779950 0.171576440 0.013722138 -0.050110374 -0.004500441 0.998639286
1341846333.057998 -0.046362892 0.020224584 0.175136894 0.012719898 -0.048183691 -0.004565145 0.998747051
1341846333.094024 -0.046143841 0.020588268 0.175927311 0.013410110 -0.046970114 0.000371221 0.998806179
1341846333.126095 -0.044780917 0.021778358 0.178987741 0.013757701 -0.045373704 0.001882285 0.998873532
1341846333.161973 -0.043007597 0.024462504 0.180219874 0.013309793 -0.043096334 0.003288268 0.998976827
1341846333.195660 -0.043771397 0.024494642 0.182183415 0.010506857 -0.040629055 0.005129088 0.999105871
1341846333.226331 -0.044078242 0.024642395 0.182571784 0.009017496 -0.039447695 0.004050944 0.999172747
1341846333.262056 -0.041847993 0.028722402 0.189368814 0.007272116 -0.039982356 0.002533045 0.999170721
1341846333.294147 -0.043380812 0.026465930 0.189145178 0.002724065 -0.038961079 0.000162004 0.999237001
1341846333.326100 -0.041763343 0.027585041 0.191213787 0.001386218 -0.040946756 -0.000762223 0.999160111
1341846333.362100 -0.040959645 0.030123753 0.190840170 -0.001312229 -0.041543484 -0.002829331 0.999131858
1341846333.394119 -0.041210886 0.028681945 0.192763209 -0.004788878 -0.042529359 -0.003125146 0.999078870
1341846333.429974 -0.040300079 0.029085612 0.193595111 -0.005335921 -0.044744417 -0.002946091 0.998979926
1341846333.462115 -0.039311904 0.028029736 0.194205210 -0.006012851 -0.044844791 -0.004688298 0.998964906
1341846333.494040 -0.039750770 0.028338667 0.194030553 -0.004828749 -0.043818776 -0.005997825 0.999009848
1341846333.529953 -0.037839632 0.027614748 0.191635191 -0.004001931 -0.043018993 -0.006043895 0.999047935
1341846333.562063 -0.038411133 0.028892694 0.192628130 -0.002767053 -0.040621717 -0.004410191 0.999161005
1341846333.594090 -0.040186118 0.031414952 0.192945048 -0.003344689 -0.040809624 -0.003790798 0.999154150
1341846333.629994 -0.039479863 0.032815363 0.192746863 -0.006227832 -0.043565195 -0.004888512 0.999019206
1341846333.662127 -0.038975567 0.032489419 0.192271337 -0.009594755 -0.044752087 -0.005568930 0.998936534
1341846333.697964 -0.039433260 0.028710570 0.191420570 -0.012715488 -0.044517759 -0.004927534 0.998915493
1341846333.730092 -0.040367283 0.027565949 0.190063640 -0.010825487 -0.043857541 -0.003959039 0.998971283
1341846333.762089 -0.040920660 0.028730014 0.188297659 -0.008857185 -0.042791657 -0.002362023 0.999041975
1341846333.798006 -0.040620644 0.028101178 0.187547386 -0.007236937 -0.042480346 -0.002961414 0.999066651
1341846333.830055 -0.040421378 0.028218510 0.186098173 -0.004416963 -0.041397061 -0.004762903 0.999121666
1341846333.866045 -0.041613776 0.027926652 0.184636861 -0.003469419 -0.039835572 -0.005665425 0.999184191
1341846333.897987 -0.041901875 0.026078865 0.183822960 -0.002328200 -0.039831731 -0.006504157 0.999182522
1341846333.930099 -0.041795980 0.024617443 0.181715339 0.000078514 -0.039121605 -0.007681629 0.999204934
1341846333.965889 -0.042224575 0.025264323 0.179487482 0.002953210 -0.038215075 -0.008055113 0.999232709
1341846333.997985 -0.042129464 0.023278384 0.177835047 0.005021285 -0.037311975 -0.007890269 0.999259889
1341846334.030076 -0.042572021 0.023604544 0.174620345 0.008392706 -0.036115855 -0.006599490 0.999290586
1341846334.066000 -0.044838879 0.022778012 0.172576204 0.009704167 -0.035762690 -0.005097504 0.999300182
1341846334.097932 -0.043402806 0.022582484 0.170542061 0.011645824 -0.036319226 -0.005235358 0.999258637
1341846334.133884 -0.044938225 0.022567539 0.167495400 0.013214247 -0.034992114 -0.005136929 0.999287009
1341846334.166115 -0.047028948 0.022798050 0.165126011 0.013393129 -0.035442792 -0.004162513 0.999273300
1341846334.198072 -0.046499766 0.021889061 0.162349880 0.013647452 -0.037552074 -0.004868344 0.999189615
1341846334.234097 -0.044910733 0.022440759 0.160138786 0.014303311 -0.037744872 -0.005781175 0.999168277
1341846334.266045 -0.047755949 0.021090319 0.157856628 0.014089976 -0.035286017 -0.006018205 0.999259770
1341846334.297946 -0.048941400 0.021480843 0.154779792 0.015483360 -0.036586024 -0.004416148 0.999200761
1341846334.334036 -0.049064197 0.022286810 0.152260497 0.015952220 -0.038384706 -0.003822783 0.999128401
1341846334.365871 -0.049338154 0.022408541 0.149579704 0.015501715 -0.037890520 -0.005575467 0.999146104
1341846334.401845 -0.050570119 0.022205222 0.148096144 0.014360709 -0.036910754 -0.007235880 0.999189198
1341846334.433864 -0.052849855 0.019960448 0.145689994 0.013651390 -0.037412990 -0.006450882 0.999185801
1341846334.466105 -0.052226562 0.021116043 0.141722679 0.014603294 -0.039306983 -0.005282411 0.999106526
1341846334.502142 -0.053467929 0.021694722 0.138787165 0.013494266 -0.040291779 -0.005038578 0.999084115
1341846334.540153 -0.053332258 0.020981979 0.135820672 0.012816110 -0.041594297 -0.005994674 0.999034405
1341846334.566584 -0.055899244 0.023919009 0.134482130 0.012482650 -0.042098198 -0.009434273 0.998990953
1341846334.602351 -0.057161450 0.024480507 0.131708533 0.009163367 -0.044707645 -0.013300584 0.998869538
1341846334.634069 -0.057032261 0.023812521 0.129111513 0.006139685 -0.047077820 -0.018130543 0.998707831
1341846334.670161 -0.058011964 0.022906454 0.126560718 0.004194034 -0.047217976 -0.020800972 0.998659194
1341846334.702085 -0.061051980 0.021307943 0.123115763 0.002641965 -0.048602439 -0.021222346 0.998589218
1341846334.734751 -0.061129458 0.020876555 0.120674469 0.002584256 -0.051423654 -0.019069737 0.998491526
1341846334.770889 -0.062763631 0.020349868 0.116893075 0.002034662 -0.052468102 -0.016040800 0.998491704
1341846334.802194 -0.063387349 0.020271454 0.111518979 0.001419826 -0.054929137 -0.015117954 0.998374820
1341846334.833908 -0.063154034 0.021522863 0.110537052 0.001269451 -0.056654237 -0.016497409 0.998256743
1341846334.869874 -0.063679159 0.021690330 0.105251156 -0.000261906 -0.056701399 -0.016982205 0.998246729
1341846334.902006 -0.065483727 0.020722732 0.102171257 -0.002024270 -0.058006160 -0.016822396 0.998172402
1341846334.938010 -0.066195197 0.020320199 0.099183120 -0.002786621 -0.061057281 -0.017055053 0.997984648
1341846334.970032 -0.064784922 0.019657522 0.096640401 -0.002958095 -0.062316202 -0.017918481 0.997891247
1341846335.002203 -0.066181853 0.018158324 0.092190877 -0.001618931 -0.061572634 -0.016615150 0.997962952
1341846335.037880 -0.068051919 0.018773101 0.087295346 0.000882965 -0.064205013 -0.014325816 0.997833490
1341846335.069990 -0.066704340 0.019593310 0.085156754 0.001159627 -0.067628555 -0.014305862 0.997607350
1341846335.106038 -0.064155087 0.019032370 0.083173022 0.001495248 -0.067269996 -0.015710026 0.997610033
1341846335.138045 -0.066911571 0.018469436 0.080021419 0.003422163 -0.065508880 -0.016980976 0.997701585
1341846335.169900 -0.068021603 0.019493146 0.073370576 0.003668618 -0.067781083 -0.016926698 0.997549891
1341846335.206091 -0.066643558 0.019226106 0.071173444 0.002952498 -0.070080072 -0.019103253 0.997354031
1341846335.239365 -0.065627910 0.017112242 0.069641627 0.002479921 -0.069504991 -0.021310883 0.997350872
1341846335.269948 -0.066937849 0.015553303 0.064834021 0.003811089 -0.067827307 -0.022616228 0.997433424
1341846335.305972 -0.068505041 0.016095987 0.061099257 0.006009871 -0.069043279 -0.021932261 0.997354448
1341846335.338012 -0.067546301 0.015794665 0.059685241 0.007224415 -0.070773259 -0.019852066 0.997268677
1341846335.374005 -0.065158978 0.011575075 0.056338489 0.010777029 -0.069704667 -0.019145513 0.997325718
1341846335.406025 -0.066498406 0.011590675 0.053746443 0.017327622 -0.066962369 -0.016331516 0.997471333
1341846335.438079 -0.066176899 0.013526834 0.048599575 0.022784200 -0.066416748 -0.012391943 0.997454822
1341846335.473998 -0.064586371 0.014857510 0.045419794 0.025097901 -0.065218031 -0.010929249 0.997495472
1341846335.507038 -0.064118207 0.016512772 0.041027166 0.026534472 -0.062616147 -0.012693362 0.997604132
1341846335.538040 -0.065482095 0.018493436 0.038630474 0.026293315 -0.059991550 -0.014689548 0.997744381
1341846335.574119 -0.067722701 0.020081082 0.034900289 0.024376614 -0.059452582 -0.015186043 0.997817874
1341846335.605970 -0.067489818 0.017446851 0.032327261 0.022218470 -0.060246460 -0.016016258 0.997807682
1341846335.641978 -0.066161469 0.017170424 0.028624916 0.023496322 -0.059424836 -0.018191285 0.997790396
1341846335.673993 -0.067223109 0.018582417 0.024402345 0.023536498 -0.058638223 -0.018433759 0.997831523
1341846335.706178 -0.068009011 0.018521467 0.021605426 0.022910735 -0.059960414 -0.017602211 0.997782528
1341846335.741982 -0.066170268 0.017212169 0.017570499 0.023062930 -0.060334891 -0.018503893 0.997740149
1341846335.773960 -0.067160092 0.018008273 0.013181372 0.023352286 -0.059405934 -0.018806797 0.997783482
1341846335.806271 -0.067273207 0.019704796 0.009243396 0.021581057 -0.059836470 -0.018832181 0.997797191
1341846335.842031 -0.066614926 0.017719563 0.007891934 0.019210357 -0.059211362 -0.018589195 0.997887492
1341846335.873966 -0.066273704 0.017320754 0.004139233 0.020183502 -0.057786815 -0.019286379 0.997938573
1341846335.910005 -0.068376288 0.019151380 -0.000844714 0.019872606 -0.057325527 -0.017689520 0.998000979
1341846335.941936 -0.069118619 0.018880479 -0.005016655 0.018632717 -0.059133984 -0.016641021 0.997937381
1341846335.974198 -0.068772182 0.018680539 -0.007614506 0.018493203 -0.060042251 -0.018774170 0.997847915
1341846336.010032 -0.070043199 0.019250533 -0.011265332 0.018521722 -0.059714045 -0.020399876 0.997835159
1341846336.042129 -0.071297154 0.019396251 -0.015633726 0.017541332 -0.060768936 -0.019777277 0.997801721
1341846336.078076 -0.071736775 0.018147960 -0.018930510 0.017260687 -0.062479451 -0.020772990 0.997680724
1341846336.110739 -0.070603192 0.018995399 -0.020385964 0.018085999 -0.063237555 -0.021899991 0.997594237
1341846336.142002 -0.073357746 0.018166451 -0.025993604 0.017647708 -0.062507927 -0.021710947 0.997652233
1341846336.183953 -0.074374788 0.019891866 -0.029074419 0.017547254 -0.065035455 -0.020374071 0.997520626
1341846336.210112 -0.073728614 0.020755565 -0.029513007 0.016113741 -0.066931166 -0.020190788 0.997423112
1341846336.241891 -0.073861852 0.019716641 -0.031528123 0.015478173 -0.065959178 -0.020773076 0.997485995
1341846336.277946 -0.076144025 0.017620940 -0.035592731 0.015321951 -0.065104179 -0.019360531 0.997572958
1341846336.309977 -0.077286020 0.017023569 -0.038495526 0.017681681 -0.067534335 -0.016527940 0.997423351
1341846336.346143 -0.076341122 0.018986426 -0.041766029 0.019739905 -0.069180809 -0.014955480 0.997296691
1341846336.377975 -0.075938590 0.018300485 -0.043639116 0.020369805 -0.069176681 -0.015505208 0.997275949
1341846336.410032 -0.077238411 0.019492494 -0.047485601 0.021646867 -0.068034925 -0.015604658 0.997326016
1341846336.446041 -0.077114835 0.021429511 -0.050487250 0.021480741 -0.068634011 -0.015689945 0.997287214
1341846336.477990 -0.076072939 0.020049339 -0.052686807 0.020145709 -0.068837158 -0.015983595 0.997296393
1341846336.510056 -0.076647356 0.019404145 -0.054212224 0.020196501 -0.068163075 -0.015316221 0.997352183
1341846336.546024 -0.077071644 0.018510176 -0.057321247 0.020937942 -0.068109684 -0.013719177 0.997363746
1341846336.578003 -0.078210749 0.022072384 -0.059040289 0.021286380 -0.068296626 -0.011696720 0.997369349
1341846336.614020 -0.075706914 0.021404864 -0.061091416 0.020340182 -0.068193793 -0.011959787 0.997393012
1341846336.645982 -0.078302309 0.023741158 -0.064115644 0.019853180 -0.066207983 -0.013386996 0.997518480
1341846336.678036 -0.080856517 0.021857800 -0.065460093 0.017586939 -0.067567810 -0.012776763 0.997477829
1341846336.714024 -0.082568459 0.019753488 -0.063032404 0.018879633 -0.069858842 -0.013459422 0.997287393
1341846336.746016 -0.082981788 0.017451329 -0.068992130 0.021983609 -0.071758896 -0.011325612 0.997115433
1341846336.778014 -0.082156681 0.020295234 -0.075728320 0.024786783 -0.075726002 -0.007693582 0.996790886
1341846336.820006 -0.083603658 0.022246497 -0.074514575 0.025336027 -0.079312839 -0.005219841 0.996514082
1341846336.845952 -0.082232565 0.020294689 -0.073924720 0.025767097 -0.081076182 -0.006428285 0.996354043
1341846336.882056 -0.085293837 0.021111332 -0.078848608 0.027895462 -0.081081726 -0.006887138 0.996293187
1341846336.914273 -0.087958656 0.017088858 -0.080450900 0.029098799 -0.084968232 -0.005066243 0.995945752
1341846336.945998 -0.086450219 0.015439697 -0.085641719 0.035052717 -0.091939196 -0.002610005 0.995144069
1341846336.981980 -0.086192600 0.023486819 -0.086880066 0.039368894 -0.095911823 -0.003569022 0.994604588
1341846337.014238 -0.086500265 0.026204383 -0.085583985 0.036881350 -0.098761328 -0.005174665 0.994413972
1341846337.046017 -0.085545957 0.024304580 -0.085753590 0.034277789 -0.100232132 -0.010004962 0.994323134
1341846337.082104 -0.087077454 0.024848308 -0.090288833 0.033985864 -0.100036912 -0.013437243 0.994312346
1341846337.114317 -0.088104799 0.024583034 -0.090979643 0.032088555 -0.102223419 -0.013862408 0.994147122
1341846337.150037 -0.086104475 0.024401126 -0.091027550 0.030420378 -0.104491867 -0.014967613 0.993947685
1341846337.181873 -0.085221194 0.023670603 -0.092325568 0.030002996 -0.104554743 -0.018089691 0.993901849
1341846337.214073 -0.085754894 0.027763678 -0.093279615 0.028712472 -0.103102833 -0.020244870 0.994050086
1341846337.250087 -0.090457365 0.023141414 -0.094445758 0.025073977 -0.103390962 -0.019729175 0.994128942
1341846337.282028 -0.089338064 0.022834044 -0.096821040 0.025865471 -0.107815787 -0.016003206 0.993705511
1341846337.317920 -0.084963597 0.025178967 -0.096909322 0.025744017 -0.110112585 -0.015079944 0.993471205
1341846337.350018 -0.085577428 0.027977815 -0.099518299 0.024741322 -0.109180257 -0.015273269 0.993596613
1341846337.382159 -0.084423520 0.025688410 -0.098514050 0.021751206 -0.109096840 -0.017490476 0.993639171
1341846337.417941 -0.086592279 0.022070963 -0.100130960 0.021952836 -0.108032592 -0.017426804 0.993752122
1341846337.450137 -0.087752752 0.025219807 -0.101985216 0.022941642 -0.109592199 -0.016316475 0.993577898
1341846337.482096 -0.085530072 0.024339542 -0.101730101 0.021174386 -0.110286899 -0.015582746 0.993552029
1341846337.518008 -0.086918272 0.021390960 -0.102330662 0.021581393 -0.110471338 -0.015602089 0.993522465
1341846337.549978 -0.086830445 0.025997495 -0.103076197 0.022773255 -0.111219451 -0.016929394 0.993390679
1341846337.585971 -0.087175444 0.024709748 -0.102736048 0.019890660 -0.111400239 -0.018481640 0.993404627
1341846337.617903 -0.086773783 0.018461287 -0.099518590 0.019842187 -0.112416483 -0.017730722 0.993304789
1341846337.650141 -0.085337386 0.024281340 -0.102371126 0.023424489 -0.112837404 -0.018088987 0.993172586
1341846337.686352 -0.085179992 0.026629807 -0.102778591 0.021938600 -0.112551853 -0.017825773 0.993243694
1341846337.718002 -0.084495984 0.024643216 -0.101016007 0.019840112 -0.112089723 -0.018051162 0.993336022
1341846337.749920 -0.082497351 0.025958534 -0.100878045 0.019827105 -0.110466458 -0.018655818 0.993506908
1341846337.786157 -0.083849676 0.028460354 -0.100083642 0.017204560 -0.107353918 -0.019013917 0.993890107
1341846337.817945 -0.082811788 0.025961572 -0.096871220 0.014307358 -0.105471574 -0.017643612 0.994162858
1341846337.854071 -0.081537694 0.028707681 -0.096043929 0.013757148 -0.102391295 -0.018089354 0.994484603
1341846337.885951 -0.083104320 0.032278467 -0.094813615 0.011450596 -0.099563830 -0.020052725 0.994763196
1341846337.918223 -0.082726777 0.031886771 -0.092507072 0.007512291 -0.098300830 -0.023285933 0.994855940
1341846337.954120 -0.082330167 0.030183258 -0.090277687 0.004868117 -0.097015738 -0.023956046 0.994982600
1341846337.985994 -0.082232997 0.034305055 -0.088148564 0.002940171 -0.095906258 -0.023694267 0.995103955
1341846338.018107 -0.080741689 0.032238051 -0.086254962 -0.001091892 -0.094636396 -0.022524809 0.995256424
1341846338.054055 -0.080419712 0.032884825 -0.085821070 -0.003124617 -0.093163125 -0.023425886 0.995370328
1341846338.085986 -0.078865387 0.033945173 -0.080291130 -0.006262727 -0.090273306 -0.024230639 0.995602548
1341846338.121875 -0.080309749 0.032592263 -0.079215162 -0.008550328 -0.087585576 -0.022768827 0.995860040
1341846338.154089 -0.080155462 0.032328464 -0.077733539 -0.009571953 -0.086743921 -0.019879490 0.995986283
1341846338.186029 -0.079731733 0.033183280 -0.074024782 -0.010841920 -0.087423541 -0.017123060 0.995965064
1341846338.222071 -0.078061000 0.035568323 -0.070975326 -0.011606913 -0.086674035 -0.017515261 0.996015131
1341846338.254107 -0.078271605 0.034330979 -0.068821482 -0.013479873 -0.084734358 -0.017347023 0.996161342
1341846338.290130 -0.078260154 0.032827757 -0.064677581 -0.013543693 -0.084920026 -0.015359670 0.996177316
1341846338.321952 -0.077580720 0.035591159 -0.063121192 -0.013033594 -0.084153257 -0.013738909 0.996272862
1341846338.354022 -0.077338502 0.034258336 -0.061119307 -0.014125934 -0.083522215 -0.013352353 0.996316314
1341846338.389969 -0.077422008 0.036967393 -0.056924481 -0.013911952 -0.082619682 -0.012940376 0.996399999
1341846338.422377 -0.077763602 0.036590699 -0.054619081 -0.015962617 -0.082077250 -0.012907399 0.996414542
1341846338.454010 -0.079368025 0.037917092 -0.049937788 -0.016381858 -0.082105972 -0.014675997 0.996380866
1341846338.489894 -0.078722559 0.037152350 -0.045265306 -0.018388001 -0.082903251 -0.013905277 0.996290922
1341846338.522066 -0.078220725 0.036599647 -0.040778220 -0.017615592 -0.082656801 -0.014292601 0.996319830
1341846338.558058 -0.078162268 0.040005337 -0.040398911 -0.017449420 -0.082475565 -0.015714359 0.996316373
1341846338.589842 -0.077393472 0.039739266 -0.034982070 -0.019672407 -0.082975864 -0.015909718 0.996230364
1341846338.622019 -0.076151952 0.037674084 -0.031290095 -0.019502169 -0.082344189 -0.014287343 0.996310711
1341846338.657984 -0.077885523 0.039712623 -0.031726472 -0.018810498 -0.081806161 -0.013238602 0.996382773
1341846338.690198 -0.075983800 0.041343901 -0.025578782 -0.020646954 -0.083182298 -0.013303100 0.996231616
1341846338.722454 -0.074578561 0.039407391 -0.020802321 -0.021866463 -0.082525514 -0.012615516 0.996269166
1341846338.757945 -0.076394975 0.041284606 -0.021415282 -0.021526994 -0.081922457 -0.011194163 0.996343315
1341846338.790039 -0.075300440 0.041834231 -0.016931215 -0.023669379 -0.084395021 -0.010414436 0.996096730
1341846338.826048 -0.072596475 0.040448595 -0.012109046 -0.023621466 -0.084192604 -0.011317273 0.996105194
1341846338.858027 -0.074519679 0.042261466 -0.010358465 -0.023206046 -0.081927627 -0.013153336 0.996281266
1341846338.889902 -0.073953681 0.043608256 -0.006039554 -0.025365727 -0.083102800 -0.013494508 0.996126711
1341846338.925948 -0.071309134 0.041961815 -0.001157965 -0.026379054 -0.083367363 -0.014672547 0.996061623
1341846338.958108 -0.071550816 0.043469306 0.002326281 -0.025484459 -0.081276692 -0.015809083 0.996240258
1341846338.990057 -0.072833821 0.042363431 0.006368225 -0.025430553 -0.080809608 -0.015440071 0.996285439
1341846339.025928 -0.068999916 0.040468782 0.011857717 -0.024056206 -0.081160754 -0.014275211 0.996308386
1341846339.057939 -0.070363238 0.044265915 0.013581608 -0.020403394 -0.078236870 -0.014564389 0.996619523
1341846339.093927 -0.072700374 0.047625378 0.015186152 -0.020721951 -0.077884920 -0.013735939 0.996652305
1341846339.126562 -0.070059940 0.047053277 0.016081465 -0.024588250 -0.079500422 -0.014065215 0.996432245
1341846339.157969 -0.067307353 0.047779366 0.023970582 -0.026249798 -0.077665605 -0.016787142 0.996492445
1341846339.194113 -0.069525383 0.049584337 0.024475330 -0.027785294 -0.075765200 -0.016667396 0.996599138
1341846339.228165 -0.069367118 0.051774576 0.030765949 -0.031051239 -0.078019232 -0.013976091 0.996370137
1341846339.257998 -0.066892892 0.050793022 0.036003720 -0.034223057 -0.077927612 -0.012972634 0.996286988
1341846339.294132 -0.066854760 0.051667698 0.038192168 -0.033921804 -0.075347826 -0.012909051 0.996496558
1341846339.326577 -0.070365809 0.055469882 0.034199521 -0.036767032 -0.075632043 -0.011057653 0.996396363
1341846339.362269 -0.065150350 0.051890340 0.043313321 -0.042929977 -0.079854921 -0.010874272 0.995822251
1341846339.394725 -0.064097814 0.055364471 0.047448050 -0.042045247 -0.077778436 -0.012949851 0.995999515
1341846339.426160 -0.065044291 0.055624481 0.049098220 -0.044033203 -0.077407204 -0.011993939 0.995954514
1341846339.462186 -0.062792934 0.052318692 0.053920411 -0.046822034 -0.078854248 -0.012066213 0.995712876
1341846339.496743 -0.058837611 0.052138157 0.056899324 -0.043894757 -0.076316580 -0.014565906 0.996010482
1341846339.530143 -0.060519096 0.053784221 0.060274076 -0.042605679 -0.072135232 -0.014439720 0.996379852
1341846339.562052 -0.061078560 0.052378852 0.063421838 -0.042678468 -0.072404422 -0.012506489 0.996383309
1341846339.595122 -0.057182264 0.052177180 0.068112172 -0.040601227 -0.073281564 -0.012344891 0.996408045
1341846339.632085 -0.056168452 0.053012449 0.070768908 -0.038769387 -0.069731705 -0.014504083 0.996706605
1341846339.664568 -0.056634005 0.052631702 0.071436755 -0.038319681 -0.066540390 -0.016959973 0.996903360
1341846339.698896 -0.056497302 0.052852329 0.077787481 -0.038090114 -0.065465741 -0.018161019 0.996962190
1341846339.731977 -0.055648066 0.052164983 0.079986803 -0.038270999 -0.065364815 -0.019100113 0.996944308
1341846339.762241 -0.054607846 0.051326964 0.083572112 -0.037995365 -0.064245149 -0.019564902 0.997018635
1341846339.797873 -0.054718316 0.051892791 0.086895324 -0.037638739 -0.063810170 -0.018622791 0.997078121
1341846339.830245 -0.053727120 0.051494215 0.089931026 -0.038052995 -0.064433582 -0.018164033 0.997030795
1341846339.862015 -0.053048439 0.052018084 0.091316856 -0.038224433 -0.064384356 -0.018348563 0.997024000
1341846339.897797 -0.050954878 0.052594632 0.095655099 -0.039014220 -0.063856356 -0.019011173 0.997014940
1341846339.929916 -0.050788850 0.051000200 0.098201826 -0.039839238 -0.062733822 -0.017526178 0.997080803
1341846339.961960 -0.050437573 0.050106857 0.101648144 -0.038747948 -0.063383706 -0.016861262 0.997094154
1341846339.997845 -0.048605092 0.050470307 0.102057338 -0.037175275 -0.062637724 -0.016435526 0.997208297
1341846340.029925 -0.047706757 0.050351139 0.107291773 -0.036330387 -0.060612358 -0.015160992 0.997384787
1341846340.066044 -0.047021270 0.048672292 0.107350506 -0.034996994 -0.059667278 -0.013248524 0.997516632
1341846340.098009 -0.047590017 0.049682841 0.107735053 -0.033701591 -0.058643930 -0.012796870 0.997627854
1341846340.130102 -0.046436228 0.049622037 0.111532919 -0.034345694 -0.059117485 -0.013940965 0.997562587
1341846340.166041 -0.044531118 0.048760477 0.114083141 -0.033395987 -0.057478685 -0.015142025 0.997673094
1341846340.197867 -0.045670129 0.049061500 0.114934511 -0.032285169 -0.054347951 -0.015452902 0.997880340
1341846340.229904 -0.045584083 0.050490413 0.116355203 -0.033161126 -0.054352447 -0.015309251 0.997853577
1341846340.265859 -0.043413784 0.048703492 0.122205913 -0.034140158 -0.054274943 -0.015545209 0.997821093
1341846340.298061 -0.043382958 0.049424082 0.124624118 -0.031680319 -0.051908698 -0.015530820 0.998028338
1341846340.334063 -0.045647454 0.051395077 0.125258729 -0.032273203 -0.051801104 -0.014233754 0.998034298
1341846340.366064 -0.043683358 0.049331855 0.128357545 -0.034520511 -0.054310452 -0.014820438 0.997817159
1341846340.397995 -0.042542212 0.049462765 0.130299687 -0.032505490 -0.054325677 -0.014885287 0.997883022
1341846340.433895 -0.042708252 0.050078925 0.131775901 -0.031975571 -0.054121535 -0.014156349 0.997921824
1341846340.465959 -0.044131663 0.049431175 0.132577047 -0.031562939 -0.055772424 -0.013000083 0.997859836
1341846340.501858 -0.041239049 0.049139503 0.132629126 -0.031012041 -0.060068961 -0.012279117 0.997636795
1341846340.534329 -0.040589765 0.048790436 0.131450385 -0.030874418 -0.061221976 -0.012798249 0.997564435
1341846340.566041 -0.039232243 0.047262289 0.131348670 -0.030020917 -0.062308904 -0.012181430 0.997530937
1341846340.601909 -0.036965046 0.047480289 0.131691068 -0.027392967 -0.063613385 -0.010900307 0.997539043
1341846340.634005 -0.035720591 0.048912905 0.130489469 -0.026042741 -0.064198606 -0.012279670 0.997521698
1341846340.666028 -0.034283835 0.047521230 0.130430236 -0.026494067 -0.064090341 -0.014706708 0.997483969
1341846340.701946 -0.032226365 0.047691181 0.131397530 -0.024242755 -0.063625105 -0.016469954 0.997543395
1341846340.733954 -0.031243326 0.048755582 0.129770637 -0.022720441 -0.061949428 -0.017931532 0.997659504
1341846340.770081 -0.031631947 0.049167648 0.130654231 -0.023121079 -0.061290193 -0.020627270 0.997638941
1341846340.801980 -0.030657969 0.048028421 0.129240438 -0.023118967 -0.060350295 -0.025845461 0.997574747
1341846340.833999 -0.030132394 0.049829375 0.128741086 -0.022407111 -0.058237966 -0.029663002 0.997610331
1341846340.870013 -0.030968409 0.049094532 0.128756404 -0.023842417 -0.058103390 -0.031533577 0.997527540
1341846340.901955 -0.030188434 0.047819581 0.129547909 -0.023404090 -0.058650926 -0.031390082 0.997510374
1341846340.933918 -0.030397320 0.048085913 0.128330857 -0.021559473 -0.059032343 -0.028320070 0.997621357
1341846340.970122 -0.031063858 0.048746854 0.127373874 -0.020479409 -0.061741877 -0.023211483 0.997612059
1341846341.001922 -0.031720586 0.047997203 0.126993164 -0.019717239 -0.065450691 -0.018390659 0.997491479
1341846341.037923 -0.030212607 0.048411585 0.125437498 -0.018616771 -0.068347529 -0.015995555 0.997359574
1341846341.070300 -0.029137745 0.047668222 0.124488771 -0.018429924 -0.069628395 -0.015510769 0.997282147
1341846341.102028 -0.030394796 0.047851637 0.123230293 -0.018604042 -0.070567660 -0.015376921 0.997214973
1341846341.137982 -0.028964503 0.046485078 0.121192053 -0.019027263 -0.072866686 -0.015406172 0.997041166
1341846341.170048 -0.028446289 0.045618616 0.120769300 -0.018756069 -0.073369615 -0.013796084 0.997033000
1341846341.202110 -0.028788885 0.045072209 0.120496131 -0.017500199 -0.073552892 -0.012392706 0.997060716
1341846341.237996 -0.028955368 0.045427471 0.119562618 -0.015773334 -0.073056452 -0.011580726 0.997135818
1341846341.269883 -0.028957466 0.045251191 0.118841596 -0.014723334 -0.072800860 -0.010835267 0.997178972
1341846341.306107 -0.029437762 0.045075379 0.117896788 -0.014079910 -0.073127382 -0.012209019 0.997148514
1341846341.338109 -0.029257633 0.045241315 0.116784379 -0.012979429 -0.072612174 -0.014023175 0.997177184
1341846341.370120 -0.028247477 0.045196921 0.117641516 -0.012301998 -0.072067037 -0.016032230 0.997195065
1341846341.406074 -0.030105080 0.045611493 0.117062852 -0.011969359 -0.071043536 -0.017137092 0.997254193
1341846341.438113 -0.029952997 0.043359697 0.117081411 -0.011571691 -0.073148631 -0.016237509 0.997121692
1341846341.470024 -0.029260142 0.043486428 0.115420945 -0.008653549 -0.073432408 -0.017821835 0.997103393
1341846341.506077 -0.030327950 0.046034995 0.115303107 -0.007827719 -0.072249085 -0.019322876 0.997168720
1341846341.538156 -0.031992435 0.044805214 0.115445361 -0.009200707 -0.073578820 -0.019096237 0.997064114
1341846341.574016 -0.030600538 0.045116067 0.115753271 -0.008195581 -0.076340757 -0.017837558 0.996888518
1341846341.612466 -0.032135990 0.045738298 0.114024252 -0.007566613 -0.076197244 -0.018026454 0.996901095
1341846341.643972 -0.032029435 0.046246830 0.113227248 -0.008295252 -0.077604815 -0.019364569 0.996761620
1341846341.679982 -0.032393467 0.045695856 0.113934293 -0.008801971 -0.079049863 -0.018563619 0.996658921
1341846341.712332 -0.034142859 0.045815002 0.111722760 -0.008242926 -0.080441073 -0.015750971 0.996600807
1341846341.744185 -0.033326719 0.045798179 0.112038225 -0.008034065 -0.082753673 -0.013921173 0.996440411
1341846341.780061 -0.032305956 0.046069644 0.112607904 -0.007738686 -0.083928324 -0.011512448 0.996375263
1341846341.812163 -0.032078546 0.045633599 0.112633049 -0.007551851 -0.084697902 -0.010190037 0.996325970
1341846341.842595 -0.031984936 0.042495225 0.111571655 -0.006784228 -0.084774680 -0.007139744 0.996351480
1341846341.875779 -0.031411774 0.043304823 0.110160567 -0.004896562 -0.085121647 -0.003742660 0.996351480
1341846341.906227 -0.030942425 0.041465871 0.109579265 -0.003801831 -0.085706212 -0.001593785 0.996311903
1341846341.942069 -0.031372923 0.040077277 0.108580239 -0.000790194 -0.085414916 0.000127940 0.996345162
1341846341.974775 -0.031085176 0.039973684 0.107407108 0.002332271 -0.085622407 0.001989602 0.996322989
1341846342.010161 -0.032150894 0.040421244 0.106499895 0.002982278 -0.086536549 0.003927003 0.996236503
1341846342.042024 -0.029964568 0.037591305 0.107568018 0.003972087 -0.088075571 0.004095252 0.996097445
1341846342.080032 -0.028996568 0.039325267 0.106227778 0.006704566 -0.085949324 0.004046651 0.996268749
1341846342.112265 -0.031061038 0.037660457 0.105422325 0.006365876 -0.084573492 0.006214479 0.996377528
1341846342.147954 -0.029768495 0.035498101 0.106812015 0.007924747 -0.086445190 0.008743507 0.996186733
1341846342.179852 -0.027811645 0.036115445 0.105349816 0.010942635 -0.086492591 0.010632344 0.996135652
1341846342.211848 -0.028550318 0.036971167 0.106762417 0.012053514 -0.085780732 0.010094640 0.996190012
1341846342.247920 -0.029304603 0.035754178 0.105177015 0.012896294 -0.085034534 0.008687040 0.996256649
1341846342.279870 -0.027939344 0.035538141 0.105285086 0.014094767 -0.085241430 0.009970172 0.996210754
1341846342.316068 -0.027763544 0.035414595 0.103314653 0.015316020 -0.085100651 0.011031677 0.996193588
1341846342.347894 -0.026732046 0.036375251 0.102619015 0.015985386 -0.085401274 0.011154443 0.996155977
1341846342.379953 -0.027051924 0.035564516 0.102989472 0.015931269 -0.084414214 0.011016224 0.996242464
1341846342.416195 -0.027381873 0.035878375 0.103137024 0.016647927 -0.084158480 0.011932324 0.996241868
1341846342.447907 -0.027738502 0.036852837 0.102937914 0.017042344 -0.084930263 0.012872305 0.996158004
