1717651713.314778 0.000000000 0.000000000 0.000000000 0.000000000 0.000000000 0.000000000 1.000000000
1717651713.328797 -0.000511682 0.000320393 0.005196271 -0.000079947 -0.000025570 -0.000363734 0.999999940
1717651713.342176 -0.000197125 -0.000007321 0.009516861 -0.000080762 -0.000158978 0.000037479 1.000000000
1717651713.369573 -0.001281993 -0.000756977 0.014372648 -0.000243055 0.000016026 0.000030027 0.999999940
1717651713.387885 -0.001083210 -0.000142338 0.020900741 -0.000193468 0.000114862 0.000066891 0.999999940
1717651713.397715 -0.000906121 -0.000158850 0.024489915 -0.000018780 0.000053916 -0.000244260 0.999999940
1717651713.410522 -0.000913930 -0.000352554 0.029651266 -0.000038804 0.000212463 -0.000361283 0.999999881
1717651713.430728 -0.000581106 -0.000249367 0.035112664 -0.000316571 0.000043238 -0.000167127 0.999999940
1717651713.442686 -0.000077707 -0.000253568 0.038894393 -0.000642096 0.000047801 -0.000159161 0.999999762
1717651713.458755 0.000052171 -0.000115181 0.042452153 -0.000960988 -0.000074628 -0.000568520 0.999999404
1717651713.481036 -0.001288585 -0.000844122 0.050176144 -0.001188824 0.000240067 -0.000485315 0.999999166
1717651713.497492 -0.000028171 -0.000974149 0.055812068 -0.001445614 -0.000063523 -0.000335513 0.999998868
1717651713.507928 -0.001818587 -0.000837591 0.060841143 -0.001824253 0.000318568 -0.000483694 0.999998152
1717651713.526504 -0.001806804 -0.001470264 0.064398512 -0.002020487 0.000160639 -0.000192394 0.999997914
1717651713.542834 -0.000942229 -0.001872917 0.067949377 -0.001870783 -0.000180475 -0.000287158 0.999998212
1717651713.565463 -0.001921242 -0.003107020 0.077484854 -0.002152015 -0.000003983 -0.000369749 0.999997616
1717651713.578069 -0.001205761 -0.003757441 0.082847401 -0.001828763 -0.000177094 -0.000231787 0.999998271
1717651713.597056 -0.000957619 -0.004791879 0.085810885 -0.001516568 -0.000347343 -0.000406569 0.999998689
1717651713.609341 -0.002004540 -0.003598952 0.093423881 -0.000663955 -0.000227895 -0.001047064 0.999999166
1717651713.626390 -0.002210579 -0.001766067 0.098502837 0.000013847 -0.000121176 -0.001350898 0.999999046
1717651713.652669 -0.002424643 -0.002203942 0.103663929 0.000118290 -0.000259273 -0.001368907 0.999998987
1717651713.658503 -0.002779125 -0.002012951 0.110828042 -0.000031499 -0.000471102 -0.001024843 0.999999344
1717651713.678250 -0.002024457 -0.002138526 0.114094578 -0.000202809 -0.000830167 -0.000655835 0.999999404
1717651713.697900 -0.002571568 -0.001650714 0.119230866 -0.000121210 -0.000652694 -0.000808817 0.999999464
1717651713.714105 -0.002455978 -0.001562842 0.127836153 -0.000287630 -0.000638167 -0.000632625 0.999999583
1717651713.728606 -0.002160449 -0.001243628 0.129319578 -0.000494509 -0.000930065 -0.000678316 0.999999225
1717651713.747069 -0.001878349 -0.000608265 0.137105793 -0.000908780 -0.000964562 -0.000422541 0.999999046
1717651713.762516 -0.000768714 -0.000390860 0.144153073 -0.000539327 -0.001290761 -0.000516599 0.999998868
1717651713.779217 -0.002499265 -0.000826759 0.153624147 -0.000124001 -0.000869976 -0.000350467 0.999999523
1717651713.797728 -0.003127468 -0.001586281 0.161193222 0.000490605 -0.000691750 -0.000528833 0.999999464
1717651713.809904 -0.001505083 0.000865542 0.164089844 0.001336993 -0.001054250 0.000451865 0.999998450
1717651713.826765 -0.002604159 -0.002432618 0.167156771 0.001032444 -0.000965968 0.000193409 0.999998987
1717651713.846131 -0.002703473 -0.001262614 0.175515622 0.001639215 -0.001160104 0.000327194 0.999997914
1717651713.862314 -0.002209653 -0.001361588 0.181805685 0.001152902 -0.001380760 0.000676249 0.999998152
1717651713.880431 -0.001491442 -0.001114359 0.185479507 0.000835544 -0.001474982 0.001014360 0.999998033
1717651713.898190 -0.000947178 -0.000693547 0.193508580 0.000331507 -0.001366499 0.000695374 0.999998748
1717651713.911108 -0.002959199 -0.000804366 0.199705720 0.000126312 -0.000624215 0.000086159 0.999999762
1717651713.926614 -0.002764120 -0.000283662 0.207042113 0.000139439 -0.000868311 0.000199161 0.999999583
1717651713.947373 -0.002920161 -0.000215422 0.211329088 0.000076068 -0.000847082 -0.000211910 0.999999583
1717651713.961907 -0.003088749 0.000207561 0.217578411 0.000078998 -0.000850659 -0.000057532 0.999999642
1717651713.979409 -0.002954804 0.000683217 0.224209696 0.000006208 -0.001121903 0.000143701 0.999999344
1717651714.000310 -0.004738323 0.001569597 0.233440429 -0.000126625 -0.001079914 -0.000103071 0.999999404
1717651714.012854 -0.003405017 0.001914394 0.239303961 -0.000467735 -0.001447854 0.000215069 0.999998808
1717651714.035105 -0.001541170 0.002253118 0.245356351 -0.000879545 -0.001890528 0.001021522 0.999997318
1717651714.050775 -0.003128221 0.001607834 0.250252277 -0.001171400 -0.001671629 0.000542765 0.999997795
1717651714.066688 -0.004167224 0.001775753 0.259858608 -0.001593048 -0.001440899 0.000912076 0.999997258
1717651714.083835 -0.004296824 0.001776396 0.264947265 -0.002086247 -0.001364103 0.000663423 0.999996662
1717651714.100534 -0.003752660 0.001583089 0.271814674 -0.002623209 -0.001231408 0.001207865 0.999995053
1717651714.113045 -0.003998642 0.001187887 0.276035815 -0.002950473 -0.000983690 0.001284641 0.999994338
1717651714.129623 -0.003336570 0.001448645 0.285247415 -0.003222294 -0.001011703 0.001642835 0.999992907
1717651714.151454 -0.002421346 0.001148200 0.289885968 -0.003304807 -0.001078399 0.001893235 0.999992132
1717651714.165919 -0.002680827 0.000660931 0.298422217 -0.003537831 -0.000885299 0.001784179 0.999991775
1717651714.185894 -0.004285043 0.001016430 0.304055333 -0.003677525 -0.000739129 0.002182790 0.999990582
1717651714.196871 -0.003511897 0.001888145 0.310582668 -0.003371221 -0.000833103 0.002304463 0.999991298
1717651714.214798 -0.001991784 0.001807059 0.320613384 -0.003347567 -0.001108379 0.002826492 0.999989808
1717651714.230053 -0.002133994 0.001346469 0.325371295 -0.003363008 -0.001000089 0.003275572 0.999988496
1717651714.250015 -0.002101387 0.001047993 0.332729578 -0.003537819 -0.000828740 0.003462451 0.999987423
1717651714.266742 -0.001444493 0.000940712 0.337306678 -0.003826336 -0.000802508 0.003050758 0.999987721
1717651714.281686 -0.003233452 0.001766402 0.345735490 -0.003840696 -0.000234983 0.003006472 0.999988079
1717651714.297982 -0.003067220 0.003556285 0.355517030 -0.003680926 -0.000240237 0.002800920 0.999989271
1717651714.314412 -0.003878518 0.003600006 0.361226439 -0.004103990 -0.000084494 0.002614290 0.999988139
1717651714.331287 -0.002433667 0.000703727 0.368539214 -0.004263177 -0.000443720 0.002864655 0.999986708
1717651714.353430 -0.002011418 0.001541137 0.376112461 -0.003153657 -0.000654295 0.003796422 0.999987602
1717651714.372617 -0.002537800 0.000470484 0.381843120 -0.002970750 -0.000571642 0.003639896 0.999988794
1717651714.385493 -0.003123369 0.001455630 0.389137149 -0.002295383 -0.000545459 0.003260413 0.999991894
1717651714.403776 -0.001700146 0.001775045 0.394382894 -0.002156983 -0.000788852 0.004323295 0.999988019
1717651714.420266 -0.001841198 0.000826771 0.401509881 -0.002503671 -0.000733591 0.004901737 0.999984562
1717651714.435753 -0.002954558 0.003496307 0.408750415 -0.002541316 -0.000514739 0.004215226 0.999987721
1717651714.448663 -0.003599399 0.004030809 0.417654872 -0.003018630 -0.000322892 0.004151999 0.999986768
1717651714.467730 -0.001376334 0.002900799 0.425841272 -0.003631588 -0.000557626 0.004764502 0.999981880
1717651714.485549 -0.002387347 0.002627960 0.433716744 -0.003289567 -0.000368780 0.004527779 0.999984264
1717651714.499656 -0.002773060 0.001726734 0.440838128 -0.003074200 -0.000110188 0.004574885 0.999984801
1717651714.517684 -0.003080579 0.002420199 0.449955255 -0.002316541 0.000019527 0.004384531 0.999987721
1717651714.531939 -0.002713149 0.003507855 0.454231501 -0.002104898 0.000043719 0.004704140 0.999986708
1717651714.549386 -0.003664288 0.002632638 0.464081824 -0.002490590 0.000332677 0.004902965 0.999984801
1717651714.568369 -0.002133972 0.004551608 0.473891646 -0.002218181 0.000291767 0.005768562 0.999980867
1717651714.586875 -0.001552232 0.004098076 0.480963498 -0.002025337 0.000237441 0.006336048 0.999977887
1717651714.599679 -0.001818972 0.001971238 0.489155382 -0.001457800 0.000500690 0.006552069 0.999977350
1717651714.618222 -0.001095874 0.003498472 0.495721757 -0.001043013 0.000646886 0.006810343 0.999976039
1717651714.640452 -0.000011473 0.006273701 0.504323184 -0.001565506 0.000699383 0.005978332 0.999980628
1717651714.650968 0.000253637 0.004790019 0.512883127 -0.002655247 0.000709729 0.005929648 0.999978602
1717651714.670089 -0.000286932 0.004079939 0.520538628 -0.003041256 0.000823721 0.005117693 0.999981940
1717651714.690909 -0.001055029 0.007165447 0.530444622 -0.002851607 0.000954156 0.004022283 0.999987364
1717651714.704154 -0.000340189 0.005822447 0.538737059 -0.003649383 0.000632099 0.004040809 0.999984980
1717651714.722832 0.000529121 0.006467837 0.546784520 -0.003753359 0.000342312 0.004677604 0.999981940
1717651714.737827 -0.000780137 0.004110935 0.556293130 -0.004085866 0.000625643 0.004747224 0.999980152
1717651714.754325 0.001398891 0.004675996 0.565798700 -0.003215756 0.000381121 0.004713084 0.999983668
1717651714.770845 -0.001288722 0.003650557 0.571494937 -0.002593959 0.000980879 0.003117737 0.999991298
1717651714.790217 -0.001833358 0.003423374 0.581561983 -0.001570346 0.001166203 0.003339809 0.999992490
1717651714.803594 -0.001399441 0.003509910 0.589324057 -0.000813563 0.001082501 0.002882507 0.999994934
1717651714.823054 -0.003148436 0.004861613 0.599029481 -0.000305981 0.001473171 0.002236062 0.999996364
1717651714.835284 -0.002041607 0.004038835 0.607418239 -0.000427551 0.001062349 0.001745275 0.999997795
1717651714.854177 -0.003672987 0.004202394 0.618409216 -0.000192933 0.001162624 0.001927170 0.999997437
1717651714.873857 -0.003512609 0.003719856 0.626077831 -0.000032125 0.000904698 0.002061551 0.999997437
1717651714.891206 -0.001858899 0.005075510 0.634007156 0.000148922 0.000742586 0.002441746 0.999996722
1717651714.906347 -0.003021318 0.005271734 0.642823935 -0.000631304 0.001134462 0.001965108 0.999997258
1717651714.922949 -0.003634075 0.004153244 0.651303947 -0.001452095 0.001199608 0.001300219 0.999997377
1717651714.935675 -0.003943867 0.004190874 0.664002895 -0.001611669 0.001294860 0.001737060 0.999996364
1717651714.958144 -0.002970047 0.004112713 0.673229694 -0.001036120 0.001137050 0.002525351 0.999995649
1717651714.975568 -0.002399985 0.002230218 0.682294190 -0.000831551 0.000948189 0.002044638 0.999997079
1717651714.992076 -0.004684008 0.001472986 0.692740738 0.000022581 0.001328097 0.001841755 0.999997437
1717651715.006942 -0.003162476 0.001765024 0.698790491 0.001235060 0.001157396 0.002145976 0.999996245
1717651715.025063 -0.003712088 0.001536521 0.710451841 0.001849073 0.001289101 0.001913078 0.999995649
1717651715.039536 -0.003752284 0.003391733 0.719698787 0.002794246 0.001402261 0.001916306 0.999993265
1717651715.061947 -0.004293592 0.004129646 0.728302658 0.002573589 0.001598087 0.001430571 0.999994397
1717651715.076436 -0.005677322 0.003531451 0.739538848 0.001697852 0.001662655 0.001006568 0.999996662
1717651715.094793 -0.005010873 0.003565156 0.748907030 0.001405585 0.001371041 0.001129563 0.999997437
1717651715.107168 -0.004351022 0.002986390 0.758428514 0.001173413 0.001186994 0.000978975 0.999998152
1717651715.125859 -0.004270959 0.004109127 0.768747091 0.001275591 0.001143888 0.001094082 0.999997973
1717651715.138309 -0.004740973 0.004830862 0.779393256 0.001166103 0.001394614 0.000973257 0.999997854
1717651715.158605 -0.004224620 0.005711472 0.788591683 0.001057565 0.001227841 0.000869911 0.999998331
1717651715.181849 -0.004976761 0.004515940 0.797983468 -0.000117682 0.001302147 0.000732400 0.999998868
1717651715.191469 -0.005353879 0.004191134 0.808718503 -0.000492097 0.001125952 0.000698788 0.999998987
1717651715.206436 -0.005628053 0.002800762 0.821844041 -0.000490184 0.000966674 0.000293427 0.999999344
1717651715.222547 -0.006631785 -0.000512003 0.830001175 0.000557474 0.000863091 0.000020037 0.999999464
1717651715.238775 -0.006897697 0.002145724 0.839420676 0.002889910 0.000731619 0.000678447 0.999995351
1717651715.261795 -0.007057558 0.004154387 0.847118080 0.003532155 0.000771008 0.000253223 0.999993443
1717651715.278182 -0.006160534 0.006110243 0.858071387 0.002593854 0.000374039 0.001003304 0.999996066
1717651715.298505 -0.007184479 0.004220218 0.868470252 0.000882029 0.000282756 -0.000104499 0.999999583
1717651715.307897 -0.006252528 0.003040174 0.882144928 0.000762565 0.000132692 0.000561617 0.999999523
1717651715.326085 -0.006782671 0.001700540 0.896271765 0.002337362 0.000253697 0.000832687 0.999996901
1717651715.338955 -0.008982437 0.001516942 0.907790005 0.004052598 0.000343954 0.001060272 0.999991179
1717651715.360919 -0.009530948 0.005234300 0.918056369 0.005307605 0.000377225 0.000506637 0.999985695
1717651715.377568 -0.006706238 0.006852345 0.925226748 0.003606161 -0.000183734 0.001396440 0.999992490
1717651715.393584 -0.007172700 0.005527228 0.938796461 0.002254643 -0.000184890 0.001548664 0.999996245
1717651715.409145 -0.007548745 0.005041426 0.950058341 0.001982921 -0.000273750 0.001217367 0.999997258
1717651715.426037 -0.005818744 0.004147723 0.958869338 0.002386326 -0.000802298 0.002786970 0.999992967
1717651715.441075 -0.006551541 0.005485064 0.974677563 0.002663929 -0.000868478 0.001935756 0.999994159
1717651715.458401 -0.007394765 0.007533258 0.985497177 0.002131096 -0.000950563 0.002558651 0.999993980
1717651715.473681 -0.006330442 0.007773907 1.000494599 0.000645188 -0.001191517 0.003469053 0.999993086
1717651715.495644 -0.006948313 0.006325598 1.013911009 -0.001026827 -0.001030417 0.002619013 0.999995530
1717651715.507275 -0.004875366 0.008692282 1.025991440 -0.001002529 -0.001062499 0.003765365 0.999991834
1717651715.526227 -0.006528638 0.007897462 1.038793206 -0.001089735 -0.000716402 0.004493884 0.999989033
1717651715.541221 -0.005079594 0.006789304 1.047476768 -0.000799875 -0.000811884 0.004890275 0.999987423
1717651715.558952 -0.003322999 0.006534604 1.058040142 -0.000843235 -0.001234142 0.005372993 0.999984443
1717651715.577023 -0.004682540 0.008593763 1.066336155 -0.000836997 -0.000908645 0.004670259 0.999988317
1717651715.590389 -0.003540862 0.008489986 1.082799435 -0.001784531 -0.001321814 0.004631456 0.999986827
1717651715.608036 -0.007004030 0.008897096 1.102484465 -0.002987130 -0.001025653 0.003477123 0.999988973
1717651715.623662 -0.003815110 0.006924355 1.115743756 -0.003063187 -0.001790530 0.005734768 0.999977291
1717651715.640566 -0.004422907 0.007174904 1.127999306 -0.001759488 -0.001601772 0.005672993 0.999981105
1717651715.658771 -0.005059328 0.008041445 1.141469240 -0.001214424 -0.001528171 0.006414503 0.999977529
1717651715.678883 -0.002813043 0.011738303 1.152780294 -0.001624589 -0.001841506 0.006047339 0.999978721
1717651715.697383 -0.004468091 0.011505369 1.165472388 -0.003304637 -0.001656698 0.006499201 0.999972045
1717651715.712218 -0.003640642 0.009893510 1.182976246 -0.004170991 -0.001617338 0.006883919 0.999966323
1717651715.728177 -0.004292435 0.011142579 1.199218631 -0.003542688 -0.001380997 0.007215925 0.999966741
1717651715.746709 -0.006100296 0.008297027 1.212442398 -0.003561361 -0.000691200 0.007638648 0.999964237
1717651715.758893 -0.001935268 0.011485361 1.224020123 -0.002105199 -0.001327931 0.008376692 0.999961793
1717651715.781257 -0.002499614 0.013672160 1.233298302 -0.002310180 -0.000801341 0.008137412 0.999963880
1717651715.797683 -0.003430106 0.014231365 1.248206258 -0.005201914 -0.000446393 0.007466398 0.999958515
1717651715.810822 -0.001296313 0.015221593 1.261595488 -0.006409093 -0.000768818 0.008141591 0.999945998
1717651715.826937 -0.006229896 0.014481081 1.280730128 -0.007799681 0.000091395 0.006832947 0.999946237
1717651715.845465 -0.005895935 0.009755665 1.294269800 -0.008290551 -0.000121513 0.006599331 0.999943852
1717651715.861304 -0.005563489 0.012090761 1.307171464 -0.006118482 0.000089792 0.004977469 0.999968886
1717651715.877562 -0.008846261 0.009664059 1.321465254 -0.005136645 0.000652546 0.004447675 0.999976695
1717651715.895304 -0.007038587 0.008466111 1.331615329 -0.004221689 0.000325822 0.004279689 0.999981880
1717651715.910532 -0.008614559 0.011142728 1.348722458 -0.003031379 0.000215986 0.003879151 0.999987841
1717651715.927116 -0.007625912 0.011806123 1.363003612 -0.003665857 -0.000062498 0.003465414 0.999987304
1717651715.946100 -0.008950734 0.012563360 1.376911879 -0.004819343 0.000143584 0.003241490 0.999983132
1717651715.962959 -0.009008478 0.013459821 1.391644716 -0.005882340 0.000125261 0.003008859 0.999978185
1717651715.978715 -0.009253259 0.007840277 1.407265067 -0.007140748 0.000150927 0.003149377 0.999969542
1717651715.996540 -0.007759878 0.006861284 1.419666886 -0.005378491 -0.000105267 0.003986300 0.999977589
1717651716.010484 -0.008170212 0.005666567 1.436990499 -0.003330102 0.000087005 0.003843400 0.999987066
1717651716.033278 -0.009725844 0.008436842 1.447613239 0.000049201 0.000337027 0.003582097 0.999993503
1717651716.051519 -0.007755083 0.013173259 1.457579851 0.001290063 0.000062268 0.003520629 0.999992967
1717651716.070374 -0.008105285 0.013031831 1.472829461 -0.000417112 0.000010470 0.003453773 0.999993920
1717651716.081522 -0.008259079 0.013347221 1.486032248 -0.001473114 0.000055637 0.003669198 0.999992192
1717651716.101559 -0.007833990 0.013949478 1.504239798 -0.002737781 -0.000000102 0.003141269 0.999991298
1717651716.114385 -0.007519249 0.011665110 1.518139839 -0.003333759 0.000076146 0.002890709 0.999990284
1717651716.132155 -0.009887013 0.011463339 1.534369707 -0.003166148 0.000486588 0.002720833 0.999991179
1717651716.152221 -0.009589289 0.009807077 1.547434926 -0.003076378 0.000372759 0.001712253 0.999993742
1717651716.165475 -0.008623836 0.005696351 1.561718225 -0.002047227 -0.000229631 0.001567541 0.999996662
1717651716.182358 -0.010098032 0.009050820 1.582399130 0.000012205 -0.000372375 0.002374873 0.999997079
1717651716.197807 -0.009345168 0.013063642 1.596365213 0.000514671 -0.001270402 0.002928856 0.999994755
1717651716.214177 -0.010381621 0.013812936 1.605587125 -0.001552213 -0.001522794 0.001369213 0.999996662
1717651716.229615 -0.012331221 0.010292125 1.626108766 -0.002665889 -0.001806896 0.001700365 0.999993324
1717651716.247588 -0.013034296 0.008600192 1.640038610 -0.000569792 -0.001709462 0.002526548 0.999995172
1717651716.266464 -0.011694225 0.009985713 1.649950027 0.001412136 -0.001679386 0.002835705 0.999993563
1717651716.284998 -0.012824582 0.013010010 1.665442348 0.000735626 -0.001629526 0.003155088 0.999993443
1717651716.298739 -0.012320782 0.010035932 1.683881998 -0.001207598 -0.001774071 0.002299246 0.999995053
1717651716.315890 -0.010767071 0.011028078 1.700556755 -0.001107946 -0.002363614 0.003960790 0.999988735
1717651716.329818 -0.013017918 0.015434109 1.713072062 -0.001483120 -0.001922184 0.003077568 0.999992311
1717651716.355762 -0.012931900 0.016006915 1.726309657 -0.002245031 -0.002063364 0.003708152 0.999988496
1717651716.367437 -0.011513072 0.016314697 1.745974302 -0.003727062 -0.002176489 0.004512245 0.999980509
1717651716.386543 -0.012736500 0.013054460 1.760880947 -0.004807749 -0.001681813 0.004391279 0.999977410
1717651716.403013 -0.011354019 0.014792918 1.777474284 -0.004092637 -0.001793503 0.005566109 0.999974549
1717651716.416728 -0.014007544 0.014859091 1.794037461 -0.004154218 -0.001043470 0.005533210 0.999975502
1717651716.437190 -0.012438581 0.014756725 1.808361411 -0.004055801 -0.001262248 0.005524987 0.999975681
1717651716.451464 -0.013511495 0.015178229 1.821860552 -0.004446151 -0.001190552 0.004356375 0.999979913
1717651716.471944 -0.013638819 0.016086956 1.836375475 -0.005514489 -0.001180905 0.004500490 0.999973953
1717651716.486890 -0.014568074 0.014231941 1.856221676 -0.005479902 -0.000901734 0.004131198 0.999976039
1717651716.500726 -0.013920927 0.015005960 1.872025371 -0.004370758 -0.001088870 0.004903204 0.999977827
1717651716.519335 -0.012934124 0.018096453 1.885597587 -0.003307647 -0.001147346 0.005308177 0.999979794
1717651716.534908 -0.013226213 0.018595202 1.901234508 -0.004753779 -0.001038166 0.004449269 0.999978244
1717651716.549026 -0.014709556 0.015186192 1.918207407 -0.006322703 -0.000800659 0.005233331 0.999965966
1717651716.569021 -0.013177373 0.014908358 1.933040738 -0.005755218 -0.000780499 0.006219143 0.999963820
1717651716.585601 -0.012314445 0.013062057 1.946943760 -0.005805201 -0.000712749 0.006210198 0.999963582
1717651716.600058 -0.012204551 0.016744915 1.963059068 -0.003194620 -0.000383812 0.007746000 0.999964833
1717651716.619270 -0.009949568 0.025044618 1.975631714 -0.002428296 -0.000342374 0.007994717 0.999965072
1717651716.634581 -0.012874007 0.019747583 1.993018389 -0.006317896 0.000341179 0.006145567 0.999961078
1717651716.652305 -0.013125993 0.020331845 2.007908106 -0.007164865 0.000686727 0.006073119 0.999955654
1717651716.670323 -0.013686014 0.016904438 2.026782751 -0.008436208 0.000629697 0.004488186 0.999954164
1717651716.689641 -0.014280273 0.014541543 2.044622660 -0.006996282 0.001151588 0.002968054 0.999970436
1717651716.710358 -0.015398223 0.010872637 2.056259632 -0.004954782 0.001918922 0.002276582 0.999983311
1717651716.724367 -0.012255670 0.010434959 2.076893330 -0.002777553 0.001293487 0.003477452 0.999989271
1717651716.739332 -0.020197228 0.012909856 2.092936993 -0.000831535 0.002915579 0.002065642 0.999993265
1717651716.758723 -0.016268933 0.019322950 2.098752499 -0.000481483 0.002271364 0.002086739 0.999995112
1717651716.772152 -0.015037956 0.020989871 2.115866661 -0.002496804 0.001984918 0.001853312 0.999993205
1717651716.786946 -0.016884306 0.019000286 2.132593155 -0.004380830 0.002488619 0.001643436 0.999985933
1717651716.803450 -0.018023917 0.015872322 2.150434494 -0.004190125 0.002590240 0.001491166 0.999986768
1717651716.821272 -0.017824443 0.011794573 2.167074919 -0.002143205 0.002323703 0.002430050 0.999992013
1717651716.834134 -0.018995909 0.010103137 2.175572157 0.000746645 0.002540448 0.001625422 0.999995172
1717651716.854516 -0.018832646 0.015081137 2.197747707 0.003029765 0.002681282 0.000664012 0.999991596
1717651716.869772 -0.019559870 0.019620299 2.221173525 0.001695484 0.002331816 -0.000226496 0.999995828
1717651716.891788 -0.018570853 0.020697678 2.227915764 -0.000627205 0.001977771 -0.000402048 0.999997735
1717651716.906149 -0.018716587 0.020033058 2.247076750 -0.002777345 0.001964213 -0.001263636 0.999993384
1717651716.921280 -0.018662510 0.017782869 2.267300844 -0.003861678 0.002006861 -0.001354854 0.999989629
1717651716.935111 -0.020540008 0.014820896 2.285377264 -0.003311213 0.002276053 -0.002594962 0.999988556
1717651716.951056 -0.022265473 0.012588577 2.299878836 -0.001195354 0.002401409 -0.003161866 0.999991417
1717651716.972114 -0.024482623 0.014913782 2.314103127 0.000969412 0.002359205 -0.001726331 0.999995232
1717651716.985509 -0.025225328 0.021683598 2.330140352 0.000413799 0.001862635 -0.001358390 0.999997258
1717651717.007696 -0.024693996 0.023764528 2.352936029 -0.003305935 0.001081925 -0.002370355 0.999991179
1717651717.024758 -0.024014553 0.018342502 2.366683245 -0.005258425 -0.000111501 -0.001411761 0.999985158
1717651717.040594 -0.023194959 0.019399995 2.383218527 -0.003228679 -0.000620872 -0.000286215 0.999994576
1717651717.057657 -0.020923022 0.023766585 2.393473148 -0.002364334 -0.000975464 0.000467271 0.999996603
1717651717.074522 -0.022063604 0.020943776 2.417276144 -0.003935269 -0.000624640 -0.000880685 0.999991655
1717651717.096283 -0.022955740 0.024601746 2.432728767 -0.003289321 -0.000282333 0.000181391 0.999994516
1717651717.103358 -0.021055739 0.030290758 2.450914383 -0.004701405 -0.000877058 0.000562663 0.999988377
1717651717.124202 -0.024994133 0.026572958 2.465971231 -0.008642303 -0.000279355 -0.001059439 0.999962032
1717651717.139699 -0.025751773 0.023906218 2.486001968 -0.011177912 0.000047879 -0.000164437 0.999937534
1717651717.156580 -0.025261734 0.015227939 2.498376131 -0.012520233 0.000304990 -0.000153909 0.999921560
1717651717.169796 -0.021126276 0.020729121 2.518617153 -0.010185016 -0.000295510 0.001237141 0.999947309
1717651717.189347 -0.020811539 0.022088600 2.533776760 -0.009487639 -0.000083633 0.000534764 0.999954820
1717651717.204102 -0.020435322 0.024444943 2.550508499 -0.009473520 0.000272791 0.000082207 0.999955058
1717651717.223287 -0.022691777 0.023621093 2.571040869 -0.011060319 0.000949128 0.000381250 0.999938309
1717651717.236668 -0.022026990 0.020779634 2.590606451 -0.011396336 0.000879574 0.000517257 0.999934554
1717651717.255335 -0.023402380 0.021828696 2.606745720 -0.010730281 0.001353352 0.000549628 0.999941409
1717651717.276401 -0.023816116 0.021336999 2.623788118 -0.010396596 0.001856263 0.001071357 0.999943674
1717651717.289551 -0.025619492 0.020014176 2.641424894 -0.010694616 0.002864680 0.000988009 0.999938250
1717651717.306025 -0.019481635 0.026011402 2.654911757 -0.008300778 0.001895303 0.004349068 0.999954283
1717651717.324276 -0.019750414 0.023812778 2.674736977 -0.007564212 0.002319572 0.004829585 0.999957025
1717651717.338744 -0.019341143 0.026748193 2.692960501 -0.005851622 0.002919088 0.005274470 0.999964714
1717651717.355740 -0.015946981 0.030741291 2.703868389 -0.006680539 0.002687978 0.003545861 0.999967813
1717651717.381905 -0.016258795 0.025987236 2.724576235 -0.010289894 0.002763123 0.003262598 0.999937892
1717651717.389965 -0.020860117 0.023009283 2.747750998 -0.011762627 0.003823720 0.002094329 0.999921322
1717651717.409303 -0.022749640 0.018088691 2.762234688 -0.010895390 0.004354086 -0.000485533 0.999931037
1717651717.425996 -0.024292566 0.017329942 2.783769846 -0.007612405 0.004531098 -0.000974840 0.999960303
1717651717.444760 -0.023947524 0.019805340 2.795630217 -0.004398302 0.004309540 0.000262741 0.999980986
1717651717.465143 -0.018429125 0.026174290 2.804930687 -0.002074431 0.002645713 0.002118873 0.999992073
1717651717.477846 -0.019862445 0.032035280 2.827500105 -0.002060528 0.002838761 0.000630039 0.999993622
1717651717.498970 -0.022464080 0.026825653 2.846533298 -0.006291674 0.003309613 -0.000026150 0.999974728
1717651717.507677 -0.028501444 0.017317841 2.870036125 -0.007557717 0.004678996 -0.001345076 0.999959588
1717651717.527858 -0.025913756 0.013717418 2.887336254 -0.004935287 0.004256566 -0.000775802 0.999978483
1717651717.539876 -0.027802944 0.016076175 2.906527281 -0.000159866 0.004613974 -0.000923565 0.999988914
1717651717.558517 -0.025748376 0.023744062 2.915300131 0.002835880 0.004906999 -0.000535722 0.999983788
1717651717.574205 -0.015628560 0.030738298 2.925629377 0.001519399 0.002861519 0.001189753 0.999994040
1717651717.592035 -0.017549461 0.027293634 2.945735216 -0.002262760 0.004280447 -0.000218842 0.999988258
1717651717.609030 -0.018100174 0.029723477 2.962771893 -0.003792524 0.006207094 -0.000234445 0.999973536
1717651717.623641 -0.016911585 0.023915628 2.992259264 -0.004558843 0.007506350 -0.000856044 0.999961078
1717651717.648829 -0.017063407 0.022065321 3.011593103 -0.001577647 0.009128003 -0.000891023 0.999956667
1717651717.661035 -0.014900945 0.024930876 3.026808023 0.002248618 0.009700142 -0.000242903 0.999950409
1717651717.685989 -0.013981245 0.034834076 3.041779041 0.003613719 0.010649314 -0.000190836 0.999936759
1717651717.695734 -0.014937364 0.030166948 3.061528206 -0.000847465 0.012110361 -0.000449044 0.999926209
1717651717.711144 -0.016666420 0.024550594 3.081153154 -0.001857670 0.013821307 -0.000726316 0.999902487
1717651717.726403 -0.012903756 0.028930774 3.098116398 0.000810157 0.014424541 0.000008361 0.999895632
1717651717.746751 -0.009855980 0.020901464 3.111933947 -0.001151866 0.015328587 -0.000172575 0.999881864
1717651717.762414 -0.006335285 0.028932655 3.121572256 0.001410614 0.016535176 0.000344831 0.999862254
1717651717.781454 -0.003047037 0.038699873 3.150040388 0.001207933 0.016938714 0.002102080 0.999853551
1717651717.797386 -0.002913584 0.034355231 3.170268774 -0.002031297 0.018523004 0.002018520 0.999824286
1717651717.809874 0.001430225 0.037318327 3.188236237 -0.001740859 0.019287357 0.003484680 0.999806404
1717651717.826830 -0.001956374 0.029277194 3.206758261 -0.004147754 0.021879837 0.003050838 0.999747336
1717651717.844628 0.002147200 0.033438504 3.222045183 -0.002236611 0.022876645 0.003940328 0.999728024
1717651717.860368 0.008647339 0.034347564 3.242125273 -0.002530366 0.023148736 0.003184979 0.999723732
1717651717.877710 0.000542165 0.027169557 3.259821177 -0.004741016 0.027041467 0.002276558 0.999620497
1717651717.896512 0.003683181 0.031609837 3.270991325 -0.001845020 0.028503958 0.002727591 0.999588251
1717651717.910367 0.007546989 0.031856034 3.288239002 -0.001276647 0.030731179 0.002657527 0.999523342
1717651717.926169 0.012701271 0.029258002 3.314978123 -0.002761778 0.032848686 0.002879399 0.999452412
1717651717.943587 0.018643660 0.028080622 3.333087444 -0.001435773 0.035745423 0.003363546 0.999354243
1717651717.962378 0.021117292 0.034189932 3.347213030 0.000292753 0.040076770 0.003885997 0.999189019
1717651717.978815 0.021451356 0.032410230 3.363276243 -0.003328756 0.045375753 0.002282670 0.998961806
1717651717.995886 0.025756545 0.032124981 3.385407209 -0.007500207 0.050658830 0.002261590 0.998685300
1717651718.018390 0.033414688 0.031160835 3.406151056 -0.007477817 0.055024393 0.005555949 0.998441577
1717651718.032592 0.029296460 0.021973906 3.420319080 -0.009632754 0.062922686 0.002466783 0.997968853
1717651718.049042 0.034396261 0.018394865 3.438691854 -0.009814064 0.067724206 0.001971471 0.997653842
1717651718.064905 0.036099836 0.020820934 3.453804255 -0.007034560 0.072407894 0.000966776 0.997349858
1717651718.080816 0.039137874 0.019954832 3.461416245 -0.005406519 0.075434692 0.000012785 0.997136056
1717651718.100032 0.045110218 0.031742744 3.498445272 -0.001294750 0.078313291 -0.000274073 0.996927917
1717651718.113249 0.045029912 0.034830946 3.518837452 -0.001122474 0.080238260 0.000858770 0.996774673
1717651718.132844 0.040582202 0.027799627 3.538861990 -0.002942689 0.082310192 0.000851788 0.996602058
1717651718.154024 0.049584676 0.030756781 3.559611797 -0.000443388 0.080472961 0.000943885 0.996756256
1717651718.164737 0.049660657 0.038809169 3.574331760 0.001311672 0.080871016 -0.000187573 0.996723652
1717651718.180058 0.052394170 0.037073705 3.598708391 -0.000032440 0.080496199 0.000436715 0.996754825
1717651718.199391 0.056208696 0.036577340 3.617422104 -0.000225021 0.079603627 0.001936421 0.996824682
1717651718.212233 0.060587890 0.030378470 3.628759384 -0.001466429 0.078237943 0.002810508 0.996929646
1717651718.228636 0.059813086 0.036930919 3.640915871 0.000495740 0.079049692 0.002470452 0.996867478
1717651718.246389 0.068103932 0.039856270 3.671861649 -0.000971065 0.077916250 0.001805459 0.996957779
1717651718.266978 0.070077360 0.039691798 3.692844868 -0.002866752 0.078614391 0.000648076 0.996900797
1717651718.283686 0.070803419 0.040561683 3.714077234 -0.004680991 0.079422534 -0.000353292 0.996829987
1717651718.295236 0.073808409 0.032996681 3.736611843 -0.006837818 0.080052197 -0.001866593 0.996765494
1717651718.314510 0.073477156 0.025662426 3.749746084 -0.005020408 0.080870971 -0.002547807 0.996708691
1717651718.328038 0.076512754 0.035707373 3.770300388 0.000723653 0.081123672 -0.001677879 0.996702373
1717651718.346427 0.078320213 0.037328307 3.787865400 0.001897594 0.081039026 -0.001302256 0.996708274
1717651718.366444 0.079723820 0.039430451 3.804899216 0.001916513 0.081456639 -0.001574680 0.996673822
1717651718.379269 0.087267391 0.039492976 3.822956324 0.000779618 0.080047019 0.000026317 0.996790767
1717651718.396039 0.095068224 0.036614504 3.849876165 -0.000126874 0.079236530 0.000821078 0.996855497
1717651718.415048 0.096145578 0.033167932 3.868731022 -0.000103065 0.080340855 0.001036163 0.996766865
1717651718.432983 0.099179976 0.035336971 3.889275789 0.002660403 0.080687270 0.002807294 0.996731937
1717651718.449467 0.105486460 0.044389583 3.904130220 0.004940600 0.079614766 0.002625910 0.996810019
1717651718.470062 0.106553830 0.046780150 3.924716234 0.001631713 0.080352500 0.003044090 0.996760488
1717651718.484885 0.109627254 0.033876117 3.942681551 -0.004382625 0.080277316 0.003583782 0.996756494
1717651718.499657 0.112262167 0.037482131 3.963484287 -0.001830758 0.081178367 0.002263626 0.996695340
1717651718.515588 0.119396739 0.033342972 3.990035534 -0.001498488 0.080584295 0.003749003 0.996739626
1717651718.531486 0.120171398 0.034757562 4.002123356 0.002163920 0.081742056 0.003888815 0.996643543
1717651718.549760 0.123948485 0.041062389 4.017895222 0.004461461 0.081604220 0.005018171 0.996642172
1717651718.570774 0.131734639 0.050730851 4.044401169 0.005358323 0.080560483 0.006160119 0.996716321
1717651718.583633 0.135695294 0.056960039 4.063200474 0.000674254 0.080537342 0.005390943 0.996736765
1717651718.598933 0.137359753 0.052338835 4.085134029 -0.007715892 0.081127562 0.006443939 0.996653020
1717651718.616050 0.141666725 0.044589683 4.110127449 -0.012892508 0.081369214 0.006962475 0.996576309
1717651718.632182 0.148103252 0.042214304 4.136816978 -0.010839424 0.081577778 0.005669931 0.996591926
1717651718.652169 0.148885235 0.042051114 4.156969070 -0.007471437 0.083165407 0.004803923 0.996496201
1717651718.669721 0.153558686 0.046156920 4.176084995 -0.004372966 0.082882464 0.005582267 0.996534109
1717651718.697607 0.153077975 0.048100568 4.198395252 -0.004853489 0.085430488 0.001975155 0.996330380
1717651718.708234 0.154320329 0.048459351 4.221478462 -0.006283958 0.086927325 0.000923536 0.996194422
1717651718.725125 0.160930768 0.048941366 4.242977619 -0.005820651 0.085220285 0.002129315 0.996342897
1717651718.735015 0.164208561 0.046243366 4.261192322 -0.006277591 0.085204363 0.001754060 0.996342182
1717651718.754284 0.167992949 0.047816750 4.279781342 -0.004658220 0.085576475 -0.000436933 0.996320605
1717651718.769076 0.170914650 0.049772587 4.303666115 -0.003921579 0.086711124 -0.000614438 0.996225595
1717651718.787644 0.173900753 0.049011882 4.323410988 -0.004153776 0.087206431 0.000136027 0.996181607
1717651718.803860 0.177774772 0.047124904 4.342921734 -0.003835207 0.087243401 0.000910256 0.996179223
1717651718.821822 0.181357667 0.048861094 4.362198353 -0.002509299 0.087078460 0.000866603 0.996197939
1717651718.836772 0.184183925 0.050510593 4.383376122 -0.002284291 0.087735750 -0.000060946 0.996141195
1717651718.853900 0.187332362 0.051187217 4.403521538 -0.003499926 0.087747440 -0.000403296 0.996136487
1717651718.867413 0.192124784 0.046993624 4.422735691 -0.006854801 0.086669125 0.000637932 0.996213377
1717651718.886348 0.194477201 0.043430090 4.441882133 -0.003979163 0.087216593 -0.000875032 0.996181071
1717651718.901577 0.196205705 0.043503132 4.459313393 0.001009081 0.087693729 -0.000472742 0.996146858
1717651718.919247 0.199309081 0.045865566 4.483439922 0.004371130 0.087947689 -0.001779890 0.996113896
1717651718.934520 0.203530908 0.048682600 4.502444267 0.006703780 0.087570995 -0.002424820 0.996132791
1717651718.954053 0.205674663 0.048700396 4.520250797 0.004713457 0.088460222 -0.002675060 0.996064961
1717651718.966818 0.209658980 0.048514683 4.541714668 0.002699090 0.089078620 -0.002132869 0.996018648
1717651718.986789 0.216308132 0.047912542 4.563986301 0.002885435 0.088330448 -0.000354728 0.996086955
1717651719.001770 0.221545428 0.047867998 4.586008072 0.004523694 0.087974519 0.001358122 0.996111512
1717651719.020933 0.224440396 0.052364621 4.606446743 0.007466569 0.088970512 0.000226223 0.996006250
1717651719.035748 0.223769188 0.049891777 4.617798805 0.001883758 0.091052718 0.000124398 0.995844305
1717651719.056948 0.230575621 0.051353548 4.645832062 0.001030821 0.090784952 0.001080233 0.995869398
1717651719.071057 0.236060902 0.050778810 4.667565346 0.001233299 0.090454750 0.001736721 0.995898306
1717651719.089883 0.240098715 0.052123249 4.685425282 0.003592303 0.090422809 0.000555580 0.995896816
1717651719.104831 0.239520252 0.052441701 4.703698635 0.008533408 0.093907721 0.003658389 0.995537639
1717651719.124851 0.239644825 0.065170355 4.715085030 0.004383282 0.093617745 -0.009316971 0.995554984
1717651719.137641 0.244820237 0.066710964 4.735033512 -0.002366479 0.093997173 -0.007475707 0.995541632
1717651719.163194 0.247392341 0.062910840 4.754321098 -0.001883391 0.095177680 -0.003555232 0.995452166
1717651719.175516 0.253623426 0.059788983 4.771713257 -0.001191019 0.096055210 0.004923982 0.995363116
1717651719.189955 0.260182112 0.057762813 4.803205013 0.002434585 0.095456615 0.002366048 0.995427787
1717651719.203656 0.261681616 0.053258870 4.811783314 0.003156398 0.096957892 0.003785363 0.995276272
1717651719.222756 0.263040334 0.055177528 4.824669838 -0.001997962 0.096898220 0.000843489 0.995291948
1717651719.239522 0.267908752 0.054640438 4.843520164 -0.010464882 0.095259249 0.002219786 0.995395005
1717651719.258801 0.268177688 0.055921994 4.857441902 -0.011879953 0.096396834 0.008065470 0.995239377
1717651719.286168 0.270581037 0.056503333 4.871211052 -0.009656915 0.095410921 0.008790223 0.995352328
1717651719.289834 0.271936476 0.057558291 4.879653454 -0.004746032 0.094897889 0.007481586 0.995447576
1717651719.304687 0.271284103 0.055887718 4.886944771 -0.000377300 0.096406102 0.007589607 0.995313048
1717651719.325320 0.273466766 0.053623423 4.895588398 -0.002432393 0.094587117 0.005572700 0.995498002
1717651719.336689 0.274886161 0.053537127 4.902620792 -0.009207064 0.093376264 0.006229647 0.995568812
1717651719.362694 0.276493907 0.055773392 4.912604809 -0.010919615 0.092810638 0.007112050 0.995598495
1717651719.377048 0.277917713 0.055508137 4.919661045 -0.010064787 0.091795921 0.009590860 0.995680809
1717651719.393282 0.278066069 0.056773935 4.925279617 -0.005911833 0.091342494 0.008734237 0.995763719
1717651719.409207 0.278522581 0.056298420 4.929086685 -0.001944831 0.090765096 0.008238076 0.995836377
1717651719.426931 0.277789712 0.055194587 4.930876255 -0.001379778 0.090992771 0.006664017 0.995828331
1717651719.442323 0.277274728 0.055435210 4.931179523 -0.007011665 0.089870274 0.006299447 0.995908856
1717651719.460306 0.278531820 0.057537202 4.936995983 -0.007042523 0.087705851 0.008302162 0.996086895
1717651719.475649 0.278374493 0.057318676 4.937279701 -0.005239800 0.085496120 0.007996416 0.996292651
1717651719.494519 0.278207690 0.056396939 4.936730385 -0.002665157 0.083863996 0.008514955 0.996437252
1717651719.506908 0.277185023 0.054690495 4.935393333 -0.000705270 0.084043600 0.008402719 0.996426404
1717651719.525814 0.276297241 0.054610081 4.933616161 -0.000848997 0.084604442 0.007322886 0.996387362
1717651719.539809 0.275856972 0.054747075 4.932758331 -0.001468442 0.085388571 0.006965218 0.996322274
1717651719.556297 0.276817739 0.054721776 4.932424068 -0.001245135 0.085605755 0.006749228 0.996305466
1717651719.573300 0.278211266 0.055581514 4.931967735 -0.000158798 0.085051939 0.006272052 0.996356785
1717651719.589877 0.276196629 0.053434446 4.930203438 -0.001176369 0.087704606 0.006362216 0.996125519
1717651719.606092 0.275964141 0.053372890 4.929707050 -0.000588535 0.088479936 0.006620168 0.996055782
1717651719.622900 0.276283503 0.053327058 4.929412365 0.000555795 0.089321136 0.006434724 0.995981932
1717651719.645545 0.277682841 0.055824105 4.929339409 0.003146141 0.089809217 0.003017462 0.995949447
1717651719.659179 0.275884479 0.053208880 4.928231716 -0.001444011 0.094956644 0.004504360 0.995470166
1717651719.678233 0.281123579 0.056589324 4.930527687 0.001184622 0.094786480 0.002635681 0.995493412
1717651719.690801 0.281817287 0.056429718 4.930514812 0.001318662 0.099843271 0.002626426 0.994998872
1717651719.708161 0.280644536 0.057257846 4.930303574 0.001647055 0.107168347 0.002663607 0.994235933
1717651719.726089 0.281270921 0.056484729 4.930383682 0.000976752 0.113889068 0.003428904 0.993487120
1717651719.745305 0.282394618 0.056739800 4.926961899 0.001007267 0.117663868 0.004125635 0.993044376
1717651719.758382 0.283068269 0.056455303 4.925732136 0.001268632 0.121575676 0.004850929 0.992569506
1717651719.776200 0.286720425 0.054836813 4.926801682 -0.000243764 0.122915626 0.005537456 0.992401659
1717651719.799135 0.290007740 0.055469271 4.926392555 0.000734222 0.122997127 0.004482297 0.992396653
1717651719.810204 0.289522141 0.055037480 4.924391270 0.000681745 0.126249388 0.003261750 0.991992950
1717651719.826350 0.289786398 0.056013517 4.922174931 0.000168090 0.129698262 0.003240092 0.991548181
1717651719.843488 0.291420132 0.056333616 4.922567844 0.001660149 0.132032856 0.004796336 0.991232336
1717651719.859388 0.289973795 0.055699475 4.919314861 0.002430357 0.136805892 0.003959181 0.990586996
1717651719.877439 0.290670335 0.055750076 4.917347431 0.001433468 0.139516488 0.001697466 0.990217268
1717651719.896890 0.290557891 0.056155939 4.915993690 -0.000185845 0.144093245 0.001955264 0.989562154
1717651719.908795 0.294179678 0.056440208 4.914997101 -0.000249341 0.146610975 0.002597586 0.989190817
1717651719.925699 0.295672745 0.056440253 4.912125111 0.000584119 0.151257977 0.002169941 0.988491774
1717651719.943676 0.294866949 0.055956535 4.911961555 -0.000238201 0.158846855 0.001167595 0.987302482
1717651719.959387 0.298927963 0.056460932 4.908348083 -0.000003495 0.162076235 0.000403767 0.986778200
1717651719.978705 0.299427420 0.057014253 4.907502651 -0.000274045 0.169860989 0.000997225 0.985467494
1717651719.992050 0.299790323 0.056676641 4.904606342 -0.000718036 0.177530780 0.003625781 0.984108329
1717651720.015090 0.306489527 0.055351295 4.905399323 -0.002220500 0.181257144 0.002567388 0.983429849
1717651720.027924 0.309769839 0.056312431 4.902658463 -0.001539722 0.187224314 0.002163359 0.982313573
1717651720.049811 0.310304642 0.054511417 4.902348995 -0.004106780 0.195977867 0.004889540 0.980587542
1717651720.064171 0.313944221 0.055226933 4.898216248 -0.003238012 0.200158089 0.003724892 0.979751170
1717651720.082120 0.315652490 0.052675653 4.898665428 -0.005882640 0.207237333 0.004732055 0.978261530
1717651720.097796 0.320937037 0.053723156 4.898029804 -0.005037273 0.211704880 0.001737816 0.977319121
1717651720.112209 0.324367434 0.052576654 4.896863461 -0.006740111 0.218102261 -0.000164250 0.975902617
1717651720.128021 0.322780371 0.053425886 4.897368431 -0.004643469 0.230519250 0.000483927 0.973056555
1717651720.147806 0.318322182 0.050360482 4.897188663 -0.008427758 0.245783031 0.002419734 0.969285190
1717651720.168691 0.321736306 0.051224340 4.894194603 -0.006729769 0.252530903 0.003121837 0.967560351
1717651720.184462 0.336515963 0.044157583 4.887686253 -0.014551229 0.247238189 0.000188066 0.968845427
1717651720.197264 0.342311203 0.045506850 4.884876728 -0.012850569 0.252120882 -0.001050881 0.967609823
1717651720.209672 0.345892757 0.051440112 4.879754066 -0.004891052 0.258115649 0.000587851 0.966101468
1717651720.226298 0.354374051 0.051711388 4.877591610 -0.003764677 0.261760443 0.001530653 0.965124309
1717651720.244548 0.365716279 0.045639195 4.868608952 -0.009806430 0.261746645 -0.003607565 0.965080082
1717651720.262891 0.349119872 0.043334767 4.877812386 -0.011556396 0.292886198 -0.002640777 0.956073821
1717651720.288405 0.357327640 0.042389225 4.870427608 -0.011751927 0.297537595 -0.004031168 0.954629242
1717651720.299152 0.359205395 0.042262826 4.866931915 -0.011455216 0.308024228 -0.004989437 0.951296449
1717651720.311531 0.359518796 0.040364116 4.862454414 -0.012922904 0.317693174 -0.006710809 0.948081791
1717651720.328346 0.357780397 0.041419838 4.864247799 -0.012936605 0.332702696 -0.008382341 0.942905784
1717651720.344849 0.365632385 0.041877020 4.861467838 -0.011329397 0.339650273 -0.005171193 0.940469325
1717651720.361171 0.365239382 0.040874287 4.862245560 -0.011731996 0.352187991 -0.005594530 0.935838997
1717651720.384799 0.376539201 0.042142168 4.854348660 -0.010769129 0.356747448 -0.006117864 0.934118748
1717651720.395540 0.379299968 0.039706115 4.848294258 -0.011549340 0.365011692 -0.005260466 0.930916429
1717651720.411163 0.383042157 0.040857919 4.845213890 -0.010000096 0.375852466 -0.006449355 0.926603138
1717651720.432896 0.387437612 0.042099494 4.841746330 -0.010044938 0.384577453 -0.009648851 0.922987640
1717651720.450121 0.387546569 0.039197877 4.840141296 -0.010840983 0.397345901 -0.007541375 0.917573869
1717651720.469345 0.390548289 0.038396243 4.835900784 -0.010878892 0.406972051 -0.008206598 0.913338959
1717651720.487031 0.396147102 0.039514504 4.830373287 -0.009929500 0.414432496 -0.008384490 0.909987271
1717651720.500545 0.398011237 0.037977789 4.828499317 -0.011156926 0.426057339 -0.008912220 0.904583454
1717651720.519402 0.402294636 0.037058700 4.824634075 -0.011546340 0.434802204 -0.008934375 0.900407672
1717651720.532049 0.406315327 0.038008075 4.820668697 -0.010723834 0.443588108 -0.009181510 0.896119595
1717651720.550144 0.408812076 0.038090993 4.816774368 -0.011018462 0.453080773 -0.009577560 0.891349912
1717651720.568176 0.411992788 0.038144626 4.813638210 -0.011304713 0.462312162 -0.010451698 0.886583567
1717651720.584634 0.417291969 0.038674220 4.809346676 -0.010999928 0.469890922 -0.010930652 0.882588267
1717651720.598112 0.419739276 0.037957706 4.806152821 -0.010837102 0.479748577 -0.010642914 0.877274513
1717651720.613662 0.423237443 0.038955450 4.802304268 -0.010477363 0.488114029 -0.012159351 0.872632265
1717651720.632425 0.427578539 0.038341157 4.797600269 -0.010877540 0.496135712 -0.010926839 0.868108094
1717651720.649674 0.433744758 0.040435188 4.795092106 -0.008991615 0.504234433 -0.010628379 0.863454640
1717651720.668606 0.432599396 0.037627075 4.790645123 -0.011147205 0.514114261 -0.011670989 0.857569814
1717651720.685903 0.435396791 0.038263302 4.786592007 -0.010963432 0.522151470 -0.012337985 0.852693021
1717651720.700310 0.438068181 0.037837148 4.781311035 -0.011214403 0.530037522 -0.011315991 0.847824514
1717651720.722227 0.443129271 0.037953634 4.776191235 -0.011373132 0.536357999 -0.010346612 0.843850553
1717651720.735395 0.445284158 0.038514066 4.772188663 -0.011367753 0.545058548 -0.010596782 0.838253915
1717651720.752308 0.446407765 0.037502147 4.766872883 -0.012112438 0.552779436 -0.010316936 0.833175659
1717651720.774750 0.452929735 0.040475275 4.764223099 -0.011132245 0.560576737 -0.009126388 0.827977359
1717651720.788516 0.452611953 0.038136158 4.758090019 -0.012816420 0.567953825 -0.009104600 0.822910249
1717651720.801637 0.455001801 0.038616396 4.753798008 -0.012596538 0.575313509 -0.009558347 0.817780077
1717651720.822235 0.456399024 0.037947644 4.747059345 -0.012373599 0.582330406 -0.008850970 0.812809825
1717651720.833746 0.454738289 0.035557456 4.740454674 -0.014066987 0.589882016 -0.010399396 0.807299912
1717651720.852015 0.463556230 0.039226443 4.738853455 -0.012272707 0.597024739 -0.008981683 0.802078605
1717651720.867300 0.467403620 0.040639322 4.733993530 -0.012126281 0.604007661 -0.011026954 0.796809912
1717651720.888762 0.468640745 0.039128579 4.729587078 -0.012736025 0.612122416 -0.010903964 0.790585279
1717651720.902423 0.467705309 0.039040223 4.721715927 -0.011065856 0.620002866 -0.008349395 0.784477115
1717651720.918752 0.475983143 0.043651957 4.723976135 -0.009447580 0.629334509 -0.008662249 0.777028799
1717651720.933397 0.475816905 0.041579347 4.714879036 -0.010261990 0.635677576 -0.007946840 0.771845520
1717651720.950935 0.475545585 0.040141966 4.707146168 -0.010595829 0.642492473 -0.007710437 0.766179919
1717651720.973547 0.481520355 0.042758312 4.705361843 -0.009330290 0.650384724 -0.006253264 0.759521961
1717651720.989563 0.481157303 0.040324658 4.695660591 -0.010791104 0.656744242 -0.006980938 0.754003882
1717651721.001152 0.478431672 0.040542252 4.690882683 -0.010088562 0.665136874 -0.007175204 0.746618867
1717651721.018175 0.479395449 0.040334005 4.685508728 -0.009734474 0.672860682 -0.006473046 0.739676893
1717651721.033310 0.481688410 0.039242707 4.681503773 -0.011467288 0.680773795 -0.006812914 0.732372284
1717651721.051529 0.480239391 0.040442348 4.675367832 -0.010026897 0.688604295 -0.005971985 0.725043356
1717651721.080015 0.479635686 0.043594178 4.682275772 -0.010203348 0.699087441 -0.007230410 0.714926839
1717651721.094615 0.476294845 0.039812069 4.681920528 -0.010832486 0.707498670 -0.005810656 0.706607759
1717651721.103757 0.473792493 0.034188282 4.689538479 -0.013908141 0.718162119 -0.004958607 0.695719182
1717651721.128540 0.478934854 0.032289218 4.695380688 -0.015975241 0.728669584 -0.004954449 0.684661150
1717651721.140391 0.476297557 0.037523579 4.686923027 -0.013398437 0.735029578 -0.005469160 0.677880585
1717651721.163756 0.474040151 0.040598836 4.680118084 -0.011770274 0.742024124 -0.005768920 0.670244992
1717651721.171977 0.469968647 0.041490775 4.675529003 -0.011883730 0.749101758 -0.006338468 0.662317991
1717651721.189251 0.478507221 0.039637420 4.677701950 -0.012778433 0.758771062 -0.005918304 0.651205182
1717651721.204547 0.474136502 0.037214085 4.673339844 -0.012425163 0.766089261 -0.004191652 0.642600417
1717651721.221716 0.470588505 0.036363792 4.673170567 -0.013468727 0.774671793 -0.004448507 0.632204413
1717651721.235898 0.481489509 0.038104542 4.666120529 -0.011035732 0.781953931 -0.003601632 0.623228073
1717651721.252247 0.481203765 0.037665807 4.665896416 -0.011018708 0.790753186 -0.003732555 0.612024546
1717651721.269392 0.476896226 0.037024550 4.666061401 -0.011150894 0.798937142 -0.003650228 0.601300120
1717651721.285621 0.472183853 0.036088016 4.667480469 -0.010857589 0.807157159 -0.003490218 0.590226471
1717651721.303555 0.468887061 0.035615884 4.668955803 -0.009797862 0.815644920 -0.003148951 0.578461230
1717651721.321611 0.473945111 0.037900455 4.660340786 -0.008484773 0.822471261 -0.003777067 0.568730831
1717651721.336453 0.471104234 0.037740033 4.654255390 -0.008196635 0.828672945 -0.003171528 0.559664071
1717651721.355013 0.468878984 0.035337567 4.652319431 -0.007727765 0.836151481 -0.001125553 0.548442960
1717651721.379875 0.464961261 0.034693621 4.659489632 -0.009903513 0.845015407 -0.002363104 0.534645140
1717651721.393589 0.465561122 0.035281822 4.657545090 -0.009666681 0.852150559 -0.002190336 0.523202896
1717651721.402952 0.466211826 0.035585571 4.654950142 -0.008836492 0.859178543 -0.001536492 0.511597335
1717651721.420836 0.463904113 0.034679785 4.652596951 -0.008820307 0.866071820 -0.000624451 0.499841362
1717651721.440388 0.464000970 0.034418363 4.651209831 -0.007956702 0.873075426 0.000679706 0.487519741
1717651721.457020 0.464145511 0.034515832 4.650300503 -0.007917223 0.880088747 0.001417357 0.474741042
1717651721.475901 0.463986367 0.034218203 4.649384975 -0.007834515 0.886911869 0.001907008 0.461868286
1717651721.493122 0.461356461 0.033438317 4.643481255 -0.008038135 0.891454697 0.002445141 0.453031957
1717651721.509057 0.461477399 0.033960786 4.643350601 -0.006705023 0.897247136 0.001934930 0.441473484
1717651721.526881 0.461091936 0.034620244 4.643840313 -0.005368559 0.902647197 0.001401114 0.430345416
1717651721.539315 0.461487025 0.033515342 4.644017696 -0.006081854 0.907726824 0.001767753 0.419513971
1717651721.558748 0.459214061 0.034128647 4.638967991 -0.005942693 0.911203444 0.001673257 0.411910355
1717651721.575064 0.459798872 0.033120263 4.638695240 -0.005789558 0.916578770 0.003042075 0.399800718
1717651721.590476 0.459230334 0.033509400 4.638463974 -0.006953912 0.921620965 0.003059849 0.388016790
1717651721.605918 0.458698571 0.033965003 4.638284683 -0.006378706 0.926693797 0.003805461 0.375743777
1717651721.623352 0.458392888 0.034450922 4.639595509 -0.005784928 0.932172477 0.003828014 0.361947864
1717651721.639112 0.457676381 0.034247793 4.640004158 -0.004845283 0.937009871 0.003800196 0.349248528
1717651721.663530 0.458110690 0.034207191 4.639549732 -0.005232047 0.941945970 0.002920616 0.335711002
1717651721.682824 0.457748801 0.034399062 4.640321255 -0.005642178 0.946699142 0.002311013 0.322061509
1717651721.697845 0.457913518 0.034418631 4.640186787 -0.006361816 0.951398194 0.002580492 0.307886869
1717651721.706579 0.457838804 0.034446392 4.640185356 -0.005565046 0.955996692 0.003396933 0.293304920
1717651721.725501 0.457721114 0.034428157 4.640303135 -0.006224630 0.960483611 0.003152729 0.278249145
1717651721.741921 0.457664728 0.034409370 4.640407562 -0.003845260 0.964928746 0.003865079 0.262455344
1717651721.760228 0.457714468 0.034385227 4.640343666 -0.003295249 0.969111919 0.003324558 0.246576846
1717651721.777588 0.457603574 0.034408472 4.640484810 -0.004382606 0.973202050 0.002445562 0.229896888
1717651721.791669 0.457684964 0.034407504 4.640405178 -0.002800266 0.977100313 0.001819983 0.212752894
1717651721.809675 0.457702070 0.034410808 4.640367985 -0.001320876 0.980606258 0.000379789 0.195983425
1717651721.826333 0.457708985 0.034416173 4.640376091 -0.001278182 0.983887613 -0.000238966 0.178783447
1717651721.843962 0.457705438 0.034406863 4.640403271 -0.000218332 0.986845672 -0.000516945 0.161664262
1717651721.864215 0.457716912 0.034402877 4.640406132 0.001125992 0.989526629 -0.000777427 0.144343898
1717651721.876223 0.457729757 0.034407180 4.640414238 -0.000239062 0.991957247 -0.001334428 0.126566157
1717651721.896087 0.457738966 0.034403712 4.640414238 0.001233350 0.994032681 -0.000296429 0.109075285
1717651721.909035 0.457736075 0.034406509 4.640411854 0.001855822 0.995841444 -0.000574951 0.091082148
1717651721.926056 0.457740784 0.034405034 4.640412331 0.004683983 0.997236013 -0.000044208 0.074150845
1717651721.943150 0.457745671 0.034404680 4.640412331 0.004820146 0.998415470 0.000177642 0.056064535
1717651721.958407 0.457756549 0.034405094 4.640416145 0.003971172 0.999251842 0.000265415 0.038469765
1717651721.982202 0.457759053 0.034404125 4.640411377 0.003432229 0.999745846 0.001292624 0.022243671
1717651721.997178 0.457764953 0.034400623 4.640410423 0.004990004 0.999967217 0.003100625 0.005570375
1717651722.011942 0.457773149 0.034400079 4.640413284 0.006458751 0.999888837 0.004521814 -0.012655047
1717651722.025748 0.457777917 0.034398060 4.640409946 0.006914214 0.999525189 0.005800721 -0.029460013
1717651722.044088 0.457788855 0.034396436 4.640409470 0.007726897 0.998787642 0.006687704 -0.048153657
1717651722.061335 0.457791656 0.034401711 4.640405655 0.005919279 0.997820377 0.004945056 -0.065536782
1717651722.081814 0.457795590 0.034401163 4.640405178 0.005840390 0.996604145 0.004022370 -0.082036279
1717651722.099147 0.457803726 0.034401782 4.640405178 0.005765598 0.994964004 0.003856852 -0.099992707
1717651722.113133 0.457806081 0.034402598 4.640401363 0.006615117 0.993274033 0.003864838 -0.115533367
1717651722.128672 0.457818955 0.034397438 4.640399456 0.007545615 0.990810633 0.006075270 -0.134909078
1717651722.149359 0.457827479 0.034395941 4.640398979 0.008115167 0.988412499 0.006411099 -0.151438817
1717651722.159185 0.457827121 0.034397598 4.640394211 0.010226620 0.986444235 0.005217240 -0.163694859
1717651722.183618 0.457822204 0.034396622 4.640395164 0.009397656 0.985021532 0.006163992 -0.172064513
1717651722.198338 0.457821965 0.034397207 4.640397072 0.009433001 0.983918667 0.006188565 -0.178260252
1717651722.212795 0.457821518 0.034396384 4.640393734 0.010939375 0.983290374 0.006087038 -0.181612968
1717651722.227575 0.457821161 0.034396589 4.640393734 0.009879608 0.983303905 0.006244189 -0.181595296
1717651722.244881 0.457821786 0.034396719 4.640393734 0.013218407 0.983400047 0.005974557 -0.180869713
1717651722.261891 0.457821608 0.034397077 4.640393734 0.013024617 0.983798862 0.005856404 -0.178705990
1717651722.280080 0.457821906 0.034396935 4.640394688 0.012990634 0.984203935 0.005184076 -0.176485121
1717651722.296198 0.457821935 0.034396809 4.640392780 0.012733642 0.984431386 0.004709617 -0.175243989
1717651722.310452 0.457821846 0.034396838 4.640393257 0.012559469 0.984655976 0.002446048 -0.174036890
1717651722.329036 0.457822353 0.034396805 4.640393734 0.012644200 0.984740674 0.002167711 -0.173554718
1717651722.346024 0.457822174 0.034396797 4.640393257 0.012275875 0.984780252 0.002441764 -0.173352808
1717651722.364293 0.457822293 0.034396764 4.640393257 0.011921109 0.984744251 0.002021067 -0.173587307
1717651722.378944 0.457822114 0.034396779 4.640393257 0.011847783 0.984677076 0.002270328 -0.173970014
1717651722.396626 0.457822174 0.034396786 4.640393257 0.011653255 0.984593451 0.001869182 -0.174460307
1717651722.419326 0.457821995 0.034396727 4.640392780 0.012305269 0.984505951 0.001925656 -0.174908131
1717651722.429025 0.457820952 0.034396853 4.640388966 0.012366366 0.984406829 0.002575226 -0.175452784
1717651722.449238 0.457820922 0.034396857 4.640388966 0.012402184 0.984401941 0.003036005 -0.175470203
1717651722.467134 0.457820743 0.034396857 4.640388489 0.012439225 0.984397888 0.003499528 -0.175481841
1717651722.483971 0.457820565 0.034396820 4.640388012 0.012259143 0.984353721 0.003630668 -0.175739169
1717651722.503297 0.457819909 0.034396674 4.640384674 0.012262168 0.984306931 0.004045399 -0.175991938
1717651722.519506 0.457819641 0.034396779 4.640385151 0.012459849 0.984266520 0.003689511 -0.176211610
1717651722.529074 0.457819343 0.034396712 4.640384674 0.012157099 0.984251916 0.004206922 -0.176303044
1717651722.549448 0.457819492 0.034396641 4.640384197 0.012166377 0.984266639 0.004392983 -0.176215366
1717651722.568191 0.457817882 0.034396879 4.640379906 0.012292956 0.984222531 0.004191843 -0.176457837
1717651722.580928 0.457818031 0.034396969 4.640379429 0.012242891 0.984261811 0.003651969 -0.176253870
1717651722.597618 0.457817703 0.034396853 4.640377998 0.012464675 0.984200597 0.003333050 -0.176586196
1717651722.612935 0.457817674 0.034396876 4.640377998 0.012846828 0.984228313 0.003065842 -0.176409319
1717651722.630525 0.457817167 0.034397069 4.640377522 0.013224605 0.984255016 0.002818409 -0.176236272
1717651722.647468 0.457815647 0.034396786 4.640373707 0.012694675 0.984262466 0.003548823 -0.176220462
1717651722.672105 0.457815766 0.034396790 4.640373707 0.012836893 0.984222412 0.003427092 -0.176436231
1717651722.682853 0.457815588 0.034396991 4.640372276 0.012760609 0.984217227 0.003316352 -0.176472574
1717651722.700117 0.457815081 0.034396980 4.640371323 0.013079560 0.984216690 0.003732921 -0.176443949
1717651722.714401 0.457814962 0.034396965 4.640370846 0.012609448 0.984171808 0.003621641 -0.176730677
1717651722.730856 0.457813799 0.034397349 4.640367508 0.012851293 0.984177828 0.003476881 -0.176682726
1717651722.754876 0.457813293 0.034397334 4.640366077 0.012499314 0.984161496 0.003843693 -0.176791281
1717651722.774828 0.457812726 0.034397550 4.640364170 0.012691959 0.984154046 0.003707399 -0.176821873
1717651722.792263 0.457811952 0.034397531 4.640362740 0.012534566 0.984197497 0.004060574 -0.176583394
1717651722.803123 0.457811415 0.034397520 4.640361786 0.012181737 0.984172463 0.004170150 -0.176744848
1717651722.820074 0.457811058 0.034397647 4.640361309 0.012264970 0.984184504 0.004757528 -0.176657364
1717651722.836627 0.457810432 0.034398250 4.640359879 0.012436526 0.984245479 0.005162879 -0.176293775
1717651722.852665 0.457810253 0.034398440 4.640357494 0.012341972 0.984199524 0.005964155 -0.176531672
1717651722.865495 0.457809657 0.034397937 4.640355587 0.012512270 0.984237552 0.006686789 -0.176281512
1717651722.888893 0.457809180 0.034397945 4.640353680 0.012985945 0.984232783 0.006627356 -0.176276162
1717651722.899812 0.457809150 0.034397665 4.640353680 0.013084814 0.984265685 0.006494076 -0.176089853
1717651722.914031 0.457808375 0.034398064 4.640352249 0.013622871 0.984300852 0.005859089 -0.175874814
1717651722.930930 0.457807899 0.034398008 4.640349865 0.012985871 0.984232664 0.006419622 -0.176284611
1717651722.949268 0.457807064 0.034398187 4.640348911 0.013384104 0.984271407 0.006672304 -0.176028714
1717651722.967101 0.457807243 0.034397721 4.640347958 0.013094557 0.984233737 0.007087184 -0.176244766
1717651722.984613 0.457806945 0.034398019 4.640346527 0.012700965 0.984178782 0.006523260 -0.176601961
1717651722.999485 0.457806379 0.034398012 4.640345573 0.012019693 0.984181464 0.007228262 -0.176607415
1717651723.020667 0.457805693 0.034398191 4.640342236 0.011365207 0.984188616 0.007878589 -0.176582903
1717651723.035507 0.457805306 0.034398008 4.640340805 0.011793291 0.984202445 0.008562225 -0.176445946
1717651723.051211 0.457805306 0.034398042 4.640341282 0.010547109 0.984309852 0.008909073 -0.175907597
1717651723.074789 0.457804233 0.034398437 4.640338421 0.010371595 0.984335065 0.007929699 -0.175823703
1717651723.094692 0.457803845 0.034397773 4.640336514 0.009654784 0.984316230 0.006982296 -0.176010057
1717651723.109084 0.457803041 0.034397814 4.640335083 0.009457389 0.984338880 0.005709413 -0.175940126
1717651723.123252 0.457802802 0.034397848 4.640333176 0.008861430 0.984258831 0.005342894 -0.176429674
1717651723.137860 0.457801878 0.034397922 4.640330791 0.008596569 0.984259188 0.005189977 -0.176445618
1717651723.152081 0.457801074 0.034397934 4.640329361 0.008300336 0.984267950 0.004999767 -0.176416188
1717651723.175515 0.457801998 0.034397960 4.640330315 0.008481137 0.984310865 0.005252007 -0.176160783
1717651723.188701 0.457801193 0.034398440 4.640329361 0.009092905 0.984380126 0.005232941 -0.175743312
1717651723.205111 0.457800627 0.034398180 4.640326023 0.008906382 0.984423995 0.005682846 -0.175492913
1717651723.222544 0.457799405 0.034398109 4.640324116 0.009091171 0.984486461 0.006418129 -0.175107270
1717651723.235728 0.457798690 0.034398094 4.640323162 0.008233999 0.984467089 0.005982891 -0.175273880
1717651723.251783 0.457798004 0.034398317 4.640320301 0.008040218 0.984423757 0.005770018 -0.175533429
1717651723.269425 0.457798600 0.034397904 4.640320778 0.007151064 0.984402180 0.006472638 -0.175668240
1717651723.285819 0.457798421 0.034398265 4.640319824 0.007445649 0.984398961 0.005794444 -0.175697833
1717651723.301796 0.457797498 0.034397855 4.640316486 0.007815115 0.984440744 0.006441875 -0.175424993
1717651723.324656 0.457796454 0.034397770 4.640314102 0.008252676 0.984476745 0.005424179 -0.175237253
1717651723.336327 0.457795978 0.034397740 4.640311718 0.008715595 0.984502077 0.004412805 -0.175100699
1717651723.362133 0.457795054 0.034397468 4.640309811 0.009128790 0.984525681 0.003378288 -0.174969628
1717651723.385279 0.457794338 0.034397464 4.640307903 0.008489712 0.984490573 0.002220061 -0.175217688
1717651723.386179 0.457794636 0.034397833 4.640310764 0.009190473 0.984503686 0.001518542 -0.175116256
1717651723.403131 0.457793564 0.034398362 4.640308857 0.009215088 0.984549701 0.001002462 -0.174859866
1717651723.426254 0.457793504 0.034398280 4.640306473 0.008366385 0.984390855 0.001857985 -0.175787270
1717651723.440012 0.457792342 0.034398239 4.640304089 0.008115190 0.984439015 0.003330130 -0.175507382
1717651723.460792 0.457791626 0.034398504 4.640302181 0.007878881 0.984487176 0.004161797 -0.175230011
1717651723.474208 0.457790792 0.034398369 4.640298843 0.007563522 0.984475851 0.004759796 -0.175292417
1717651723.490353 0.457791060 0.034397803 4.640299797 0.007324649 0.984460890 0.004050191 -0.175404176
1717651723.508097 0.457790673 0.034398314 4.640298367 0.007126227 0.984438837 0.002568708 -0.175564215
1717651723.525314 0.457789809 0.034398057 4.640295029 0.006490668 0.984417260 0.002238197 -0.175714314
1717651723.539685 0.457789063 0.034397561 4.640294075 0.005977295 0.984445512 0.001413992 -0.175582722
1717651723.553763 0.457788438 0.034397688 4.640291691 0.005629846 0.984489799 0.001014651 -0.175348282
1717651723.575469 0.457788318 0.034397397 4.640290260 0.005572645 0.984470546 0.000409860 -0.175460786
1717651723.587621 0.457787246 0.034397677 4.640288830 0.005914340 0.984504104 -0.000798443 -0.175259799
1717651723.605506 0.457786947 0.034397475 4.640287399 0.005787537 0.984504819 -0.000504351 -0.175261259
1717651723.623656 0.457786053 0.034397479 4.640285969 0.006467376 0.984551787 -0.001121223 -0.174970627
1717651723.638885 0.457784712 0.034397300 4.640282154 0.007260837 0.984527588 -0.000809671 -0.175077096
1717651723.654855 0.457784295 0.034396868 4.640280247 0.007182619 0.984473825 -0.001906797 -0.175374150
1717651723.680015 0.457783997 0.034397777 4.640281200 0.008004729 0.984517753 -0.003216845 -0.175072387
1717651723.688750 0.457782894 0.034398600 4.640278816 0.008268837 0.984566808 -0.003033642 -0.174787283
1717651723.709435 0.457782328 0.034398887 4.640277386 0.008510030 0.984592974 -0.001257332 -0.174650133
1717651723.722587 0.457781136 0.034398619 4.640274048 0.008521734 0.984657288 0.001232262 -0.174286947
1717651723.737717 0.457780480 0.034398321 4.640270710 0.007690474 0.984594524 0.001812474 -0.174674630
1717651723.756095 0.457780063 0.034398515 4.640268326 0.008272845 0.984578252 0.000644871 -0.174747691
1717651723.774963 0.457779855 0.034398340 4.640268326 0.008465354 0.984557986 -0.000146180 -0.174853787
1717651723.792282 0.457779735 0.034398824 4.640266895 0.009519720 0.984565139 0.000781899 -0.174757659
1717651723.809736 0.457778424 0.034398902 4.640264511 0.010635491 0.984671772 0.002472196 -0.174075618
1717651723.828800 0.457777709 0.034398668 4.640261173 0.011102480 0.984643877 0.003814889 -0.174179897
1717651723.841863 0.457776129 0.034398146 4.640258312 0.010895020 0.984630108 0.003745740 -0.174272269
1717651723.861555 0.457775235 0.034397896 4.640255928 0.010933626 0.984520495 0.002131615 -0.174915045
1717651723.876947 0.457774699 0.034397744 4.640254498 0.011096087 0.984447002 0.001338852 -0.175326124
1717651723.893461 0.457773477 0.034398876 4.640252113 0.010895212 0.984380901 0.001014314 -0.175711334
1717651723.907705 0.457773924 0.034398779 4.640252113 0.010740807 0.984352767 0.001524024 -0.175874621
1717651723.926925 0.457772911 0.034398843 4.640249729 0.010459331 0.984231114 0.001573880 -0.176570892
1717651723.947223 0.457771540 0.034398038 4.640247345 0.010133905 0.984102309 0.001219898 -0.177308977
1717651723.961573 0.457770526 0.034398314 4.640245438 0.010224410 0.983854413 0.000763875 -0.178676605
1717651723.982168 0.457769364 0.034398444 4.640243530 0.010064630 0.983607829 0.000750784 -0.180038244
1717651723.994175 0.457768530 0.034399021 4.640240669 0.010204062 0.983282387 0.002030326 -0.181789681
1717651724.011542 0.457767665 0.034399122 4.640238285 0.009914987 0.983037174 0.003617193 -0.183102503
1717651724.024920 0.457766891 0.034399107 4.640234947 0.009041559 0.982743323 0.004441190 -0.184699893
1717651724.044365 0.457765639 0.034399394 4.640233994 0.009487621 0.982705116 0.004475998 -0.184879974
1717651724.069626 0.457765996 0.034399550 4.640234470 0.010000168 0.982587576 0.004278372 -0.185481310
1717651724.084957 0.457765609 0.034400091 4.640232086 0.009995402 0.982537508 0.005170699 -0.185723916
1717651724.097950 0.457764387 0.034399915 4.640229225 0.010381723 0.982625961 0.006576975 -0.185189709
1717651724.114592 0.457763910 0.034399185 4.640226841 0.010754391 0.982700765 0.006805560 -0.184762836
1717651724.129691 0.457762897 0.034399338 4.640223980 0.011000285 0.982825577 0.005372194 -0.184130386
1717651724.148416 0.457762152 0.034399487 4.640222549 0.010402055 0.982946396 0.004788062 -0.183535486
1717651724.165334 0.457760483 0.034399766 4.640219688 0.010770039 0.982973576 0.005579673 -0.183346227
1717651724.183131 0.457758427 0.034399942 4.640215397 0.010648191 0.983089387 0.006886885 -0.182686597
1717651724.198898 0.457759708 0.034400124 4.640216351 0.009885637 0.982953429 0.008216735 -0.183404848
1717651724.211555 0.457758963 0.034399837 4.640213966 0.008850917 0.982861638 0.009253836 -0.183899358
1717651724.225945 0.457758248 0.034399435 4.640210629 0.007696242 0.982762992 0.008909396 -0.184494659
1717651724.246287 0.457757324 0.034398887 4.640209198 0.007083611 0.982851923 0.007611610 -0.184103116
1717651724.260525 0.457756996 0.034398679 4.640207291 0.006997901 0.982836187 0.005976898 -0.184250742
1717651724.275874 0.457755476 0.034398902 4.640204430 0.007334831 0.982869208 0.004341926 -0.184107378
1717651724.295897 0.457754850 0.034399997 4.640202045 0.007597947 0.982913554 0.003398271 -0.183879569
1717651724.309790 0.457754225 0.034400079 4.640199661 0.007719987 0.982961059 0.004717976 -0.183590993
1717651724.325813 0.457753897 0.034399975 4.640199184 0.007146695 0.983011723 0.005895192 -0.183308765
1717651724.345017 0.457752705 0.034399800 4.640196323 0.006814513 0.982985616 0.006022602 -0.183457226
1717651724.364240 0.457751632 0.034399431 4.640193939 0.007054328 0.982998788 0.004971266 -0.183409214
1717651724.382056 0.457751065 0.034399357 4.640191555 0.007267115 0.983014226 0.003961847 -0.183342651
1717651724.395250 0.457750171 0.034398980 4.640188217 0.007467708 0.983034253 0.002950771 -0.183246270
1717651724.411241 0.457748830 0.034398843 4.640185833 0.007747198 0.983154714 0.001900244 -0.182601154
1717651724.435071 0.457747340 0.034399573 4.640182972 0.008588524 0.983194709 0.001027616 -0.182354972
1717651724.449413 0.457745761 0.034400024 4.640178680 0.008312511 0.983134806 0.001882879 -0.182683423
1717651724.465353 0.457746178 0.034400463 4.640179157 0.007812140 0.983148694 0.004088398 -0.182594761
1717651724.482594 0.457745403 0.034400798 4.640175819 0.008057103 0.983098686 0.005475482 -0.182816982
1717651724.501623 0.457744539 0.034400169 4.640172482 0.007081965 0.983035147 0.005991719 -0.183182359
1717651724.514556 0.457743824 0.034399908 4.640170574 0.006604510 0.983088315 0.005398036 -0.182933375
1717651724.531042 0.457742542 0.034399200 4.640166759 0.006390594 0.983099341 0.004744815 -0.182899743
1717651724.549263 0.457741946 0.034399327 4.640163422 0.006497768 0.983094752 0.002500665 -0.182965234
1717651724.567899 0.457740903 0.034400091 4.640161991 0.007061444 0.983147860 0.000627953 -0.182674795
1717651724.581041 0.457739145 0.034400120 4.640159130 0.007534915 0.983271122 0.001493173 -0.181985781
1717651724.596493 0.457738668 0.034399867 4.640156746 0.008124079 0.983265102 0.002529199 -0.181981802
1717651724.613893 0.457737684 0.034400314 4.640154362 0.008717314 0.983271301 0.001414766 -0.181932792
1717651724.628788 0.457736403 0.034401059 4.640151501 0.009156027 0.983282506 0.001834407 -0.181847006
1717651724.650945 0.457735300 0.034401324 4.640148640 0.009393813 0.983275115 0.004502765 -0.181828305
1717651724.671690 0.457734555 0.034400113 4.640145302 0.009798521 0.983150065 0.007403133 -0.182387382
1717651724.683707 0.457733303 0.034400154 4.640141964 0.009359307 0.983126462 0.006779946 -0.182561830
1717651724.700731 0.457732081 0.034400906 4.640139580 0.011138556 0.983102977 0.006665494 -0.182592675
1717651724.712764 0.457730085 0.034400616 4.640135765 0.012262487 0.983106315 0.008281939 -0.182436466
1717651724.728247 0.457728237 0.034400649 4.640133381 0.012258551 0.983021379 0.008663133 -0.182876140
1717651724.746843 0.457728237 0.034399807 4.640131474 0.012365742 0.982694805 0.008146948 -0.184639171
1717651724.764871 0.457726866 0.034400713 4.640128136 0.011216533 0.982385635 0.006735894 -0.186406210
1717651724.786858 0.457725197 0.034400228 4.640125275 0.011092323 0.982190192 0.006013456 -0.187465087
1717651724.801482 0.457724392 0.034401022 4.640122414 0.010832459 0.981782436 0.003721976 -0.189663023
1717651724.817915 0.457722932 0.034400903 4.640120506 0.011716663 0.981663764 0.003285064 -0.190231904
1717651724.832710 0.457721323 0.034401238 4.640116692 0.011348395 0.981484473 0.004127758 -0.191160545
1717651724.852625 0.457720101 0.034400534 4.640114307 0.011163775 0.981258988 0.005462298 -0.192292258
1717651724.872941 0.457719326 0.034400396 4.640111446 0.010405597 0.980920970 0.005295065 -0.194056079
1717651724.888857 0.457717627 0.034401432 4.640107632 0.010264393 0.980675042 0.004882746 -0.195313245
1717651724.903699 0.457717299 0.034402084 4.640105247 0.009268505 0.980360746 0.006770494 -0.196878448
1717651724.916527 0.457715631 0.034401257 4.640101910 0.011004530 0.980235517 0.008706496 -0.197335839
1717651724.932389 0.457714558 0.034400344 4.640099525 0.011173201 0.980023384 0.007749450 -0.198416933
1717651724.950843 0.457713246 0.034401413 4.640097141 0.009482925 0.979820549 0.004771248 -0.199596956
1717651724.967245 0.457711548 0.034402765 4.640094280 0.009142242 0.979683101 0.006022624 -0.200252905
1717651724.982686 0.457710743 0.034402233 4.640090466 0.008942091 0.979396939 0.009770060 -0.201509833
1717651725.007683 0.457709402 0.034401435 4.640087605 0.008659074 0.979349196 0.010121109 -0.201736882
1717651725.016261 0.457707942 0.034400903 4.640083313 0.007320457 0.979294896 0.008900957 -0.202110559
1717651725.032917 0.457708001 0.034400336 4.640079498 0.005794218 0.979141951 0.005740901 -0.203013703
1717651725.061213 0.457706451 0.034402296 4.640077114 0.006449386 0.979338408 0.001932525 -0.202116162
1717651725.072889 0.457704961 0.034402452 4.640073299 0.007117079 0.979584694 0.003425790 -0.200876504
1717651725.089836 0.457704186 0.034402646 4.640071869 0.005416181 0.979610384 0.005803545 -0.200749919
1717651725.102245 0.457702756 0.034402147 4.640068531 0.007739710 0.979784191 0.008459074 -0.199728474
1717651725.125057 0.457701474 0.034400526 4.640063763 0.008341218 0.979691148 0.009336708 -0.200121328
1717651725.137194 0.457700580 0.034399528 4.640061378 0.008497353 0.979673028 0.006635433 -0.200311050
1717651725.152746 0.457697690 0.034400240 4.640058994 0.008441702 0.979962766 0.002736449 -0.198982954
1717651725.169196 0.457696766 0.034402873 4.640057087 0.007928409 0.979912102 0.001166651 -0.199268773
1717651725.190721 0.457695454 0.034403346 4.640053272 0.008432433 0.979834557 0.005078678 -0.199567944
1717651725.206139 0.457694054 0.034402210 4.640048981 0.008540528 0.979692161 0.008509547 -0.200144738
1717651725.224652 0.457692742 0.034402512 4.640047073 0.007880474 0.979672074 0.009017127 -0.200247854
1717651725.235388 0.457691878 0.034399737 4.640043259 0.007252750 0.979464650 0.010506485 -0.201211393
1717651725.254385 0.457690746 0.034399342 4.640040398 0.007793604 0.979422569 0.004648945 -0.201616079
1717651725.278965 0.457689524 0.034401596 4.640037537 0.007224447 0.979387641 0.000365219 -0.201860055
1717651725.288799 0.457688421 0.034402210 4.640035152 0.006799011 0.979398787 0.000938493 -0.201818898
1717651725.306376 0.457686692 0.034403700 4.640032291 0.008142230 0.979422808 0.001983266 -0.201645002
1717651725.320479 0.457685620 0.034403004 4.640028000 0.008618667 0.979338646 0.005539445 -0.201967314
1717651725.335630 0.457684040 0.034402017 4.640023708 0.009512784 0.979292572 0.006699921 -0.202115387
1717651725.351919 0.457682669 0.034402542 4.640019894 0.009579669 0.979157925 0.005186948 -0.202808052
1717651725.370216 0.457680762 0.034402795 4.640017033 0.010815749 0.979116797 0.004906084 -0.202951327
1717651725.390064 0.457678795 0.034403041 4.640013218 0.010851560 0.979128838 0.004373429 -0.202903435
1717651725.405502 0.457677096 0.034401968 4.640010357 0.010599564 0.978983223 0.004376670 -0.203618005
1717651725.425561 0.457676083 0.034402017 4.640007019 0.010337811 0.978833020 0.004367777 -0.204352617
1717651725.436255 0.457675308 0.034401502 4.640004635 0.010063861 0.978679657 0.004415812 -0.205098391
1717651725.460102 0.457673728 0.034400236 4.640000343 0.009390747 0.978442788 0.003319578 -0.206277609
1717651725.473616 0.457673013 0.034401134 4.639997959 0.008764291 0.978446603 0.000941326 -0.206311807
1717651725.491489 0.457671583 0.034402173 4.639994144 0.007731830 0.978363454 0.000469841 -0.206748664
1717651725.506341 0.457670808 0.034402393 4.639990807 0.006722962 0.978216052 -0.000006328 -0.207480431
1717651725.526475 0.457667947 0.034403499 4.639985561 0.006980771 0.978323936 -0.001673661 -0.206956044
1717651725.538980 0.457666546 0.034404323 4.639982700 0.008592226 0.978441536 -0.001457084 -0.206340149
1717651725.556708 0.457664818 0.034402862 4.639979839 0.009260117 0.978540421 -0.000032930 -0.205846682
1717651725.576019 0.457662672 0.034401748 4.639975548 0.009925971 0.978634715 0.001373646 -0.205362380
1717651725.590530 0.457660824 0.034402922 4.639972687 0.009000315 0.978675127 -0.000529404 -0.205216259
1717651725.607301 0.457660407 0.034406360 4.639969349 0.007087518 0.978400052 0.000811721 -0.206597298
1717651725.623410 0.457659036 0.034402426 4.639966011 0.008586741 0.978402913 0.007619851 -0.206387952
1717651725.638176 0.457657099 0.034401424 4.639960766 0.006100081 0.978351414 0.005538595 -0.206786335
1717651725.663537 0.457655728 0.034401651 4.639957905 0.003644033 0.978319347 0.003356454 -0.207042754
1717651725.677118 0.457655579 0.034402344 4.639955521 0.002794520 0.978186846 0.001134054 -0.207705155
1717651725.690057 0.457653880 0.034405425 4.639950752 0.002717105 0.978165746 -0.000526655 -0.207807779
1717651725.706567 0.457651854 0.034406841 4.639947891 0.000644506 0.978261769 0.003940663 -0.207335368
1717651725.723341 0.457651168 0.034405049 4.639943123 0.002953900 0.978072464 0.009290284 -0.208036691
1717651725.738072 0.457649410 0.034404472 4.639939308 0.005864754 0.978041768 0.008945636 -0.208134204
1717651725.765511 0.457647532 0.034403536 4.639935493 0.007988498 0.978092372 0.008909441 -0.207827151
1717651725.780813 0.457645595 0.034404524 4.639933586 0.007320608 0.978258193 0.006282432 -0.207166269
1717651725.799538 0.457644641 0.034403741 4.639929295 0.007047878 0.977969170 0.007633215 -0.208490685
1717651725.809234 0.457643092 0.034404304 4.639925480 0.008092546 0.977988064 0.007283997 -0.208376601
1717651725.828715 0.457641304 0.034404367 4.639923096 0.006414633 0.977898479 0.008813087 -0.208795920
1717651725.840005 0.457639486 0.034401804 4.639917374 0.006329498 0.977650642 0.009742672 -0.209914953
1717651725.861423 0.457638979 0.034402139 4.639914036 0.005692994 0.977502286 0.005349645 -0.210779995
1717651725.873007 0.457637191 0.034403808 4.639910221 0.004865817 0.977351725 0.002412389 -0.211551651
1717651725.895579 0.457635820 0.034404673 4.639906406 0.003439762 0.977405488 0.002587525 -0.211328983
1717651725.908425 0.457634568 0.034406729 4.639902592 0.005090262 0.977348089 0.003501121 -0.211547852
1717651725.926380 0.457632154 0.034403998 4.639899731 0.005055296 0.977524757 0.009060933 -0.210565135
1717651725.940509 0.457630992 0.034404200 4.639894962 0.005688145 0.977261484 0.007564308 -0.211826533
1717651725.958510 0.457629859 0.034405146 4.639892101 0.007223046 0.977236152 0.006879093 -0.211919948
1717651725.979651 0.457625955 0.034402631 4.639887333 0.008626453 0.977492154 0.008922416 -0.210606411
1717651725.991667 0.457624555 0.034403238 4.639885902 0.007821097 0.977629662 0.006834628 -0.210077226
1717651726.010219 0.457623482 0.034404773 4.639881611 0.008234587 0.977351189 0.006965018 -0.211348802
1717651726.024618 0.457621843 0.034403663 4.639876366 0.008646049 0.977071345 0.007108435 -0.212617785
1717651726.041067 0.457620591 0.034404203 4.639873028 0.007237425 0.976906240 0.005040008 -0.213486224
1717651726.060104 0.457619190 0.034404267 4.639869213 0.006083516 0.976811945 0.006164055 -0.213923812
1717651726.087031 0.457617521 0.034403097 4.639865398 0.004933677 0.976715565 0.007281106 -0.214357957
1717651726.099102 0.457616180 0.034405321 4.639862537 0.003836193 0.976725936 0.003766243 -0.214423746
1717651726.109963 0.457613617 0.034406718 4.639857769 0.004655598 0.976681530 0.006640263 -0.214540020
1717651726.130150 0.457612514 0.034404658 4.639853001 0.006867831 0.976517379 0.011057565 -0.215045080
1717651726.151281 0.457610458 0.034405529 4.639849186 0.005667288 0.976516247 0.006623304 -0.215267301
1717651726.165744 0.457609415 0.034406796 4.639845371 0.003747861 0.976211607 0.006446438 -0.216691732
1717651726.181701 0.457607388 0.034404598 4.639840603 0.005215036 0.976249218 0.010633009 -0.216326490
1717651726.198454 0.457605630 0.034404799 4.639838696 0.003313092 0.976323724 0.007954572 -0.216142952
1717651726.213300 0.457604557 0.034404673 4.639833450 0.001979632 0.976088703 0.006300425 -0.217272460
1717651726.226837 0.457603335 0.034406211 4.639829636 0.001648684 0.976077735 0.003012034 -0.217394859
1717651726.244647 0.457600862 0.034407631 4.639827251 0.001017385 0.976415575 0.002915169 -0.215877563
1717651726.261521 0.457600117 0.034407482 4.639823914 0.000516903 0.976187408 0.006439600 -0.216832876
1717651726.278836 0.457597435 0.034405239 4.639818192 0.002450110 0.976165652 0.011099709 -0.216728970
1717651726.295558 0.457595944 0.034404904 4.639814854 0.002286695 0.975715816 0.008363724 -0.218868479
1717651726.310797 0.457593083 0.034405675 4.639811993 0.002771408 0.975776494 0.004646951 -0.218702823
1717651726.326970 0.457590938 0.034406807 4.639808178 0.002520076 0.975186527 0.004502137 -0.221324757
1717651726.344050 0.457589179 0.034408674 4.639803886 0.002240112 0.974596143 0.004343702 -0.223916203
1717651726.364246 0.457586080 0.034406543 4.639799595 0.003837098 0.974191427 0.009576841 -0.225487635
1717651726.381988 0.457585812 0.034404460 4.639795780 0.003631150 0.973114073 0.009064424 -0.230116591
1717651726.393072 0.457583308 0.034406122 4.639792919 0.004217913 0.972892642 0.002142912 -0.231208906
1717651726.409716 0.457581937 0.034407869 4.639789581 0.003371892 0.972500145 0.000685216 -0.232877001
1717651726.426530 0.457580030 0.034407746 4.639784336 0.004586348 0.971929133 0.005194444 -0.235171661
1717651726.454346 0.457580537 0.034410607 4.639778137 0.005405117 0.970672548 0.002224503 -0.240334481
1717651726.461298 0.457581192 0.034411419 4.639775276 0.004336501 0.969675660 0.000846003 -0.244355470
1717651726.483330 0.457574874 0.034406431 4.639772892 0.009235898 0.971404731 0.009545892 -0.237058014
1717651726.500431 0.457571000 0.034403671 4.639769077 0.012065824 0.972035289 0.010657990 -0.234282359
1717651726.514982 0.457569003 0.034407012 4.639766216 0.009430472 0.972221732 0.002783904 -0.233855054
1717651726.532065 0.457567751 0.034405842 4.639762878 0.010873821 0.971674025 0.007611977 -0.235952154
1717651726.550277 0.457565218 0.034407102 4.639756680 0.009649889 0.971684217 0.005631308 -0.236018822
1717651726.565388 0.457562327 0.034407541 4.639752865 0.010530096 0.972022653 0.004236806 -0.234612793
1717651726.580471 0.457559526 0.034409542 4.639748096 0.010030631 0.972080708 -0.000170458 -0.234432191
1717651726.598721 0.457559019 0.034408778 4.639744282 0.009127691 0.971484840 -0.000561505 -0.236925200
1717651726.611738 0.457557261 0.034409415 4.639740944 0.009886411 0.971575618 -0.000142060 -0.236522764
1717651726.627222 0.457554847 0.034409937 4.639736652 0.009340084 0.971603274 0.003440548 -0.236406371
1717651726.648664 0.457552463 0.034409180 4.639733315 0.011964377 0.971843779 0.005758136 -0.235251725
1717651726.668181 0.457549334 0.034409378 4.639729977 0.010624243 0.972414196 0.004694889 -0.232971475
1717651726.685640 0.457548320 0.034409702 4.639725208 0.009651758 0.971873164 0.005314799 -0.235247090
1717651726.702161 0.457546592 0.034411628 4.639721394 0.009534086 0.971690595 -0.000087625 -0.236064628
1717651726.715036 0.457544655 0.034410678 4.639717102 0.005937441 0.971701622 -0.000106856 -0.236137077
1717651726.732233 0.457542926 0.034410808 4.639714241 0.008941425 0.971671104 -0.001092969 -0.236165375
1717651726.745554 0.457540631 0.034409814 4.639712811 0.009838692 0.972488761 0.002434481 -0.232729137
1717651726.771677 0.457536727 0.034411386 4.639707088 0.010679075 0.972720325 0.004404247 -0.231693208
1717651726.787701 0.457536072 0.034412220 4.639702797 0.009272871 0.972456932 0.005183763 -0.232840389
1717651726.802709 0.457533538 0.034411538 4.639698505 0.008512612 0.972413421 0.006299953 -0.233023673
1717651726.821265 0.457531214 0.034410827 4.639695168 0.009717872 0.972670078 0.004779909 -0.231938854
1717651726.830067 0.457530409 0.034411196 4.639694691 0.010901640 0.972925365 0.003255771 -0.230839148
1717651726.850390 0.457526267 0.034411240 4.639685154 0.012143318 0.972550511 0.005534573 -0.232308745
1717651726.868928 0.457525700 0.034411781 4.639679909 0.008960363 0.971621156 0.003354336 -0.236348942
1717651726.885920 0.457525760 0.034411717 4.639677525 0.012588421 0.970670998 -0.000539791 -0.240081266
1717651726.900366 0.457527101 0.034412846 4.639673233 0.009205392 0.969714701 -0.000850583 -0.244065464
1717651726.919969 0.457528293 0.034412477 4.639671803 0.012633276 0.968502581 0.002678316 -0.248668477
1717651726.931284 0.457527101 0.034413163 4.639664650 0.013053291 0.967476606 0.002728857 -0.252608806
1717651726.952471 0.457527906 0.034413420 4.639660835 0.015674567 0.966060936 0.002456040 -0.257826507
1717651726.965461 0.457527429 0.034414288 4.639655113 0.016000291 0.964472890 0.002085634 -0.263688534
1717651726.984521 0.457530379 0.034415063 4.639652729 0.015750501 0.962402284 -0.002095383 -0.271162927
