1717651713.314778 0.000000000 0.000000000 0.000000000 -0.000000000 -0.000000000 -0.000000000 1.000000000
1717651713.328797 -0.000651707 0.000326446 0.005195265 -0.000088784 -0.000005591 -0.000429884 0.999999940
1717651713.342176 -0.000636351 0.000346058 0.009898055 -0.000026971 -0.000062318 -0.000099787 1.000000000
1717651713.369573 -0.001222406 -0.000204148 0.015747570 -0.000116220 0.000051478 0.000004058 1.000000000
1717651713.387885 -0.000379377 0.000395209 0.021989785 -0.000075516 0.000045193 0.000164666 1.000000000
1717651713.397715 -0.000813596 0.000067060 0.026401624 0.000031951 0.000113239 -0.000276012 1.000000000
1717651713.410522 -0.000710502 -0.000041293 0.030799927 -0.000026378 0.000191002 -0.000554379 0.999999821
1717651713.430728 -0.000143571 0.000897240 0.038068574 -0.000088178 0.000061696 -0.000305521 0.999999940
1717651713.442686 -0.000058906 0.000816443 0.042582586 -0.000430891 0.000091087 -0.000187546 0.999999881
1717651713.458755 -0.000427125 0.000969273 0.047421824 -0.000791197 0.000136957 -0.000746802 0.999999404
1717651713.481036 -0.000626880 0.000945862 0.054891486 -0.000909875 0.000080233 -0.000453070 0.999999523
1717651713.497492 -0.000751513 0.001421924 0.060921557 -0.001122205 0.000127064 -0.000624455 0.999999166
1717651713.507928 -0.000526051 0.001731591 0.065729626 -0.001263643 0.000042693 -0.000713107 0.999998987
1717651713.526504 -0.000090065 0.000496157 0.071904063 -0.001599816 -0.000098184 -0.000640924 0.999998510
1717651713.542834 0.000119650 0.000888150 0.078365028 -0.001307070 -0.000203936 -0.000450325 0.999999046
1717651713.565463 -0.000136007 0.000988549 0.084724322 -0.001384238 -0.000360785 -0.000696034 0.999998748
1717651713.578069 -0.000302275 0.000244428 0.090053365 -0.001120323 -0.000439573 -0.000843879 0.999998927
1717651713.597056 -0.000220351 0.000633958 0.096601114 -0.000537031 -0.000391456 -0.000753639 0.999999523
1717651713.609341 -0.000174242 -0.000434081 0.102434635 -0.000153348 -0.000389555 -0.001220798 0.999999166
1717651713.626390 0.000691382 0.000252438 0.106400520 0.000373955 -0.000821259 -0.001063957 0.999999046
1717651713.652669 0.000818411 0.000311854 0.112634085 0.000542410 -0.000950158 -0.001107193 0.999998808
1717651713.658503 0.000191844 0.001229588 0.118558533 0.000509456 -0.000936715 -0.001357135 0.999998510
1717651713.678250 -0.000056933 0.000558372 0.125028580 0.000234071 -0.001031295 -0.001182029 0.999998808
1717651713.697900 0.000866088 0.000558445 0.130057946 0.000247376 -0.001233312 -0.000952578 0.999998748
1717651713.714105 0.001528888 0.001213532 0.135597080 0.000227073 -0.001390540 -0.000731142 0.999998748
1717651713.728606 -0.001136001 0.001603582 0.145015821 -0.000102597 -0.000924432 -0.001100248 0.999998987
1717651713.747069 -0.001192459 0.001103313 0.152242184 -0.000677407 -0.000960038 -0.001056772 0.999998808
1717651713.762516 0.000761228 -0.000581955 0.158604458 -0.000607515 -0.001372253 -0.000819199 0.999998569
1717651713.779217 0.001080405 0.000487828 0.165328026 0.000104508 -0.001302114 -0.000763378 0.999998868
1717651713.797728 0.001532738 -0.000190494 0.171903238 0.000821335 -0.001372770 -0.000312946 0.999998689
1717651713.809904 0.001843576 0.000639691 0.177229464 0.001251795 -0.001512897 0.000074651 0.999998152
1717651713.826765 0.000386308 -0.000543522 0.183938622 0.001366920 -0.001365444 0.000019558 0.999998212
1717651713.846131 0.001659846 0.000093250 0.187754184 0.001851730 -0.001792616 0.000330282 0.999996662
1717651713.862314 0.000362845 0.000389131 0.195029110 0.001424396 -0.001670148 0.000357478 0.999997556
1717651713.880431 0.000889829 0.000712193 0.200167224 0.001164558 -0.001721109 0.000559960 0.999997675
1717651713.898190 0.001350713 0.001751838 0.209011227 0.000775462 -0.001674416 0.000438412 0.999998271
1717651713.911108 0.001941574 0.001088889 0.216053143 0.000476784 -0.001528911 0.000419275 0.999998689
1717651713.926614 0.001393705 0.001099623 0.223648474 0.000479192 -0.001368315 0.000419465 0.999998927
1717651713.947373 0.000675226 0.002387733 0.230658889 0.000562568 -0.001101967 0.000078647 0.999999285
1717651713.961907 0.000097767 0.003773642 0.238714114 0.000679140 -0.001099890 -0.000130643 0.999999225
1717651713.979409 0.001716869 0.004058815 0.245263040 0.000579980 -0.001661513 0.000463855 0.999998391
1717651714.000310 0.000498857 0.003429006 0.252091378 0.000308753 -0.001654711 0.000516122 0.999998510
1717651714.012854 -0.000209287 0.005014218 0.258932382 0.000054301 -0.001661861 0.000479033 0.999998569
1717651714.035105 0.000722822 0.005878164 0.267155051 -0.000404246 -0.001895308 0.000639648 0.999997914
1717651714.050775 0.001806987 0.005956830 0.273679405 -0.000473242 -0.002095563 0.000953906 0.999997258
1717651714.066688 0.001503199 0.006145555 0.280609250 -0.000789178 -0.002056462 0.001349595 0.999996722
1717651714.083835 0.001745329 0.006024892 0.287285417 -0.001361408 -0.001955809 0.000903619 0.999996781
1717651714.100534 0.002479843 0.006641100 0.296634734 -0.001644042 -0.001776936 0.001593466 0.999995887
1717651714.113045 0.002573736 0.006302335 0.302512467 -0.002007851 -0.001725970 0.001261147 0.999995708
1717651714.129623 0.002831413 0.006023535 0.309294671 -0.002449306 -0.001566944 0.001806190 0.999994159
1717651714.151454 0.002364442 0.006939343 0.317077309 -0.002415793 -0.001371537 0.001962117 0.999994218
1717651714.165919 0.001584807 0.005645303 0.326007426 -0.002817324 -0.001132682 0.001536941 0.999994218
1717651714.185894 0.001439314 0.005770977 0.332764477 -0.002825353 -0.001129709 0.001939924 0.999993563
1717651714.196871 0.002380153 0.006033688 0.339491338 -0.002838144 -0.001268350 0.001903424 0.999993384
1717651714.214798 0.002555584 0.005994048 0.346534342 -0.002890898 -0.001231643 0.002132043 0.999992847
1717651714.230053 0.002964999 0.006932172 0.354751527 -0.002632176 -0.001185275 0.002591027 0.999992549
1717651714.250015 0.002977825 0.008016967 0.363261878 -0.002585555 -0.000961418 0.002760825 0.999992371
1717651714.266742 0.003545082 0.007428028 0.369745821 -0.003025840 -0.000880575 0.002613047 0.999991655
1717651714.281686 0.003076821 0.006276051 0.376130998 -0.003324232 -0.000734453 0.002529713 0.999991059
1717651714.297982 0.002201090 0.008014166 0.386087209 -0.003125546 -0.000451588 0.002372181 0.999992251
1717651714.314412 0.002470800 0.007372997 0.393258989 -0.003661454 -0.000530918 0.002098023 0.999990940
1717651714.331287 0.003334973 0.004899428 0.400191516 -0.003790817 -0.000701142 0.002084121 0.999990404
1717651714.353430 0.001890920 0.005542386 0.408787727 -0.002720603 -0.000580354 0.002401910 0.999993265
1717651714.372617 0.003157109 0.005201384 0.417491317 -0.002367705 -0.000763478 0.002694248 0.999993265
1717651714.385493 0.001888759 0.004892966 0.423822522 -0.001939909 -0.000555382 0.002486655 0.999994874
1717651714.403776 0.002557991 0.006145888 0.431179225 -0.001542293 -0.000611827 0.003518468 0.999992430
1717651714.420266 0.003240847 0.005465345 0.438567102 -0.001935261 -0.000783638 0.003788570 0.999990642
1717651714.435753 0.002754348 0.005907441 0.448013484 -0.002305842 -0.000589422 0.003596131 0.999990702
1717651714.448663 0.002830377 0.006926657 0.453772336 -0.002771006 -0.000587389 0.003940733 0.999988258
1717651714.467730 0.002749610 0.006624467 0.463095009 -0.003319410 -0.000524931 0.003683164 0.999987602
1717651714.485549 0.004382983 0.005911464 0.472565055 -0.002997496 -0.000512460 0.003897626 0.999987841
1717651714.499656 0.003957284 0.005278855 0.478965759 -0.002637456 -0.000328556 0.004139851 0.999987900
1717651714.517684 0.004397544 0.005053146 0.487940073 -0.002053472 -0.000201927 0.004168222 0.999989212
1717651714.531939 0.004525625 0.006265886 0.495529830 -0.001779901 -0.000139195 0.004573514 0.999988019
1717651714.549386 0.004123434 0.005246916 0.505993128 -0.002270600 0.000052051 0.004513243 0.999987245
1717651714.568369 0.005205413 0.006893774 0.516250610 -0.001923870 0.000074295 0.005396433 0.999983609
1717651714.586875 0.006794807 0.005270820 0.522618294 -0.001894351 -0.000079706 0.006429236 0.999977589
1717651714.599679 0.006791901 0.006144740 0.531613827 -0.000857057 0.000169393 0.006643551 0.999977589
1717651714.618222 0.006839508 0.006641957 0.539308846 -0.000687448 0.000378140 0.006148600 0.999980867
1717651714.640452 0.007267723 0.009419191 0.550223231 -0.001241961 0.000617268 0.005784065 0.999982357
1717651714.650968 0.006535068 0.008688093 0.559412181 -0.002212427 0.000881508 0.005151167 0.999983966
1717651714.670089 0.006374859 0.008334349 0.569397271 -0.002527313 0.000930929 0.004234573 0.999987423
1717651714.690909 0.006591742 0.008477784 0.576832116 -0.002934217 0.000818072 0.003583616 0.999988973
1717651714.704154 0.006110201 0.009044942 0.586866736 -0.003395657 0.000758566 0.003349404 0.999988377
1717651714.722832 0.005545202 0.008863132 0.596510649 -0.003705613 0.000744545 0.003416443 0.999987066
1717651714.737827 0.005933816 0.008209596 0.606976807 -0.003762840 0.000689306 0.003271693 0.999987364
1717651714.754325 0.007008121 0.006399875 0.617327750 -0.003393826 0.000690443 0.003179818 0.999989033
1717651714.770845 0.006774257 0.006431621 0.624810874 -0.002396210 0.000879032 0.002630196 0.999993324
1717651714.790217 0.006804576 0.005774590 0.635886610 -0.001484467 0.001071366 0.002472857 0.999995291
1717651714.803594 0.007019849 0.005868251 0.643719137 -0.000698385 0.001047803 0.002449658 0.999996245
1717651714.823054 0.005412067 0.006357212 0.652684927 -0.000436958 0.001286496 0.001425201 0.999998093
1717651714.835284 0.005381482 0.007669797 0.664218366 -0.000208711 0.001149200 0.000993312 0.999998868
1717651714.854177 0.004517487 0.005930055 0.673082173 -0.000250659 0.001167409 0.000632821 0.999999106
1717651714.873857 0.005286118 0.005371088 0.682479262 -0.000031293 0.000903890 0.000975137 0.999999166
1717651714.891206 0.005738124 0.007010107 0.692506254 0.000137841 0.000965542 0.000633293 0.999999344
1717651714.906347 0.005959898 0.007699004 0.703192174 -0.000401928 0.001035093 0.000937451 0.999998987
1717651714.922949 0.006981215 0.008560655 0.713542998 -0.000945284 0.000962871 0.000970302 0.999998629
1717651714.935675 0.005975829 0.006512846 0.725407660 -0.001541726 0.001215190 0.000590195 0.999997973
1717651714.958144 0.007423162 0.005894091 0.732942164 -0.001070706 0.000909130 0.001069634 0.999998510
1717651714.975568 0.006523801 0.006524201 0.743856490 -0.000409691 0.001100435 0.000784070 0.999999046
1717651714.992076 0.006647671 0.004148518 0.755031466 0.000070397 0.001062999 0.000609078 0.999999285
1717651715.006942 0.006815967 0.005045465 0.765271306 0.001432071 0.001154748 0.000827419 0.999997973
1717651715.025063 0.007051426 0.004767540 0.775455058 0.001927466 0.001147444 0.000667953 0.999997258
1717651715.039536 0.007235938 0.006821381 0.786167264 0.002892917 0.001188650 0.000491835 0.999994993
1717651715.061947 0.007244429 0.006606512 0.794930279 0.002622115 0.001204933 0.000494991 0.999995768
1717651715.076436 0.006957513 0.006002085 0.805318773 0.001868510 0.001104430 0.000100526 0.999997675
1717651715.094793 0.007498994 0.005927364 0.816622376 0.001552000 0.001000700 0.000196091 0.999998271
1717651715.107168 0.008178950 0.005356628 0.826558530 0.001175058 0.000801723 -0.000145077 0.999999046
1717651715.125859 0.008493519 0.006363407 0.837550163 0.001202554 0.000805881 0.000023865 0.999998987
1717651715.138309 0.007774614 0.006780527 0.848318458 0.001110121 0.001062401 -0.000334703 0.999998748
1717651715.158605 0.007692693 0.008069329 0.859364986 0.001100700 0.001089919 -0.000341085 0.999998808
1717651715.181849 0.007964217 0.007146423 0.870220721 -0.000132439 0.000896335 -0.000183196 0.999999583
1717651715.191469 0.007534276 0.006212212 0.884127378 -0.000647685 0.000829065 -0.000529123 0.999999344
1717651715.206436 0.006725639 0.005067611 0.897636533 -0.000708390 0.000699562 -0.001283578 0.999998748
1717651715.222547 0.007540441 0.001807704 0.906987667 0.000556630 0.000372194 -0.001373284 0.999998868
1717651715.238775 0.006553063 0.003301816 0.919340253 0.002576193 0.000447224 -0.001270584 0.999995828
1717651715.261795 0.005831064 0.006048393 0.931197643 0.003426475 0.000447866 -0.000801750 0.999993742
1717651715.278182 0.007217838 0.007113543 0.941910148 0.002318271 0.000064221 -0.000807831 0.999997020
1717651715.298505 0.007602290 0.007801597 0.954791963 0.001196722 -0.000240965 -0.000990585 0.999998808
1717651715.307897 0.005888366 0.004661272 0.968675852 0.000706001 0.000169393 -0.001346592 0.999998927
1717651715.326085 0.006097256 0.002452699 0.980745554 0.002074935 0.000139210 -0.001297252 0.999997079
1717651715.338955 0.006802309 0.002616131 0.994466543 0.003893206 -0.000012243 -0.000633166 0.999992251
1717651715.360919 0.007494010 0.006069297 1.004320502 0.005029356 -0.000076277 0.000277919 0.999987364
1717651715.377568 0.005918237 0.009534131 1.016797543 0.003687211 -0.000049517 0.000295390 0.999993145
1717651715.393584 0.006392844 0.005103359 1.030124068 0.001756895 -0.000226971 -0.000047128 0.999998510
1717651715.409145 0.007558851 0.006099500 1.043787599 0.001818229 -0.000480982 0.000071030 0.999998212
1717651715.426037 0.007359431 0.005891395 1.055555582 0.002252534 -0.000747576 0.000807440 0.999996901
1717651715.441075 0.008758853 0.006371397 1.068053246 0.002369374 -0.001233387 0.000749422 0.999996126
1717651715.458401 0.006745649 0.008744294 1.081287742 0.001848649 -0.001132539 0.001464648 0.999996603
1717651715.473681 0.009558530 0.010801106 1.094745040 0.000668783 -0.001545729 0.001951743 0.999996722
1717651715.495644 0.009250706 0.010557049 1.110751033 -0.000650270 -0.001389991 0.002188639 0.999996483
1717651715.507275 0.010073543 0.010631718 1.123839021 -0.001347724 -0.001134888 0.002268467 0.999995947
1717651715.526227 0.010965296 0.009749848 1.139489889 -0.001338700 -0.001212348 0.003402549 0.999992609
1717651715.541221 0.010908528 0.009991716 1.151825309 -0.000919297 -0.000930317 0.003175251 0.999994159
1717651715.558952 0.011044160 0.009227205 1.164706469 -0.001102800 -0.001013602 0.003990440 0.999990940
1717651715.577023 0.010244674 0.011624932 1.180698991 -0.001002165 -0.000854282 0.003379252 0.999993443
1717651715.590389 0.010680469 0.012303168 1.193927765 -0.001943970 -0.001239646 0.003357536 0.999991715
1717651715.608036 0.011156104 0.012426648 1.209910512 -0.003071139 -0.001456404 0.003107049 0.999989390
1717651715.623662 0.011623683 0.009429561 1.224436164 -0.003199292 -0.001527189 0.003589972 0.999987304
1717651715.640566 0.011751366 0.010072241 1.238573074 -0.001920852 -0.001579972 0.003991487 0.999988973
1717651715.658771 0.010649116 0.010977410 1.253271341 -0.001357220 -0.001404928 0.004225949 0.999989212
1717651715.678883 0.012557300 0.014921731 1.267161846 -0.001745055 -0.001586900 0.004234070 0.999988258
1717651715.697383 0.012790018 0.013992652 1.283483863 -0.003556875 -0.001803973 0.004536805 0.999981821
1717651715.712218 0.012745853 0.011423517 1.298649549 -0.004393301 -0.001380213 0.004855592 0.999977648
1717651715.728177 0.014084863 0.011662902 1.312035561 -0.004077922 -0.001419314 0.005535282 0.999975383
1717651715.746709 0.013463994 0.010551714 1.328867197 -0.003757133 -0.001076018 0.006511306 0.999971211
1717651715.758893 0.015013889 0.010252575 1.342645288 -0.002608317 -0.001005321 0.006979152 0.999971747
1717651715.781257 0.015645746 0.015887465 1.354721665 -0.002505131 -0.000832252 0.006511489 0.999975383
1717651715.797683 0.014326621 0.016266866 1.372943759 -0.005523393 -0.000558057 0.005849121 0.999967575
1717651715.810822 0.013287718 0.015393970 1.389185190 -0.006974931 -0.000151074 0.005105524 0.999962687
1717651715.826937 0.013631415 0.016464725 1.404316187 -0.008087873 -0.000215352 0.005155517 0.999954045
1717651715.845465 0.013649493 0.010091161 1.418625355 -0.009038655 -0.000278516 0.003930261 0.999951422
1717651715.861304 0.013827361 0.012183789 1.434340239 -0.006827438 0.000099290 0.003011048 0.999972165
1717651715.877562 0.013282334 0.011800827 1.449370265 -0.005579390 0.000134094 0.002583091 0.999981165
1717651715.895304 0.013556398 0.011792521 1.464900851 -0.004433566 0.000070159 0.002384139 0.999987364
1717651715.910532 0.012560923 0.013540035 1.480026484 -0.003274306 0.000055107 0.002932293 0.999990344
1717651715.927116 0.013766963 0.015516009 1.494013548 -0.003582760 -0.000542512 0.002978152 0.999989033
1717651715.946100 0.013496864 0.016939923 1.509833813 -0.004665771 -0.000522131 0.002466158 0.999985933
1717651715.962959 0.013495667 0.016623899 1.524339199 -0.005967024 -0.000556259 0.002424862 0.999979138
1717651715.978715 0.013349440 0.012605605 1.542760611 -0.006921373 -0.000413137 0.002533214 0.999972820
1717651715.996540 0.013199848 0.011116897 1.559434533 -0.005310052 -0.000268015 0.002589046 0.999982536
1717651716.010484 0.012841311 0.009249280 1.576045513 -0.003316949 -0.000070398 0.002641893 0.999991059
1717651716.033278 0.013612058 0.009460118 1.590063334 -0.000534766 -0.000011474 0.002016198 0.999997854
1717651716.051519 0.012759384 0.014215084 1.602786422 0.000833065 0.000283734 0.001738290 0.999998152
1717651716.070374 0.013051632 0.016509108 1.620761991 -0.000396404 0.000024081 0.001668730 0.999998569
1717651716.081522 0.013719710 0.018170727 1.636352420 -0.001477684 -0.000020330 0.001954785 0.999997020
1717651716.101559 0.014091372 0.017309628 1.651335716 -0.002997933 -0.000075556 0.001531955 0.999994397
1717651716.114385 0.013186987 0.016422983 1.669600010 -0.003329998 0.000315362 0.001549525 0.999993205
1717651716.132155 0.012938472 0.018057821 1.686300993 -0.002955160 0.000432549 0.001583261 0.999994278
1717651716.152221 0.012094995 0.014209538 1.701596022 -0.003211747 0.000348621 0.000632350 0.999994576
1717651716.165475 0.011343300 0.012841876 1.718169332 -0.001680710 0.000218453 0.000400740 0.999998510
1717651716.182358 0.012606785 0.014551533 1.732419610 0.000125586 -0.000295217 0.001232262 0.999999225
1717651716.197807 0.011465717 0.019876065 1.749444127 0.000804906 -0.000701544 0.001266589 0.999998629
1717651716.214177 0.010962957 0.022028012 1.764353752 -0.000918429 -0.001205866 0.000347759 0.999998808
1717651716.229615 0.012633852 0.014209677 1.782650828 -0.002874476 -0.001805608 -0.000143184 0.999994218
1717651716.247588 0.013348657 0.014225760 1.802278161 -0.000529382 -0.001950577 0.000621191 0.999997795
1717651716.266464 0.016457353 0.017661363 1.814745426 0.001912610 -0.002418025 0.001353588 0.999994338
1717651716.284998 0.014574060 0.022857001 1.831669569 0.001465288 -0.002153365 0.002130694 0.999994338
1717651716.298739 0.014141786 0.020165959 1.849538207 -0.000484621 -0.001981179 0.001160685 0.999997318
1717651716.315890 0.014800143 0.020447182 1.862607002 -0.000541183 -0.002391906 0.002437357 0.999994099
1717651716.329818 0.014868659 0.022369854 1.880983472 -0.001196451 -0.002530474 0.002605260 0.999992728
1717651716.355762 0.016359352 0.023321070 1.895102382 -0.002098475 -0.002884579 0.003420447 0.999987781
1717651716.367437 0.015947953 0.024236241 1.914829969 -0.003470706 -0.002534099 0.003551246 0.999984443
1717651716.386543 0.016178407 0.022758141 1.932011962 -0.004125215 -0.002284364 0.003665667 0.999982178
1717651716.403013 0.016257573 0.022685058 1.947358012 -0.003965956 -0.002069910 0.004278037 0.999980867
1717651716.416728 0.017020676 0.023240697 1.966884136 -0.003812157 -0.001934128 0.004616268 0.999980211
1717651716.437190 0.017610950 0.023874553 1.982773781 -0.003462374 -0.001955192 0.004932818 0.999979973
1717651716.451464 0.017822800 0.025904438 1.999616027 -0.003737015 -0.001919733 0.004232320 0.999982238
1717651716.471944 0.017049341 0.025311658 2.015660524 -0.004943219 -0.001870335 0.004225455 0.999977112
1717651716.486890 0.016464604 0.022000169 2.034300566 -0.005173143 -0.001541048 0.003775910 0.999978304
1717651716.500726 0.017145982 0.023428824 2.052437067 -0.003785834 -0.001494866 0.003881821 0.999984205
1717651716.519335 0.017481312 0.026078541 2.067912102 -0.002986653 -0.001439824 0.004291226 0.999985337
1717651716.534908 0.017775759 0.026052989 2.082034111 -0.004397623 -0.001598869 0.004165040 0.999980390
1717651716.549026 0.017503146 0.025305288 2.103625059 -0.005669948 -0.001428219 0.004388588 0.999973297
1717651716.569021 0.017302908 0.024646582 2.119214058 -0.005318448 -0.001108937 0.005081874 0.999972403
1717651716.585601 0.018448306 0.023412470 2.135274887 -0.005002660 -0.001059124 0.006104102 0.999968290
1717651716.600058 0.020462196 0.024162093 2.152532816 -0.003096288 -0.000878033 0.007251651 0.999968529
1717651716.619270 0.021412037 0.030452484 2.166989088 -0.003028383 -0.000583180 0.005978561 0.999977350
1717651716.634581 0.020477351 0.026660671 2.185498953 -0.006468320 -0.000335882 0.004737469 0.999967813
1717651716.652305 0.018046632 0.029633252 2.204425573 -0.007007714 0.000287352 0.004319929 0.999966085
1717651716.670323 0.019356437 0.023152610 2.221212864 -0.008853617 0.000068275 0.002577613 0.999957502
1717651716.689641 0.018125391 0.021654984 2.239544630 -0.007160598 0.000822082 0.001015791 0.999973536
1717651716.710358 0.017885139 0.020423107 2.256263494 -0.004888305 0.001336949 0.000028654 0.999987185
1717651716.724367 0.018562229 0.022515094 2.276463509 -0.002210548 0.001436356 0.001324393 0.999995649
1717651716.739332 0.018899795 0.024612423 2.289990902 -0.000120907 0.001477449 0.002493698 0.999995768
1717651716.758723 0.020014292 0.029969666 2.304593801 0.000339550 0.001171422 0.002629847 0.999995828
1717651716.772152 0.019055223 0.030708509 2.321734428 -0.001953844 0.001345980 0.002090298 0.999995053
1717651716.786946 0.019033760 0.028524281 2.341065407 -0.003883332 0.001499419 0.001769471 0.999989748
1717651716.803450 0.018998818 0.023713622 2.360258579 -0.003914030 0.001481440 0.001804586 0.999989629
1717651716.821272 0.020638166 0.019488862 2.376153708 -0.001826610 0.001199281 0.001927456 0.999995768
1717651716.834134 0.020651426 0.021553064 2.395509720 0.001780074 0.001416570 0.001375113 0.999996543
1717651716.854516 0.018333601 0.028687522 2.409086704 0.004038213 0.001633246 0.000238409 0.999990463
1717651716.869772 0.018198198 0.033336807 2.431656599 0.002664066 0.001149011 0.000045512 0.999995828
1717651716.891788 0.017701762 0.034731541 2.450768709 0.000462028 0.001180868 -0.000478849 0.999999106
1717651716.906149 0.017941820 0.032166153 2.467463493 -0.002027150 0.001125739 -0.001061775 0.999996841
1717651716.921280 0.018077672 0.029742863 2.490373135 -0.003289231 0.001438410 -0.002007460 0.999991596
1717651716.935111 0.018030711 0.025420720 2.507846355 -0.003015541 0.001487129 -0.002722987 0.999990642
1717651716.951056 0.016816190 0.022704359 2.526170731 -0.001073867 0.001376613 -0.003820739 0.999991238
1717651716.972114 0.016427098 0.028799931 2.543394089 0.001822935 0.000928196 -0.002157123 0.999995589
1717651716.985509 0.017060541 0.036689069 2.558828592 0.001211362 -0.000078474 -0.000922949 0.999998927
1717651717.007696 0.015788682 0.036849909 2.579097986 -0.002816074 -0.000567888 -0.002700467 0.999992251
1717651717.024758 0.017541727 0.028316511 2.600061893 -0.005157656 -0.001486391 -0.002108584 0.999983430
1717651717.040594 0.018352332 0.029438572 2.619762182 -0.002947842 -0.001868785 -0.000472923 0.999993801
1717651717.057657 0.019612325 0.035032831 2.636338711 -0.001872591 -0.002034659 0.000226079 0.999996245
1717651717.074522 0.020310557 0.032166515 2.656088114 -0.003458729 -0.001840230 -0.000790802 0.999992073
1717651717.096283 0.019155428 0.036304265 2.676770926 -0.002881756 -0.001375857 -0.000000416 0.999994934
1717651717.103358 0.019563274 0.040981453 2.695043087 -0.004402068 -0.001728279 0.000454847 0.999988735
1717651717.124202 0.018056953 0.041117385 2.714497328 -0.007679654 -0.001558668 -0.000096767 0.999969304
1717651717.139699 0.018957676 0.037886664 2.735205173 -0.010491822 -0.001517590 -0.000132776 0.999943793
1717651717.156580 0.018552901 0.035435747 2.756289482 -0.010742634 -0.001211291 0.000097246 0.999941587
1717651717.169796 0.020737458 0.034730319 2.774574757 -0.009716851 -0.001177678 0.000186367 0.999952078
1717651717.189347 0.023132643 0.037566811 2.793578625 -0.008366877 -0.001306276 0.000636694 0.999963939
1717651717.204102 0.022595143 0.041158441 2.812567234 -0.008337691 -0.000887566 0.000268483 0.999964833
1717651717.223287 0.021634040 0.040629942 2.833782434 -0.009925049 -0.000543677 0.000629291 0.999950409
1717651717.236668 0.023338500 0.036580663 2.852431059 -0.010447863 -0.000542087 0.000487730 0.999945164
1717651717.255335 0.023792835 0.038758889 2.871696472 -0.009342662 -0.000385546 0.000970071 0.999955833
1717651717.276401 0.022717129 0.038212918 2.889712572 -0.009282530 0.000300118 0.000575620 0.999956727
1717651717.289551 0.023448246 0.036600959 2.911667347 -0.009405624 0.000527604 0.001049883 0.999955058
1717651717.306025 0.025088388 0.036413636 2.929095268 -0.008081669 0.000725406 0.003039389 0.999962449
1717651717.324276 0.026946027 0.035917256 2.949640512 -0.007223185 0.000926799 0.004461396 0.999963582
1717651717.338744 0.030390084 0.038701501 2.966945648 -0.005583854 0.000804989 0.004834400 0.999972463
1717651717.355740 0.028351245 0.045767944 2.985093117 -0.005846202 0.001893518 0.003997969 0.999973118
1717651717.381905 0.027219195 0.043179318 3.007025242 -0.009051410 0.002022119 0.003456910 0.999951005
1717651717.389965 0.027583171 0.039148059 3.028358459 -0.010652541 0.001903192 0.002351717 0.999938726
1717651717.409303 0.027683228 0.033145331 3.047221184 -0.009800241 0.002060087 0.000698521 0.999949634
1717651717.425996 0.026971668 0.032464113 3.068546057 -0.006677265 0.002310289 -0.000041387 0.999975026
1717651717.444760 0.026349491 0.034911517 3.086846113 -0.003409986 0.002458090 0.000739296 0.999990940
1717651717.465143 0.027097084 0.038276549 3.103304863 -0.001996459 0.001772327 0.000959499 0.999996006
1717651717.477846 0.026689965 0.045321457 3.124861240 -0.001862993 0.001801622 0.000067398 0.999996722
1717651717.498970 0.025200838 0.041105650 3.147041798 -0.005612408 0.001838836 -0.000113374 0.999982595
1717651717.507677 0.028243553 0.034051619 3.170208216 -0.006043890 0.001264736 0.000300763 0.999980927
1717651717.527858 0.027469192 0.029199678 3.190173388 -0.003370143 0.001744070 0.000317827 0.999992788
1717651717.539876 0.030962883 0.029303642 3.207376719 0.000631087 0.001338069 0.000169018 0.999998927
1717651717.558517 0.030523296 0.040618874 3.225754976 0.004215462 0.001861563 0.000724840 0.999989212
1717651717.574205 0.031344716 0.044663645 3.245684862 0.002179109 0.002112383 0.000668840 0.999995172
1717651717.592035 0.033603482 0.047769658 3.267940283 -0.000311861 0.002643049 0.000271411 0.999996483
1717651717.609030 0.036821578 0.042706076 3.288121223 -0.003012184 0.003771969 0.000627573 0.999988139
1717651717.623641 0.036781657 0.035019256 3.310558319 -0.004469613 0.005527200 -0.000777448 0.999974430
1717651717.648829 0.037360169 0.032587871 3.333093405 -0.001699751 0.007195735 -0.001030573 0.999972165
1717651717.661035 0.038441084 0.038541906 3.352184057 0.002757487 0.008064346 -0.000909915 0.999963284
1717651717.685989 0.037623741 0.051094584 3.368807554 0.004038122 0.009271516 -0.000928978 0.999948442
1717651717.695734 0.038602591 0.043524176 3.392181635 -0.000804410 0.010306740 -0.001533609 0.999945402
1717651717.711144 0.040683802 0.036905833 3.415820360 -0.001683897 0.011307101 -0.000990309 0.999934196
1717651717.726403 0.042555280 0.040598772 3.434959173 0.000429341 0.012627889 -0.000274851 0.999920189
1717651717.746751 0.043730598 0.038560513 3.456035137 0.000135784 0.014100350 -0.000448661 0.999900460
1717651717.762414 0.046975706 0.042827364 3.476169109 0.001582732 0.015389916 0.000280194 0.999880314
1717651717.781454 0.048077177 0.049549956 3.495806456 0.000564510 0.016437098 0.000843976 0.999864459
1717651717.797386 0.048106819 0.044885162 3.519294739 -0.002459468 0.018072972 0.000982578 0.999833167
1717651717.809874 0.053437859 0.045813024 3.540155172 -0.003045616 0.018860240 0.001963941 0.999815583
1717651717.826830 0.055165250 0.041959651 3.561107159 -0.004093809 0.020509144 0.002245976 0.999778807
1717651717.844628 0.058362998 0.042901453 3.582833052 -0.002975671 0.021919928 0.002763133 0.999751508
1717651717.860368 0.062068526 0.045509279 3.602198601 -0.003284880 0.022939760 0.002298231 0.999728858
1717651717.877710 0.061640449 0.037988104 3.626506090 -0.005039631 0.024973817 0.002142190 0.999673128
1717651717.896512 0.064899668 0.038798518 3.645899296 -0.003243897 0.026827719 0.002440290 0.999631882
1717651717.910367 0.071039982 0.043010928 3.666213274 -0.002061542 0.028448028 0.001911788 0.999591351
1717651717.926169 0.072415486 0.041541453 3.685735464 -0.002882833 0.031615194 0.002240199 0.999493480
1717651717.943587 0.078956008 0.038371053 3.707133770 -0.002071657 0.034814276 0.003005022 0.999387145
1717651717.962378 0.083386533 0.049290188 3.728981972 0.000387047 0.039021742 0.003614488 0.999231815
1717651717.978815 0.091348812 0.056466363 3.748448610 -0.000789225 0.042645030 0.002557567 0.999086738
1717651717.995886 0.096592911 0.052514520 3.772853851 -0.005824881 0.047839317 0.002517234 0.998834968
1717651718.018390 0.102874950 0.044203103 3.795660257 -0.007877303 0.053332627 0.004753956 0.998534441
1717651718.032592 0.108757846 0.045538176 3.816689253 -0.006902236 0.058861479 0.003389024 0.998236597
1717651718.049042 0.107918076 0.040769599 3.840220451 -0.007609076 0.065206543 0.001988074 0.997840822
1717651718.064905 0.112124890 0.039268110 3.863512039 -0.005623671 0.069730215 0.001233764 0.997549295
1717651718.080816 0.112678550 0.039744116 3.882195711 -0.003533587 0.073813722 0.000697086 0.997265577
1717651718.100032 0.112736352 0.045385540 3.903316498 -0.001627918 0.077349462 -0.001197568 0.997002065
1717651718.113249 0.113514043 0.047359172 3.926200867 -0.001964015 0.079148807 -0.000806396 0.996860564
1717651718.132844 0.114330068 0.041546013 3.950126648 -0.003002709 0.079990953 -0.000158310 0.996791124
1717651718.154024 0.122491896 0.042725381 3.967116833 -0.001097546 0.078235991 -0.000234081 0.996934295
1717651718.164737 0.121534236 0.051709451 3.987031221 0.000530161 0.078805827 -0.001529738 0.996888697
1717651718.180058 0.121218160 0.048029296 4.012712955 -0.001609528 0.079285659 -0.000989213 0.996850193
1717651718.199391 0.125791475 0.047139261 4.032875538 -0.001837723 0.078389004 0.000012620 0.996921182
1717651718.212233 0.131139621 0.045312159 4.055678844 -0.001464531 0.077857986 0.000030367 0.996963441
1717651718.228636 0.134259850 0.052295394 4.074406624 0.000102718 0.077689864 0.000689232 0.996977389
1717651718.246389 0.138439268 0.054507043 4.098549366 -0.001437161 0.077646904 0.000561100 0.996979713
1717651718.266978 0.142149821 0.052321792 4.119842052 -0.003825832 0.077855751 0.000029576 0.996957302
1717651718.283686 0.146530628 0.054761779 4.140979767 -0.005051504 0.077460639 0.000056111 0.996982634
1717651718.295236 0.151240483 0.042241018 4.168959618 -0.008461946 0.078108743 -0.001987996 0.996906936
1717651718.314510 0.152413651 0.037461299 4.191877365 -0.005254601 0.079178087 -0.002804817 0.996842742
1717651718.328038 0.156479195 0.045458198 4.210470200 -0.000634717 0.078904651 -0.001725843 0.996880472
1717651718.346427 0.160282746 0.047707699 4.233909607 0.000375974 0.078748226 -0.001849646 0.996892810
1717651718.366444 0.161424175 0.053732485 4.255149841 0.001608260 0.079308160 -0.001846532 0.996847153
1717651718.379269 0.167505771 0.052466113 4.278986931 -0.000027685 0.078619078 -0.000381156 0.996904731
1717651718.396039 0.172217742 0.048411421 4.301717758 -0.001485171 0.078953862 0.000042472 0.996877193
1717651718.415048 0.174668133 0.044275604 4.323284626 -0.001494873 0.079699785 0.000723779 0.996817529
1717651718.432983 0.179125607 0.045348126 4.347142220 0.000691293 0.079954527 0.001819246 0.996796608
1717651718.449467 0.186322585 0.056734290 4.365520477 0.003224118 0.078887351 0.002619410 0.996874869
1717651718.470062 0.189424187 0.060321338 4.389523029 -0.000027509 0.078959711 0.002697121 0.996874154
1717651718.484885 0.195366725 0.050540231 4.416052818 -0.004090005 0.078882433 0.002950866 0.996871173
1717651718.499657 0.200715736 0.050836872 4.437866688 -0.002963987 0.078879394 0.002919511 0.996875525
1717651718.515588 0.203893110 0.043401770 4.461137772 -0.003541835 0.079775035 0.002899224 0.996802390
1717651718.531486 0.207583681 0.045507628 4.484376907 0.000247960 0.080645010 0.003221002 0.996737659
1717651718.549760 0.213536993 0.055439010 4.506377220 0.003540241 0.080449201 0.004419614 0.996742666
1717651718.570774 0.218079805 0.065893695 4.527948856 0.003816279 0.080281325 0.005361273 0.996750534
1717651718.583633 0.223927528 0.074435160 4.550191402 -0.000343664 0.079762168 0.005309660 0.996799707
1717651718.598933 0.224768549 0.068781875 4.578559399 -0.009100043 0.081405945 0.005364902 0.996625066
1717651718.616050 0.231406227 0.058522858 4.605362892 -0.014579616 0.080983438 0.006300935 0.996588945
1717651718.632182 0.235299587 0.052472200 4.631580830 -0.013801257 0.082276307 0.004866249 0.996502161
1717651718.652169 0.237422913 0.055481337 4.652693748 -0.008976928 0.083677344 0.003615079 0.996445954
1717651718.669721 0.240480497 0.060613729 4.675095081 -0.005783638 0.084453568 0.004010675 0.996402562
1717651718.697607 0.246069625 0.062367026 4.698604107 -0.006479362 0.084241837 0.001862889 0.996422589
1717651718.708234 0.247266769 0.063459426 4.722793102 -0.007756329 0.085552096 0.000230041 0.996303499
1717651718.725125 0.252167255 0.058060259 4.748491764 -0.010192392 0.085443713 0.000813616 0.996290565
1717651718.735015 0.256118804 0.060365118 4.771249771 -0.008161603 0.085889548 -0.000025143 0.996271253
1717651718.754284 0.260236114 0.062468797 4.793730736 -0.006731597 0.086760752 -0.001928418 0.996204615
1717651718.769076 0.263557553 0.063055739 4.817820072 -0.006754066 0.087562218 -0.002213365 0.996133745
1717651718.787644 0.268497080 0.060850851 4.840760231 -0.007642359 0.087698869 -0.001595517 0.996116459
1717651718.803860 0.271553755 0.061470598 4.865293980 -0.005948646 0.088779368 -0.001286005 0.996032774
1717651718.821822 0.276352406 0.064787835 4.886069298 -0.003810549 0.088503547 -0.000877493 0.996068180
1717651718.836772 0.281111628 0.064156473 4.908517838 -0.005011158 0.088376485 -0.001213662 0.996073842
1717651718.853900 0.283919990 0.066919073 4.931890011 -0.005114178 0.088934883 -0.002434961 0.996021330
1717651718.867413 0.288679659 0.063836932 4.955480099 -0.007575150 0.088566408 -0.002605795 0.996038139
1717651718.886348 0.292168438 0.059564751 4.977750778 -0.005271787 0.089223377 -0.003898764 0.995990098
1717651718.901577 0.295793414 0.060499031 4.998281479 0.000484942 0.089146800 -0.003629230 0.996011853
1717651718.919247 0.300064981 0.062391382 5.019107342 0.003404757 0.088592403 -0.002521469 0.996059000
1717651718.934520 0.303070456 0.064456217 5.041993141 0.004932942 0.089390613 -0.003852412 0.995977044
1717651718.954053 0.307177246 0.062760480 5.060868740 0.001896504 0.089098379 -0.004026236 0.996012926
1717651718.966818 0.312924922 0.061601307 5.084680557 -0.000561932 0.089362018 -0.003500573 0.995992899
1717651718.986789 0.318331838 0.060729451 5.107956409 -0.000573102 0.089864142 -0.003110793 0.995949030
