1717651713.314778 0.000000000 0.000000000 0.000000000 0.000000000 0.000000000 0.000000000 1.000000000
1717651713.328797 -0.000441902 0.000223002 0.005202023 -0.000100930 -0.000035160 -0.000326743 0.999999940
1717651713.342176 -0.000112758 0.000024884 0.009412738 -0.000068594 -0.000175018 0.000057292 1.000000000
1717651713.369573 -0.001055114 -0.000631453 0.014167131 -0.000228208 -0.000033554 0.000060325 0.999999940
1717651713.387885 -0.000520066 -0.000101886 0.020820234 -0.000176618 0.000018137 0.000227433 0.999999940
1717651713.397715 -0.001054286 -0.000261717 0.025041508 -0.000022707 0.000116996 -0.000319140 0.999999940
1717651713.410522 0.000132898 -0.000696425 0.027671913 -0.000119001 -0.000021458 -0.000251987 0.999999940
1717651713.430728 -0.000278482 0.000156587 0.033514094 -0.000220473 0.000057451 -0.000246456 0.999999940
1717651713.442686 -0.000287524 0.000197270 0.036024805 -0.000459946 0.000142232 -0.000123942 0.999999881
1717651713.458755 -0.000144610 0.000561947 0.040607698 -0.000667802 -0.000043122 -0.000458585 0.999999642
1717651713.481036 -0.001480316 0.001006696 0.048924882 -0.000843067 0.000386318 -0.000486343 0.999999464
1717651713.497492 -0.001084597 0.001422435 0.054055538 -0.001025859 0.000261034 -0.000603870 0.999999285
1717651713.507928 -0.001291513 0.001130586 0.059085354 -0.001411375 0.000314580 -0.000666593 0.999998748
1717651713.526504 -0.001497639 0.000809916 0.064416222 -0.001615550 0.000201657 -0.000791733 0.999998331
1717651713.542834 -0.000857336 0.000618295 0.069971554 -0.001444757 -0.000018422 -0.000901649 0.999998510
1717651713.565463 -0.002167007 0.000121354 0.076257728 -0.001521242 0.000144670 -0.000582162 0.999998629
1717651713.578069 -0.001546904 -0.000233795 0.080681480 -0.001231186 -0.000111407 -0.000730898 0.999998987
1717651713.597056 -0.000779789 0.000312405 0.084151618 -0.000674116 -0.000464948 -0.000979779 0.999999166
1717651713.609341 -0.002684360 0.000048984 0.089401558 -0.000133756 -0.000068795 -0.001654969 0.999998629
1717651713.626390 -0.001574673 0.000300386 0.096199013 0.000424829 -0.000327585 -0.000792187 0.999999523
1717651713.652669 -0.001277374 -0.000087437 0.100114733 0.000516867 -0.000584413 -0.000873985 0.999999285
1717651713.658503 -0.001938003 0.000690980 0.105135158 0.000562546 -0.000651182 -0.001236664 0.999998868
1717651713.678250 -0.001764927 0.000929891 0.110146157 0.000489866 -0.000849167 -0.000994387 0.999998987
1717651713.697900 -0.001507602 0.000934272 0.112660632 0.000481098 -0.000982831 -0.001087086 0.999998808
1717651713.714105 -0.002595757 0.000227769 0.122504734 0.000062976 -0.000679157 -0.001090647 0.999999166
1717651713.728606 -0.002440925 0.000387040 0.125384733 -0.000236934 -0.000955594 -0.000913315 0.999999106
1717651713.747069 -0.002458648 0.000665266 0.135474920 -0.000713371 -0.000904449 -0.001202519 0.999998569
1717651713.762516 -0.001978940 0.000355843 0.138767958 -0.000274425 -0.000983545 -0.000903030 0.999999046
1717651713.779217 -0.002033309 0.000530542 0.146362439 0.000176561 -0.000874004 -0.000747820 0.999999285
1717651713.797728 -0.001786136 0.000131520 0.150550649 0.000899830 -0.000969161 -0.000363419 0.999999046
1717651713.809904 -0.001687165 -0.000165338 0.155903324 0.001127816 -0.001132737 -0.000135659 0.999998748
1717651713.826765 -0.002519699 -0.000328230 0.162913203 0.001494357 -0.000963135 0.000174009 0.999998391
1717651713.846131 -0.002217190 0.000187786 0.166141734 0.001926112 -0.001293942 0.000263167 0.999997258
1717651713.862314 -0.001549983 0.000283170 0.172718585 0.001478276 -0.001519479 0.000298427 0.999997735
1717651713.880431 -0.001535063 -0.001338885 0.175921619 0.000762400 -0.001535435 0.000401826 0.999998450
1717651713.898190 -0.002552509 0.001736633 0.186555803 0.000835254 -0.001091522 0.000069285 0.999999046
1717651713.911108 -0.001965284 0.001529563 0.189382121 0.000734772 -0.000996388 0.000169004 0.999999225
1717651713.926614 -0.002262346 0.001956169 0.197031140 0.000620694 -0.001020372 0.000229210 0.999999285
1717651713.947373 -0.003212044 0.001094867 0.202296510 0.000374202 -0.000898655 -0.000250219 0.999999464
1717651713.961907 -0.003635741 0.001783678 0.208000213 0.000358024 -0.000853818 -0.000262617 0.999999523
1717651713.979409 -0.003329073 0.001995797 0.216148123 0.000281947 -0.001079339 0.000008345 0.999999344
1717651714.000310 -0.004060194 0.001846148 0.221181422 -0.000086868 -0.001269061 -0.000016839 0.999999166
1717651714.012854 -0.003603189 0.002143604 0.228538126 -0.000412202 -0.001510892 0.000330980 0.999998689
1717651714.035105 -0.003994141 0.003210349 0.235563621 -0.000705365 -0.001418771 0.000346200 0.999998689
1717651714.050775 -0.003685510 0.003570154 0.240376845 -0.000622836 -0.001579660 0.000690172 0.999998331
1717651714.066688 -0.004064913 0.004029448 0.245737180 -0.000931328 -0.001513692 0.000949343 0.999997973
1717651714.083835 -0.003030507 0.003689631 0.253716260 -0.001565583 -0.001517101 0.000779659 0.999997318
1717651714.100534 -0.003225138 0.003475791 0.258027941 -0.002108445 -0.001199372 0.001052968 0.999996483
1717651714.113045 -0.002259476 0.002961009 0.264397442 -0.002529158 -0.001267767 0.001233587 0.999995232
1717651714.129623 -0.003163171 0.003791518 0.271465421 -0.002662139 -0.000917833 0.001353305 0.999995112
1717651714.151454 -0.002110765 0.004850473 0.279914349 -0.002626267 -0.001032475 0.001750757 0.999994457
1717651714.165919 -0.001283834 0.004524101 0.286008477 -0.002690249 -0.001147462 0.002163013 0.999993384
1717651714.185894 -0.001370358 0.003630569 0.291705161 -0.002997851 -0.001177026 0.002689487 0.999991179
1717651714.196871 -0.000723402 0.003518369 0.298343271 -0.002856974 -0.001116128 0.002611524 0.999991894
1717651714.214798 -0.001497103 0.003347118 0.305130303 -0.003024300 -0.001146867 0.002578785 0.999991417
1717651714.230053 -0.001137259 0.003346942 0.308097959 -0.002885677 -0.001104706 0.002881008 0.999991119
1717651714.250015 -0.000929077 0.004189443 0.317339122 -0.002986259 -0.001025390 0.003105740 0.999990165
1717651714.266742 -0.000835341 0.004875818 0.324177742 -0.003126859 -0.000894071 0.002844616 0.999990642
1717651714.281686 -0.000894284 0.003966635 0.331371397 -0.003483805 -0.000654312 0.002725345 0.999989986
1717651714.297982 -0.001709206 0.005378554 0.338400692 -0.003217259 -0.000463191 0.002606357 0.999991298
1717651714.314412 -0.001409182 0.005343675 0.343041837 -0.003623304 -0.000602721 0.002458226 0.999990225
1717651714.331287 -0.001215972 0.004296158 0.349615186 -0.003502419 -0.000767321 0.002711704 0.999989867
1717651714.353430 -0.000597559 0.003861690 0.356922150 -0.002707909 -0.000902947 0.003031853 0.999991357
1717651714.372617 -0.001980339 0.004003300 0.364487827 -0.002141542 -0.000608039 0.003143246 0.999992609
1717651714.385493 -0.001754734 0.003837841 0.369940519 -0.001789580 -0.000672982 0.002992102 0.999993682
1717651714.403776 -0.000964328 0.003838561 0.376145095 -0.001687387 -0.000731136 0.003845203 0.999990940
1717651714.420266 -0.001513941 0.003814040 0.384409755 -0.001843421 -0.000678954 0.004351364 0.999988616
1717651714.435753 -0.001172753 0.004485007 0.391695321 -0.002183044 -0.000671673 0.004094673 0.999989033
1717651714.448663 -0.001776427 0.006837359 0.400077015 -0.002435258 -0.000485972 0.003743139 0.999989927
1717651714.467730 -0.001500033 0.005880108 0.407843471 -0.002988177 -0.000468550 0.003994399 0.999987423
1717651714.485549 -0.001700472 0.004417564 0.412135899 -0.002857961 -0.000320198 0.004119101 0.999987364
1717651714.499656 -0.001668356 0.004111012 0.419965833 -0.002614556 -0.000230330 0.003673828 0.999989808
1717651714.517684 -0.000045303 0.003091518 0.427298009 -0.001973690 -0.000463041 0.004980769 0.999985516
1717651714.531939 0.000148404 0.004512753 0.432457477 -0.001699640 -0.000405162 0.005429675 0.999983728
1717651714.549386 0.000184949 0.002530402 0.440325797 -0.002371129 -0.000229159 0.005677193 0.999981046
1717651714.568369 0.000068098 0.005438470 0.448970616 -0.001768121 -0.000103845 0.006066287 0.999980032
1717651714.586875 0.000718717 0.005567790 0.455973953 -0.001467182 -0.000122230 0.007037209 0.999974191
1717651714.599679 -0.000101401 0.004335762 0.463010162 -0.000860517 0.000370367 0.006961513 0.999975324
1717651714.618222 0.001448042 0.004231017 0.468579918 -0.000680005 0.000170387 0.007079162 0.999974668
1717651714.640452 0.000897921 0.006114170 0.476624995 -0.001218635 0.000544885 0.006462627 0.999978244
1717651714.650968 0.001631216 0.005541779 0.486311227 -0.002268967 0.000451312 0.006276155 0.999977589
1717651714.670089 0.002351790 0.006097091 0.493684322 -0.002355675 0.000363803 0.005520969 0.999981880
1717651714.690909 0.000695182 0.005921092 0.502651453 -0.002836972 0.000602788 0.003786496 0.999988616
1717651714.704154 0.000271847 0.006387966 0.511265993 -0.003233077 0.000462275 0.004170459 0.999985993
1717651714.722832 -0.000426519 0.006113622 0.519913495 -0.003462341 0.000443385 0.004136365 0.999985337
1717651714.737827 -0.000601253 0.007120804 0.529155314 -0.003239665 0.000535219 0.004098558 0.999986231
1717651714.754325 -0.001036664 0.007637463 0.536901891 -0.002750508 0.000715870 0.003174166 0.999990940
1717651714.770845 -0.000435119 0.004726039 0.543525696 -0.002250247 0.000772761 0.002725022 0.999993443
1717651714.790217 -0.001483090 0.003719713 0.551560879 -0.001336511 0.001169798 0.003107712 0.999993563
1717651714.803594 -0.001579325 0.005452788 0.559838533 -0.000106054 0.001216013 0.002937241 0.999994934
1717651714.823054 -0.002569094 0.005087451 0.568350613 0.000054678 0.001392124 0.002182301 0.999996662
1717651714.835284 -0.001580559 0.004020368 0.575551510 -0.000267656 0.000852383 0.001259452 0.999998808
1717651714.854177 -0.003256295 0.004118161 0.585259557 -0.000043659 0.001184942 0.001644468 0.999997914
1717651714.873857 -0.003207894 0.003099655 0.593390942 0.000037669 0.001083154 0.001979647 0.999997437
1717651714.891206 -0.003164655 0.003408119 0.600503862 0.000003837 0.001146275 0.001918338 0.999997497
1717651714.906347 -0.003294612 0.004130395 0.609101117 -0.000580123 0.001245089 0.000856502 0.999998689
1717651714.922949 -0.002818985 0.004693395 0.617646217 -0.001198348 0.001161211 0.000570433 0.999998450
1717651714.935675 -0.002718785 0.004454875 0.628538251 -0.001282814 0.001207104 0.001561919 0.999997199
1717651714.958144 -0.002082707 0.002866546 0.635744572 -0.001170728 0.000910287 0.001644840 0.999997556
1717651714.975568 -0.001857307 0.004490502 0.645027041 -0.000180133 0.000938725 0.001640458 0.999998212
1717651714.992076 -0.001613577 0.003797892 0.654691041 0.000620867 0.000726873 0.001737332 0.999998033
1717651715.006942 -0.001602498 0.003517417 0.664572477 0.001837050 0.000962965 0.002368566 0.999995053
1717651715.025063 -0.001690552 0.002136964 0.672536075 0.002141489 0.001100178 0.001734993 0.999995589
1717651715.039536 -0.001497891 0.003846363 0.681407571 0.003005821 0.001197255 0.001592687 0.999993503
1717651715.061947 -0.002023554 0.004342396 0.690663874 0.002762021 0.001144146 0.001570838 0.999994278
1717651715.076436 -0.001524797 0.003629008 0.699172378 0.002005713 0.000830363 0.001898934 0.999995828
1717651715.094793 -0.001501874 0.003806095 0.709370553 0.001793273 0.000728606 0.001427989 0.999997079
1717651715.107168 -0.001323457 0.003859072 0.718565702 0.001758219 0.000743523 0.001448505 0.999997139
1717651715.125859 -0.001865477 0.003908879 0.727659523 0.001483166 0.000826877 0.001417328 0.999997556
1717651715.138309 -0.001071716 0.002525841 0.735759795 0.000908955 0.000701172 0.001182826 0.999998629
1717651715.158605 -0.001406307 0.002744868 0.744030416 0.000755293 0.000936462 0.000422857 0.999999225
1717651715.181849 -0.002267684 0.003648993 0.756877244 -0.000180320 0.000717496 0.000267777 0.999999702
1717651715.191469 -0.001837810 0.005052742 0.766940534 -0.000021838 0.000557404 0.001076816 0.999999225
1717651715.206436 -0.003347207 0.003237325 0.777252853 -0.000000317 0.000446524 0.000244732 0.999999881
1717651715.222547 -0.003497201 0.000306088 0.787149251 0.000977963 0.000311000 -0.000361088 0.999999404
1717651715.238775 -0.001583198 0.001400100 0.795638978 0.002854452 -0.000135893 0.001064494 0.999995351
1717651715.261795 -0.001295264 0.001386496 0.802470982 0.003181801 -0.000288636 0.000565831 0.999994755
1717651715.278182 -0.001667375 0.005734172 0.815268517 0.002644013 -0.000418398 0.000842183 0.999996066
1717651715.298505 -0.002702246 0.004298882 0.824700534 0.001170307 -0.000450875 -0.000693252 0.999998927
1717651715.307897 -0.002318577 0.000469511 0.835775375 0.000468351 -0.000481369 0.000090794 0.999999762
1717651715.326085 -0.003571200 -0.000496467 0.847806931 0.002062358 -0.000339808 0.000291386 0.999997795
1717651715.338955 -0.002105151 0.000191238 0.857639909 0.003962042 -0.000643504 0.001291666 0.999991119
1717651715.360919 -0.002528174 0.003626862 0.866462409 0.005233734 -0.000636687 0.001740023 0.999984562
1717651715.377568 -0.001577003 0.007330443 0.878861845 0.003848538 -0.001000597 0.001262004 0.999991298
1717651715.393584 -0.003701884 0.004433075 0.892328620 0.002296603 -0.000673979 0.001589394 0.999995887
1717651715.409145 -0.002606092 0.004850812 0.901331902 0.002352885 -0.000932537 0.001679991 0.999995351
1717651715.426037 -0.004331032 0.004471618 0.915676415 0.002465087 -0.001008564 0.001646000 0.999995112
1717651715.441075 -0.004145130 0.004657258 0.923574448 0.002643224 -0.001189973 0.001600257 0.999994516
1717651715.458401 -0.005131815 0.006460355 0.934707880 0.001941517 -0.001118835 0.002165362 0.999995112
1717651715.473681 -0.003976235 0.007036628 0.947094560 0.000604133 -0.001400172 0.002300487 0.999996185
1717651715.495644 -0.002506810 0.005571430 0.958033085 -0.000944597 -0.001735502 0.003123276 0.999993145
1717651715.507275 -0.001699316 0.007284139 0.972513676 -0.001219250 -0.001357254 0.003262009 0.999993026
1717651715.526227 -0.002481820 0.006071070 0.983752966 -0.001417126 -0.001242155 0.004374840 0.999988675
1717651715.541221 -0.002031268 0.006240874 0.993091047 -0.000833960 -0.001098349 0.004555466 0.999988675
1717651715.558952 -0.001864169 0.005458749 1.004148245 -0.001150651 -0.001388211 0.004619974 0.999987721
1717651715.577023 -0.003321315 0.007342867 1.019643545 -0.001025533 -0.001173250 0.004441140 0.999988914
1717651715.590389 -0.002059128 0.008657754 1.030274034 -0.001792895 -0.001500158 0.004684483 0.999986291
1717651715.608036 -0.002924141 0.008344348 1.043280721 -0.003146898 -0.001549755 0.003466373 0.999987841
1717651715.623662 -0.001768998 0.006659687 1.056693435 -0.002851156 -0.002049589 0.005387311 0.999979317
1717651715.640566 -0.003263095 0.007138506 1.066856742 -0.001734438 -0.001736607 0.004695806 0.999985933
1717651715.658771 -0.002173094 0.007441590 1.076709509 -0.001130127 -0.001816845 0.005733681 0.999981284
1717651715.678883 0.000352798 0.009769783 1.086958885 -0.001708075 -0.002271133 0.005658149 0.999979973
1717651715.697383 0.000557733 0.008464340 1.101362109 -0.003599335 -0.002407033 0.006404084 0.999970138
1717651715.712218 -0.001953689 0.008094850 1.119088054 -0.004167907 -0.001799681 0.006386194 0.999969304
1717651715.728177 -0.000958303 0.008121090 1.133687735 -0.003803409 -0.001911905 0.007175038 0.999965191
1717651715.746709 -0.002601087 0.007532402 1.147738099 -0.003420696 -0.001207425 0.007592627 0.999964595
1717651715.758893 0.001256420 0.007146514 1.157619476 -0.002279387 -0.001788703 0.008891894 0.999956250
1717651715.781257 0.000138060 0.011826832 1.169829488 -0.002457025 -0.001300841 0.007427166 0.999968529
1717651715.797683 -0.000436482 0.012926523 1.182687998 -0.005214320 -0.000992795 0.007512123 0.999957681
1717651715.810822 -0.002219203 0.011819509 1.196965098 -0.006706230 -0.000506519 0.006777764 0.999954402
1717651715.826937 -0.002434198 0.013047444 1.210563540 -0.007834722 -0.000465287 0.006658547 0.999947011
1717651715.845465 -0.002327239 0.009319718 1.223505020 -0.008269293 -0.000680019 0.005046847 0.999952853
1717651715.861304 -0.004051712 0.008253630 1.238808990 -0.006467171 -0.000112791 0.004147679 0.999970436
1717651715.877562 -0.003301565 0.008387117 1.251605272 -0.005264761 -0.000404165 0.004393230 0.999976397
1717651715.895304 -0.004448155 0.007801142 1.264835954 -0.004236862 -0.000193161 0.003956682 0.999983191
1717651715.910532 -0.005189082 0.010736485 1.278084874 -0.002874504 -0.000123499 0.004464020 0.999985874
1717651715.927116 -0.003120554 0.012368944 1.291272998 -0.003221691 -0.001030887 0.004693309 0.999983251
1717651715.946100 -0.005410193 0.012898016 1.307062387 -0.004260037 -0.000704942 0.004100876 0.999982238
1717651715.962959 -0.005965602 0.012858361 1.316962361 -0.005675686 -0.000485735 0.003323687 0.999978244
1717651715.978715 -0.006330719 0.008652893 1.333896637 -0.006577271 -0.000643111 0.003820026 0.999970853
1717651715.996540 -0.006283436 0.007640775 1.346643925 -0.005064880 -0.000303458 0.004227613 0.999978185
1717651716.010484 -0.007701362 0.004929808 1.362117648 -0.003352220 -0.000027565 0.003809165 0.999987125
1717651716.033278 -0.003423995 0.006458509 1.374626160 -0.000114607 -0.000832681 0.004316244 0.999990344
1717651716.051519 -0.006212568 0.011706385 1.383717060 0.001315093 -0.000010641 0.003309218 0.999993682
1717651716.070374 -0.007325217 0.012282576 1.398725986 -0.000234127 -0.000076871 0.003165632 0.999994993
1717651716.081522 -0.005835266 0.012556560 1.411073923 -0.001311467 -0.000403139 0.003800866 0.999991834
1717651716.101559 -0.007275195 0.011309419 1.428447485 -0.002948688 -0.000152531 0.003372313 0.999989927
1717651716.114385 -0.007244703 0.008911809 1.440266013 -0.003483669 0.000127804 0.002728470 0.999990225
1717651716.132155 -0.009775236 0.010793056 1.454980612 -0.002990477 0.000652919 0.001984052 0.999993324
1717651716.152221 -0.008619025 0.011647468 1.470328808 -0.002544703 0.000069316 0.001811181 0.999995112
1717651716.165475 -0.009513054 0.009878086 1.483105659 -0.001047090 -0.000083736 0.001730450 0.999997973
1717651716.182358 -0.010330960 0.009401686 1.498084426 0.000284933 -0.000362852 0.001891499 0.999998093
1717651716.197807 -0.009805357 0.013136879 1.509630799 0.000786701 -0.001045511 0.002152152 0.999996841
1717651716.214177 -0.008768804 0.014833632 1.523164034 -0.000912366 -0.001697782 0.001943735 0.999996245
1717651716.229615 -0.009519661 0.010124970 1.540025592 -0.002374282 -0.002025426 0.001589345 0.999993861
1717651716.247588 -0.010902965 0.006379077 1.554023385 -0.000790351 -0.001721415 0.001776142 0.999996603
1717651716.266464 -0.008711898 0.008650212 1.564171910 0.001434332 -0.002058503 0.003022813 0.999992251
1717651716.284998 -0.007821274 0.012149602 1.579393744 0.000909443 -0.002440168 0.003554637 0.999990284
1717651716.298739 -0.010803527 0.012137870 1.594509244 -0.000651268 -0.001852889 0.002287534 0.999995470
1717651716.315890 -0.010991066 0.012954181 1.607762575 -0.000659022 -0.001962159 0.003491360 0.999991775
1717651716.329818 -0.010466856 0.014125097 1.624057889 -0.001409584 -0.002222985 0.003598135 0.999990046
1717651716.355762 -0.009463150 0.014822774 1.636484265 -0.002237211 -0.002574631 0.004019162 0.999986112
1717651716.367437 -0.009633150 0.015091513 1.651967764 -0.003736400 -0.002447900 0.004439533 0.999980152
1717651716.386543 -0.009712643 0.012126053 1.668313980 -0.004585365 -0.002161732 0.004777605 0.999975741
1717651716.403013 -0.011350311 0.014143595 1.680983424 -0.003882074 -0.001736754 0.005394726 0.999976397
1717651716.416728 -0.011615027 0.014752398 1.700593829 -0.003809337 -0.001300427 0.005135892 0.999978721
1717651716.437190 -0.010460548 0.015466878 1.710601449 -0.003572642 -0.001521431 0.005616285 0.999976695
1717651716.451464 -0.009907279 0.017642798 1.722976327 -0.003590898 -0.001640852 0.005478163 0.999977171
1717651716.471944 -0.009613417 0.017044919 1.739730477 -0.004584587 -0.001680775 0.005228659 0.999974370
1717651716.486890 -0.010083182 0.014384822 1.757649660 -0.004880271 -0.001656673 0.005528605 0.999971449
1717651716.500726 -0.007948820 0.015723178 1.766020060 -0.003296500 -0.001817791 0.006240433 0.999973416
1717651716.519335 -0.010158028 0.017239926 1.785223603 -0.002725382 -0.001242919 0.005504404 0.999980330
1717651716.534908 -0.011307212 0.019712703 1.797137856 -0.004037799 -0.001142841 0.004985932 0.999978781
1717651716.549026 -0.010547714 0.017253531 1.813588500 -0.005541426 -0.001218912 0.005763911 0.999967277
1717651716.569021 -0.010930878 0.015749352 1.831464410 -0.005288357 -0.000848055 0.006622549 0.999963701
1717651716.585601 -0.011892924 0.014739560 1.845530033 -0.005097586 -0.000574359 0.007026870 0.999962151
1717651716.600058 -0.012722090 0.015716497 1.859364867 -0.003046740 0.000211729 0.007609126 0.999966383
1717651716.619270 -0.008674783 0.021872688 1.870160222 -0.003004346 -0.000480975 0.006709158 0.999972880
1717651716.634581 -0.009134213 0.020181637 1.887488484 -0.005911902 -0.000174867 0.006243006 0.999962986
1717651716.652305 -0.010671050 0.020602306 1.903084993 -0.006879108 0.000452467 0.006096810 0.999957621
1717651716.670323 -0.010466632 0.017107997 1.921615958 -0.008186921 0.000582481 0.004794634 0.999954820
1717651716.689641 -0.010647263 0.015448091 1.941179514 -0.006516415 0.000759603 0.003287425 0.999973059
1717651716.710358 -0.012479883 0.013320701 1.949676991 -0.004381712 0.001578273 0.002453152 0.999986112
1717651716.724367 -0.013152401 0.012666134 1.965303063 -0.002215241 0.001922223 0.002748615 0.999991894
1717651716.739332 -0.013498410 0.013990625 1.978404403 -0.000139607 0.002112206 0.003741776 0.999990761
1717651716.758723 -0.009891547 0.021861764 1.989012003 0.000744655 0.001222838 0.003714584 0.999992073
1717651716.772152 -0.010361724 0.021756461 2.006133795 -0.001696604 0.001494974 0.002558786 0.999994159
1717651716.786946 -0.015770230 0.013992810 2.019780397 -0.004725069 0.002332141 0.002115708 0.999983847
1717651716.803450 -0.014244151 0.015363378 2.041398287 -0.003858174 0.002077171 0.002256805 0.999987841
1717651716.821272 -0.014451201 0.012520341 2.057134390 -0.001697214 0.002167239 0.001930143 0.999994338
1717651716.834134 -0.013460303 0.010459111 2.069510937 0.001154063 0.002211176 0.000985882 0.999996424
1717651716.854516 -0.012442636 0.018133385 2.083423853 0.003867046 0.001916329 0.001197673 0.999989986
1717651716.869772 -0.013071398 0.022249630 2.098015547 0.002589549 0.001385880 0.000995819 0.999995232
1717651716.891788 -0.016467178 0.019904993 2.115568638 -0.000382167 0.001909525 -0.000511348 0.999997973
1717651716.906149 -0.014253845 0.024254974 2.131969929 -0.001523099 0.001432383 -0.000130297 0.999997795
1717651716.921280 -0.013965813 0.023165587 2.151107073 -0.002466267 0.001443823 -0.000265332 0.999995887
1717651716.935111 -0.013265493 0.018627979 2.168646097 -0.002172946 0.001262782 -0.000803381 0.999996543
1717651716.951056 -0.018466212 0.014990149 2.185032606 -0.000552738 0.002132218 -0.002099119 0.999995351
1717651716.972114 -0.016844038 0.022928907 2.200481653 0.002866568 0.001208580 -0.000214922 0.999995112
1717651716.985509 -0.016702864 0.027621889 2.215999365 0.001779206 0.000350734 -0.000270890 0.999998331
1717651717.007696 -0.016615015 0.027492717 2.226809740 -0.002137404 -0.000393045 -0.000923801 0.999997199
1717651717.024758 -0.018272949 0.023662649 2.245368719 -0.003911338 -0.000784007 -0.000196379 0.999992013
1717651717.040594 -0.016796291 0.021070722 2.262117863 -0.002551598 -0.001370243 0.000328589 0.999995768
1717651717.057657 -0.020308886 0.025771001 2.277257681 -0.001710421 -0.000731854 0.000634461 0.999998093
1717651717.074522 -0.015914934 0.027778089 2.292839050 -0.002251633 -0.001398134 0.000652077 0.999996305
1717651717.096283 -0.018037304 0.026580893 2.308123589 -0.002784965 -0.000944110 0.001002022 0.999995172
1717651717.103358 -0.016007083 0.029447138 2.323296785 -0.004283437 -0.001433451 0.000954731 0.999989331
1717651717.124202 -0.015676504 0.029696403 2.339413643 -0.007282808 -0.001680642 0.000982301 0.999971569
1717651717.139699 -0.016318040 0.027916772 2.356313467 -0.009954058 -0.001507204 0.000493276 0.999949157
1717651717.156580 -0.020192236 0.025872622 2.376955271 -0.010219407 -0.000435832 0.000836492 0.999947309
1717651717.169796 -0.018786380 0.027488274 2.391048908 -0.008513172 -0.000673540 0.001844817 0.999961853
1717651717.189347 -0.018914791 0.027222611 2.404869556 -0.007920817 0.000000756 0.001574615 0.999967396
1717651717.204102 -0.016975412 0.031712048 2.423860312 -0.007463246 -0.000306515 0.001409479 0.999971092
1717651717.223287 -0.018149024 0.030257426 2.440943956 -0.009287475 0.000114663 0.001548746 0.999955654
1717651717.236668 -0.020205598 0.026127994 2.461386204 -0.010033730 0.000751494 0.000928551 0.999948919
1717651717.255335 -0.020144096 0.025933212 2.474087715 -0.009343011 0.000780721 0.001948589 0.999954164
1717651717.276401 -0.021978082 0.025595305 2.487243176 -0.009248395 0.001896985 0.000921182 0.999954998
1717651717.289551 -0.018544758 0.028030315 2.506830692 -0.008397876 0.001285216 0.003088966 0.999959111
1717651717.306025 -0.018243356 0.027418826 2.523123741 -0.007326909 0.001870814 0.004118314 0.999962926
1717651717.324276 -0.015861275 0.024918919 2.536252975 -0.006982842 0.001846464 0.005633951 0.999958038
1717651717.338744 -0.014022776 0.026883766 2.549055576 -0.005295767 0.002087816 0.005882697 0.999966502
1717651717.355740 -0.010414485 0.031274345 2.566698790 -0.005905532 0.001696720 0.005198321 0.999967575
1717651717.381905 -0.014430799 0.029250722 2.584120512 -0.008886252 0.002524484 0.003918275 0.999949634
1717651717.389965 -0.018097820 0.027813002 2.606719255 -0.010207270 0.003094738 0.002859642 0.999939024
1717651717.409303 -0.019550512 0.023834895 2.622453928 -0.009282847 0.003608556 0.001338798 0.999949515
1717651717.425996 -0.020107619 0.023865826 2.639007330 -0.006028050 0.003681116 0.000903555 0.999974668
1717651717.444760 -0.022404950 0.023104332 2.655166388 -0.003348108 0.004124816 0.000887315 0.999985516
1717651717.465143 -0.020224901 0.027626095 2.672017813 -0.001455039 0.003230338 0.001580114 0.999992490
1717651717.477846 -0.017702688 0.031387784 2.685986280 -0.001693260 0.002612290 0.000751891 0.999994874
1717651717.498970 -0.019379597 0.030116886 2.705957413 -0.004791007 0.002635116 0.001286219 0.999984205
1717651717.507677 -0.018615345 0.025508609 2.723100424 -0.005189450 0.002303775 0.001683118 0.999982476
1717651717.527858 -0.017588379 0.017175332 2.741516829 -0.003439989 0.002410629 0.001607870 0.999989867
1717651717.539876 -0.020660503 0.016506491 2.755555868 0.000393248 0.003210256 0.000978822 0.999994278
1717651717.558517 -0.018385720 0.025158502 2.768316269 0.004096822 0.003235401 0.000884453 0.999985993
1717651717.574205 -0.014900869 0.030271502 2.782333374 0.002660774 0.002495105 0.001892643 0.999991536
1717651717.592035 -0.013078150 0.029806701 2.800937653 -0.000517099 0.003256660 0.001661408 0.999993205
1717651717.609030 -0.015640968 0.025500251 2.820389032 -0.003648958 0.005488122 0.000818594 0.999977946
1717651717.623641 -0.016977603 0.020461349 2.841907978 -0.004912764 0.007514031 -0.000498243 0.999959588
1717651717.648829 -0.019541813 0.018234175 2.859037638 -0.002212346 0.009814606 -0.001135550 0.999948740
1717651717.661035 -0.016289050 0.023616664 2.872489929 0.002281076 0.010205774 -0.000256442 0.999945283
1717651717.685989 -0.014758289 0.030978639 2.882458925 0.003142484 0.010839201 0.000551638 0.999936163
1717651717.695734 -0.016821230 0.025404781 2.902278185 -0.001773093 0.012462243 -0.001301275 0.999919951
1717651717.711144 -0.014023777 0.023685349 2.928848743 -0.001704336 0.013128239 -0.000378524 0.999912322
1717651717.726403 -0.011153502 0.028070325 2.943597794 0.000895720 0.014111679 0.000833673 0.999899685
1717651717.746751 -0.008927023 0.024465693 2.960793018 -0.000124499 0.015136440 0.000791364 0.999885142
1717651717.762414 -0.007606413 0.028671451 2.975254774 0.001481437 0.016627653 0.001189023 0.999859929
1717651717.781454 -0.005031492 0.034207866 2.988548756 0.000534796 0.017032430 0.002217997 0.999852359
1717651717.797386 -0.004535988 0.031888738 3.010648727 -0.002148727 0.018693099 0.002541590 0.999819696
1717651717.809874 -0.003534658 0.028680464 3.026313305 -0.003877942 0.020346010 0.002546518 0.999782264
1717651717.826830 -0.001570738 0.027681872 3.046797991 -0.004092564 0.021765715 0.003214467 0.999749541
1717651717.844628 0.001742295 0.031979613 3.063957214 -0.002209403 0.023075966 0.003716990 0.999724329
1717651717.860368 0.003674746 0.037591811 3.078151464 -0.001618090 0.024338046 0.003316416 0.999696970
1717651717.877710 0.001082869 0.031207100 3.096128464 -0.003268920 0.026794685 0.003126608 0.999630690
1717651717.896512 0.001048165 0.022587415 3.111129045 -0.004546950 0.029219890 0.002270526 0.999560058
1717651717.910367 0.010095529 0.029551713 3.129416466 -0.001800407 0.029733796 0.003118863 0.999551356
1717651717.926169 0.010649530 0.026182050 3.146260738 -0.003199861 0.032865867 0.003047644 0.999449968
1717651717.943587 0.017939743 0.021749208 3.161714315 -0.003023215 0.035445038 0.003893576 0.999359488
1717651717.962378 0.019837344 0.027920861 3.178169966 -0.001346022 0.039833721 0.004745432 0.999194145
1717651717.978815 0.021968264 0.036073554 3.194978952 -0.002107684 0.044820812 0.003121406 0.998987973
1717651717.995886 0.025670065 0.030368883 3.209678173 -0.007690106 0.050006818 0.003916670 0.998711586
1717651718.018390 0.032127544 0.024116945 3.233736277 -0.009467349 0.055273216 0.005298366 0.998412311
1717651718.032592 0.036560457 0.028248191 3.253907204 -0.007569243 0.060904209 0.003665681 0.998108149
1717651718.049042 0.035293549 0.021873932 3.270612717 -0.008881596 0.067197554 0.002232094 0.997697651
1717651718.064905 0.039103597 0.022398515 3.290554285 -0.006287336 0.071572132 0.001492321 0.997414470
1717651718.080816 0.039357159 0.027943948 3.307702780 -0.002846410 0.075983629 0.001468916 0.997103930
1717651718.100032 0.042550694 0.029009838 3.325095415 -0.001815483 0.078439526 -0.000081946 0.996917188
1717651718.113249 0.044274099 0.031880543 3.343487978 -0.001728663 0.079768017 0.000904153 0.996811569
1717651718.132844 0.043895107 0.028550534 3.365298033 -0.002294543 0.080862731 0.001516462 0.996721447
1717651718.154024 0.045764700 0.029422978 3.383869171 -0.000530944 0.080886096 0.000660471 0.996722996
1717651718.164737 0.046258893 0.034972802 3.394987106 0.000511788 0.080802284 -0.000911212 0.996729612
1717651718.180058 0.046504825 0.034330342 3.418157339 -0.000933560 0.081249870 -0.000555874 0.996693194
1717651718.199391 0.052399825 0.033462707 3.433431149 -0.001172978 0.079764672 0.000262437 0.996812999
1717651718.212233 0.053853225 0.031120073 3.444664001 -0.001094237 0.079377070 0.001669752 0.996842623
1717651718.228636 0.058526319 0.035777144 3.470473051 0.000146905 0.078887507 0.001333660 0.996882617
1717651718.246389 0.061779797 0.037177209 3.493475676 -0.001425221 0.078955807 0.001560610 0.996875882
1717651718.266978 0.063432753 0.037170693 3.511855125 -0.003302744 0.079618454 0.000352019 0.996819913
1717651718.283686 0.065018289 0.039735906 3.529983044 -0.004123355 0.080020197 0.000322144 0.996784687
1717651718.295236 0.067134887 0.030487834 3.550341845 -0.007335601 0.080710515 -0.001426406 0.996709585
1717651718.314510 0.068870597 0.019396711 3.562228203 -0.006772908 0.080875143 -0.001476268 0.996700168
1717651718.328038 0.078628242 0.031660467 3.574414730 -0.000072520 0.078096695 0.000300884 0.996945739
1717651718.346427 0.078344531 0.032861620 3.603590012 0.000731213 0.079919480 -0.000793642 0.996800721
1717651718.366444 0.080889545 0.037377510 3.619963884 0.002052017 0.079981320 -0.000739327 0.996793985
1717651718.379269 0.084724471 0.036588717 3.638466358 0.000384621 0.079404891 0.000255057 0.996842325
1717651718.396039 0.086662203 0.034325134 3.657588482 -0.000731643 0.080241881 0.000731034 0.996774912
1717651718.415048 0.089408405 0.033307850 3.675696135 0.000523122 0.080663964 0.001399336 0.996740222
1717651718.432983 0.091780953 0.030778563 3.693557739 0.001215570 0.081034079 0.002510414 0.996707439
1717651718.449467 0.096634090 0.041774023 3.707742929 0.004424125 0.080285728 0.003675185 0.996755302
1717651718.470062 0.102387667 0.044776451 3.734401941 0.001208692 0.079735942 0.004471245 0.996805251
1717651718.484885 0.106594734 0.038807884 3.755992889 -0.002133387 0.079678945 0.004869539 0.996806383
1717651718.499657 0.110320605 0.036926791 3.772889137 -0.001677349 0.079939291 0.004206786 0.996789455
1717651718.515588 0.113025963 0.031059112 3.792270422 -0.002296099 0.080838896 0.003934395 0.996716797
1717651718.531486 0.117632970 0.032515615 3.810270309 0.001566810 0.080728851 0.005155996 0.996721506
1717651718.549760 0.121196456 0.041511480 3.828039885 0.005120020 0.080914870 0.005570062 0.996692300
1717651718.570774 0.125829607 0.050501168 3.844660997 0.005447947 0.080208272 0.006943064 0.996739030
1717651718.583633 0.130719632 0.054206673 3.865284443 -0.000265111 0.079560071 0.007220738 0.996803880
1717651718.598933 0.129495531 0.050618310 3.889518738 -0.008265882 0.081934907 0.007117580 0.996577978
1717651718.616050 0.133057907 0.043627027 3.914748192 -0.013201474 0.082691908 0.008135773 0.996454477
1717651718.632182 0.137663364 0.039660651 3.935157299 -0.011738299 0.083029211 0.007411408 0.996450424
1717651718.652169 0.140284106 0.040372230 3.955640316 -0.007948528 0.084057301 0.005298229 0.996415138
1717651718.669721 0.141650796 0.042509109 3.974008322 -0.005684101 0.085330307 0.005641862 0.996320546
1717651718.697607 0.145509630 0.047716059 3.992209673 -0.004165986 0.085169345 0.003324579 0.996352255
1717651718.708234 0.146843612 0.047123402 4.012345791 -0.006110134 0.086457945 0.002716655 0.996233046
1717651718.725125 0.150984243 0.045324571 4.032290936 -0.007049411 0.085956089 0.002453816 0.996270955
1717651718.735015 0.153599903 0.045350861 4.051587582 -0.006040008 0.086449005 0.002070182 0.996235847
1717651718.754284 0.156344086 0.045734670 4.071448326 -0.005297072 0.087400354 -0.001095606 0.996158600
1717651718.769076 0.158611655 0.046954438 4.091469765 -0.004772351 0.088918567 -0.000029304 0.996027470
1717651718.787644 0.160598665 0.046650484 4.113120556 -0.004498353 0.090344913 0.000200847 0.995900333
1717651718.803860 0.165013179 0.046043433 4.130325317 -0.003330187 0.090014726 0.000788846 0.995934546
1717651718.821822 0.168283999 0.046475690 4.147797108 -0.002666603 0.089843400 0.001213924 0.995951593
1717651718.836772 0.171423942 0.048634864 4.169187546 -0.002461641 0.090173990 -0.000238732 0.995922923
1717651718.853900 0.173101246 0.050759263 4.187944889 -0.002554836 0.091293648 -0.001343301 0.995819807
1717651718.867413 0.177476496 0.047357447 4.207162857 -0.005863130 0.090193309 -0.002225826 0.995904505
1717651718.886348 0.180021808 0.042211607 4.226545334 -0.003779373 0.090787321 -0.002345868 0.995860338
1717651718.901577 0.182237774 0.043935187 4.242275715 0.002537719 0.090955518 -0.002072926 0.995849550
1717651718.919247 0.185330465 0.045198418 4.258476257 0.005085722 0.090551727 -0.001534975 0.995877564
1717651718.934520 0.188669279 0.048202127 4.278118134 0.007662182 0.090761945 -0.002216723 0.995840669
1717651718.954053 0.191724434 0.047768302 4.297331333 0.004936654 0.091184773 -0.002131435 0.995819449
1717651718.966818 0.197280899 0.047349319 4.318027020 0.003120182 0.091005117 -0.000704106 0.995845318
1717651718.986789 0.199268162 0.046073042 4.333310127 0.002551669 0.092311583 -0.000988448 0.995726407
1717651719.001770 0.202615783 0.045198981 4.353981972 0.003345201 0.093004920 0.000477472 0.995659947
1717651719.020933 0.205957845 0.048515201 4.371299267 0.005816292 0.093966886 -0.000886040 0.995557964
1717651719.035748 0.211285636 0.051196568 4.392603397 0.004369768 0.093478709 0.000087620 0.995611727
1717651719.056948 0.214408159 0.049279138 4.410429478 0.000949021 0.094306342 0.000546780 0.995542645
1717651719.071057 0.217870265 0.048970148 4.429828644 0.001365823 0.094980583 0.001498329 0.995477080
1717651719.089883 0.220580339 0.047208063 4.449437141 0.002109778 0.096501380 0.002886456 0.995326459
1717651719.104831 0.223146349 0.052064952 4.460457802 0.009537584 0.096808426 0.001073965 0.995256782
1717651719.124851 0.224350691 0.051977988 4.479483128 -0.001794315 0.098238729 0.002851249 0.995157182
1717651719.137641 0.231753737 0.052273110 4.505198479 -0.011205779 0.097767495 0.002660057 0.995142639
1717651719.163194 0.234023809 0.054977886 4.522882938 -0.006501518 0.099421710 0.007193299 0.994998157
1717651719.175516 0.238034859 0.053133268 4.541487217 -0.004843590 0.100147031 0.005612804 0.994944990
1717651719.189955 0.240544751 0.054552194 4.556123257 0.002616437 0.101535790 0.005268662 0.994814515
1717651719.203656 0.243876085 0.051065892 4.569990635 0.003246298 0.101378135 0.005333288 0.994828343
1717651719.222756 0.244182214 0.050325073 4.576721191 -0.003774857 0.101898320 0.004621068 0.994776905
1717651719.239522 0.245225966 0.055092838 4.589745522 -0.007445494 0.102619663 0.003891533 0.994685173
1717651719.258801 0.247656092 0.054161336 4.603529453 -0.010707331 0.102839231 0.010343135 0.994586587
1717651719.286168 0.250673503 0.054733384 4.614860058 -0.007865347 0.100938730 0.009570118 0.994815528
1717651719.289834 0.251588643 0.055341940 4.624979496 -0.003138092 0.101186074 0.008409885 0.994827032
1717651719.304687 0.252976596 0.054661501 4.633474350 0.001838869 0.101199761 0.007658310 0.994834960
1717651719.325320 0.254562795 0.052240044 4.638226032 -0.000542568 0.099568054 0.006059284 0.995012164
1717651719.336689 0.255747706 0.052093692 4.644943714 -0.007275088 0.098641507 0.007049071 0.995071471
1717651719.362694 0.256465226 0.053680744 4.653183937 -0.009311019 0.098633714 0.007633739 0.995050967
1717651719.377048 0.257097214 0.054716717 4.660415649 -0.007473859 0.098230541 0.010789759 0.995077133
1717651719.393282 0.257409811 0.055204332 4.665384769 -0.003722836 0.098055847 0.010781316 0.995115578
1717651719.409207 0.258484006 0.055693489 4.669188976 0.001087082 0.096955605 0.009276194 0.995244861
1717651719.426931 0.258115083 0.052999631 4.670264244 -0.000320979 0.096630841 0.008257422 0.995285988
1717651719.442323 0.257463992 0.052541871 4.672163963 -0.006519851 0.096187420 0.009409779 0.995297432
1717651719.460306 0.258387417 0.053952280 4.675345421 -0.006725336 0.093866803 0.010476846 0.995506942
1717651719.475649 0.257476807 0.053948797 4.676025867 -0.004633181 0.092883036 0.010989279 0.995605588
1717651719.494519 0.257529289 0.054321919 4.675250053 -0.001065774 0.090942279 0.009610490 0.995809257
1717651719.506908 0.257341087 0.053095765 4.674526691 0.001409054 0.090111166 0.009585404 0.995884597
1717651719.525814 0.257517248 0.052710999 4.673034668 0.000883036 0.089577496 0.007761600 0.995949209
1717651719.539809 0.257518917 0.052707423 4.673010349 0.000210352 0.090059131 0.007528475 0.995907962
1717651719.556297 0.257096440 0.052803732 4.671925545 0.000207601 0.091637067 0.007738626 0.995762348
1717651719.573300 0.257160187 0.052726667 4.671528339 0.000725354 0.092323557 0.007831119 0.995697975
1717651719.589877 0.256877363 0.052659813 4.670610428 0.001397991 0.093278758 0.007117636 0.995613575
1717651719.606092 0.257015347 0.052825313 4.669780731 0.002447333 0.093615495 0.007124637 0.995579898
1717651719.622900 0.257153720 0.053033914 4.669147491 0.003863263 0.094482981 0.006406700 0.995498359
1717651719.645545 0.256954610 0.052972056 4.669373512 0.004204434 0.097022139 0.005336670 0.995259047
1717651719.659179 0.257016391 0.053042408 4.669130325 0.001908831 0.100146785 0.004730636 0.994959593
1717651719.678233 0.257158071 0.053015962 4.669013977 0.001247720 0.104689687 0.006234570 0.994484603
1717651719.690801 0.265798211 0.055533376 4.670745373 0.003948198 0.101367146 0.000828345 0.994840920
1717651719.708161 0.265969813 0.055280346 4.671036720 0.003041103 0.107405849 0.001716949 0.994209111
1717651719.726089 0.265605181 0.055452436 4.670951843 0.003353250 0.115003362 0.001816173 0.993357778
1717651719.745305 0.265626848 0.054901861 4.669097424 0.002962515 0.120215498 0.004709383 0.992732227
1717651719.758382 0.265482545 0.055018984 4.668658257 0.003612096 0.125510693 0.005044437 0.992072880
1717651719.776200 0.265482157 0.055042375 4.668644905 0.004248062 0.130425155 0.006115270 0.991430223
1717651719.799135 0.265707076 0.054806992 4.665602684 0.004088686 0.132615000 0.006693652 0.991136611
1717651719.810204 0.265701294 0.054663520 4.664463997 0.004341536 0.135783941 0.005237541 0.990715146
1717651719.826350 0.265603304 0.054366000 4.663105011 0.002136713 0.139360249 0.005479535 0.990224302
1717651719.843488 0.265593380 0.054364271 4.663038254 0.003108349 0.143804386 0.007939393 0.989569426
1717651719.859388 0.265528947 0.053729169 4.659769535 0.004267502 0.146687940 0.006991713 0.989148915
1717651719.877439 0.265660435 0.053473674 4.658308029 0.002714640 0.150247931 0.004921956 0.988632381
1717651719.896890 0.265573889 0.053546112 4.657288551 0.001020824 0.155125558 0.004545930 0.987883747
1717651719.908795 0.265268713 0.052956965 4.656845570 -0.000409248 0.161108717 0.005908155 0.986918867
1717651719.925699 0.264983922 0.052984286 4.654884338 0.000473817 0.167701825 0.006125221 0.985818624
1717651719.943676 0.264685154 0.052900769 4.654141426 -0.000013882 0.174915180 0.006946081 0.984559000
1717651719.959387 0.264770716 0.052249737 4.651166916 -0.001381217 0.181971624 0.005879956 0.983285248
1717651719.978705 0.264384449 0.052128270 4.650886536 -0.002386883 0.191430315 0.005681248 0.981486857
1717651719.992050 0.263916492 0.052263446 4.651626110 -0.002362966 0.201907516 0.007047212 0.979376376
