1717651713.597056 -0.000945806 0.005591861199999999 0.08905187839999999 -0.000346057 6.7356e-05 -0.001049226 0.999999404
1717651713.609341 8.211e-06 0.0046561384 0.0951392884 0.000391007 -0.000126725 -0.001440708 0.999998927
1717651713.62639 0.0010407546 0.0013824012 0.1037661652 0.000671015 -0.000235549 -0.00127632 0.999998927
1717651713.652669 -0.012771403199999998 0.0122818436 0.1568191474 0.002102916 0.001694839 -0.001707396 0.999994934
1717651713.658503 -0.0142063916 0.0183235664 0.16843418879999997 0.002513753 0.001827764 -0.00192395 0.999993324
1717651713.67825 -0.0150992332 0.018642107199999997 0.17834598359999998 0.002373447 0.001771913 -0.001828505 0.99999392
1717651713.6979 -0.0136432044 0.020668719999999998 0.1859789844 0.002509791 0.001538954 -0.001822792 0.99999404
1717651713.714105 -0.014898231599999997 0.020050006199999998 0.19655409459999998 0.002313412 0.001858955 -0.001668628 0.999994218
1717651713.728606 -0.0012559702 0.0090542812 0.1394983626 0.000520315 -0.000636689 -0.001550944 0.99999845
1717651713.747069 -0.012747897199999999 0.022343400599999997 0.214575947 0.001388843 0.001400154 -0.00147087 0.99999696
1717651713.762516 -0.013037816799999997 0.0195752494 0.2253277662 0.001500512 0.001541035 -0.001441807 0.999996662
1717651713.779217 -0.0161048346 0.0229985234 0.23814234959999997 0.002553966 0.002267934 -0.001634438 0.999992847
1717651713.797728 -0.015466989399999999 0.018527433799999996 0.24742399039999996 0.003076238 0.002344444 -0.001614431 0.999991238
1717651713.809904 -0.015436882399999999 0.015954106399999998 0.24830111379999997 0.003284268 0.001895137 -0.001289658 0.999992013
1717651713.826765 -6.68564e-05 0.0059178586 0.18034184999999997 0.002837607 -0.001065985 -0.000397815 0.999995351
1717651713.846131 -0.0010916904 0.0092457194 0.1883344604 0.00344658 -0.001147309 -0.000763933 0.999993145
1717651713.862314 -0.016827471599999998 0.0215342376 0.2796104158 0.004542773 0.001769323 -0.000634164 0.9999879
1717651713.880431 0.0012230893999999998 0.015819984199999998 0.21022047379999997 0.003361361 -0.001289295 -0.000242897 0.999993563
1717651713.89819 0.0028798438 0.0103954894 0.20686959919999998 0.001890596 -0.001591441 2.3072e-05 0.99999696
1717651713.911108 0.0008628863999999999 0.010342423799999998 0.21548359139999998 0.00185324 -0.00114757 0.000174296 0.999997675
1717651713.926614 -0.0039549834 0.017263776999999998 0.24471761259999997 0.001977075 0.000440102 -0.001053332 0.999997437
1717651713.947373 0.0013098684 0.011369392199999998 0.2376573578 0.001384568 -0.000701392 -0.000692227 0.999998569
1717651713.961907 -0.0013870977999999997 0.012745804199999999 0.24801503979999998 0.001301339 -0.000467469 -0.000956003 0.999998629
1717651713.979409 0.002516269 0.0130688944 0.27840349999999997 0.001569069 -0.000880968 -0.00025774 0.999998391
1717651714.00031 -0.0020212722 0.014206166199999998 0.2624453226 0.00092925 -0.000946102 -0.000469687 0.999999046
1717651714.012854 0.0007722065999999999 0.015987290799999998 0.2690975804 0.000711084 -0.001657483 8.7141e-05 0.999998391
1717651714.035105 -0.0017925371999999997 0.019204705599999997 0.3011141692 0.000248958 -0.000738268 -0.00052008 0.999999583
1717651714.050775 0.0026167376 0.015767535 0.2857379562 -0.000441445 -0.001802875 0.000308844 0.999998212
1717651714.066688 0.004708527799999999 0.017807529199999998 0.290445909 -0.000506591 -0.002160138 0.000972818 0.999997139
1717651714.083835 0.004081658199999999 0.0217468312 0.319503373 -0.000557429 -0.001566323 0.001117981 0.999998033
1717651714.100534 0.0032977583999999997 0.0191421226 0.317655185 -0.002154168 -0.001307942 0.000810401 0.999996483
1717651714.113045 0.0024248485999999996 0.0191551636 0.3262113598 -0.002724484 -0.000893932 0.000684128 0.999995708
1717651714.129623 0.0021127202 0.0220697834 0.3446500228 -0.002478108 -0.000322859 0.00131587 0.999996066
1717651714.151454 0.0036729988 0.019142094999999998 0.3406425166 -0.003564101 -0.000495544 0.001174052 0.999992847
1717651714.165919 0.004676912 0.0206923088 0.3513559166 -0.00319841 -0.000314968 0.001784564 0.999993265
1717651714.185894 0.0054916363999999995 0.022089751999999997 0.35815592179999994 -0.003089557 -0.000768663 0.002049499 0.999992847
1717651714.196871 0.004550674199999999 0.018346750399999997 0.3699300588 -0.003630841 -0.000277731 0.001738766 0.999991953
1717651714.214798 0.005670029 0.019542046599999998 0.37688384659999996 -0.00345346 -0.000326951 0.002436362 0.999991059
1717651714.230053 0.009253051799999999 0.023449893799999996 0.380948034 -0.002680055 -0.000996037 0.002956197 0.999991596
1717651714.250015 0.0064383854 0.0243165016 0.3982106334 -0.002996176 0.000243104 0.002583361 0.999992192
1717651714.266742 0.007191814799999999 0.0260963842 0.4074682944 -0.003065499 0.000428853 0.002524158 0.999992013
1717651714.281686 0.0064748081999999995 0.025020494799999998 0.4091958795999999 -0.003665693 0.000327144 0.002572976 0.999989986
1717651714.297982 0.0049053204 0.0255105834 0.41889428959999997 -0.003887109 0.000994201 0.00201137 0.999989986
1717651714.314412 0.004090522399999999 0.026392003199999996 0.4293291872 -0.004181396 0.001181483 0.001820372 0.999988973
1717651714.331287 0.0025478802 0.025490849399999998 0.4404881662 -0.004044685 0.001278795 0.001551246 0.999989867
1717651714.35343 0.005898308599999999 0.0208434372 0.41529140859999997 -0.003328952 0.000104502 0.001952043 0.999992549
1717651714.372617 0.007670941599999999 0.0210443238 0.4257652084 -0.002298144 -0.000142453 0.002405168 0.999994457
1717651714.385493 0.0077095539999999995 0.0185328756 0.4327478198 -0.002248904 -7.4407e-05 0.002329073 0.999994755
1717651714.403776 0.0094838706 0.020617623199999997 0.44099211 -0.001625189 -0.000238314 0.003017014 0.999994159
1717651714.420266 0.0100007864 0.021020666 0.4444180382 -0.002064829 -0.000296606 0.003428211 0.999991953
1717651714.435753 0.011316459999999999 0.025071913599999995 0.45225832419999995 -0.001834312 -0.00052482 0.003992277 0.999990284
1717651714.448663 0.0096593422 0.025573723 0.4619005957999999 -0.002900557 -8.8812e-05 0.003695788 0.999989033
1717651714.46773 0.009189121 0.024190783599999998 0.47317887579999995 -0.003990576 0.000207199 0.003343151 0.99998647
1717651714.485549 0.011495639199999998 0.0206075492 0.47918320979999995 -0.003922975 0.000180256 0.003715941 0.999985397
1717651714.499656 0.010840323199999998 0.019336256399999998 0.4882486367999999 -0.003712356 0.000565255 0.00345751 0.999987006
1717651714.517684 0.0116861528 0.019572452599999998 0.49869025499999997 -0.002577896 0.000711268 0.00388138 0.999988914
1717651714.531939 0.012017523 0.024928503999999997 0.506759207 -0.001600442 0.000819063 0.004066469 0.999990165
1717651714.549386 0.015193022599999998 0.0227648434 0.5155978539999999 -0.002317913 0.000478732 0.0045547 0.999986827
1717651714.568369 0.0130419936 0.0246960476 0.5261017424 -0.002095629 0.00109663 0.004767317 0.999985933
1717651714.586875 0.016862279799999998 0.022243139 0.5350799488 -0.001819663 0.000745262 0.006122533 0.999979377
1717651714.599679 0.0157253392 0.0193194342 0.5458913656 -0.001313133 0.001362409 0.005711209 0.99998194
1717651714.618222 0.0209236428 0.0246675276 0.5521763869999999 -8.5401e-05 0.000878932 0.006122526 0.999980867
1717651714.640452 0.019670690199999997 0.029144114199999994 0.5629351614 -0.000871965 0.001567602 0.005827391 0.999981463
1717651714.650968 0.018608955 0.029590686799999998 0.5756092976 -0.002179099 0.001908458 0.005224177 0.999982178
1717651714.670089 0.0169086248 0.026859427599999996 0.5852456076 -0.002963253 0.002166805 0.004461745 0.99998337
1717651714.690909 0.014440710999999998 0.027339768799999997 0.5881983383999999 -0.003351818 0.002210741 0.003426269 0.999986112
1717651714.704154 0.017066648599999998 0.028652733 0.5956736189999999 -0.003895797 0.001565663 0.003238156 0.999985933
1717651714.722832 0.016084010399999998 0.027556755399999997 0.6078709192 -0.00442563 0.00163549 0.003304383 0.99998349
1717651714.737827 0.0149029696 0.028406941199999997 0.6216131616 -0.004280814 0.001922279 0.003522286 0.999982774
1717651714.754325 0.015955371399999998 0.027045226199999998 0.6301169654 -0.003793751 0.001946006 0.00267756 0.999987364
1717651714.770845 0.017512374799999997 0.022681417799999996 0.6370148908 -0.002805161 0.002154267 0.002567451 0.999990463
1717651714.790217 0.015205253999999998 0.024555526799999998 0.64854641 -0.001254186 0.002677996 0.001982554 0.999993682
1717651714.803594 0.016547143 0.022900708999999998 0.6565553825999999 -0.000169917 0.002446843 0.002147906 0.999994695
1717651714.823054 0.0155722604 0.022850109 0.6673132324 0.000176298 0.002571156 0.00110282 0.999996126
1717651714.835284 0.015065736 0.024235486399999995 0.6766955809999999 0.000339531 0.002423836 0.000866091 0.999996603
1717651714.854177 0.01433544 0.0236738494 0.6858112216 0.000303467 0.00250039 0.0006258 0.999996662
1717651714.873857 0.014797100599999998 0.022165086199999996 0.6973493234 0.000469361 0.002181711 0.000610032 0.999997377
1717651714.891206 0.0150468576 0.025504860999999997 0.7089694017999999 0.000720218 0.002470237 0.000489871 0.999996603
1717651714.906347 0.016890942399999997 0.027467492399999998 0.7177245634 0.000118668 0.002390649 0.000930801 0.999996781
1717651714.922949 0.0137715398 0.027076639599999997 0.7291821882 -0.000809744 0.002949593 0.000715772 0.999995112
1717651714.935675 0.013361670599999998 0.0234781746 0.7396426204 -0.001777 0.002917988 0.000712517 0.99999392
1717651714.958144 0.0176264134 0.022795299999999998 0.7508168806 -0.000835421 0.00237339 0.001071456 0.999996305
1717651714.975568 0.0182595022 0.023699733599999998 0.7579988559999999 -5.996e-06 0.002615086 0.000716435 0.999996305
1717651714.992076 0.0170857892 0.020108347999999998 0.7694852031999999 0.000740982 0.002829169 0.000664565 0.99999553
1717651715.006942 0.0196287244 0.0210090924 0.7778218292 0.002758515 0.002363194 0.001091086 0.999992788
1717651715.025063 0.0216751448 0.0205496812 0.7890935587999999 0.003711654 0.002444783 0.000982837 0.999989688
1717651715.039536 0.019154404599999997 0.023255690999999995 0.7998201516 0.004837453 0.002715361 0.000549312 0.999984443
1717651715.061947 0.0193639392 0.025759379 0.8097853431999998 0.004723617 0.002765956 0.000701758 0.999984801
1717651715.076436 0.017372415199999998 0.025556790399999998 0.8250031597999998 0.003647754 0.002826042 0.000179291 0.999989331
1717651715.094793 0.015707891399999997 0.025091325599999995 0.8362857959999999 0.002907569 0.00297816 -0.000389975 0.999991298
1717651715.107168 0.019622744399999996 0.0255427282 0.8440706243999999 0.00290591 0.00248547 -8.5863e-05 0.999992728
1717651715.125859 0.019070905399999998 0.027972659799999997 0.8556876898 0.002946221 0.002656036 -0.000143657 0.999992192
1717651715.138309 0.019417736199999997 0.0265755616 0.8663957722 0.002404651 0.00278607 -0.000449678 0.999993205
1717651715.158605 0.0186321482 0.0301205424 0.879376135 0.002475715 0.002922628 -0.000511092 0.999992609
1717651715.181849 0.018950942 0.030551787799999997 0.8931736279999999 0.001049336 0.002779281 -0.000592165 0.99999547
1717651715.191469 0.017627655399999997 0.028247739799999998 0.9014826953999999 2.6445e-05 0.002649772 -0.000598087 0.999996305
1717651715.206436 0.014515382799999999 0.0250831882 0.9184750172 -0.000271332 0.002892608 -0.001301657 0.999994934
1717651715.222547 0.0163887788 0.022158802599999996 0.9281798718 0.002032325 0.002323376 -0.001378315 0.999994278
1717651715.238775 0.017010546999999997 0.023563877199999996 0.9409198477999999 0.004927262 0.002005835 -0.001196403 0.999985158
1717651715.261795 0.014994601599999997 0.028255108999999997 0.9526397278 0.006103882 0.002096982 -0.001252121 0.999978423
1717651715.278182 0.0181615682 0.029175159599999997 0.9595695955999999 0.004210419 0.00142366 -0.001289179 0.999989331
1717651715.298505 0.020024375 0.030620433599999997 0.9715665381999999 0.002404791 0.001041089 -0.001460029 0.99999553
1717651715.307897 0.015451441399999998 0.0232812072 0.9886560579999999 0.001048811 0.001742273 -0.002430228 0.999994993
1717651715.326085 0.0181646962 0.022707232999999997 1.0001431595999999 0.003923223 0.001229923 -0.001488505 0.999990463
1717651715.338955 0.018532549 0.0216963324 1.0142369018 0.006330633 0.001026254 -0.001128162 0.99997884
1717651715.360919 0.0219186504 0.027707548 1.0179120304 0.008279815 0.000642571 -0.0005325 0.99996537
1717651715.377568 0.0231785536 0.034532213799999996 1.0305079896 0.006547255 0.000152364 -6.9342e-05 0.999978602
1717651715.393584 0.019904172399999996 0.030186809999999998 1.0478149375999999 0.004014 0.000646746 -0.00036432 0.999991715
1717651715.409145 0.0173610716 0.0314067898 1.0696498496 0.004029484 0.001134917 -0.000374927 0.999991179
1717651715.426037 0.021333318799999997 0.0298775428 1.0779485624 0.004399969 2.0705e-05 0.000558727 0.999990165
1717651715.441075 0.019382661199999998 0.029991586 1.0874738974 0.004422296 -4.477e-05 1.0857e-05 0.999990225
1717651715.458401 0.020239411199999998 0.0367324306 1.1019100957999999 0.004124046 -0.000337125 0.001007747 0.999991
1717651715.473681 0.022690465999999996 0.037255929 1.1159165161999998 0.001868677 -0.000500725 0.001631746 0.999996841
1717651715.495644 0.0236558358 0.038383867399999994 1.1331400386 -9.2565e-05 -0.000420864 0.002016698 0.999997914
1717651715.507275 0.0222001106 0.037913590999999996 1.1492186532 -0.00121954 0.000220153 0.001912841 0.999997437
1717651715.526227 0.0217005276 0.03528370659999999 1.1618366832 -0.001745459 0.000393875 0.002621167 0.999994993
1717651715.541221 0.0266488948 0.035164787399999994 1.1748375436 -0.001030713 0.00017902 0.003033407 0.999994874
1717651715.558952 0.022946221399999998 0.03611168359999999 1.1905061832 -0.001100863 0.000543051 0.003421195 0.999993443
1717651715.577023 0.0259468014 0.03980868059999999 1.2038427792 -0.000851821 0.000248523 0.003339796 0.99999404
1717651715.590389 0.0251124626 0.0410106606 1.2183030999999998 -0.002404692 0.000265071 0.002621004 0.999993682
1717651715.608036 0.0230823308 0.04172407919999999 1.23418506 -0.004123719 0.000221397 0.002245591 0.999988973
1717651715.623662 0.021507897999999998 0.037464171 1.2511843047999998 -0.004518365 0.000283637 0.002563279 0.999986529
1717651715.640566 0.0239407598 0.036896563199999996 1.2657034412000001 -0.002805631 -9.5088e-05 0.002515079 0.999992907
1717651715.658771 0.023631423599999996 0.040200789199999996 1.2797008087999997 -0.001553349 5.6921e-05 0.003581906 0.999992371
1717651715.678883 0.0246062878 0.0457553076 1.2939279417999998 -0.002365389 0.000118511 0.003145992 0.999992311
1717651715.697383 0.0258165018 0.04520549719999999 1.3070187321999998 -0.00472988 -3.9683e-05 0.004035346 0.999980688
1717651715.712218 0.024783373999999997 0.0398392338 1.3241460226 -0.006530246 0.000771751 0.003760482 0.99997133
1717651715.728177 0.027153712599999998 0.041414448599999994 1.3398911601999999 -0.005836214 0.00061286 0.004649994 0.999971986
1717651715.746709 0.026078927199999997 0.0382082854 1.355759955 -0.005508996 0.001296263 0.005441279 0.999969184
1717651715.758893 0.029948203399999995 0.0395279334 1.3697887175999999 -0.00367323 0.001133086 0.006081734 0.999974132
1717651715.781257 0.0326294054 0.0509281226 1.3796696647999998 -0.002957214 0.001152935 0.006390222 0.999974549
1717651715.797683 0.030730125199999996 0.05215558199999999 1.397505162 -0.007642891 0.00175046 0.005302858 0.999955237
1717651715.810822 0.0275652884 0.0531831254 1.4177825231999999 -0.00967631 0.002593036 0.004652055 0.999939024
1717651715.826937 0.0268695614 0.05707367199999999 1.4326563104 -0.010904994 0.002655576 0.004906675 0.999925017
1717651715.845465 0.023451167999999998 0.047137280999999996 1.4532337618 -0.012596712 0.003380564 0.003232128 0.999909759
1717651715.861304 0.027680122799999998 0.0455651712 1.4650722252 -0.01018416 0.0028934 0.001556962 0.99994278
1717651715.877562 0.027113421199999998 0.0458474916 1.4803348043999998 -0.007895066 0.002891242 0.001542438 0.999963462
1717651715.895304 0.0266988232 0.0396280708 1.4929911569999998 -0.007012044 0.002734981 0.00123151 0.999970973
1717651715.910532 0.0236637018 0.0437660514 1.5085350445999999 -0.005030296 0.003042678 0.001046222 0.999982238
1717651715.927116 0.0280379568 0.04998021439999999 1.5233136945999999 -0.004965328 0.002249968 0.001553644 0.999983966
1717651715.9461 0.026938966199999997 0.0491240486 1.5390677469999998 -0.007139495 0.002345394 0.001160541 0.999971092
1717651715.962959 0.028402925399999997 0.053855475199999996 1.5559733587999998 -0.008799858 0.002282261 0.001004259 0.999958217
1717651715.978715 0.025893533399999998 0.0467348684 1.5747468282000001 -0.010357319 0.002624962 0.001472719 0.999941885
1717651715.99654 0.0285216468 0.042693589 1.5906313917999997 -0.008097849 0.002271796 0.002101652 0.999962449
1717651716.010484 0.0327407392 0.0416511416 1.6057515319999998 -0.004409946 0.001814686 0.002843983 0.999984622
1717651716.033278 0.033885596399999995 0.0442613104 1.6173647563999998 -1.1997e-05 0.00161511 0.002497736 0.999995649
1717651716.051519 0.035160362199999996 0.0491862452 1.6291068497999999 0.001466971 0.001670602 0.000991887 0.99999702
1717651716.070374 0.035071936399999996 0.054086965599999995 1.6466888685999999 -0.000226912 0.001948466 0.001362752 0.999997139
1717651716.081522 0.0356917404 0.0549434074 1.6625268157999997 -0.002052611 0.001946164 0.001467926 0.999994934
1717651716.101559 0.036079281199999994 0.05460222079999999 1.6821540912 -0.00423352 0.002101464 0.001042789 0.999988317
1717651716.114385 0.0362987656 0.0526260608 1.6995340365999998 -0.004811945 0.002299946 0.000876081 0.999985456
1717651716.132155 0.0343446994 0.054162538999999996 1.7149298685999999 -0.004442054 0.00274226 0.001101557 0.999985814
1717651716.152221 0.033617743 0.0513476242 1.7347978711999998 -0.004231649 0.002472146 0.000418981 0.9999879
1717651716.165475 0.0332373138 0.0496551278 1.7516264376 -0.001807425 0.002087504 -5.3086e-05 0.999996245
1717651716.182358 0.035631715 0.0492839492 1.7629295667999998 0.00020539 0.00132467 7.2804e-05 0.999999166
1717651716.197807 0.036865922599999996 0.053130464599999996 1.7749001882 0.000433138 0.000387298 -2.171e-06 0.999999821
1717651716.214177 0.034813554399999995 0.0608429166 1.7947713417999998 -0.001455903 -8.93e-07 -0.000690929 0.999998748
1717651716.229615 0.032330235199999995 0.05191594499999999 1.8124349277999998 -0.003816514 -0.000327833 -0.000939209 0.999992251
1717651716.247588 0.0312403112 0.05104604819999999 1.8337641848 -0.000427721 -1.9924e-05 -0.000229897 0.999999881
1717651716.266464 0.0358690888 0.052880886999999994 1.8442513476 0.002862592 -0.000624686 0.000439455 0.999995589
1717651716.284998 0.036548264999999996 0.061775033 1.8592637373999998 0.002145346 -0.000754565 0.000942482 0.99999702
1717651716.298739 0.035473267999999995 0.06000416639999999 1.8814195085999998 -0.000451492 -0.000285188 0.000593585 0.999999702
1717651716.31589 0.0369379126 0.0625778526 1.8989595754 -0.000324816 -0.000738466 0.001590726 0.99999845
1717651716.329818 0.03940216939999999 0.0682730206 1.9136637881999998 -0.000982706 -0.001346987 0.001568757 0.999997437
1717651716.355762 0.037016821 0.06820973379999999 1.9296053779999998 -0.002902896 -0.001027196 0.001715556 0.999993801
1717651716.367437 0.036028497199999995 0.07120837719999999 1.9483245627999999 -0.004704224 -0.000466535 0.002375552 0.999986053
1717651716.386543 0.035289746399999995 0.06766513519999999 1.9672746077999999 -0.005984563 6.2592e-05 0.002794447 0.999978244
1717651716.403013 0.036077974799999996 0.0664247774 1.9836902551999998 -0.005760862 0.000332775 0.00306164 0.999978721
1717651716.416728 0.0384821924 0.0691481062 2.001331085 -0.005305771 0.00025536 0.003714195 0.999979019
1717651716.43719 0.04051142259999999 0.07201157859999999 2.0164638384 -0.004762878 0.000140889 0.003873629 0.999981165
1717651716.451464 0.042725250799999996 0.0715220052 2.0301856567999996 -0.005661028 0.000110593 0.00300314 0.999979496
1717651716.471944 0.040812694999999996 0.07310742739999998 2.0496976378 -0.007252205 0.000480089 0.002874631 0.999969482
1717651716.48689 0.042697489799999995 0.06833172579999999 2.0666619226 -0.007573999 0.000220951 0.002819081 0.999967396
1717651716.500726 0.042382297799999996 0.06837098219999999 2.082918548 -0.005771928 0.000499196 0.003180776 0.999978244
1717651716.519335 0.045024993199999995 0.0741699676 2.0964291114 -0.004214756 0.000255962 0.00349161 0.999985039
1717651716.534908 0.046006932199999996 0.07774163299999999 2.1139586212 -0.00613746 0.000247061 0.003170042 0.999976158
1717651716.549026 0.045708369199999994 0.0698716816 2.1343989787999997 -0.008769857 0.000721958 0.003620752 0.99995476
1717651716.569021 0.044775038399999995 0.0720525508 2.1549110365999997 -0.007761005 0.001301532 0.004383422 0.999959469
1717651716.585601 0.048709519599999994 0.0700466932 2.1721665013999996 -0.007384011 0.001256052 0.005141027 0.999958754
1717651716.600058 0.053494273999999994 0.06876394179999999 2.1855860354 -0.004925464 0.001061408 0.006455508 0.999966502
1717651716.61927 0.05800798719999999 0.08317402139999999 2.198599095 -0.003993554 0.001197882 0.005464046 0.999976397
1717651716.634581 0.055706105799999996 0.08028644959999999 2.2167908897999995 -0.008998154 0.00175452 0.004674591 0.999947071
1717651716.652305 0.0471503082 0.0793208498 2.2372296051999996 -0.010807621 0.003437487 0.003764946 0.999928653
1717651716.670323 0.04884740459999999 0.0752327194 2.2567005909999995 -0.01238353 0.003085997 0.00303132 0.99991399
1717651716.689641 0.049186226799999996 0.071812647 2.2811867728 -0.010191658 0.004127791 0.001524979 0.999938369
1717651716.710358 0.05238704019999999 0.06897255179999999 2.2946222044 -0.006756504 0.004315581 0.000676918 0.999967635
1717651716.724367 0.0517434174 0.0675273974 2.3131250604 -0.003901169 0.004806635 0.000435523 0.999980807
1717651716.739332 0.056234470999999994 0.0712500946 2.3295164474 -0.00045733 0.00428358 0.001334392 0.999989867
1717651716.758723 0.057881132999999994 0.0760967144 2.3375063667999996 -0.000497865 0.003871386 0.000800104 0.999992132
1717651716.772152 0.054602276 0.081260794 2.3578402022 -0.003560646 0.004742745 0.000279976 0.999982417
1717651716.786946 0.052723222 0.08172880259999998 2.3796461204 -0.006162198 0.005164056 0.000546731 0.999967575
1717651716.80345 0.051490859 0.07380501279999999 2.4035465106 -0.006071772 0.005365951 0.000115828 0.999967217
1717651716.821272 0.0516848962 0.06491957 2.4238156424 -0.00304435 0.005306734 0.000498775 0.999981165
1717651716.834134 0.0567540962 0.0668317026 2.4369993803999996 0.002333481 0.004580241 -6.7774e-05 0.999986827
1717651716.854516 0.05900682659999999 0.0690903992 2.450761366 0.004445685 0.004318369 -0.001642179 0.999979496
1717651716.869772 0.053033864599999994 0.08489169359999998 2.4677504677999997 0.003442355 0.004306938 -0.001485727 0.999983728
1717651716.891788 0.055385288 0.0872199698 2.4850633728 4.451e-05 0.004188993 -0.001808706 0.999989629
1717651716.906149 0.05349580579999999 0.0857134468 2.5097460022 -0.00334573 0.00480084 -0.002545572 0.999979675
1717651716.92128 0.051958609999999995 0.08273164859999999 2.528107928 -0.005276942 0.00520285 -0.002905061 0.99996835
1717651716.935111 0.0490714522 0.0757751974 2.5518476493999995 -0.004694327 0.005898234 -0.004139375 0.999963045
1717651716.951056 0.050080650799999994 0.0687202832 2.5707708258 -0.002078539 0.005583441 -0.004550893 0.999971926
1717651716.972114 0.051373480799999996 0.07279898359999999 2.5859059114 0.001460583 0.00453957 -0.00387591 0.999981105
1717651716.985509 0.0509894728 0.095030756 2.5951175816 0.001886324 0.003236326 -0.002998962 0.999988556
1717651717.007696 0.046035052 0.09897493859999999 2.6204297301999997 -0.003626824 0.003393555 -0.003537514 0.999981463
1717651717.024758 0.04449603 0.088866112 2.6495039244 -0.006621113 0.002717144 -0.002539315 0.999971151
1717651717.040594 0.045409359999999996 0.08034536179999999 2.6626180183999995 -0.005183637 0.002067575 -0.002081461 0.999982297
1717651717.057657 0.048908073999999996 0.093533042 2.6775639198 -0.003303648 0.001608658 -0.001986897 0.999991298
1717651717.074522 0.0451972264 0.09240660779999998 2.7017362942 -0.005127973 0.002616578 -0.002887134 0.999979258
1717651717.096283 0.044399121799999997 0.09488238759999999 2.7201270114 -0.004902139 0.003196102 -0.001926788 0.999981046
1717651717.103358 0.045179451999999995 0.1074666352 2.7396311769999997 -0.006777193 0.002837541 -0.001838655 0.99997139
1717651717.124202 0.05171814499999999 0.11478256719999998 2.75648675 -0.010211404 0.001736915 -0.001324042 0.999945462
1717651717.139699 0.0412450352 0.11257401059999998 2.7850750922 -0.014365217 0.003773281 -0.00157858 0.99988848
1717651717.15658 0.042433849999999995 0.1101167366 2.8100083249999996 -0.014483004 0.004236556 -0.000773884 0.999885917
1717651717.169796 0.0496967348 0.10302973279999998 2.8236225264 -0.013659978 0.003576727 -0.000885976 0.999899924
1717651717.189347 0.053419592999999994 0.10638339959999998 2.8431099664 -0.012004266 0.003560903 -0.000650293 0.999921381
1717651717.204102 0.050376347999999994 0.1109401228 2.8630827063999997 -0.012290196 0.004741384 -0.001785003 0.999911726
1717651717.223287 0.05397476699999999 0.10867529899999999 2.8812455764 -0.015181527 0.004549186 -0.001332158 0.999873579
1717651717.236668 0.0561777806 0.1023580132 2.8997448674 -0.015777327 0.004559122 -0.001449494 0.999864101
1717651717.255335 0.057300760199999995 0.10899238159999998 2.9194823634000002 -0.013735387 0.004847582 -0.000641814 0.999893725
1717651717.276401 0.066247061 0.11117816359999999 2.934166419 -0.01287127 0.004173442 -8.0724e-05 0.999908447
1717651717.289551 0.06049059799999999 0.11380820439999999 2.960887589 -0.012105852 0.005730901 0.001018573 0.999909818
1717651717.306025 0.0577236934 0.09912015599999999 2.9776046974 -0.012765139 0.007030993 0.001329938 0.99989295
1717651717.324276 0.061066476599999996 0.1040352468 3.0045358895999996 -0.010504055 0.007344921 0.002887149 0.999913692
1717651717.338744 0.07073777419999999 0.1076474842 3.0192651861999997 -0.00818453 0.006514326 0.003191628 0.999940217
1717651717.35574 0.0730756552 0.1213912308 3.0352825886 -0.008338871 0.007174917 0.001809927 0.999937832
1717651717.381905 0.0666702886 0.1213214074 3.061937951 -0.012544488 0.00834866 0.001437958 0.99988544
1717651717.389965 0.0649478186 0.1151512986 3.0816735287999997 -0.015074903 0.008708286 0.000666363 0.999848247
1717651717.409303 0.0599631758 0.10705876699999999 3.1051031458 -0.013826054 0.009860936 -0.001180752 0.999855101
1717651717.425996 0.0609558006 0.10116275379999999 3.1284883498 -0.010113465 0.010037876 -0.002571049 0.999895215
1717651717.44476 0.06102920739999999 0.10152360999999999 3.1455407843999996 -0.005709627 0.009964171 -0.002309519 0.999931395
1717651717.465143 0.06678972759999999 0.10520736359999998 3.1593743321999996 -0.003688148 0.008579433 -0.001925454 0.999954581
1717651717.477846 0.0658282264 0.12029812819999999 3.1857069862 -0.00268128 0.008845863 -0.002378883 0.999954462
1717651717.49897 0.06367475019999999 0.11956000759999999 3.2088720204 -0.007125157 0.008986039 -0.002582647 0.999930978
1717651717.507677 0.05920072579999999 0.10533223979999999 3.2334948773999996 -0.008434535 0.009800333 -0.002097268 0.999914229
1717651717.527858 0.0628631906 0.0927601132 3.2537332995999995 -0.005289033 0.00962487 -0.001943572 0.999937832
1717651717.539876 0.06658741039999999 0.0791715338 3.2721023553999995 -0.001262599 0.009415261 -0.00245856 0.999951899
1717651717.558517 0.0686330902 0.10305059379999998 3.2823260301999997 0.004668539 0.009733782 -0.003084194 0.999936998
1717651717.574205 0.0750900688 0.1124800602 3.3041807543999995 0.001834023 0.009382312 -0.003050719 0.999949634
1717651717.592035 0.0857386226 0.11536068599999999 3.3261583077999997 -0.002105944 0.009383258 -0.002415051 0.999950886
1717651717.60903 0.0818439268 0.11507812639999998 3.3587982288 -0.005016841 0.013434301 -0.001897968 0.999895394
1717651717.623641 0.0830818742 0.10393884 3.3834271209999995 -0.006907858 0.015701301 -0.002930261 0.999848664
1717651717.648829 0.075752961 0.092468418 3.4075833218 -0.004321511 0.019680155 -0.004009245 0.99978894
1717651717.661035 0.0846797992 0.10325099739999999 3.4200380104 0.002429167 0.019596642 -0.003912946 0.999797344
1717651717.685989 0.10388316619999999 0.11534679859999998 3.4318132743999996 0.003323327 0.018008089 -0.002458696 0.999829352
1717651717.695734 0.09917190599999999 0.11375670739999999 3.4584576703999996 -0.002516657 0.020667413 -0.003042857 0.999778688
1717651717.711144 0.09921118999999999 0.1002479058 3.4829486499999995 -0.004511726 0.022823716 -0.002992491 0.999724925
1717651717.726403 0.10601394599999998 0.10727762579999998 3.4980168332 -0.001070918 0.024102377 -0.002184984 0.999706566
1717651717.746751 0.11606111879999999 0.10754710759999998 3.5442970053999994 -0.000596982 0.026417179 -0.002465395 0.999647796
1717651717.762414 0.12451404199999998 0.11187339839999999 3.5615638506 0.00116453 0.027807463 -0.002050113 0.999610543
1717651717.781454 0.13497997579999998 0.12562867719999998 3.5805761335999997 0.000399073 0.027893933 -0.001037267 0.999610245
1717651717.797386 0.13487360999999998 0.12089675379999998 3.6073005925999997 -0.004040553 0.03073436 -0.000349525 0.999519408
1717651717.809874 0.14588410559999998 0.12167029439999999 3.6252251963999993 -0.005009984 0.031359445 0.000113736 0.999495685
1717651717.82683 0.1461300492 0.12490122399999999 3.6362179497999993 -0.004834469 0.033014081 0.001150916 0.999442577
1717651717.844628 0.14275111459999998 0.11968924 3.6626199718 -0.005042016 0.037044421 0.00106594 0.99930042
1717651717.860368 0.1563128024 0.1249711026 3.6768063901999994 -0.00510328 0.037010204 0.000749827 0.999301612
1717651717.87771 0.15310219099999997 0.12265512679999999 3.7319670188 -0.005796375 0.042896681 0.000211713 0.999062717
1717651717.896512 0.167309429 0.12408042759999999 3.7522868748 -0.00275932 0.043865047 0.001029494 0.999033153
1717651717.910367 0.1804199074 0.13367802399999998 3.7705119827999996 -0.000457632 0.045715488 4.2051e-05 0.998954415
1717651717.926169 0.18618338999999998 0.1285952494 3.7922194701999996 -0.00257329 0.049773909 0.000554701 0.998757064
1717651717.943587 0.2074246628 0.12122954999999999 3.8115125188 -0.001944298 0.052408081 0.002117993 0.998621702
1717651717.962378 0.2228985522 0.1300033876 3.8349832644 -9.862e-05 0.056898147 0.002181225 0.998377681
1717651717.978815 0.2382361206 0.1489702778 3.8543358093999998 -0.000626463 0.061916869 0.001568124 0.998079896
1717651717.995886 0.2494750384 0.14879130559999998 3.8810172215999996 -0.007070936 0.068944357 0.001686597 0.997593999
1717651718.01839 0.27326532759999994 0.1318819586 3.9006376383999997 -0.010680724 0.074758925 0.004952116 0.997132182
1717651718.032592 0.30593852499999996 0.14639101639999996 3.9393301151999998 -0.00636285 0.08038187 0.003672623 0.996737063
1717651718.049042 0.313475188 0.1382695094 3.9653913278 -0.007255075 0.088160634 0.003348002 0.9960742
1717651718.064905 0.327424849 0.11981618619999998 3.9826077201999994 -0.007683234 0.092931554 0.002692089 0.995639265
1717651718.080816 0.3367661058 0.1315050024 4.0112742072 -0.001555442 0.097868159 0.003124618 0.995193303
1717651718.100032 0.35232325979999995 0.12265055439999999 4.0168450234 -0.00306996 0.098892331 0.000829631 0.995093048
1717651718.113249 0.33600638359999996 0.1197144204 4.041846800799999 -0.005797782 0.105616249 -0.00055135 0.994389951
1717651718.132844 0.34254811259999995 0.12969518759999998 4.073828958599999 -0.00272322 0.10580533 0.002234865 0.994380653
1717651718.154024 0.3591596648 0.1251562112 4.0826973537999995 -0.001613102 0.101926066 0.001970706 0.994788706
1717651718.164737 0.34978728899999995 0.14477679359999998 4.109679817599999 0.002310698 0.104703471 -0.001848471 0.994499087
1717651718.180058 0.3520582998 0.1527497482 4.1484115002 0.00221727 0.105809666 -0.000978368 0.994383454
1717651718.199391 0.35332049379999997 0.1512360078 4.1694911106 0.001919887 0.105801366 -0.000221412 0.994385481
1717651718.212233 0.358305592 0.14371583119999998 4.1939160112 0.001428172 0.106101513 0.000111771 0.994354308
1717651718.228636 0.37299615659999996 0.1603311508 4.210637508 0.005247577 0.103642479 0.000232492 0.994600773
1717651718.246389 0.37363400639999994 0.1655684808 4.237286020999999 0.003780174 0.105073296 0.001078629 0.994456708
1717651718.266978 0.3800750414 0.1717432816 4.2576239688 0.002456643 0.104902945 -7.6152e-05 0.994479477
1717651718.283686 0.38188097379999997 0.17441369199999998 4.2806223035999995 1.8487e-05 0.105824023 -0.000379512 0.994384825
1717651718.295236 0.387862202 0.1534614004 4.3071614147999995 -0.005215781 0.107041232 -0.000670772 0.994240761
1717651718.31451 0.3946509694 0.15005617219999998 4.3346173888 0.000726757 0.106913917 -0.002052759 0.994265974
1717651718.328038 0.3945653542 0.152028068 4.352521706599999 0.004734142 0.108281113 -0.001701349 0.994107604
1717651718.346427 0.3991138894 0.1564373474 4.3765399948 0.006475741 0.107993305 -0.002117985 0.994128346
1717651718.366444 0.3998527046 0.16309430179999998 4.3957927336 0.007680618 0.109270386 -0.002505721 0.993979275
1717651718.379269 0.4138513418 0.16414892080000001 4.4187940814 0.005604977 0.107146531 -0.000283796 0.994227409
1717651718.396039 0.41798112979999996 0.16119616239999998 4.442141997799999 0.004711727 0.108267993 -5.2225e-05 0.994110644
1717651718.415048 0.42329568919999994 0.15739571599999996 4.4645149212 0.005615553 0.109063312 0.000498326 0.994018853
1717651718.432983 0.43428765599999997 0.1613858756 4.486823416999999 0.00969997 0.107756294 0.00187401 0.994128287
1717651718.449467 0.43788779539999995 0.1745354448 4.5080116012 0.011746876 0.109238461 0.001462223 0.993945122
1717651718.470062 0.44252056579999993 0.18081105919999998 4.534565519799999 0.00677983 0.109910272 0.001802934 0.99391675
1717651718.484885 0.4462668426 0.168372259 4.562835266 0.001428621 0.111153804 0.002220108 0.993799746
1717651718.499657 0.450697857 0.1671866458 4.5851012578 0.00272165 0.112502575 0.002291051 0.993645072
1717651718.515588 0.463791113 0.16170978919999998 4.605347086 0.004235147 0.110940896 0.00317367 0.993812919
1717651718.531486 0.47413230859999994 0.1551983236 4.6231688752 0.007237721 0.110280178 0.003630385 0.993867576
1717651718.54976 0.4805454767999999 0.17460386979999998 4.648768638799999 0.012811396 0.111292027 0.004002729 0.993697166
1717651718.570774 0.489263452 0.18788144319999997 4.669043801199999 0.012110434 0.110792153 0.004447571 0.993759871
1717651718.583633 0.4933293552 0.2071906148 4.693204119 0.007909955 0.111948162 0.004601789 0.993671954
1717651718.598933 0.493963985 0.20021033559999998 4.7248150338 -0.005474824 0.114702597 0.005468836 0.993369758
1717651718.61605 0.5067029627999999 0.190330451 4.7524678694 -0.011590953 0.113238223 0.007951805 0.993468523
1717651718.632182 0.5106526148 0.174971051 4.7760068881999995 -0.012797561 0.115183741 0.005604385 0.993245959
1717651718.652169 0.5146148799999999 0.1775745728 4.795527508 -0.006196453 0.116658226 0.003702133 0.993145943
1717651718.669721 0.523571563 0.18318389559999998 4.817861773 -0.001881684 0.116676316 0.004329901 0.993158877
1717651718.697607 0.526071341 0.18938630559999997 4.8440894136 -0.001219264 0.119079009 0.001104052 0.992883444
1717651718.708234 0.5279840302 0.186299264 4.8693881256 -0.005349983 0.120966122 0.000269355 0.992642224
1717651718.725125 0.5346430729999999 0.18459728239999998 4.8931848777999996 -0.006055677 0.1211081 0.000771633 0.992620587
1717651718.735015 0.5396713192 0.18183567699999997 4.9165188056 -0.005822529 0.12211372 0.000268884 0.992499053
1717651718.754284 0.5508611412 0.18615878 4.937212922199999 -0.002482843 0.121147074 -0.0014723 0.992630422
1717651718.769076 0.5548926686 0.1906014784 4.962509439999999 -0.001186037 0.12312372 -0.001451047 0.99238956
1717651718.787644 0.5607185778 0.18918577779999998 4.985596609999999 -0.001499688 0.123955809 -0.000743633 0.992286325
1717651718.80386 0.5678164468 0.18691970279999998 5.007165908799999 -0.000159386 0.123969428 -0.001220374 0.992285311
1717651718.821822 0.575398452 0.18953288919999997 5.0281133657999995 0.001695075 0.123166256 -0.000445872 0.992384493
1717651718.836772 0.5813641598 0.1905829864 5.053117608799999 0.000506832 0.124266624 -0.001511275 0.992247641
1717651718.8539 0.5848178168 0.19779337599999997 5.0758466964 0.002044842 0.125392899 -0.002402156 0.992102146
1717651718.867413 0.5924907824 0.19179771299999998 5.0992908494 -0.002303718 0.12458922 -0.001985533 0.992203772
1717651718.886348 0.597549637 0.18112016539999998 5.121420027999999 -0.000450871 0.125493228 -0.003436559 0.992088437
1717651718.901577 0.5991359792 0.18159839059999996 5.1404065372 0.007399319 0.126572579 -0.004383796 0.991920114
1717651718.919247 0.6078303379999999 0.1860491252 5.1604892264 0.012423292 0.124454536 -0.004326002 0.992138147
1717651718.93452 0.6138197633999999 0.1888512934 5.180829097 0.014461639 0.124810629 -0.005685513 0.992058933
1717651718.954053 0.6199753407999999 0.1925422368 5.202413750599999 0.013534135 0.125295743 -0.004733922 0.992015898
1717651718.966818 0.6283248467999999 0.18926521979999997 5.2246750826 0.009129013 0.125368282 -0.003484028 0.992062151
1717651718.986789 0.6362175682 0.18815408519999996 5.249555944399999 0.008992516 0.126607671 -0.003146115 0.99190712
