1717651714.935675 -0.0186937155 0.005909148 0.2722867605 0.002810087 0.004269824 -0.000753257 0.999986708
1717651714.958144 -0.018281412 0.0043639515 0.2795394375 0.002974728 0.004209073 -0.000954961 0.999986231
1717651714.975568 -0.0182007765 0.0055574685 0.2786440005 0.003779743 0.003588298 0.000445792 0.999986291
1717651714.992076 -0.0193174245 0.0023253615 0.2954026755 0.004105043 0.004371789 -0.001366057 0.999981046
1717651715.006942 -0.0181400355 0.0022985999999999996 0.2914907085 0.005046216 0.003608393 -0.000389561 0.999980688
1717651715.025063 -0.0187218945 0.0054285885 0.3045543075 0.006362327 0.003859608 -0.000143089 0.999972284
1717651715.039536 -0.019109097 0.00625446 0.3113658765 0.00736953 0.004049724 -4.879e-06 0.999964654
1717651715.061947 -0.0171340875 0.006846759000000001 0.31430299500000003 0.007185151 0.003531913 -0.000146294 0.999967933
1717651715.076436 -0.02032227 0.0066016575 0.32801076 0.006336949 0.004131628 -0.000721223 0.999971151
1717651715.094793 -0.020882358 0.005872536 0.3338492265 0.005915483 0.004226801 -0.001404985 0.999972582
1717651715.107168 -0.020771892 0.0059850945000000004 0.342985599 0.005700945 0.004098096 -0.001510918 0.999974191
1717651715.125859 -0.019311146999999997 0.004904820000000001 0.35869818150000005 0.00556757 0.004352479 -0.001727897 0.999973536
1717651715.138309 -0.0196845075 0.004269159 0.36498159 0.0053891 0.004247904 -0.001946269 0.999974549
1717651715.158605 -0.0181080585 0.0031405095 0.3639903795 0.005046976 0.0040308 -0.00285655 0.999975085
1717651715.181849 -0.020184768000000002 0.0053812755 0.3846604545 0.004254562 0.004496448 -0.002022547 0.999978781
1717651715.191469 -0.020666286000000002 0.0039970575 0.392808942 0.003564423 0.004300713 -0.002252273 0.99998188
1717651715.206436 -0.019456393500000002 0.0010567620000000002 0.38996941949999997 0.003426092 0.003622543 -0.003592445 0.999981105
1717651715.222547 -0.020599758 0.0003248055 0.409471695 0.004843925 0.003867392 -0.00293264 0.999976456
1717651715.238775 -0.0210578895 0.001096641 0.41770755 0.006792542 0.003774386 -0.002231617 0.999967277
1717651715.261795 -0.018731776500000002 0.003945141 0.412901199 0.007948392 0.002839863 -0.002597889 0.999961019
1717651715.278182 -0.0178029315 0.005575185 0.4241959155 0.006957053 0.002637923 -0.002315259 0.999969661
1717651715.298505 -0.0179398755 0.00507123 0.4327165215 0.005508451 0.00239854 -0.003110124 0.999977112
1717651715.307897 -0.01908243 0.0027081855 0.442769409 0.005057171 0.002660746 -0.003588983 0.999977231
1717651715.326085 -0.0215317755 0.0010397655 0.465437763 0.006270048 0.003296794 -0.003191089 0.99996978
1717651715.338955 -0.019863891 0.001286991 0.47224185750000003 0.008170574 0.002741081 -0.002019827 0.99996078
1717651715.360919 -0.020519081999999998 0.0039965715 0.4801421025 0.009407965 0.003034431 -0.001485413 0.999950051
1717651715.377568 -0.0207292905 0.0051080805 0.48887993249999995 0.007548065 0.002911442 -0.001477342 0.999966204
1717651715.393584 -0.021134313 0.003750354 0.49688378099999997 0.006232562 0.002827106 -0.001805116 0.999974906
1717651715.409145 -0.019528614 0.00370359 0.4998267675 0.006419677 0.002326743 -0.002001107 0.999974668
1717651715.426037 -0.019858882499999998 0.0027021330000000002 0.50952285 0.006433493 0.002097666 -0.001141443 0.999976456
1717651715.441075 -0.019665486 0.0031167045000000003 0.518281605 0.006747476 0.001828737 -0.001354318 0.999974668
1717651715.458401 -0.0203264505 0.004904469 0.5283765675 0.006077106 0.001686167 -0.001136794 0.999979496
1717651715.473681 -0.020597292 0.0056292255 0.547041321 0.004672757 0.002099099 -0.000308228 0.999986827
1717651715.495644 -0.021143659500000002 0.006264243 0.55860084 0.003689321 0.00224916 0.000265062 0.999990642
1717651715.507275 -0.019372518000000002 0.0065103615 0.5685327585 0.003243289 0.002129285 0.001108814 0.999991834
1717651715.526227 -0.018610155 0.0037035404999999997 0.5685845895 0.002657533 0.00177848 0.0012942 0.99999404
1717651715.541221 -0.018305257499999998 0.003117141 0.576462105 0.003074589 0.001909427 0.001209635 0.999992728
1717651715.558952 -0.0191627685 0.0021471750000000003 0.5860675665 0.002628427 0.00191022 0.001628532 0.999993443
1717651715.577023 -0.0188014725 0.006756871499999999 0.6106040775 0.003415937 0.002163251 0.002221325 0.999989331
1717651715.590389 -0.019286442 0.0062902395 0.619010388 0.002437542 0.002213469 0.001619475 0.999993265
1717651715.608036 -0.019043064 0.0065935125 0.630175149 0.001496129 0.001723944 0.001513855 0.999996245
1717651715.623662 -0.020541096 0.0034310115 0.6420238109999999 0.000861025 0.001964092 0.001864033 0.999995947
1717651715.640566 -0.020390130000000003 0.0036339435 0.6504083955 0.002171921 0.001970302 0.00187803 0.99999392
1717651715.658771 -0.019644349499999998 0.004545288 0.659722833 0.002785582 0.001780373 0.002617944 0.999991119
1717651715.678883 -0.0185769495 0.0073236195 0.6734450835 0.002311332 0.001737689 0.002269678 0.999993265
1717651715.697383 -0.0188491365 0.006921981000000001 0.6843244589999999 0.000662383 0.001655337 0.002304601 0.999995708
1717651715.712218 -0.019199812499999996 0.005012329499999999 0.6970799025000001 -0.000299247 0.001900174 0.002752623 0.999994338
1717651715.728177 -0.018949571999999998 0.005455845 0.7073412299999999 -2.1617e-05 0.002098427 0.002997749 0.999993324
1717651715.746709 -0.019821280499999996 0.0038765205000000002 0.719190828 0.000261841 0.002536508 0.004338156 0.999987304
1717651715.758893 -0.019313644499999998 0.0038257065 0.7308566955 0.001333932 0.002522198 0.004900613 0.999983907
1717651715.781257 -0.0180443745 0.007457778 0.738979362 0.001386194 0.002561633 0.004395521 0.999986053
1717651715.797683 -0.017830089 0.008062479 0.7481966400000001 -0.001425926 0.002742534 0.003915244 0.999987543
1717651715.810822 -0.0192081915 0.00826155 0.765645147 -0.002665362 0.003386067 0.002998355 0.999986231
1717651715.826937 -0.019126777499999997 0.008399304 0.7758569205 -0.003843488 0.00327474 0.00284694 0.999983191
1717651715.845465 -0.0203487075 0.005021253 0.7891738875000001 -0.00451571 0.003414732 0.00184678 0.999982297
1717651715.861304 -0.020709261 0.0044394795 0.7981648514999999 -0.002920585 0.003909849 0.000474978 0.99998796
1717651715.877562 -0.020688583500000003 0.005344452 0.812279979 -0.001157538 0.003810291 0.000398789 0.999992013
1717651715.895304 -0.0201014415 0.00498204 0.8227523925000001 -3.3353e-05 0.003539117 0.000804901 0.999993443
1717651715.910532 -0.021202541999999998 0.0072590355 0.833248215 0.001424658 0.003534287 0.001522125 0.999991596
1717651715.927116 -0.0203842305 0.008487378 0.8430542999999999 0.001159384 0.003151856 0.000606056 0.999994159
1717651715.9461 -0.0206864955 0.0073522845 0.855857826 -0.000442999 0.003289788 0.000283561 0.999994457
1717651715.962959 -0.020243096999999998 0.0075494115 0.865616238 -0.001716019 0.003172655 -0.000355499 0.999993443
1717651715.978715 -0.0210571965 0.0042288975 0.879263856 -0.002781328 0.003252176 -4.3605e-05 0.999990821
1717651715.99654 -0.021265515000000002 0.002187675 0.8903800709999999 -0.001432729 0.00332154 -0.000174642 0.999993443
1717651716.010484 -0.021590158499999998 0.0002318985 0.9033215265 0.000674884 0.003509189 0.000504007 0.999993503
1717651716.033278 -0.021414046500000002 0.0002882025 0.9119511990000001 0.003524434 0.003783259 -1.6451e-05 0.999986649
1717651716.051519 -0.0209787525 0.005135814 0.92325168 0.00514392 0.003759102 0.000208866 0.999979675
1717651716.070374 -0.020882857499999997 0.0041989005 0.9339332445 0.003317863 0.003723921 -3.6545e-05 0.999987543
1717651716.081522 -0.020929797 0.004633789500000001 0.945228024 0.002311873 0.003637879 -7.5924e-05 0.999990702
1717651716.101559 -0.021619957500000002 0.005130342 0.959620959 0.000901315 0.003771624 -0.000360559 0.99999243
1717651716.114385 -0.021414865499999998 0.0051019785 0.9715362705 0.000909266 0.003976259 -0.000402491 0.999991596
1717651716.132155 -0.0208914345 0.0060049845 0.981515295 0.001263875 0.003844949 -0.000200859 0.999991775
1717651716.152221 -0.022377186 0.002910906 0.9942865649999999 0.000895601 0.003847527 -0.001356434 0.999991238
1717651716.165475 -0.0239886315 0.0032445135 1.008671256 0.002846432 0.003841075 -0.001830373 0.999986887
1717651716.182358 -0.0233435925 0.0021951315 1.0197094815 0.003878165 0.003423206 -0.001225073 0.999985874
1717651716.197807 -0.021925503 0.00552348 1.027875132 0.004499102 0.002608229 -0.000889609 0.999986053
1717651716.214177 -0.0249457095 0.0059157045000000005 1.042740738 0.00255022 0.002846325 -0.0021405 0.999990404
1717651716.229615 -0.0259688385 0.0013971015 1.0569225195 0.000974336 0.002515377 -0.002214582 0.99999392
1717651716.247588 -0.0262238715 0.001498734 1.068279327 0.003290019 0.002649772 -0.00228661 0.999988496
1717651716.266464 -0.0231705135 0.005526819 1.0801861875 0.006118422 0.001884052 -0.000795123 0.999979198
1717651716.284998 -0.023477247 0.008621271 1.091059191 0.00565946 0.001872203 -0.000764047 0.99998194
1717651716.298739 -0.0238697325 0.0071019 1.1045970405 0.003727832 0.001988529 -0.001504685 0.999989927
1717651716.31589 -0.0246557655 0.0078827715 1.1144236455 0.003728209 0.001854898 -0.000723026 0.999991059
1717651716.329818 -0.0242412165 0.0087868485 1.128056913 0.002953056 0.001709835 -0.000444376 0.999994099
1717651716.355762 -0.0234947925 0.008860995 1.139004486 0.002174319 0.001347698 0.000683506 0.999996483
1717651716.367437 -0.021400128 0.008751456 1.152525231 0.000601487 0.00128627 0.001060689 0.999998391
1717651716.386543 -0.0217843155 0.007598394 1.164896919 6.1837e-05 0.001557734 0.00115846 0.999998093
1717651716.403013 -0.022379256 0.009906601499999999 1.1776305735 0.000928575 0.001903733 0.002109193 0.99999553
1717651716.416728 -0.024743897999999997 0.010669288499999999 1.1933129115 0.00094031 0.002737952 0.002035655 0.999993742
1717651716.43719 -0.0288571905 0.011990529 1.2106874564999999 0.001255131 0.003660894 0.001518305 0.999991357
1717651716.451464 -0.020882826 0.0084919995 1.2126329999999998 0.000121966 0.002032233 0.001702789 0.999996483
1717651716.471944 -0.020554353 0.008636363999999999 1.2256228035 -0.00097059 0.002004047 0.001417 0.999996543
1717651716.48689 -0.023603967 0.005936031 1.241436303 -0.001359135 0.002804453 0.001041125 0.999994576
1717651716.500726 -0.022748949 0.0071061705 1.2526144065 6.3036e-05 0.00285207 0.001449371 0.999994874
1717651716.519335 -0.0227283705 0.008502273 1.263030363 0.00079565 0.002912976 0.001764366 0.999993861
1717651716.534908 -0.022540981499999998 0.0085405545 1.274160996 -0.000548535 0.002711063 0.001803315 0.999994516
1717651716.549026 -0.0210364875 0.0089167365 1.2908663325 -0.001347431 0.00243871 0.002269736 0.999993563
1717651716.569021 -0.021080934 0.0091242675 1.3026664395 -0.000766241 0.002812311 0.002950104 0.999991417
1717651716.585601 -0.0206730045 0.007611237 1.314093321 -0.000741167 0.002852326 0.003232348 0.999990404
1717651716.600058 -0.0202964985 0.0071794664999999995 1.325174733 0.000877731 0.003031429 0.004292884 0.999985814
1717651716.61927 -0.0192448575 0.011501846999999999 1.3341825315000002 0.00105219 0.003362732 0.00329758 0.999988377
1717651716.634581 -0.0194540265 0.0102826845 1.3481348445 -0.002028404 0.003525526 0.002129104 0.99998945
1717651716.652305 -0.020269696500000003 0.011290149 1.3628159145 -0.002849397 0.003926857 0.002005619 0.999986231
1717651716.670323 -0.0215687115 0.0092667555 1.379012571 -0.004119345 0.004255048 0.000454402 0.999982357
1717651716.689641 -0.022592614499999997 0.0065153115 1.3915248075 -0.002639685 0.004911888 -0.000445414 0.999984324
1717651716.710358 -0.023277501000000003 0.0063569385 1.4026333095 -0.00028654 0.00552455 -0.001515229 0.999983549
1717651716.724367 -0.024823827 0.005147505 1.419384105 0.001729946 0.006156121 -0.001365326 0.999978602
1717651716.739332 -0.021800799 0.0064164915000000005 1.4267998800000001 0.003968454 0.005493204 -0.000577344 0.999976873
1717651716.758723 -0.0184267215 0.009649907999999999 1.434589281 0.004255267 0.004748219 -0.000214143 0.999979675
1717651716.772152 -0.0207116325 0.0088627995 1.4489276985 0.001773309 0.005327313 -0.000858839 0.999983847
1717651716.786946 -0.0203825835 0.006306448500000001 1.461265191 -0.000380926 0.005204244 -0.001060128 0.999985814
1717651716.80345 -0.0221536665 0.0029775645 1.476964161 -0.000164365 0.005547498 -0.001441161 0.999983549
1717651716.821272 -0.022667922 0.002262141 1.4921984385 0.002344484 0.005546856 -0.001077475 0.999981284
1717651716.834134 -0.0230339745 0.0030567915 1.5029621414999998 0.005809395 0.005726049 -0.001706067 0.99996525
1717651716.854516 -0.0222956235 0.006480837 1.5123681135 0.007772477 0.005597312 -0.002238271 0.999951601
1717651716.869772 -0.021364056 0.011532379499999999 1.5245755155 0.006837032 0.004867357 -0.002087647 0.999962628
1717651716.891788 -0.021384976500000003 0.012412989 1.53797409 0.004793308 0.004748897 -0.002144777 0.999974966
1717651716.906149 -0.022774904999999998 0.0111508335 1.5561026055 0.002452374 0.005140741 -0.003562302 0.99997741
1717651716.92128 -0.021416143500000002 0.00826857 1.5693304545000002 0.000966701 0.004997646 -0.004440717 0.999977171
1717651716.935111 -0.0249159555 0.007892198999999999 1.5861850515 0.001917525 0.00565726 -0.005167305 0.999968827
1717651716.951056 -0.0238510035 0.0037365840000000003 1.5972774615 0.003401306 0.005199116 -0.005425125 0.999965966
1717651716.972114 -0.024605046000000002 0.008088304499999999 1.6095299265 0.006285565 0.004779113 -0.004395767 0.999959171
1717651716.985509 -0.024737890499999998 0.015381787499999999 1.619323209 0.006082652 0.003838208 -0.002936994 0.99996978
1717651717.007696 -0.024180471000000002 0.014824998 1.6347095685 0.002138063 0.00319547 -0.004645824 0.999981821
1717651717.024758 -0.0239136795 0.0075010725 1.6512385455 -0.000650896 0.002459624 -0.003965831 0.999988914
1717651717.040594 -0.0275281785 0.0043032420000000005 1.665740178 0.00044211 0.003122819 -0.003653118 0.999988377
1717651717.057657 -0.023644359 0.0064066455000000005 1.6744126995 0.00095493 0.002131461 -0.003249543 0.999991953
1717651717.074522 -0.0259917435 0.0076026374999999995 1.692368208 0.000198344 0.003070042 -0.004610812 0.999984622
1717651717.096283 -0.025049187 0.010510011000000001 1.7060718824999999 0.000810067 0.002972167 -0.00316755 0.999990225
1717651717.103358 -0.021021750000000002 0.013359055500000001 1.7158651649999999 -0.000684873 0.001854763 -0.002989939 0.999993563
1717651717.124202 -0.022475798999999998 0.016550865 1.7317658384999999 -0.00292553 0.001919196 -0.002653992 0.999990344
1717651717.139699 -0.023405620499999998 0.014135782500000001 1.747543797 -0.00573449 0.002177079 -0.002515581 0.999978006
1717651717.15658 -0.024667726499999997 0.0168251715 1.7674687215 -0.004799986 0.002590515 -0.001079054 0.999984562
1717651717.169796 -0.022680171 0.011962471499999999 1.7760316724999998 -0.004825986 0.002504019 -0.001486462 0.999984086
1717651717.189347 -0.020585862 0.012655098 1.7890033725 -0.003785616 0.002297516 -0.000887571 0.999989808
1717651717.204102 -0.0218367855 0.0152281935 1.8019576350000002 -0.003730704 0.002910944 -0.00149684 0.999987662
1717651717.223287 -0.021473325 0.013592205 1.8159825059999999 -0.00575189 0.002902283 -0.001427234 0.999978244
1717651717.236668 -0.0215228565 0.010459021499999999 1.8311872770000002 -0.006141073 0.003328843 -0.002000359 0.999973595
1717651717.255335 -0.021045762000000003 0.0117660105 1.8434514105 -0.005163298 0.003543398 -0.001198167 0.999979675
1717651717.276401 -0.021272314499999997 0.0113593995 1.8576483435 -0.004930559 0.003980107 -0.00092421 0.999979496
1717651717.289551 -0.0198356625 0.010909386 1.870869888 -0.004803524 0.003818566 0.000539349 0.999980986
1717651717.306025 -0.020518164000000002 0.007735104 1.8850158585 -0.004338144 0.004673626 0.000932776 0.999979258
1717651717.324276 -0.020138742 0.0088962075 1.901240811 -0.003071977 0.004748458 0.002768181 0.999980152
1717651717.338744 -0.0166893525 0.0113578155 1.9141070985 -0.00124905 0.004561746 0.002841091 0.999984741
1717651717.35574 -0.018121032000000002 0.0189478935 1.9265289435 -0.000968598 0.005554395 0.001407497 0.999983132
1717651717.381905 -0.018706572 0.015982191 1.943048403 -0.004372112 0.005726347 0.000685579 0.999973774
1717651717.389965 -0.020463097500000003 0.012808854 1.9592673164999999 -0.005934039 0.00612615 -0.00014681 0.999963641
1717651717.409303 -0.0232762635 0.01045026 1.9746696375000001 -0.004768795 0.006895628 -0.001521018 0.999963701
1717651717.425996 -0.0223812585 0.0067983885 1.9893372974999999 -0.002276924 0.006858766 -0.002292428 0.999971271
1717651717.44476 -0.0219476295 0.007234627499999999 2.001485286 0.000823457 0.006756875 -0.001737511 0.999975324
1717651717.465143 -0.0213643035 0.010508341499999999 2.0148758145000003 0.002367446 0.006079664 -0.001430448 0.999977708
1717651717.477846 -0.019253128499999998 0.013791195 2.026654335 0.002003369 0.005406783 -0.002283913 0.999980748
1717651717.49897 -0.0218800035 0.010143333000000001 2.0439639675 -0.001680982 0.005870449 -0.00259424 0.999978006
1717651717.507677 -0.0215802495 0.006748996500000001 2.061440037 -0.001763474 0.005461178 -0.001695249 0.999982059
1717651717.527858 -0.022843732500000002 0.0016905645 2.07539892 0.000519823 0.006320655 -0.001740784 0.999978364
1717651717.539876 -0.0199201005 0.0019048634999999999 2.0884339215 0.00467032 0.005641408 -0.001580745 0.999971926
1717651717.558517 -0.0202931055 0.012746916 2.10316086 0.008986372 0.006112528 -0.00191058 0.999939084
1717651717.574205 -0.0181786455 0.013767997499999999 2.1128400135 0.006458537 0.006099576 -0.002115411 0.999958277
1717651717.592035 -0.018245232 0.0145325385 2.130306021 0.00366345 0.007093495 -0.002565613 0.999964833
1717651717.60903 -0.018061208999999998 0.012245827499999999 2.1450949155 0.001271078 0.008736225 -0.002814122 0.999957085
1717651717.623641 -0.018817515 0.0042704325 2.1611031435 -0.0008227 0.010533308 -0.004432542 0.999934375
1717651717.648829 -0.019822176 0.003038571 2.178442152 0.002099421 0.012580164 -0.004548257 0.999908328
1717651717.661035 -0.014735007 0.005765058 2.187092007 0.006270912 0.011995814 -0.003782443 0.999901235
1717651717.685989 -0.0158351085 0.0147733515 2.1999542715000002 0.007666017 0.013475438 -0.002917292 0.999875546
1717651717.695734 -0.016025791499999997 0.011006878500000001 2.216993274 0.00306999 0.014956013 -0.004357091 0.999873936
1717651717.711144 -0.018635202 0.0051906465 2.2345585245 0.00198329 0.016978996 -0.004732771 0.999842703
1717651717.726403 -0.017630757 0.010374048 2.2491176895 0.004974211 0.018264724 -0.00407326 0.999812543
1717651717.746751 -0.01572291 0.0073989405 2.2624738829999997 0.004043233 0.019549154 -0.00430715 0.999791443
1717651717.762414 -0.01573623 0.009699741 2.2739483700000003 0.005396426 0.021406192 -0.003525472 0.999750078
1717651717.781454 -0.0116131635 0.013492674 2.288945943 0.004262151 0.021424757 -0.00199264 0.999759436
1717651717.797386 -0.012978828000000001 0.0120553695 2.305664154 0.001591294 0.023491604 -0.002081295 0.999720573
1717651717.809874 -0.0112762215 0.0105998715 2.3222965319999997 0.000569711 0.024807604 -0.001943811 0.999690175
1717651717.82683 -0.008929836 0.008452782 2.3379973785 -0.000214682 0.026227053 -0.000456276 0.999655902
1717651717.844628 -0.0050305905 0.009109071 2.3510484675 0.000903719 0.027122445 7.3142e-05 0.999631703
1717651717.860368 -0.0020482829999999997 0.010006082999999999 2.362472532 0.000312121 0.027936645 -0.00044207 0.99960953
1717651717.87771 -0.0028332495 0.00341172 2.3807517885 -0.001649271 0.030161584 -0.000485688 0.999543548
1717651717.896512 -0.0014707079999999998 0.0032684085 2.3960478915 1.2969e-05 0.03215941 -0.00052706 0.999482632
1717651717.910367 0.004798764 0.0081861525 2.4079759425 0.001648947 0.033239286 -0.000607698 0.999445856
1717651717.926169 0.000937116 0.0040988475 2.42327097 4.281e-05 0.037891146 -0.000898743 0.999281466
1717651717.943587 0.007622541 -0.0006658740000000001 2.437240986 8.271e-06 0.040382348 -0.000342416 0.999184251
1717651717.962378 0.015329619 0.004075137 2.453390568 0.001737847 0.043414768 0.000852599 0.999055266
1717651717.978815 0.022795686000000003 0.0168532245 2.4702219674999997 0.00284567 0.04637064 0.000823029 0.998919904
1717651717.995886 0.022545022499999998 0.0153083205 2.4852163185 -0.001620736 0.052587327 5.4698e-05 0.998615026
1717651718.01839 0.0259634565 0.011253051 2.5076267145 -0.003003712 0.058867503 0.002575011 0.998257995
1717651718.032592 0.030447783 0.0097321275 2.5191349964999996 -0.002622608 0.064058401 0.001677193 0.997941315
1717651718.049042 0.030688722 0.007171582500000001 2.5377747435 -0.002826139 0.070104204 0.000498938 0.997535527
1717651718.064905 0.03381867 0.0004664925 2.5499240775 -0.002498432 0.074039929 4.8736e-05 0.997252166
1717651718.080816 0.03008088 0.0035070885 2.569082022 0.000402944 0.079883181 -0.001406634 0.996803164
1717651718.100032 0.032398461 0.008616546 2.581817418 0.002841781 0.082628891 -0.003065741 0.9965716
1717651718.113249 0.032187843 0.010821770999999999 2.5979321295 0.002737365 0.084542982 -0.00287083 0.99641192
1717651718.132844 0.029993093999999998 0.0037801034999999997 2.6154005535000002 0.000778456 0.086236425 -0.003027032 0.996269822
1717651718.154024 0.0342791505 0.0065378565000000005 2.631927789 0.00332292 0.085443884 -0.003064078 0.996332765
1717651718.164737 0.0348775605 0.0142599555 2.643880518 0.005353834 0.08529079 -0.004313633 0.996332407
1717651718.180058 0.037216197 0.01030797 2.6616826035 0.002990452 0.084911048 -0.003544441 0.996377766
1717651718.199391 0.039306465 0.007771212 2.676483036 0.00216203 0.084538877 -0.002710551 0.996414185
1717651718.212233 0.041427054 0.0074828025 2.6949669435 0.002790345 0.084556505 -0.002918282 0.996410489
1717651718.228636 0.0454557825 0.011553237000000001 2.7070969635 0.004091812 0.083828308 -0.002291693 0.9964692
1717651718.246389 0.047411784 0.012833676 2.723525496 0.002590901 0.084074818 -0.002534604 0.996452868
1717651718.266978 0.0506968065 0.013221108 2.7401023485 0.000973105 0.084130585 -0.002941083 0.996449888
1717651718.283686 0.05234013 0.0141749415 2.757013947 -0.000834042 0.084433772 -0.003464603 0.996422708
1717651718.295236 0.0565134885 0.003127968 2.7743281425 -0.004823909 0.084400184 -0.004973026 0.996407866
1717651718.31451 0.0575393265 -0.0020105955 2.790638118 -0.002122806 0.085299782 -0.005800749 0.996336222
1717651718.328038 0.060016639499999996 0.0064887705 2.8046124270000004 0.003710316 0.085103326 -0.004556373 0.996354818
1717651718.346427 0.063915174 0.0073192364999999995 2.8211670224999996 0.004419064 0.08485467 -0.004822983 0.996371865
1717651718.366444 0.065441439 0.011862485999999998 2.8364153804999996 0.005869252 0.085107394 -0.004159822 0.996345818
1717651718.379269 0.0688217895 0.0129266145 2.8541260079999997 0.005032657 0.084913015 -0.002839709 0.996371627
1717651718.396039 0.07227212849999999 0.0083696895 2.870819541 0.002965256 0.085193761 -0.002633 0.996356487
1717651718.415048 0.073902618 0.0062851815000000005 2.8874444085 0.003440046 0.085948028 -0.002130082 0.996291399
1717651718.432983 0.07760458799999999 0.0079773795 2.9032638074999997 0.006246964 0.085605271 -0.000384087 0.996309459
1717651718.449467 0.08176820850000001 0.016430013 2.9166646590000003 0.008892668 0.085330553 -0.000354901 0.996312916
1717651718.470062 0.08354827799999999 0.017395307999999998 2.9344511924999996 0.005175272 0.085693747 -0.000182692 0.996308029
1717651718.484885 0.0878728905 0.0082630575 2.9530684035 8.051e-05 0.085466519 0.000141063 0.99634105
1717651718.499657 0.09148377149999999 0.0102737925 2.9695358295 0.002188532 0.085576512 0.000312035 0.996329129
1717651718.515588 0.0940485825 0.0056966085 2.9868234704999996 0.001998456 0.086329803 5.4207e-05 0.996264577
1717651718.531486 0.0974970315 0.0065047455 3.00159198 0.005755174 0.086670309 0.000529874 0.996220291
1717651718.54976 0.101240442 0.0131644665 3.0169672065 0.008759872 0.086728573 0.001370265 0.996192515
1717651718.570774 0.1054334475 0.0177563925 3.0329891145 0.007537465 0.086125433 0.00206455 0.996253669
1717651718.583633 0.1093537125 0.023756256 3.0496681619999997 0.003501088 0.086019613 0.001905269 0.996285498
1717651718.598933 0.111827655 0.022604116499999997 3.0699985005 -0.003588226 0.086496621 0.002670885 0.996242106
1717651718.61605 0.1120989285 0.01477701 3.092330844 -0.009402955 0.088789642 0.002815943 0.996002018
1717651718.632182 0.1163507805 0.00851715 3.108352212 -0.009466088 0.088828966 0.001813274 0.99600029
1717651718.652169 0.1172966895 0.0098697105 3.1251264795000004 -0.005013697 0.090472333 0.000350822 0.995886266
1717651718.669721 0.119789307 0.013553154 3.142923741 -0.001719262 0.091306664 0.000197838 0.995821297
1717651718.697607 0.1240862625 0.015118339500000001 3.1574256435 -0.001954879 0.090649709 -0.001357213 0.995880008
1717651718.708234 0.124512408 0.014209011 3.1762408005 -0.003986378 0.092413187 -0.002865156 0.995708644
1717651718.725125 0.1281852315 0.011782764000000001 3.1929941475000003 -0.005684935 0.092171699 -0.002600552 0.995723486
1717651718.735015 0.132085098 0.013152987 3.2102764245 -0.00360012 0.092138968 -0.002681958 0.995736003
1717651718.754284 0.136100484 0.01488132 3.2258278710000003 -0.001775131 0.092311278 -0.003908976 0.995720923
1717651718.769076 0.13818853350000002 0.014328126 3.2431546755 -0.002373389 0.093409263 -0.004340519 0.995615482
1717651718.787644 0.14124351599999999 0.0148170465 3.26099646 -0.001648516 0.093948476 -0.003922445 0.995567977
1717651718.80386 0.144823527 0.014892615000000001 3.2772635235 -2.6953e-05 0.093715347 -0.003585576 0.995592594
1717651718.821822 0.1464400125 0.014896768500000001 3.2932985715000003 0.000377043 0.09473972 -0.003883645 0.995494425
1717651718.836772 0.14945947650000002 0.0149965065 3.3097354155 -0.000424856 0.09495125 -0.004676999 0.995470822
1717651718.8539 0.151368489 0.0157846275 3.3255145845 -0.001153959 0.095564477 -0.005479824 0.995407522
1717651718.867413 0.1556845155 0.0138019905 3.3426866250000002 -0.003467353 0.094572254 -0.005665914 0.995495856
1717651718.886348 0.15696015749999997 0.0088260255 3.359900772 -0.002551411 0.095932305 -0.00765511 0.995355189
1717651718.901577 0.1587008925 0.009798462 3.3733464165 0.003412493 0.09604834 -0.007394664 0.995343328
1717651718.919247 0.162895986 0.0111241575 3.3902569395 0.006315785 0.095179804 -0.006634382 0.995417953
1717651718.93452 0.16532713799999998 0.011987793 3.404962152 0.007653197 0.095480651 -0.007964497 0.99537003
1717651718.954053 0.169445673 0.012810708 3.419738712 0.006470221 0.094649076 -0.006725186 0.995466948
1717651718.966818 0.17283029849999998 0.011747889 3.4361500725 0.003799308 0.095172122 -0.006933482 0.995429456
1717651718.986789 0.1762244865 0.0104483565 3.4525330065 0.003501941 0.096270099 -0.005754562 0.99533242
