1717651714.165919 -0.0297091736 0.0069177605999999996 0.2266386604 -0.002597017 0.002054157 0.001238181 0.999993742
1717651714.185894 -0.029309534799999995 0.007637476599999999 0.2332682632 -0.002654376 0.001939517 0.001507979 0.999993443
1717651714.196871 -0.029821059399999995 0.004743763799999999 0.2388554094 -0.003136859 0.002136657 0.000732711 0.999992549
1717651714.214798 -0.0311227444 0.006346127799999999 0.24562124579999997 -0.002753603 0.002313396 0.001662524 0.999992132
1717651714.230053 -0.029270793599999997 0.0077379727999999995 0.2553628406 -0.002336469 0.002323723 0.002324294 0.999991834
1717651714.250015 -0.0350091924 0.011104229799999999 0.2624624254 -0.002070355 0.003766493 0.001025998 0.999990225
1717651714.266742 -0.032843760799999996 0.007489356599999999 0.2662657514 -0.002886865 0.003100466 0.001512077 0.999989867
1717651714.281686 -0.03286907 0.009280155 0.2721513088 -0.003001386 0.003393648 0.000977697 0.999989271
1717651714.297982 -0.030032443199999998 0.007503841999999999 0.27600477479999996 -0.003092911 0.002769775 0.001674815 0.999989986
1717651714.314412 -0.030650374999999997 0.0075205446 0.28297484199999995 -0.003415409 0.002986688 0.001425809 0.999988675
1717651714.331287 -0.031615961 0.0046731032 0.2902364664 -0.003840361 0.003005486 0.000908832 0.999987721
1717651714.35343 -0.0331958862 0.006167242999999999 0.29759487939999996 -0.002859372 0.00330757 0.000764329 0.999990165
1717651714.372617 -0.029906550399999995 0.005008756 0.3011534762 -0.002352788 0.002536404 0.001762629 0.99999243
1717651714.385493 -0.0292812632 0.005835325399999999 0.306534938 -0.001598908 0.002469658 0.002392507 0.999992788
1717651714.403776 -0.029420794999999996 0.006628793199999999 0.31369487479999997 -0.001438387 0.002448462 0.003176168 0.99999088
1717651714.420266 -0.0279884516 0.006286511799999999 0.31772109379999997 -0.001841634 0.002116984 0.003411812 0.999990225
1717651714.435753 -0.027909478799999998 0.0078326914 0.3235946728 -0.001732539 0.002166517 0.003789609 0.999988973
1717651714.448663 -0.0286579862 0.0085906288 0.333935183 -0.002340207 0.002580515 0.003190174 0.999988854
1717651714.46773 -0.030904888399999997 0.0067849402 0.3407481142 -0.003309486 0.003058486 0.002681299 0.999986231
1717651714.485549 -0.030985618399999998 0.005154129799999999 0.34558374459999996 -0.003293831 0.003143427 0.002425448 0.999986649
1717651714.499656 -0.028669108999999998 0.006213316599999999 0.35367740779999995 -0.002549781 0.002788724 0.003482352 0.999986768
1717651714.517684 -0.028034801199999997 0.0059570368 0.36138529659999996 -0.001722537 0.002801142 0.004014282 0.999986529
1717651714.531939 -0.028249612 0.007096318799999999 0.36544763939999997 -0.00136221 0.002794217 0.004229661 0.999986231
1717651714.549386 -0.0281705058 0.005807426399999999 0.3727657794 -0.001971838 0.003039465 0.004469959 0.99998343
1717651714.568369 -0.027913062199999998 0.0067390598 0.3803662582 -0.001660859 0.003253527 0.005069784 0.99998045
1717651714.586875 -0.026984400399999997 0.0064282746 0.38872303219999993 -0.001449492 0.003038669 0.005900154 0.999976933
1717651714.599679 -0.0264567896 0.006192064599999999 0.3955765721999999 -0.00068192 0.003175677 0.006286731 0.999974966
1717651714.618222 -0.025691115 0.007844987199999999 0.40134706059999997 -0.000358132 0.0032626 0.006063442 0.999976218
1717651714.640452 -0.027079142 0.0084379778 0.40686215239999995 -0.001068668 0.003834415 0.005335553 0.999977887
1717651714.650968 -0.027720345199999996 0.0072488456 0.4148419932 -0.002246968 0.004005078 0.004733293 0.999978244
1717651714.670089 -0.028892898999999996 0.007778213599999999 0.42366076359999993 -0.002519112 0.004309393 0.003179817 0.999982476
1717651714.690909 -0.0277939452 0.0090370496 0.431173916 -0.002369645 0.0039031 0.003292892 0.999984145
1717651714.704154 -0.027923568599999997 0.009394791599999999 0.43956646879999994 -0.002868939 0.00392168 0.003048449 0.999983549
1717651714.722832 -0.0283225174 0.0098151074 0.4467210604 -0.003039512 0.003847492 0.0030232 0.99998343
1717651714.737827 -0.028114238599999997 0.008468480399999999 0.453125254 -0.00330562 0.003777331 0.002873071 0.999983251
1717651714.754325 -0.028229464 0.0082799402 0.46244649159999995 -0.00269276 0.004004961 0.002773827 0.999984503
1717651714.770845 -0.027282070999999998 0.0063970084 0.4699515893999999 -0.001986819 0.004084636 0.002347131 0.999986947
1717651714.790217 -0.028370145799999996 0.0071856231999999996 0.4777016693999999 -0.00095721 0.004426477 0.002202805 0.999987304
1717651714.803594 -0.029208969599999995 0.005757852199999999 0.4832312236 -0.000597773 0.004554672 0.001370653 0.999988556
1717651714.823054 -0.0287599728 0.007149729399999999 0.49078135539999995 5.323e-06 0.004419114 0.001013972 0.999989748
1717651714.835284 -0.029062178999999997 0.008187415799999999 0.4974276148 0.00037516 0.004264475 0.000815981 0.999990523
1717651714.854177 -0.028830398799999997 0.0072427184 0.5050331306 0.000259005 0.004139776 0.000729202 0.999991119
1717651714.873857 -0.0290784262 0.0072403356 0.5136709415999999 0.000629931 0.004016356 0.001064403 0.999991179
1717651714.891206 -0.028571165799999996 0.0093401758 0.522043581 0.000933402 0.004061381 0.000912247 0.99999088
1717651714.906347 -0.0287364346 0.0104587578 0.5296053692 0.000521864 0.004273299 0.00130532 0.999989867
1717651714.922949 -0.02841351 0.0094286522 0.5364752897999999 -0.000385713 0.004230417 0.000941703 0.999990523
1717651714.935675 -0.0285286986 0.0070641142 0.5462994132 -0.000916465 0.004295483 0.001293523 0.99998951
1717651714.958144 -0.027772720799999998 0.007170365 0.5537888848 -0.000321379 0.004167215 0.001739872 0.999989748
1717651714.975568 -0.028630183799999997 0.006203118399999999 0.5622889166 2.0147e-05 0.004277898 0.00117058 0.999990165
1717651714.992076 -0.029448151199999998 0.0053070016 0.5707146124 0.000718873 0.004420505 0.001177228 0.999989271
1717651715.006942 -0.029175559799999997 0.0051999182 0.5782930571999999 0.001891085 0.004501514 0.001115349 0.999987483
1717651715.025063 -0.029210993599999995 0.0060498234 0.5890237577999999 0.002609371 0.004688568 0.000724105 0.999985337
1717651715.039536 -0.0300301386 0.0074916335999999995 0.5955625749999999 0.003547721 0.004874784 0.000777055 0.999981523
1717651715.061947 -0.029164188599999998 0.0093127552 0.6016703078 0.003799774 0.004612408 0.000991403 0.999981701
1717651715.076436 -0.030451654999999994 0.006791610199999999 0.6107316591999999 0.002315522 0.004677514 0.000225307 0.999986351
1717651715.094793 -0.029235106799999997 0.0071714874 0.619492097 0.002120259 0.004448584 0.00025793 0.999987841
1717651715.107168 -0.0296648066 0.0071960468 0.6286084183999999 0.001986237 0.004437469 8.8024e-05 0.999988198
1717651715.125859 -0.029692365199999994 0.007174615399999999 0.636614654 0.001817446 0.004467712 -4.9907e-05 0.999988377
1717651715.138309 -0.0298308482 0.007623455799999999 0.6453068185999999 0.001712387 0.004659473 2.8749e-05 0.999987662
1717651715.158605 -0.029954091399999997 0.0088099384 0.6537884136 0.00180024 0.004630946 1.5034e-05 0.999987662
1717651715.181849 -0.0303512646 0.008707018 0.6643295895999999 0.000713078 0.004734481 -5.8906e-05 0.999988556
1717651715.191469 -0.0301136194 0.007862872 0.6730172324 0.000270322 0.004352263 -0.000146553 0.999990463
1717651715.206436 -0.0315048342 0.006520638 0.6839819533999999 0.000231186 0.004378044 -0.000837028 0.999990046
1717651715.222547 -0.0314764476 0.0041562288 0.6925239371999999 0.001419008 0.004107745 -0.001158109 0.999989867
1717651715.238775 -0.03321780059999999 0.005270013 0.702192875 0.003353556 0.004401405 -0.000969342 0.999984205
1717651715.261795 -0.03146343879999999 0.0074514709999999994 0.7087997537999999 0.004133924 0.003890749 -0.000913618 0.99998349
1717651715.278182 -0.031188064399999996 0.0089774796 0.7166135116 0.002944129 0.003676006 -0.000940799 0.999988437
1717651715.298505 -0.032859823999999996 0.0083425094 0.728344565 0.001530661 0.003708874 -0.001592171 0.999990702
1717651715.307897 -0.033458509399999996 0.005390164999999999 0.7392182565999998 0.000907382 0.003955121 -0.002003523 0.999989748
1717651715.326085 -0.0331416798 0.0048717909999999994 0.7504032808 0.002587273 0.003853088 -0.00149373 0.999988079
1717651715.338955 -0.0321866232 0.005815158999999999 0.7571062582 0.004664308 0.003515713 -0.000926314 0.999982476
1717651715.360919 -0.0329891622 0.007405512399999999 0.765044975 0.005502913 0.003766919 -0.000726212 0.999977469
1717651715.377568 -0.031646583199999995 0.009720706199999998 0.7736095769999999 0.004097165 0.003281326 -0.000528457 0.999986053
1717651715.393584 -0.033601054199999994 0.0075065422 0.7862928671999999 0.002432862 0.003638349 -0.000807401 0.999990106
1717651715.409145 -0.032168825799999995 0.0075015051999999995 0.7955858332 0.002449414 0.003128882 -0.000442108 0.999992013
1717651715.426037 -0.03194286 0.007686899 0.8047933219999999 0.002882771 0.002963852 0.000367099 0.999991357
1717651715.441075 -0.032525675399999995 0.0084874876 0.8155032581999999 0.003219273 0.002845463 0.000308594 0.999990702
1717651715.458401 -0.033483091799999996 0.010007000999999998 0.8270456747999999 0.002501919 0.002823235 0.000608601 0.999992669
1717651715.473681 -0.030839982399999997 0.009863899599999998 0.8343045575999999 0.000948506 0.002323595 0.001382279 0.999995887
1717651715.495644 -0.031131166999999998 0.011095071199999999 0.8467277867999998 2.9275e-05 0.002412201 0.002243212 0.999994576
1717651715.507275 -0.031125922999999996 0.0094048794 0.8585162113999999 -0.001057244 0.002743439 0.001888562 0.999993861
1717651715.526227 -0.032248819799999995 0.0089225418 0.8709034547999999 -0.000926378 0.00297493 0.002851675 0.999991059
1717651715.541221 -0.029421517199999997 0.010035304799999999 0.8808099688 -0.000334926 0.002526596 0.00321916 0.999991596
1717651715.558952 -0.030513258199999997 0.009965711399999999 0.8918735299999999 -0.000408025 0.002660909 0.003631442 0.999989808
1717651715.577023 -0.0294591544 0.0128327258 0.9034236929999999 -3.3861e-05 0.002436778 0.003914874 0.99998939
1717651715.590389 -0.028431104999999998 0.011791842399999999 0.9107743596 -0.001338496 0.002057201 0.0031768 0.999991953
1717651715.608036 -0.030055526 0.012673418599999998 0.9267022413999999 -0.002306708 0.002233321 0.002962043 0.999990463
1717651715.623662 -0.030833321599999998 0.0089999506 0.9374862053999999 -0.002670856 0.002203197 0.003721003 0.999987066
1717651715.640566 -0.029770671 0.009445018999999999 0.9471242955999999 -0.001295895 0.002018477 0.004146256 0.999988496
1717651715.658771 -0.030168837799999997 0.010512600799999999 0.9584422965999999 -0.000640938 0.002214293 0.004376979 0.999987781
1717651715.678883 -0.029233018399999998 0.013367034199999999 0.9689350805999999 -0.000990911 0.001972014 0.004504656 0.999987423
1717651715.697383 -0.0291816594 0.012549085199999999 0.9808868512 -0.002911812 0.001857268 0.004642431 0.999983251
1717651715.712218 -0.028902305999999996 0.009811004199999999 0.9934965229999999 -0.004116588 0.002052684 0.004860057 0.999977589
1717651715.728177 -0.0291242376 0.0100932418 1.005254997 -0.00372118 0.002293956 0.005882289 0.999973118
1717651715.746709 -0.0298382956 0.0092252586 1.0166381845999999 -0.003426561 0.002655418 0.0062828 0.999970853
1717651715.758893 -0.028388334199999997 0.010510231799999999 1.0291583311999999 -0.001914053 0.002687153 0.007391895 0.999967217
1717651715.781257 -0.027413055999999998 0.013941196999999999 1.0362808101999998 -0.001904611 0.002724202 0.006265432 0.999974847
1717651715.797683 -0.0286360166 0.0150785792 1.0512302076 -0.004903629 0.00327972 0.005487716 0.999967515
1717651715.810822 -0.029882078399999998 0.013499256599999999 1.0642592384 -0.006623563 0.003656308 0.004687404 0.999960363
1717651715.826937 -0.030266205999999997 0.014118494799999999 1.077351947 -0.007841267 0.003686597 0.004503026 0.999952316
1717651715.845465 -0.0297119106 0.010427371999999999 1.0895882505999999 -0.008363264 0.003476019 0.003656662 0.999952316
1717651715.861304 -0.03197234139999999 0.010759975 1.1022177944 -0.006661256 0.004378187 0.001491795 0.999967098
1717651715.877562 -0.031341736599999996 0.0115337962 1.113244275 -0.004878995 0.004056815 0.002164582 0.999977529
1717651715.895304 -0.0317920674 0.0096033326 1.123677903 -0.00424791 0.004138933 0.001676016 0.999980986
1717651715.910532 -0.0324601898 0.012039239599999998 1.1348494215999998 -0.002772548 0.004091737 0.002523587 0.999984622
1717651715.927116 -0.031072590599999995 0.0148800064 1.1476777543999999 -0.002787894 0.003511237 0.002140286 0.999987662
1717651715.9461 -0.0327577868 0.014453682999999998 1.16036817 -0.004138211 0.003914753 0.001885421 0.999981999
1717651715.962959 -0.0331508108 0.0141656356 1.1724029475999997 -0.005507418 0.003932726 0.00134898 0.999976218
1717651715.978715 -0.0335811362 0.011355173599999999 1.1862311502 -0.006382441 0.003875848 0.001741917 0.999970615
1717651715.99654 -0.033645113 0.0096047724 1.1982492022 -0.004929113 0.00397118 0.001831537 0.999978304
1717651716.010484 -0.0335063724 0.0081405418 1.2109713532 -0.002818865 0.004052213 0.002580466 0.999984503
1717651716.033278 -0.034243586799999996 0.0103033192 1.2225797844 0.000330343 0.004490178 0.001630905 0.999988556
1717651716.051519 -0.032406305399999995 0.013547809599999999 1.2310910586000001 0.001511687 0.004224719 0.001247752 0.999989152
1717651716.070374 -0.032457857599999994 0.0133689156 1.244597643 -6.8732e-05 0.004071614 0.001212826 0.99999094
1717651716.081522 -0.0325098238 0.013285917799999998 1.2553740676 -0.001391818 0.004001383 0.001245664 0.999990225
1717651716.101559 -0.034160129 0.014098204199999999 1.2706334957999998 -0.002513649 0.004493245 0.000647519 0.999986529
1717651716.114385 -0.033636630599999995 0.0124455622 1.2827295546 -0.003015435 0.004581138 0.000449805 0.99998486
1717651716.132155 -0.033829080799999994 0.014283524399999999 1.2959408465999998 -0.002475768 0.004726748 0.000763084 0.999985456
1717651716.152221 -0.035082410599999996 0.011634274 1.3101252088 -0.002591467 0.004506881 -0.000172553 0.99998647
1717651716.165475 -0.03584748719999999 0.0105605926 1.3244991646 -0.001182119 0.004500486 -0.000584196 0.999988973
1717651716.182358 -0.035738848999999996 0.0106530802 1.3330016666 0.000286628 0.004103345 8.0343e-05 0.999991536
1717651716.197807 -0.0330314132 0.014348476399999997 1.3414208166 0.0008138 0.003145094 0.000619242 0.999994516
1717651716.214177 -0.035076955 0.014567882599999998 1.3542094606 -0.001070275 0.002992326 -0.0007462 0.999994695
1717651716.229615 -0.036314368799999996 0.0131272592 1.3752730307999999 -0.002007686 0.002722167 -0.001072047 0.999993682
1717651716.247588 -0.036152250999999996 0.0128683298 1.386710779 0.000194939 0.002717835 -0.000596729 0.999996126
1717651716.266464 -0.0339297564 0.012615555199999998 1.3953307696 0.002085945 0.002097266 6.7915e-05 0.999995589
1717651716.284998 -0.035738793799999995 0.0182871022 1.4095291157999998 0.001965935 0.0026177 5.4436e-05 0.999994636
1717651716.298739 -0.035013902799999996 0.0161366942 1.4227590515999997 0.000195711 0.002625433 0.000305654 0.999996483
1717651716.31589 -0.034210508199999996 0.0161418692 1.4346926567999998 -0.000124108 0.002074506 0.001163107 0.999997139
1717651716.329818 -0.0331116234 0.0185193424 1.445339803 -0.000507557 0.00168155 0.001550412 0.999997258
1717651716.355762 -0.0341407492 0.017504775599999998 1.4574468327999999 -0.001687035 0.001831763 0.002311433 0.999994218
1717651716.367437 -0.0344678368 0.017554423399999998 1.4731001176 -0.003017073 0.001964615 0.002475283 0.999990463
1717651716.386543 -0.035153567999999996 0.0173115664 1.4862717944 -0.003632764 0.002342142 0.002768676 0.999986827
1717651716.403013 -0.033228881999999994 0.0184715944 1.5021153628 -0.003090438 0.002243357 0.003513394 0.999986529
1717651716.416728 -0.028649825799999997 0.0187755578 1.5135191123999998 -0.00312178 0.001560043 0.004308925 0.999984622
1717651716.43719 -0.029569743 0.0191171262 1.5259555712 -0.002864176 0.00190843 0.004240813 0.999985039
1717651716.451464 -0.0283906112 0.0208804212 1.5356422604 -0.002869271 0.001680437 0.00435045 0.99998498
1717651716.471944 -0.0299829058 0.025383177199999996 1.5547066384 -0.002887348 0.00184852 0.004578849 0.999983609
1717651716.48689 -0.029531346799999997 0.018935858599999997 1.5681065671999999 -0.004083206 0.001992068 0.003752987 0.999982595
1717651716.500726 -0.0332438136 0.0181857458 1.5805326024 -0.003151236 0.002708496 0.004021994 0.999983251
1717651716.519335 -0.0322311098 0.021093438 1.5913962199999998 -0.002286333 0.002838269 0.003617504 0.999986827
1717651716.534908 -0.0308667314 0.0226582154 1.6028399987999997 -0.003323967 0.002585622 0.003212897 0.999985993
1717651716.549026 -0.030923803599999997 0.019517077799999998 1.6160447127999997 -0.005161464 0.00259108 0.00367834 0.999976575
1717651716.569021 -0.034007165199999995 0.0198467138 1.631646864 -0.004833435 0.003630885 0.003309283 0.999976218
1717651716.585601 -0.0319345156 0.019622463799999997 1.6417481189999998 -0.004514621 0.003369411 0.004336909 0.999974728
1717651716.600058 -0.030704641199999997 0.0199666588 1.6554166096 -0.002673644 0.003646094 0.005354718 0.999975443
1717651716.61927 -0.029842601199999996 0.024947704399999996 1.6659163809999997 -0.002339269 0.003844512 0.003652285 0.999983191
1717651716.634581 -0.028784407999999997 0.024073391599999997 1.6801883456 -0.005253894 0.003642388 0.003826718 0.999972224
1717651716.652305 -0.0299981502 0.0250346352 1.6931615093999999 -0.006169644 0.004178482 0.003414677 0.999966383
1717651716.670323 -0.0293531566 0.021475352999999996 1.7075968843999998 -0.0075782 0.004029641 0.001564304 0.999961913
1717651716.689641 -0.029650482199999998 0.018752967199999998 1.7212493348 -0.00626611 0.004556906 0.000697218 0.999969721
1717651716.710358 -0.031080175999999998 0.020873401599999997 1.7356526293999999 -0.00317579 0.005292119 0.000293751 0.999980867
1717651716.724367 -0.0313102542 0.019656931599999997 1.7477848809999998 -0.001235155 0.005572009 0.000322496 0.999983668
1717651716.739332 -0.031810826199999996 0.018941466 1.7562644888 0.000441094 0.005538408 0.000944108 0.999984086
1717651716.758723 -0.030212514799999996 0.0225732718 1.7684918821999998 0.000680024 0.005261108 0.001383486 0.99998498
1717651716.772152 -0.029914894799999998 0.0219980786 1.7818129853999998 -0.001757054 0.005263818 0.000806372 0.999984264
1717651716.786946 -0.031833775599999996 0.022466744999999996 1.7980456172 -0.003201301 0.005526736 0.000829116 0.999979258
1717651716.80345 -0.0329584664 0.018644623399999997 1.8121873419999999 -0.003422848 0.005712878 0.000254719 0.999977767
1717651716.821272 -0.0342248878 0.0159713334 1.8278041671999998 -0.001222535 0.005980112 0.000276033 0.999981344
1717651716.834134 -0.033827848 0.0172047636 1.8392224481999997 0.002357378 0.006065923 -2.9655e-05 0.99997884
1717651716.854516 -0.0316371348 0.021635391599999998 1.8486537408 0.0044955 0.005524782 -0.000675669 0.99997437
1717651716.869772 -0.0316513856 0.0261080268 1.8652663878 0.003529977 0.005055504 -0.000279663 0.999980927
1717651716.891788 -0.029898095599999997 0.0274280428 1.8781328959999999 0.00134902 0.004545359 -0.00045986 0.999988675
1717651716.906149 -0.030364788599999998 0.025649259599999998 1.8924143182 -0.001123628 0.004569975 -0.0018058 0.999987304
1717651716.92128 -0.0313206456 0.023509417799999998 1.9080241513999998 -0.002417932 0.004993105 -0.00264198 0.999981105
1717651716.935111 -0.0320561672 0.019032141199999998 1.9236002573999997 -0.002434703 0.005085867 -0.003461513 0.999978125
1717651716.951056 -0.035258332999999996 0.015193546999999998 1.9374860336 -0.000745289 0.005673963 -0.004050837 0.999975383
1717651716.972114 -0.035699817999999994 0.020778531199999995 1.9533204203999999 0.002513431 0.00530363 -0.002425308 0.999979854
1717651716.985509 -0.033835074599999994 0.0280557818 1.9639653724 0.002199271 0.004067412 -0.001522588 0.999988139
1717651717.007696 -0.034567794799999996 0.029172790599999998 1.9793599715999997 -0.001413608 0.003436982 -0.002426131 0.999990165
1717651717.024758 -0.0354267298 0.021829263199999997 1.9991653267999998 -0.004012967 0.003030857 -0.002062125 0.999985218
1717651717.040594 -0.0370755078 0.021001125199999998 2.0113186878 -0.002405465 0.002983667 -0.001515765 0.999991477
1717651717.057657 -0.0330383224 0.025200111 2.0219199122 -0.001373372 0.002142879 -0.000876993 0.999996364
1717651717.074522 -0.0348608608 0.0247377328 2.0406060598 -0.002623209 0.002790733 -0.002009862 0.999990642
1717651717.096283 -0.034034585799999996 0.027385846999999998 2.0555796485999998 -0.00207692 0.002782419 -0.000752603 0.999993682
1717651717.103358 -0.0333732484 0.029761135199999997 2.0678902559999996 -0.003857249 0.002500182 -0.000867768 0.999989033
1717651717.124202 -0.033582323 0.031231345799999997 2.0839878547999997 -0.006577464 0.002343479 -0.000809896 0.999975264
1717651717.139699 -0.0347429996 0.0308637552 2.1010970488 -0.008995629 0.002841127 -0.00117448 0.99995482
1717651717.15658 -0.033724219199999995 0.028115273599999997 2.1176862541999997 -0.009305915 0.002704018 9.179e-05 0.999953032
1717651717.169796 -0.035238502399999996 0.026474205199999996 2.1305131426 -0.008444254 0.003465419 -0.000340274 0.999958277
1717651717.189347 -0.0332823846 0.028049028999999996 2.1447909997999997 -0.007392803 0.003256006 3.7807e-05 0.999967337
1717651717.204102 -0.033163171 0.030924866199999998 2.1573960762 -0.007262468 0.003698601 -0.000380854 0.999966681
1717651717.223287 -0.0346591646 0.029344669599999998 2.1739370275999996 -0.009084564 0.004154479 -0.000283797 0.999950051
1717651717.236668 -0.0343258808 0.025935145 2.1885763942 -0.009803462 0.004383991 -0.000473553 0.999942243
1717651717.255335 -0.0329333504 0.029821730999999997 2.2047600866 -0.007995957 0.004092102 0.000883585 0.99995923
1717651717.276401 -0.033649689999999996 0.029702936 2.2175623006 -0.007748858 0.0046646 0.001149167 0.999958456
1717651717.289551 -0.033546305 0.0268201068 2.2335352854 -0.008229294 0.004945138 0.001757612 0.999952376
1717651717.306025 -0.033033441799999994 0.0274125132 2.2480865021999996 -0.006881285 0.005433581 0.002713649 0.99995786
1717651717.324276 -0.0331623706 0.026584688 2.2634169406 -0.006261832 0.006002909 0.003602149 0.999955893
1717651717.338744 -0.029274188399999998 0.027768359999999995 2.273778804 -0.004861253 0.005460336 0.00385097 0.999965847
1717651717.35574 -0.0304140776 0.0337615758 2.2885241408 -0.004957999 0.006393727 0.002458726 0.999964237
1717651717.381905 -0.0312809062 0.0318532198 2.3046383271999997 -0.008189084 0.006634021 0.002143449 0.999942124
1717651717.389965 -0.031697266 0.029547042 2.3202230674 -0.0093951 0.006650549 0.001023834 0.999933243
1717651717.409303 -0.034650387799999995 0.025172156799999998 2.3388328549999997 -0.008722371 0.007587172 -0.000763936 0.999932885
1717651717.425996 -0.0379554878 0.023175122 2.3553443296 -0.005847622 0.008547576 -0.001574773 0.999945104
1717651717.44476 -0.035941000599999995 0.024865746199999997 2.370577846 -0.002491669 0.007843394 -0.000707315 0.999965906
1717651717.465143 -0.0315151428 0.0269336578 2.3772034422 -0.001167531 0.006369401 -7.0726e-05 0.999979019
1717651717.477846 -0.0301461828 0.028512216799999997 2.3902934091999994 -0.001873477 0.005801177 -0.00108912 0.999980807
1717651717.49897 -0.0322280094 0.028020531999999997 2.4118421413999998 -0.004801351 0.006086397 -0.001049784 0.999969363
1717651717.507677 -0.0329551866 0.0194863636 2.4295268413999995 -0.006154453 0.006309657 -0.000902429 0.99996078
1717651717.527858 -0.0317391306 0.014378868599999999 2.4438182732 -0.003818612 0.006268765 -0.000690718 0.99997282
1717651717.539876 -0.031339454999999995 0.018573613200000002 2.4587762358 0.001267266 0.006357188 -0.000279996 0.99997896
1717651717.558517 -0.0307139746 0.031363559 2.4759079099999997 0.005753808 0.006714173 -3.1021e-05 0.999960899
1717651717.574205 -0.0282782976 0.030867421399999997 2.4862149368 0.003013151 0.006440319 0.000452669 0.999974608
1717651717.592035 -0.025707978599999997 0.0345735218 2.5072737091999997 0.001042256 0.00693904 0.00047682 0.999975264
1717651717.60903 -0.0244734996 0.030281068599999995 2.522896565 -0.002064445 0.008394898 0.000252252 0.999962568
1717651717.623641 -0.025766679199999996 0.0265134432 2.5411101591999996 -0.002721006 0.010460388 -0.000394598 0.999941468
1717651717.648829 -0.029572203999999994 0.0200820084 2.5566781737999995 -0.001341591 0.013132587 -0.002223331 0.999910355
1717651717.661035 -0.0258778106 0.024852314199999996 2.5682711121999997 0.003124525 0.012873808 -0.001455271 0.999911189
1717651717.685989 -0.0259556932 0.032245240999999994 2.5787835014000002 0.003829571 0.014142187 -0.001614135 0.999891341
1717651717.695734 -0.024120477199999997 0.0317539288 2.5987787262 0.000417299 0.014880717 -0.002043207 0.999887109
1717651717.711144 -0.027224810199999998 0.026199484 2.61848606 -0.000608021 0.01695933 -0.002699703 0.999852359
1717651717.726403 -0.0224049854 0.0321496346 2.6312198627999996 0.002576417 0.01727692 -0.001531921 0.99984622
1717651717.746751 -0.020149449 0.028449210599999997 2.6464287048 0.001521422 0.018370748 -0.001599188 0.999828815
1717651717.762414 -0.020591725199999997 0.032808501799999994 2.6603447811999996 0.003267873 0.020273127 -0.001328555 0.999788225
1717651717.781454 -0.015042938399999999 0.03772449879999999 2.6734076036 0.002216942 0.020030247 0.00025613 0.999796867
1717651717.797386 -0.0194517624 0.032901766799999996 2.69276755 -0.00121931 0.022870427 0.00026066 0.99973768
1717651717.809874 -0.0163354418 0.030945115399999997 2.7089171057999994 -0.002528394 0.024168864 0.000807328 0.999704361
1717651717.82683 -0.017025326799999997 0.029568330799999997 2.7262165788 -0.003036481 0.026345812 0.001356478 0.999647379
1717651717.844628 -0.016169906199999997 0.0270213016 2.7410659675999995 -0.002901309 0.028239705 0.001347287 0.999596059
1717651717.860368 -0.011255036199999999 0.0294389236 2.7539119137999997 -0.003013026 0.028416764 0.001074358 0.999591053
1717651717.87771 -0.014800927799999999 0.0255984526 2.7729274858 -0.004304165 0.031382121 0.000566864 0.99949801
1717651717.896512 -0.0123820546 0.0240977946 2.7889270677999995 -0.002895037 0.03293981 0.000909071 0.99945271
1717651717.910367 -0.006686789999999999 0.029499050199999998 2.8031779184 -0.001026775 0.034511555 0.000902829 0.999403358
1717651717.926169 -0.0070874592 0.026101177399999998 2.8180544517999997 -0.002565448 0.037965048 0.000805384 0.999275446
1717651717.943587 -0.0001053676 0.0232252344 2.8348480582 -0.001918454 0.040753171 0.002009333 0.999165416
1717651717.962378 0.0031293569999999997 0.029721257799999998 2.8488307609999994 -0.000118089 0.044823002 0.003006067 0.998990417
1717651717.978815 0.014894096199999998 0.037268349 2.8663882388 -0.000499046 0.047069348 0.002701253 0.998887837
1717651717.995886 0.0177642248 0.0359208664 2.8845812663999997 -0.004873936 0.052592374 0.00252404 0.99860096
1717651718.01839 0.0175816922 0.026841432399999997 2.9036571627999996 -0.008012877 0.059459936 0.003711957 0.998191655
1717651718.032592 0.024882126799999998 0.0328194222 2.9215888966 -0.00529495 0.064382486 0.003756928 0.997904181
1717651718.049042 0.022709266199999998 0.0261257552 2.9380364909999996 -0.006895337 0.071184918 0.001728674 0.997437835
1717651718.064905 0.022966907599999996 0.020585809599999998 2.9505997533999997 -0.006242067 0.075969331 0.00060217 0.997090399
1717651718.080816 0.022787903199999997 0.0251788406 2.9661932703999994 -0.002831443 0.080399282 0.000161576 0.996758699
1717651718.100032 0.0238011452 0.0316379444 2.9827870022 -4.7324e-05 0.08356861 -0.001862169 0.996500313
1717651718.113249 0.022880252799999997 0.030478836399999997 2.9992732503999995 -0.00135945 0.085751094 -0.00188786 0.99631387
1717651718.132844 0.022764295999999996 0.026029136799999995 3.0164252152 -0.002383248 0.086539783 -0.000978825 0.996245086
1717651718.154024 0.0263333854 0.024077080799999998 3.030858672 -0.001559169 0.085774653 -0.001607168 0.996312082
1717651718.164737 0.0294161306 0.033081530199999994 3.0456137423999996 0.000848742 0.085348479 -0.002849361 0.996346712
1717651718.180058 0.0256074088 0.0328561026 3.0667555907999997 -0.000469645 0.086840734 -0.002387601 0.996219218
1717651718.199391 0.030605258199999995 0.0324322034 3.0832484262 -0.000413395 0.085553907 -0.000977567 0.996333003
1717651718.212233 0.0365081346 0.0307867236 3.100119078 -0.000187549 0.084534973 -0.00116985 0.996419787
1717651718.228636 0.0407691422 0.034717837599999996 3.1123974669999996 0.001100843 0.083641373 -0.000518501 0.996495187
1717651718.246389 0.0421712406 0.0370721682 3.1321182374 -0.000300481 0.084144436 -5.5369e-05 0.996453524
1717651718.266978 0.047545282599999995 0.03801818579999999 3.1472667595999995 -0.001582388 0.083480828 -0.000272473 0.996508062
1717651718.283686 0.050016513 0.038919841 3.1637765873999997 -0.00338014 0.083546042 -0.000731521 0.996497929
1717651718.295236 0.050127648999999996 0.0249824758 3.1835867404 -0.008425305 0.085096583 -0.003052736 0.996332407
1717651718.31451 0.052264040799999995 0.0223537736 3.20254967 -0.004865984 0.085602112 -0.003839883 0.996310115
1717651718.328038 0.0547252202 0.030371224 3.2167640563999997 0.000652747 0.085672855 -0.002767159 0.996319294
1717651718.346427 0.05817121819999999 0.031806069799999996 3.2344501271999997 0.001574825 0.085474975 -0.003119449 0.996334195
1717651718.366444 0.0595539138 0.0362425858 3.2511856079999997 0.002876412 0.085838243 -0.002559709 0.996301651
1717651718.379269 0.0654711284 0.0355148198 3.2671635286 0.0012452 0.084653474 -0.001079448 0.996409059
1717651718.396039 0.0685830422 0.032425018199999996 3.2853562847999997 -0.000136816 0.084987514 -0.00076364 0.99638176
1717651718.415048 0.07207527939999998 0.0287945556 3.3037129988 -0.000304768 0.085134819 7.9564e-05 0.996369362
1717651718.432983 0.0741221736 0.029517684799999996 3.3190679781999997 0.001936861 0.085644692 0.001409746 0.99632287
1717651718.449467 0.0788468566 0.03909471 3.3342025164 0.005056052 0.084958591 0.001583708 0.996370375
1717651718.470062 0.08299097359999999 0.0401208872 3.3509876266 0.000870988 0.084320627 0.002017728 0.996436238
1717651718.484885 0.0854442548 0.030923591999999996 3.3706626039999996 -0.004031308 0.084878922 0.002178439 0.996380746
1717651718.499657 0.0888305816 0.030241296999999997 3.3873873943999997 -0.00341164 0.085276864 0.00195055 0.996349514
1717651718.515588 0.09209101099999999 0.027865755799999996 3.4072765109999996 -0.002476961 0.085712411 0.002121395 0.996314585
1717651718.531486 0.09631347059999999 0.0269554664 3.42372986 0.000201573 0.085802883 0.002306281 0.996309459
1717651718.54976 0.102508746 0.033281358799999994 3.4359556066 0.002974619 0.084453024 0.003693487 0.996416152
1717651718.570774 0.10515827239999999 0.0410382698 3.4547734982 0.00322569 0.08479517 0.004591726 0.996382594
1717651718.583633 0.10880473839999999 0.047368923199999996 3.47120025 -0.000896588 0.084585667 0.004757585 0.996404469
1717651718.598933 0.1084286976 0.044697974599999996 3.4930615521999995 -0.009033439 0.086822934 0.003836831 0.996175408
1717651718.61605 0.11216852059999999 0.037799446599999995 3.5145806788 -0.014017083 0.087302215 0.005058889 0.996070385
1717651718.632182 0.11793702179999999 0.034676916 3.5335244171999998 -0.012508626 0.08676634 0.003850798 0.996142685
1717651718.652169 0.1191130302 0.035505817599999996 3.5517906537999995 -0.008544695 0.088423207 0.003083927 0.996041596
1717651718.669721 0.1218170344 0.0380519038 3.567424476 -0.006118633 0.088909648 0.003138597 0.996015966
1717651718.697607 0.12735038359999998 0.03888010619999999 3.5850488562 -0.006719654 0.087709188 0.001447952 0.99612242
1717651718.708234 0.12605604939999998 0.039572856999999996 3.6021333711999994 -0.007762332 0.090254739 -0.000304263 0.995888412
1717651718.725125 0.129787459 0.0387646416 3.6215221044 -0.008577234 0.090207599 -0.000260678 0.995886028
1717651718.735015 0.1335131922 0.038603016 3.638113642 -0.007453207 0.089993753 -0.000207779 0.9959144
1717651718.754284 0.13673835339999998 0.04031255079999999 3.6561166665999996 -0.005638398 0.09071517 -0.002118467 0.995858669
1717651718.769076 0.1387634298 0.0406132896 3.6742296357999997 -0.005927417 0.091864437 -0.002292969 0.995751262
1717651718.787644 0.142859785 0.039427763799999994 3.6914580939999997 -0.006324552 0.091579013 -0.001195994 0.995777011
1717651718.80386 0.1453065802 0.038858173399999994 3.7087010881999998 -0.005521647 0.092302024 -0.001579008 0.995714486
1717651718.821822 0.1480943182 0.0425720846 3.725939418 -0.00236736 0.092671059 -0.000966576 0.995693505
1717651718.836772 0.1521008446 0.0425696236 3.7424160706 -0.002984292 0.092190169 -0.001342558 0.995736063
1717651718.8539 0.15441397759999997 0.043798830999999996 3.7595639229999995 -0.003699915 0.092696309 -0.001994523 0.995685577
1717651718.867413 0.1587470718 0.041266190599999995 3.7772266855999996 -0.006215794 0.091590099 -0.002346897 0.995774627
1717651718.886348 0.16054960479999997 0.036840355799999995 3.7960135916 -0.004680846 0.092599869 -0.003837437 0.995685041
1717651718.901577 0.1625306546 0.038471759599999995 3.8093681459999993 0.001516128 0.092670694 -0.003602443 0.995689154
1717651718.919247 0.16593987559999998 0.039708722599999996 3.825148653 0.004170969 0.091836222 -0.003143616 0.995760441
1717651718.93452 0.1682873292 0.0408950488 3.8419565193999996 0.005486977 0.092405617 -0.004447565 0.995696425
1717651718.954053 0.17290728399999997 0.041666845999999993 3.8583821763999997 0.004242984 0.09168563 -0.002758474 0.995775163
1717651718.966818 0.1760347688 0.041090052 3.8747192741999994 0.002313343 0.092264436 -0.002329949 0.995729089
1717651718.986789 0.178932732 0.040515084199999996 3.8922142379999998 0.001983881 0.093438022 -0.002805838 0.995619178
