1717651713.597056 -0.0016217529999999999 0.0066553444 0.088040389 -0.000116678 0.000141025 -0.000837966 0.999999642
1717651713.609341 -0.0013467465999999998 0.0062528398 0.0937232704 0.000688764 4.8838e-05 -0.001235534 0.999998987
1717651713.62639 -0.013603694999999997 0.011596623 0.15061987 0.001640858 0.002036321 -0.001791964 0.999994993
1717651713.652669 -0.0126765466 0.012404148399999999 0.1569584998 0.002104164 0.001737685 -0.00172175 0.999994814
1717651713.658503 -0.014677643199999998 0.019309741999999998 0.16976131179999998 0.002652374 0.001937601 -0.001967604 0.999992669
1717651713.67825 -0.017398833 0.0199092876 0.1803417994 0.002419759 0.002089991 -0.002043033 0.999992847
1717651713.6979 -0.014056790399999998 0.020482364799999996 0.1875886716 0.002491806 0.001649683 -0.001828268 0.999993861
1717651713.714105 -0.014571314199999998 0.021546459799999997 0.19637836079999998 0.002523072 0.001816648 -0.001623083 0.999993861
1717651713.728606 -0.0013636285999999997 0.010435955599999998 0.1357363998 0.000850167 -0.000736015 -0.001143013 0.999998748
1717651713.747069 -0.011634798399999998 0.021177654799999997 0.2133898232 0.001233549 0.001272347 -0.001485924 0.999997318
1717651713.762516 -0.012810723999999999 0.019351440999999997 0.2258568674 0.001464634 0.001533274 -0.001446263 0.999996722
1717651713.779217 -0.0164272532 0.022366791599999998 0.23671134479999997 0.002479754 0.002240628 -0.001644478 0.999993086
1717651713.797728 -0.015594441599999998 0.0185281422 0.245616862 0.003073602 0.002259431 -0.001589541 0.999991477
1717651713.809904 -0.017423489 0.0242322618 0.25721082619999996 0.003999703 0.002555934 -0.001915492 0.999986887
1717651713.826765 -0.0128609606 0.016364996799999997 0.2605910856 0.003863462 0.001656803 -0.001198589 0.999990463
1717651713.846131 -0.00011461819999999998 0.0082671798 0.18044275099999998 0.00363614 -0.0014013 -0.000245328 0.999992371
1717651713.862314 -0.004844154199999999 0.014273593 0.19696426739999998 0.00374539 -0.000660464 -0.000140769 0.999992788
1717651713.880431 -0.018292189799999997 0.028558170799999998 0.2929053817999999 0.004511023 0.002144118 -0.00113947 0.999986887
1717651713.89819 -0.0212374594 0.025240705999999998 0.30495623639999997 0.003132429 0.002794765 -0.001525784 0.999990046
1717651713.911108 0.0049210708 0.0121280748 0.21732100159999998 0.002150961 -0.001656698 0.000422984 0.999996245
1717651713.926614 7.35126e-05 0.0128254072 0.22542653739999996 0.001697196 -0.000582011 -0.000269631 0.999998331
1717651713.947373 -0.0004272434 0.016137697 0.23824129559999999 0.002289731 -0.000645619 -0.000107653 0.999997199
1717651713.961907 -0.0041967179999999995 0.015757047 0.26489025019999995 0.001784329 -4.8437e-05 -0.001070448 0.999997914
1717651713.979409 0.00029394919999999996 0.015351349999999998 0.25133983239999996 0.001569627 -0.00101358 -1.0737e-05 0.999998271
1717651714.00031 0.0003055366 0.0153735588 0.2604248278 0.001183097 -0.001178311 -0.000178194 0.999998629
1717651714.012854 0.0013206922 0.0211732388 0.28322582259999995 0.001761896 -0.001610836 0.000396541 0.999997139
1717651714.035105 0.0006394736 0.0153364 0.2620357156 -0.00051456 -0.001638361 2.136e-05 0.999998569
1717651714.050775 0.004153179 0.0130430056 0.26852442039999996 -0.000769248 -0.002257892 0.000693254 0.999996901
1717651714.066688 0.005031042999999999 0.023171566199999997 0.29369146199999996 0.000684051 -0.002224331 0.001949618 0.99999547
1717651714.083835 0.0020026605999999996 0.023122755599999996 0.30193931719999995 -0.000618253 -0.001540959 0.001000429 0.999998152
1717651714.100534 0.0016404243999999998 0.023705451399999997 0.31130463199999997 -0.001343465 -0.000987513 0.001169602 0.999997973
1717651714.113045 0.0052488622 0.024968625199999997 0.32169130779999994 -0.001238435 -0.001417054 0.00195714 0.999996305
1717651714.129623 0.0035099103999999995 0.0164004398 0.30606176820000003 -0.003598913 -0.000986279 0.001363388 0.999992132
1717651714.151454 0.005818668799999999 0.0177827812 0.313213655 -0.003467995 -0.001362018 0.001583786 0.999991834
1717651714.165919 0.00696532 0.0249533532 0.3493342028 -0.001996686 -0.000843323 0.00247631 0.999994576
1717651714.185894 0.005172460799999999 0.0219426072 0.35322284959999994 -0.002903766 -0.000727103 0.002573078 0.999992251
1717651714.196871 0.006044781799999999 0.022518706599999997 0.3630094784 -0.002868397 -0.000588786 0.002270972 0.999993205
1717651714.214798 0.006108869 0.024138615 0.37432871679999996 -0.002506069 -0.0004948 0.002857355 0.999992669
1717651714.230053 0.0073529942 0.022063467599999997 0.3781722928 -0.002895208 -0.000499139 0.002797753 0.999991775
1717651714.250015 0.009156828999999998 0.023188029599999996 0.3865628906 -0.00284366 -0.000565455 0.003070486 0.999991119
1717651714.266742 0.0080000762 0.026752744399999997 0.39952759499999996 -0.002659693 -8.3733e-05 0.003212392 0.999991298
1717651714.281686 0.007123596799999999 0.018418234399999997 0.37677495999999994 -0.004698672 -0.000157056 0.002508086 0.999985814
1717651714.297982 0.0076468882 0.020327450599999998 0.3859237758 -0.004477489 6.632e-06 0.002362845 0.999987185
1717651714.314412 0.0067323667999999995 0.020552763199999997 0.39529944059999994 -0.004827265 0.00014727 0.002372766 0.999985576
1717651714.331287 0.0048523974 0.023246182799999997 0.43209862639999996 -0.004106816 0.000745392 0.002294958 0.999988675
1717651714.35343 0.0063112046 0.023260336999999996 0.44121409219999996 -0.002955894 0.000561429 0.002259532 0.999992967
1717651714.372617 0.008292558 0.0247505024 0.45485831779999997 -0.001519134 0.000221447 0.00297176 0.999994397
1717651714.385493 0.0069433182 0.020565118799999997 0.44731822779999997 -0.002083214 0.000225896 0.002666736 0.999994278
1717651714.403776 0.009695304999999998 0.02200295 0.45606917119999996 -0.001577814 4.307e-05 0.00359714 0.999992311
1717651714.420266 0.011142460399999998 0.022774857599999997 0.4644007878 -0.001979596 -0.000308289 0.003828199 0.999990642
1717651714.435753 0.0088595632 0.025205207799999997 0.47381322959999994 -0.002211694 6.4549e-05 0.003849588 0.999990165
1717651714.448663 0.0111041424 0.0279308274 0.48549805299999993 -0.002836607 0.0002249 0.003783449 0.999988794
1717651714.46773 0.0132590722 0.027097330399999998 0.4964022794 -0.003474786 8.0646e-05 0.004321505 0.999984622
1717651714.485549 0.011163459399999999 0.026253267199999996 0.5166409085999999 -0.00283525 0.000848653 0.004356657 0.999986172
1717651714.499656 0.012766835399999999 0.026225354399999998 0.5260676747999999 -0.002263892 0.000866863 0.004269079 0.999988019
1717651714.517684 0.013342120599999998 0.018715118399999998 0.49250465339999994 -0.002566285 0.000204208 0.004165596 0.999988019
1717651714.531939 0.014076197799999999 0.0234408042 0.5010714173999999 -0.001797224 0.000373447 0.004342197 0.999988914
1717651714.549386 0.015365011999999999 0.0211048368 0.5113838584 -0.002611186 0.000371832 0.004683959 0.999985576
1717651714.568369 0.013797060599999997 0.0236931004 0.5204605278 -0.002266322 0.000847663 0.004840936 0.999985397
1717651714.586875 0.015276434399999999 0.021258417 0.5293683036 -0.002160972 0.000583152 0.005940827 0.999979913
1717651714.599679 0.0157226114 0.020078112199999998 0.5394897756 -0.001346535 0.000880448 0.005867708 0.999981523
1717651714.618222 0.018905438799999997 0.027361756799999998 0.5498510915999999 0.000105905 0.000925057 0.005965211 0.999981821
1717651714.640452 0.017924971799999998 0.0294059278 0.559635425 -0.001135211 0.001444562 0.005581477 0.999982774
1717651714.650968 0.018392262799999996 0.030201875 0.5962518666 -0.002128678 0.002006144 0.005432443 0.999980986
1717651714.670089 0.0163637594 0.027949347 0.6084899504 -0.002986159 0.00239661 0.004574113 0.999982297
1717651714.690909 0.0146033578 0.0314255532 0.6179514006 -0.003011789 0.002610005 0.003656399 0.999985456
1717651714.704154 0.0170071752 0.0315687328 0.6291236092 -0.00375605 0.002214629 0.003512812 0.999984324
1717651714.722832 0.013947862399999999 0.026271993799999997 0.6049196971999999 -0.004994923 0.001954525 0.003212582 0.99998045
1717651714.737827 0.0144669908 0.025538537599999998 0.6165435476 -0.005111297 0.001894093 0.003625137 0.999978602
1717651714.754325 0.0144487978 0.024012634799999998 0.6281666436 -0.004396215 0.00215219 0.002867767 0.999983907
1717651714.770845 0.0170025614 0.0207218776 0.6371458113999999 -0.003302085 0.002216801 0.00254763 0.999988914
1717651714.790217 0.0145968488 0.0233393006 0.6474596921999999 -0.001528033 0.002749379 0.0023196 0.99999243
1717651714.803594 0.014773438199999999 0.023721187999999997 0.6566365404 -0.000391881 0.002745529 0.002044281 0.999994099
1717651714.823054 0.0131780386 0.023240515599999997 0.6673063783999998 -0.000155272 0.002938063 0.001085818 0.999995112
1717651714.835284 0.0145297348 0.0257825446 0.6770718978 0.000512503 0.002430914 0.001120062 0.999996364
1717651714.854177 0.014202039999999999 0.022002103599999996 0.6816725234 -2.369e-06 0.00242714 0.000927835 0.999996662
1717651714.873857 0.0125968608 0.0208383174 0.6920024443999999 0.00024009 0.002325441 0.000918759 0.999996901
1717651714.891206 0.0168723952 0.0242212632 0.7034185311999999 0.000570376 0.001984621 0.000809103 0.999997616
1717651714.906347 0.014331792199999999 0.025582642399999998 0.7143635089999999 -0.000280578 0.00257321 0.00101385 0.999996126
1717651714.922949 0.017524546399999997 0.027029599999999997 0.7234003193999999 -0.000980164 0.002424875 0.001080401 0.999996006
1717651714.935675 0.0159584212 0.0226794168 0.7338764467999999 -0.002018988 0.002818326 0.000670739 0.999993801
1717651714.958144 0.016199682 0.0226901302 0.7451505131999999 -0.001131804 0.002716323 0.000847808 0.999995351
1717651714.975568 0.017164154799999998 0.022250586399999998 0.755880602 -0.000446184 0.002479257 0.000532789 0.999996722
1717651714.992076 0.016648540799999997 0.0180621116 0.7680264925999999 0.00034563 0.00258001 0.000846681 0.999996245
1717651715.006942 0.019072713199999997 0.018586323 0.7762139589999999 0.002358707 0.002270113 0.001227568 0.99999392
1717651715.025063 0.0211144738 0.019799324599999998 0.7884966674 0.003428336 0.002071514 0.000879358 0.999991596
1717651715.039536 0.0192171026 0.020952949399999997 0.7991063879999999 0.004478924 0.002548 0.000648008 0.999986589
1717651715.061947 0.0205865778 0.024795035 0.8068082139999999 0.00441908 0.002475815 0.000806382 0.999986887
1717651715.076436 0.019549866599999997 0.0238529044 0.82030328 0.003194601 0.002405004 0.000463544 0.999991894
1717651715.094793 0.0202338498 0.0236021584 0.8323164697999998 0.002807464 0.002398809 0.000194905 0.999993145
1717651715.107168 0.020468983399999998 0.023498087999999997 0.8449427291999999 0.002407538 0.002309177 -3.192e-05 0.999994457
1717651715.125859 0.0191332216 0.0260997652 0.8565615057999999 0.002451302 0.002692912 -0.000137285 0.999993384
1717651715.138309 0.0181804558 0.0250228638 0.8653806855999999 0.001946922 0.002766218 -0.000441778 0.999994218
1717651715.158605 0.0191491698 0.027230942 0.8754647365999999 0.002051492 0.002733792 -0.000306752 0.999994159
1717651715.181849 0.015713986399999998 0.027265671999999998 0.8902169273999999 0.000451923 0.003147262 -0.000464484 0.999994874
1717651715.191469 0.0165005956 0.0251078442 0.9012488176 -0.000457371 0.002817397 -0.000579014 0.999995768
1717651715.206436 0.0140662066 0.024083451799999996 0.9182908377999999 -0.000236664 0.002936453 -0.00113566 0.999995053
1717651715.222547 0.018123167399999997 0.020387816399999998 0.9256157949999999 0.001705212 0.001770248 -0.001004126 0.999996483
1717651715.238775 0.019110824199999998 0.023002980799999996 0.9339882688 0.004898588 0.001416642 -0.000443195 0.999986947
1717651715.261795 0.020827240599999998 0.026374587599999996 0.9435275831999999 0.005658206 0.000919175 -0.000774506 0.999983311
1717651715.278182 0.0213051438 0.030775550199999998 0.9572104027999999 0.004415466 0.00076891 -0.000922787 0.999989569
1717651715.298505 0.019468556999999997 0.0299134366 0.9711449849999999 0.002104839 0.00085154 -0.001661272 0.999996066
1717651715.307897 0.020430495199999996 0.024687362799999998 0.9825390009999999 0.001326788 0.000849551 -0.00156587 0.999997556
1717651715.326085 0.0209129432 0.023423062 0.9944657521999999 0.003798466 0.000763003 -0.000795498 0.999992251
1717651715.338955 0.019025691999999997 0.0218231406 1.0128875194 0.006361397 0.000903712 -0.000892565 0.999979019
1717651715.360919 0.0232433584 0.029266211999999996 1.016978649 0.008439385 0.000342479 -3.0323e-05 0.999964416
1717651715.377568 0.024306418399999998 0.035697527199999995 1.0305240297999998 0.006543443 -0.000164777 0.00031871 0.999978542
1717651715.393584 0.020520530999999998 0.0302624432 1.0472035791999998 0.003735416 0.000376981 -0.000124676 0.999992967
1717651715.409145 0.0246770588 0.031134750399999998 1.05978158 0.00379338 -0.000273446 0.000239745 0.999992788
1717651715.426037 0.0218382102 0.028021948799999998 1.0753739331999999 0.003813463 -0.000121874 0.000722538 0.999992549
1717651715.441075 0.022764305199999998 0.028645589199999995 1.0878944247999998 0.004089339 -0.000439113 0.000445308 0.999991536
1717651715.458401 0.023130382399999996 0.034200291599999995 1.0997988292 0.003503362 -0.000897608 0.001117444 0.999992907
1717651715.473681 0.025352748199999997 0.036299083 1.1106941131999999 0.001401068 -0.000943799 0.001488958 0.999997497
1717651715.495644 0.026248938599999997 0.03950665379999999 1.1271553466 -0.000264369 -0.000770642 0.002359854 0.999996901
1717651715.507275 0.0290234562 0.0377431288 1.143644341 -0.001589204 -0.000548485 0.002234133 0.999996126
1717651715.526227 0.0260759234 0.03700400539999999 1.1616213158 -0.001468545 -0.000350027 0.003220311 0.999993682
1717651715.541221 0.029182680599999997 0.0359307932 1.1709362145999997 -0.000936324 -0.000223044 0.00318082 0.999994516
1717651715.558952 0.0284095218 0.0356209786 1.1842781558 -0.001241981 -0.000155098 0.003361856 0.999993622
1717651715.577023 0.0297167222 0.0409939258 1.1986619831999998 -0.000802186 -0.000245045 0.003367516 0.99999398
1717651715.590389 0.028091040799999998 0.039997786599999995 1.2132747526 -0.002611888 -0.000381695 0.002631315 0.999993086
1717651715.608036 0.0269441918 0.0423925742 1.2312875107999999 -0.004167342 -0.000120363 0.002663549 0.999987841
1717651715.623662 0.0253958548 0.038980105599999995 1.2499053852 -0.004391718 -0.000301463 0.003091855 0.999985516
1717651715.640566 0.027852641199999997 0.0388404726 1.2609839562 -0.002283268 -0.000510094 0.003282625 0.999991894
1717651715.658771 0.0318720246 0.040601200799999994 1.2727962363999998 -0.001292992 -0.001107198 0.004303973 0.999989271
1717651715.678883 0.036245382599999994 0.045497169399999995 1.2855481402 -0.002158918 -0.001269729 0.003968646 0.999989033
1717651715.697383 0.0331555304 0.044059535999999996 1.3033492247999998 -0.004832346 -0.001039564 0.003996904 0.999979794
1717651715.712218 0.0341265444 0.0435901888 1.3223521881999998 -0.005880995 -0.000391393 0.004237272 0.999973714
1717651715.728177 0.034269779199999996 0.0441471246 1.3411899563999998 -0.005315104 -0.000333366 0.004920387 0.999973774
1717651715.746709 0.031789022199999996 0.042319852799999995 1.3544131762 -0.004938467 0.000345704 0.006056728 0.999969423
1717651715.758893 0.036816753199999996 0.0425206244 1.3684206913999999 -0.003103742 -0.000145383 0.006756619 0.999972403
1717651715.781257 0.0408322036 0.04802540759999999 1.3774187744 -0.003528763 -0.000146087 0.005954676 0.999976039
1717651715.797683 0.0355142402 0.0548819054 1.3996976553999998 -0.007532514 0.001033442 0.005422973 0.999956429
1717651715.810822 0.031806332 0.052770072999999994 1.4211442584 -0.010033635 0.002025492 0.004451724 0.999937713
1717651715.826937 0.03201212219999999 0.053141582799999997 1.432412975 -0.011669825 0.001896661 0.004999223 0.999917626
1717651715.845465 0.029342291399999998 0.045085777599999995 1.4535056125999999 -0.013010217 0.002426342 0.003622242 0.999905944
1717651715.861304 0.029571297799999997 0.0439861568 1.4670755344 -0.010320644 0.002605787 0.002078677 0.99994123
1717651715.877562 0.028328386999999997 0.0423671408 1.48040719 -0.00845228 0.00271898 0.00155496 0.999959409
1717651715.895304 0.025579804199999997 0.0405106268 1.4989655679999998 -0.007101823 0.003138551 0.001186169 0.999969184
1717651715.910532 0.032528297399999996 0.048098786799999994 1.5084940539999998 -0.004472843 0.001812032 0.002394267 0.999985516
1717651715.927116 0.0380910038 0.059259937 1.524496787 -0.003723677 0.000747507 0.002999025 0.999988377
1717651715.9461 0.041294236799999995 0.0611871622 1.5386648375999998 -0.005359565 0.00033909 0.002790139 0.999981701
1717651715.962959 0.043003840599999996 0.06369045 1.5561299151999999 -0.006884293 0.000191382 0.003017838 0.999971747
1717651715.978715 0.04075641399999999 0.056455593 1.5752522808 -0.008518398 0.000483822 0.002840025 0.999959648
1717651715.99654 0.0402703918 0.049687162199999996 1.590567093 -0.006665278 0.000685982 0.003094447 0.99997282
1717651716.010484 0.0347124464 0.0412114552 1.6061799391999998 -0.004600043 0.00163634 0.002116484 0.999985874
1717651716.033278 0.0360627718 0.0401899056 1.6192585303999998 -0.000670258 0.001601504 0.001591331 0.999997258
1717651716.051519 0.0384684752 0.04906814019999999 1.6289098502 0.001248305 0.001454329 0.001178051 0.999997497
1717651716.070374 0.0343801976 0.04935324359999999 1.6498087771999999 -0.001125477 0.002015004 0.000897906 0.99999702
1717651716.081522 0.0380564302 0.05280541939999999 1.6654338226 -0.002568776 0.001627375 0.000899941 0.999994993
1717651716.101559 0.0337285984 0.054047621799999994 1.6866391464 -0.004767371 0.002365498 0.000376473 0.999985814
1717651716.114385 0.0385468638 0.053704668799999994 1.7019484753999998 -0.004874183 0.001911747 0.000822572 0.999985993
1717651716.132155 0.0395045838 0.059466950799999994 1.71639386 -0.003835448 0.001916258 0.001183489 0.999990165
1717651716.152221 0.0419206464 0.0567600394 1.7368763029999998 -0.003692031 0.001281155 0.000577964 0.999992192
1717651716.165475 0.031052617399999996 0.05601534539999999 1.7576665181999998 -0.001208105 0.002200175 0.000162843 0.999996901
1717651716.182358 0.0374012752 0.0487872826 1.7647952301999998 -0.000190929 0.001071279 0.000330328 0.999999404
1717651716.197807 0.03595722939999999 0.060349313599999996 1.7828787271999997 0.001186116 0.00035458 0.000449857 0.999999225
1717651716.214177 0.0347490164 0.06396377739999999 1.8005213371999997 -0.00145719 1.3355e-05 -0.000745077 0.999998689
1717651716.229615 0.032886637399999995 0.052686435799999994 1.8205116261999998 -0.004220225 -0.000287548 -0.001009974 0.999990582
1717651716.247588 0.033293396999999995 0.054697758199999995 1.838554818 -0.000377584 -0.000388756 -0.000652625 0.999999702
1717651716.266464 0.037206189199999996 0.0519752804 1.8455652225999999 0.002007003 -0.000799395 -0.000520676 0.999997556
1717651716.284998 0.0363132556 0.0631039454 1.8643227943999998 0.001905396 -0.0006953 0.000409993 0.999997854
1717651716.298739 0.036235925 0.061559444799999995 1.8825182921999999 -0.000723911 -0.000497511 4.9945e-05 0.999999642
1717651716.31589 0.0384423656 0.0618249108 1.8988656709999998 -0.001032726 -0.000941198 0.000900039 0.999998629
1717651716.329818 0.04119057579999999 0.06537336919999999 1.9136731078 -0.001964047 -0.001480547 0.001375497 0.999996066
1717651716.355762 0.0432204316 0.0610320272 1.9277831662 -0.004035286 -0.001914493 0.002204869 0.999987662
1717651716.367437 0.0390631494 0.0638866768 1.9471071957999997 -0.005975295 -0.001059204 0.002376934 0.99997884
1717651716.386543 0.0414466992 0.0664665132 1.9694078762 -0.006451229 -0.000654045 0.002890782 0.999974847
1717651716.403013 0.044531436199999996 0.0662880194 1.9848619717999998 -0.006069826 -0.000718564 0.003454639 0.999975383
1717651716.416728 0.044184568599999995 0.0648519408 2.0023025083999997 -0.00618008 -0.000437116 0.003650565 0.999974191
1717651716.43719 0.0463651342 0.0677151786 2.0213167141999997 -0.005702913 -0.000344339 0.003634023 0.999977112
1717651716.451464 0.0492679182 0.0699983518 2.0348427658 -0.006228377 -0.000669062 0.00314611 0.999975502
1717651716.471944 0.04951903219999999 0.0753532302 2.0533372589999996 -0.007288562 -0.00070508 0.003341339 0.999967635
1717651716.48689 0.0457893614 0.06678025159999999 2.0771264672 -0.008387227 -3.5066e-05 0.002579403 0.999961495
1717651716.500726 0.0486322534 0.0697893002 2.0914810937999997 -0.006030588 -0.000266799 0.00298656 0.99997741
1717651716.519335 0.0542701514 0.07425105639999999 2.1038550386 -0.004600807 -0.000822237 0.003723175 0.999982238
1717651716.534908 0.052596183799999995 0.07653190199999998 2.1218583345999997 -0.006559439 -0.000507402 0.003070531 0.999973714
1717651716.549026 0.0502716152 0.07525744899999999 2.1425749314 -0.008248994 9.0436e-05 0.00389437 0.999958396
1717651716.569021 0.05006479 0.07358266259999999 2.1603247443999996 -0.00793009 0.000499514 0.004422088 0.999958694
1717651716.585601 0.05394994539999999 0.0709630178 2.178282528 -0.00751206 0.000445259 0.005651854 0.999955714
1717651716.600058 0.057314132399999995 0.07297850319999999 2.1909889147999997 -0.004739588 0.000691972 0.006559508 0.999967098
1717651716.61927 0.06220623239999999 0.0859903024 2.2100771484 -0.004111878 0.000914493 0.005399323 0.999976635
1717651716.634581 0.05902995999999999 0.0823633726 2.2243123727999996 -0.009219749 0.001315 0.004323366 0.999947309
1717651716.652305 0.055687116999999994 0.08295611019999999 2.2454365388 -0.010752383 0.002493304 0.003960043 0.999931276
1717651716.670323 0.05800458779999999 0.07935380419999999 2.26717624 -0.012359602 0.002189309 0.002768149 0.999917448
1717651716.689641 0.0579320688 0.07452347299999999 2.2849984385999997 -0.010418775 0.002966817 0.001448535 0.999940336
1717651716.710358 0.0609379526 0.07019246259999999 2.2992540915999995 -0.007097818 0.003098989 0.000471264 0.9999699
1717651716.724367 0.0597588346 0.06738177059999999 2.3172561548 -0.004250052 0.003604016 0.000428124 0.999984384
1717651716.739332 0.059142545 0.06649983559999999 2.3313180925999997 -0.001683588 0.00394227 0.000751002 0.999990523
1717651716.758723 0.0647780694 0.0772748388 2.3446852555999995 -0.000833327 0.003248858 0.000810451 0.999994099
1717651716.772152 0.061562775199999996 0.0828692714 2.3627867109999996 -0.003694882 0.003711613 0.000413367 0.999986231
1717651716.786946 0.057229152 0.0828321264 2.3844396331999995 -0.00616686 0.004334216 0.00021322 0.999971569
1717651716.80345 0.059309157 0.0734908374 2.4062861325999996 -0.006381441 0.004189922 0.000412445 0.999970794
1717651716.821272 0.06249720079999999 0.062779719 2.4248770004 -0.003900765 0.003790679 0.000459506 0.999985158
1717651716.834134 0.0665204804 0.0615820538 2.444880726 0.001203702 0.00326067 -0.000246257 0.99999398
1717651716.854516 0.0687691674 0.0689005756 2.4537540569999994 0.004179437 0.002776641 -0.001447506 0.99998641
1717651716.869772 0.065285293 0.08993405719999999 2.4701361198 0.003896713 0.002515282 -0.001241009 0.999988496
1717651716.891788 0.0632867172 0.0898783328 2.4924876577999995 -7.8605e-05 0.003020811 -0.001779479 0.999993861
1717651716.906149 0.06178153279999999 0.08593812919999999 2.5114865041999996 -0.00398496 0.003425041 -0.002585498 0.999982893
1717651716.92128 0.06123002959999999 0.08427734519999999 2.5342123028 -0.005392199 0.003838835 -0.003090265 0.999973357
1717651716.935111 0.0577990874 0.0779376988 2.5549428835999994 -0.004900278 0.004430334 -0.003773506 0.999971092
1717651716.951056 0.05525120259999999 0.06875121819999999 2.5731139784 -0.002728614 0.00449498 -0.004654525 0.999975383
1717651716.972114 0.0570453452 0.0754415272 2.5860468369999996 0.001102404 0.003287172 -0.003569453 0.999987662
1717651716.985509 0.0583533598 0.09345395419999998 2.5998271949999996 0.000936072 0.001908292 -0.003198351 0.999992669
1717651717.007696 0.0573280382 0.09846057579999999 2.623974895 -0.004368311 0.001159658 -0.003496346 0.999983668
1717651717.024758 0.0536106494 0.08949833139999999 2.6475862994 -0.007629501 0.000750757 -0.003111223 0.999965787
1717651717.040594 0.054091791 0.08735712339999999 2.664104628 -0.005052916 0.000251323 -0.002525608 0.999984026
1717651717.057657 0.0588795492 0.09129108479999999 2.6796449551999997 -0.004491301 -0.00024979 -0.002159206 0.999987602
1717651717.074522 0.0538993822 0.08887870219999999 2.7034507509999997 -0.006769866 0.001043178 -0.003368961 0.999970913
1717651717.096283 0.054415060599999995 0.0900957932 2.7204233985999995 -0.006689012 0.001122057 -0.002508523 0.999973893
1717651717.103358 0.0582796356 0.1014746246 2.7372016548 -0.008344541 0.000485703 -0.00198404 0.999963164
1717651717.124202 0.057572827199999996 0.11104285459999999 2.7610365134 -0.011411487 0.000418345 -0.001758145 0.999933243
1717651717.139699 0.0487667068 0.1132757084 2.7904975768 -0.014696656 0.002559006 -0.001776138 0.999887168
1717651717.15658 0.05277147599999999 0.1089463356 2.812296917 -0.015057971 0.002289629 -0.000958979 0.999883533
1717651717.169796 0.05688685219999999 0.11054093939999998 2.8297123652 -0.012912808 0.002210955 -0.000567306 0.99991411
1717651717.189347 0.05707462879999999 0.10891770059999999 2.8459463724 -0.012257916 0.002749471 -0.000713104 0.999920905
1717651717.204102 0.055551283599999994 0.11865572119999998 2.8636434095999994 -0.01167268 0.003415222 -0.001103488 0.999925494
1717651717.223287 0.0563731656 0.1159842206 2.8819598183999995 -0.014519629 0.003427042 -0.00098832 0.999888301
1717651717.236668 0.057424270199999995 0.11002433179999999 2.907050155 -0.01509269 0.003820926 -0.000903808 0.999878466
1717651717.255335 0.05569888839999999 0.1104366896 2.9274558286 -0.01409857 0.004757581 -0.00067377 0.999889135
1717651717.276401 0.05792377499999999 0.11369087219999999 2.952031531 -0.012910323 0.005517934 -0.000100291 0.999901414
1717651717.289551 0.058825545199999996 0.11502949519999998 2.9750715372 -0.012399508 0.006000073 0.000837454 0.999904811
1717651717.306025 0.0602359834 0.10953659379999998 2.9942965885999997 -0.011247369 0.00667159 0.00173193 0.999913037
1717651717.324276 0.06076078819999999 0.10633515019999999 3.0142556205999997 -0.010522886 0.007373727 0.00273344 0.999913752
1717651717.338744 0.07083308159999999 0.10629294519999999 3.0229148169999998 -0.009027765 0.006127683 0.003164991 0.999935508
1717651717.35574 0.07225391119999999 0.12399477099999999 3.0388354308 -0.008626367 0.006912135 0.001424781 0.999937892
1717651717.381905 0.0631725314 0.120495597 3.0664199932 -0.013560737 0.008466431 0.00086944 0.99987185
1717651717.389965 0.061561197399999996 0.1142131884 3.1001284021999997 -0.015684174 0.009603738 0.000758927 0.999830604
1717651717.409303 0.06214101359999999 0.10871105019999999 3.1216938599999997 -0.013952271 0.009735154 -0.000693379 0.999855042
1717651717.425996 0.0564477224 0.09787739239999999 3.1430734271999996 -0.011050283 0.011067505 -0.002554866 0.999874473
1717651717.44476 0.060937621399999996 0.099200771 3.1613048418 -0.00651518 0.010116916 -0.00220838 0.999925196
1717651717.465143 0.069528149 0.1082127184 3.1791280017999997 -0.003638762 0.008444482 -0.001218434 0.999957025
1717651717.477846 0.0669757424 0.11476278259999999 3.1953877827999997 -0.004381937 0.008716246 -0.00179898 0.999950826
1717651717.49897 0.0624501198 0.11417288319999999 3.2197529063999997 -0.008869193 0.009356203 -0.002141144 0.999914587
1717651717.507677 0.0642841812 0.103042806 3.2507608992 -0.0091996 0.009320922 -0.001344117 0.999913335
1717651717.527858 0.0686638274 0.09261002439999999 3.2699228891999996 -0.005426293 0.009095615 -0.001340741 0.999943018
1717651717.539876 0.0743465294 0.09106386779999999 3.2853658803999997 0.000485108 0.008335555 -0.001727188 0.999963701
1717651717.558517 0.0835910114 0.0959921652 3.2989529371999997 0.003578686 0.007718534 -0.00247494 0.999960721
1717651717.574205 0.09067700319999998 0.10806332419999999 3.3183852691999998 0.001661191 0.007332892 -0.00192753 0.999969959
1717651717.592035 0.079416769 0.1224554638 3.3489677298 -0.000918418 0.011056614 -0.002492187 0.999935389
1717651717.60903 0.0874829794 0.11317626559999999 3.367167892 -0.005573315 0.012281552 -0.002029029 0.999907017
1717651717.623641 0.09248237899999999 0.10072490279999999 3.3924638623999996 -0.007786315 0.013885321 -0.002938609 0.999868989
1717651717.648829 0.076167214 0.0999970632 3.4312185771999997 -0.002873768 0.019832246 -0.003550187 0.999792874
1717651717.661035 0.092074336 0.100164563 3.4423204564 0.001877483 0.018788785 -0.003566922 0.999815345
1717651717.685989 0.11198764859999999 0.12123236519999998 3.4504715919999995 0.004224261 0.016757607 -0.002454928 0.99984771
1717651717.695734 0.1102541202 0.1237436294 3.4793714047999997 -0.00076206 0.019081077 -0.002806317 0.999813735
1717651717.711144 0.1000017506 0.1103730716 3.5074399009999997 -0.002465223 0.023077266 -0.002003727 0.99972868
1717651717.726403 0.11760977319999999 0.1146373176 3.5260420065999996 0.000467267 0.022545651 -0.001426602 0.999744773
1717651717.746751 0.1165852842 0.11431022079999999 3.5483905316 0.000116566 0.025271125 -0.001812828 0.999679029
1717651717.762414 0.12337261179999999 0.11743600819999998 3.5707818274 0.001866056 0.027114274 -0.00113995 0.999629974
1717651717.781454 0.129549317 0.13823498639999998 3.5963464975999995 0.002151981 0.027967751 -0.000591794 0.999606311
1717651717.797386 0.14626215199999998 0.1273482906 3.6035772099999996 -0.003408151 0.026801329 0.000452837 0.999634922
1717651717.809874 0.1429125056 0.1389978964 3.6506637437999996 -0.002238968 0.032123536 0.000712519 0.999481142
1717651717.82683 0.1461223534 0.13460548519999999 3.6741950851999996 -0.003448577 0.034550935 0.001642028 0.999395669
1717651717.844628 0.1608736886 0.1364703574 3.6930952293999995 -0.001587304 0.034902111 0.002081552 0.999387324
1717651717.860368 0.16814414039999998 0.13968961219999998 3.7117310621999993 -0.002318787 0.036221322 0.00141215 0.999340117
1717651717.87771 0.1654003876 0.1355629706 3.7421750674 -0.00358443 0.039720681 0.001381378 0.999203444
1717651717.896512 0.18506566819999998 0.1311452042 3.7578390471999996 -0.001685717 0.039513174 0.001931528 0.999215782
1717651717.910367 0.2013059314 0.137467872 3.7738476773999996 -0.000134104 0.040666535 0.001372128 0.999171853
1717651717.926169 0.22164922899999998 0.15444242399999997 3.7954153294 0.002619706 0.042154294 0.002171523 0.999105334
1717651717.943587 0.22769785639999998 0.1282991704 3.820852782 -0.000392774 0.048113897 0.003188495 0.998836696
1717651717.962378 0.24793119099999997 0.1536809354 3.8562230007999996 0.004877315 0.053332657 0.00275181 0.998561084
1717651717.978815 0.2779309006 0.1690116314 3.872560094 0.003840713 0.055459466 0.002275936 0.998450994
1717651717.995886 0.282789393 0.16554539799999998 3.8990073569999995 -0.003363028 0.06325347 0.002574535 0.997988522
1717651718.01839 0.30457893059999996 0.14957395419999997 3.9241116775999996 -0.006925813 0.06962084 0.005103751 0.99753648
1717651718.032592 0.33242506279999995 0.1457463678 3.9402686348 -0.006348356 0.074131943 0.005091308 0.997215271
1717651718.049042 0.3408851666 0.1515837218 3.9698673347999995 -0.004540949 0.081187978 0.004330577 0.996679068
1717651718.064905 0.41155579459999997 0.11490905799999998 3.9648385779999997 -0.009127721 0.075204864 0.002766039 0.997122526
1717651718.080816 0.4065324474 0.12178941599999998 3.9917300123999997 -0.004723316 0.082069352 0.003370249 0.996609747
1717651718.100032 0.4374243224 0.12696982559999997 3.9960420615999994 -0.002502933 0.080626681 -0.001089627 0.996740639
1717651718.113249 0.39119316319999997 0.1399322576 4.0477389592 -0.00121086 0.093847916 2.1264e-05 0.995585799
1717651718.132844 0.395191175 0.14048996619999998 4.0724032162 -0.000189402 0.094268449 0.001714654 0.995545387
1717651718.154024 0.3979202032 0.1382923944 4.094444383 0.001488708 0.093964763 0.000513677 0.995574296
1717651718.164737 0.40146951719999996 0.1421717354 4.1101492154 0.001039911 0.09382493 -0.0023084 0.995585561
1717651718.180058 0.38343969299999997 0.13636485639999998 4.1388143316 -0.001856247 0.097966254 0.000658948 0.995187819
1717651718.199391 0.4053531224 0.1454467698 4.164703357 0.000661758 0.093933798 0.000585113 0.99557811
1717651718.212233 0.3950411966 0.144346758 4.191226566 0.001079716 0.097236127 0.000906289 0.995260358
1717651718.228636 0.4105265492 0.1496265644 4.2020199876 0.002202461 0.09421809 0.000928646 0.995548785
1717651718.246389 0.41610240699999995 0.16538696939999997 4.235505209199999 0.003093376 0.093560085 0.001729053 0.995607376
1717651718.266978 0.42095836479999993 0.16421359679999997 4.258356583199999 -0.000432344 0.09485691 0.000533791 0.99549067
1717651718.283686 0.4268771158 0.169972622 4.281833088 -0.002120061 0.094702847 6.8813e-05 0.995503366
1717651718.295236 0.4353874976 0.15173105979999998 4.3080467446 -0.006409655 0.094795913 -0.001510747 0.995474994
1717651718.31451 0.4311992436 0.12805422959999999 4.3324859006 -0.005393429 0.097334631 -0.002032696 0.995235026
1717651718.328038 0.437472236 0.1513832952 4.355267083199999 0.004359125 0.097002365 -0.001332839 0.995273769
1717651718.346427 0.44370564999999995 0.1489274702 4.376400159399999 0.004092279 0.096713029 -0.001903775 0.995302081
1717651718.366444 0.4405942054 0.15976784859999998 4.3960422376 0.005872447 0.098556906 -0.002626696 0.995110631
1717651718.379269 0.4462713368 0.1612503274 4.424869122 0.004288456 0.098739974 -0.001045786 0.995103538
1717651718.396039 0.45484659699999996 0.15426394859999998 4.445611487999999 0.002361643 0.098409854 1.0844e-05 0.995143175
1717651718.415048 0.4638394728 0.1522674796 4.4687066068 0.003325104 0.098481238 0.000482976 0.995133281
1717651718.432983 0.47006835579999995 0.147887654 4.4897930758 0.004881253 0.09851744 0.002047695 0.9951213
1717651718.449467 0.48043104259999997 0.16897538799999998 4.510076739 0.009628166 0.097408071 0.001776291 0.995196402
1717651718.470062 0.4818125054 0.1767218156 4.5359065394 0.005536126 0.098695002 0.002538762 0.995099127
1717651718.484885 0.48869195719999997 0.16405970839999998 4.5613258956 -8.4549e-05 0.098744929 0.003305817 0.995107293
1717651718.499657 0.4958028166 0.167028668 4.5857735524 0.002560037 0.098972812 0.002655586 0.995083332
1717651718.515588 0.49726594779999994 0.161807806 4.6091845256 0.003311396 0.100881204 0.003556699 0.994886637
1717651718.531486 0.5061899018 0.1448215332 4.6270041206 0.002878587 0.101254046 0.003287133 0.994851053
1717651718.54976 0.5149238481999999 0.1605706682 4.649559926199999 0.007977614 0.101332091 0.003660706 0.994813919
1717651718.570774 0.5214775004 0.18496453259999998 4.6745235926 0.010087447 0.101180971 0.004485295 0.994806826
1717651718.583633 0.5295002867999999 0.20819134479999998 4.700230835199999 0.007058547 0.100821316 0.004441868 0.994869649
1717651718.598933 0.5274051984 0.2104162728 4.7323714722 -0.002118266 0.104408093 0.005597746 0.994516611
1717651718.61605 0.5376422408 0.19322357499999998 4.7607432142 -0.010201735 0.103809781 0.007921386 0.994513333
1717651718.632182 0.5461109834 0.1796390206 4.785680007399999 -0.010762279 0.103896752 0.006914728 0.994505882
1717651718.652169 0.5526179594 0.17187298780000002 4.7997098694 -0.008184242 0.103869766 0.004166827 0.994548559
1717651718.669721 0.5562456159999999 0.1816468194 4.8281391849999995 -0.003267131 0.106156878 0.004336197 0.994334579
1717651718.697607 0.5633267639999999 0.18592226639999998 4.850348973999999 -0.003368478 0.106113739 0.003036977 0.994343698
1717651718.708234 0.5649391192 0.18683424399999998 4.875459049199999 -0.005990643 0.107675433 0.001415643 0.994167089
1717651718.725125 0.5684972422 0.1848158744 4.901488185999999 -0.006556307 0.109101169 0.002330479 0.994006336
1717651718.735015 0.5781569938 0.183435833 4.9231441257999995 -0.005612921 0.107700884 0.001412925 0.994166493
1717651718.754284 0.5849188557999999 0.18473715 4.9458337316 -0.004287063 0.10844437 -0.001316153 0.994092405
1717651718.769076 0.5891550924 0.1871561152 4.970024202399999 -0.003705034 0.110053718 -0.001244949 0.993917942
1717651718.787644 0.5941820689999999 0.18746117799999998 4.9949664834 -0.003183697 0.111131519 -0.000423607 0.993800521
1717651718.80386 0.6006981299999999 0.18618856499999997 5.0182439324 -0.001693563 0.111478612 -0.000423973 0.993765354
1717651718.821822 0.6061598204 0.18743432319999997 5.037413595199999 -0.000460083 0.111054108 -1.3045e-05 0.99381423
1717651718.836772 0.6137266087999999 0.189726034 5.0622023328 -0.001188971 0.110948548 -0.000696765 0.993825197
1717651718.8539 0.6161808054 0.1936394748 5.085157344799999 -0.001785933 0.112414666 -0.001951673 0.993657887
1717651718.867413 0.6251816346 0.1891832754 5.1097832194 -0.005354308 0.110954419 -0.001841312 0.993809402
1717651718.886348 0.6278046558 0.1784337562 5.1352661844 -0.003455976 0.112406343 -0.003028397 0.993651748
1717651718.901577 0.6328396547999999 0.1800675152 5.1525566092 0.005066734 0.111707725 -0.003720525 0.993721247
1717651718.919247 0.6400780446 0.18124757619999998 5.1732583986 0.00846603 0.11024823 -0.003408731 0.993862212
1717651718.93452 0.645688821 0.18640304 5.192607925999999 0.011639257 0.110133737 -0.004303503 0.993839383
1717651718.954053 0.6505735702 0.18870155419999998 5.215713192399999 0.01000591 0.111039668 -0.003564519 0.993759215
1717651718.966818 0.6582639467999999 0.18623767459999999 5.2396459343999995 0.005648459 0.111666374 -0.002525039 0.993726552
1717651718.986789 0.6650477415999999 0.1859388356 5.2631279224 0.005911503 0.112957664 -0.001866943 0.99358052
