1712732450.0845509 1.927140050445891 -0.07991721913437383 0.0007408466864621761 -0.0008364902479715667 -0.0005918232172413404 0.001995905184985206 0.9999970335966526
1712732450.1711583 1.9016975675271466 -0.07670237205004415 -0.0009759695033958914 -0.0003420117738170192 -0.0014651269976850953 0.002051838094931764 0.9999951860912003
1712732450.2629735 1.8739406294084073 -0.07260842518037952 -0.0019988541492792105 0.0005830937463024545 -0.0029829022216909147 0.0022292415333467815 0.9999905344179376
1712732450.3659818 1.8501565084861014 -0.0713382549757404 -0.0010526770974111088 0.001620998472070389 -0.0043942882242938505 0.0024988206500212995 0.9999841758277841
1712732450.4869537 1.8227421372523656 -0.07374680666813076 0.00014694378050078493 0.001955309607278635 -0.005512387668953246 0.002332071617254662 0.9999791247061252
1712732450.5803053 1.7886327029557367 -0.07612606000253469 -0.00014674678067689374 0.0012928168685526003 -0.006143532369491542 0.0018114729629083422 0.9999774129106401
1712732450.6694052 1.7508976271085697 -0.07697187717277755 -0.0014852050374246993 3.2643088510782856e-06 -0.0059521272489633445 0.0012375981685974172 0.9999797736166973
1712732450.7811437 1.704068948164433 -0.07886967724126032 -0.002510286674482441 -0.0009281692975911675 -0.004891548255562746 0.0005085949650818532 0.9999855734612213
1712732450.8699372 1.64595970341401 -0.08073796553923332 -0.00292461710830473 -0.0008530245634777863 -0.0037241205783967177 -0.00011054072116131607 0.9999911355506383
1712732450.9785132 1.5913909045245094 -0.07929226807574798 -0.0035989544394843874 -0.0003119489386817744 -0.0029222120349554053 -2.8693541961121276e-05 0.9999941390936138
1712732451.079945 1.5406482158835657 -0.07723311924878445 -0.004729351533434154 -0.0005868223062936957 -0.0018023778801442435 0.0007211498719711096 0.9999955941778369
1712732451.172411 1.4917513233734492 -0.07667273812729399 -0.005307215853191735 -0.001558679485149853 -0.0004208397123087676 0.0014826003265587927 0.9999954972281793
1712732451.2835214 1.448673114777193 -0.07686907226966498 -0.004924645843414054 -0.0018751459523672798 0.0008525352372971105 0.0015944657351372176 0.9999949289389307
1712732451.3853445 1.4054268216316572 -0.07733788052347669 -0.004611418752120993 -0.0010051676692811565 0.0019533070946052234 0.0013038721574862137 0.9999949374981676
1712732451.4827704 1.3488708267662037 -0.077710593860179 -0.004723074745904082 0.00027159637024613576 0.00236559194008209 0.0013319961849434098 0.9999946535927233
1712732451.5751727 1.2871015970695625 -0.07837450627596323 -0.005155994274245875 0.0009564492364585802 0.0018099079063303419 0.0019634923191586043 0.9999941322393906
1712732451.6814072 1.2377029134419948 -0.07884679112544611 -0.005644901310352895 0.000558561497867955 0.0006263866148578622 0.0026052051709916273 0.9999944982760035
1712732451.7829576 1.1918406604808431 -0.07883957995052351 -0.0056614840534493244 -0.0004879630249719308 -0.0002458790340470925 0.0029603978526146404 0.9999941098383331
1712732451.8692107 1.1386701472342993 -0.07844921185641991 -0.006054612581919085 -0.0014910276706900172 -0.0009289844013975433 0.002842401587708779 0.9999928315614699
1712732451.968281 1.0766959581701152 -0.0780323191385231 -0.006968340739339884 -0.0018255753589541514 -0.0022557722676322 0.002548017110456115 0.9999901779287347
1712732452.0640292 1.012923858895156 -0.07772448844050435 -0.00692054576256942 -0.001701916119756665 -0.004117472523236257 0.00253760396199963 0.9999840760315282
1712732452.1757603 0.953358397122319 -0.07602698964822988 -0.006485885338912058 -0.0019363991825766718 -0.005511004784516304 0.002469264043610515 0.9999777370949879
1712732452.2817955 0.8952065015609176 -0.0745907765491112 -0.0058525758645914545 -0.0027923110650866557 -0.005619606053995519 0.002620371279445419 0.9999754452759708
1712732452.372375 0.8384555069395472 -0.07513903824642866 -0.004453547979493325 -0.0033990598683759318 -0.00499341252842298 0.0027665577693090897 0.999977082241449
1712732452.4796362 0.7818842454327795 -0.0755622562560585 -0.00433201039467742 -0.0036926385415768383 -0.004109123368109061 0.0026921521353850592 0.9999797896184912
1712732452.566725 0.7244849949034893 -0.07445663214516288 -0.007073415923844722 -0.004155317652448982 -0.002992266911652543 0.002648608982738187 0.9999814066480099
1712732452.6670456 0.6675543262124608 -0.0736439609975124 -0.00928773098065242 -0.004238545938240447 -0.0019371085163549346 0.0028024437989452224 0.999982354284376
1712732452.7705142 0.6111866888167486 -0.07424887684623388 -0.007935385305546936 -0.003325391841702903 -0.0009613200640514385 0.003394426312450638 0.9999853856000134
1712732452.8759286 0.5537435529620126 -0.07627779349204766 -0.005907790728575988 -0.002401557816541209 -0.0008274382192369247 0.003635984260411012 0.9999884273741799
1712732452.9783607 0.4927804908988521 -0.07823349892401701 -0.004285312435030524 -0.002455596096871793 -0.0013960907888722787 0.0027887579512496197 0.999989536708098
1712732453.069497 0.4292129151529535 -0.08010791636451477 -0.003580500800753871 -0.0034793507415432044 -0.0021343917665802223 0.001719134319123705 0.9999875875934534
1712732453.1931078 0.36661324270496576 -0.08084473485582491 -0.0019850984031592987 -0.004566861501270062 -0.0026098017565469823 0.001594776129465389 0.9999824988282136
1712732453.2801273 0.30671608071100476 -0.08012722401977836 -0.0018757411320606309 -0.004992277310409419 -0.003569060865955384 0.001776050272362301 0.9999749790405847
1712732453.376215 0.26064968029094326 -0.08069987900609302 -0.006011192670777721 -0.004304546525574798 -0.005160326184050991 0.001601505817976965 0.9999714292214135
1712732453.4774551 0.24159947302903917 -0.0813217432743334 -0.007816000998092777 -0.003552001207717749 -0.005608367061257064 0.0011440609112082735 0.9999752901906145
1712732453.5788133 0.2402128552203976 -0.08134304989540643 -0.006353493071489082 -0.00375821307609725 -0.0054196842667205685 0.0005013417304763795 0.9999772208701803
1712732453.6758835 0.24245806885322668 -0.08138550517608434 -0.004877152490058598 -0.004274381406028006 -0.005304402482528796 5.155009069577869e-05 0.9999762628537947
1712732453.778531 0.2436048969436947 -0.08134283830020278 -0.004583210125413889 -0.004333744892796826 -0.005238997019099863 0.00019987634072075986 0.9999763848433678
1712732453.871775 0.24348960149377596 -0.08057801315092183 -0.005697536395722014 -0.004178552553520034 -0.005319205705051939 0.0007283456341723491 0.9999764270915027
1712732453.9817057 0.242930939345604 -0.07932510827823538 -0.006670199834982559 -0.004004270945115688 -0.005399588530746929 0.0008869825243406641 0.9999766954044287
1712732454.062588 0.24212522105056916 -0.08063376752104273 -0.006754786284090289 -0.004105523581593554 -0.005369453665760796 0.0004415398366168865 0.9999765312044704
1712732454.1663132 0.24654379691848977 -0.08305136261770524 -0.006941898828975121 -0.00422613571675128 -0.005371446030219653 2.5072243966605876e-05 0.9999759824196448
1712732454.2744884 0.25461533824741184 -0.0830851494031064 -0.006581372578585387 -0.004176582464665902 -0.005342614807360377 0.0002392497938465957 0.9999762957047686
1712732454.3664243 0.2538600412908347 -0.08371413877765405 -0.005253405361873381 -0.0043952060604073705 -0.005152356674582995 0.0007512089439303809 0.9999761739507254
1712732454.460873 0.2491748457530084 -0.08511669895109755 -0.005119900110886061 -0.004737778299845929 -0.005154598560988271 0.0014347975812829916 0.9999740229388453
1712732454.5648146 0.24696775091994122 -0.08582217394837108 -0.00539302472698297 -0.0049344807578051274 -0.00526445837180208 0.00195942852948504 0.9999718310791708
1712732454.6765263 0.24453765127353 -0.08491570434970136 -0.006057146543012284 -0.004859083067179947 -0.005371286564120515 0.0019480407115108635 0.9999715263737763
1712732454.7872608 0.24173895801469303 -0.08259398089961624 -0.006786490786201506 -0.004364573666225752 -0.005424893023929391 0.0014424885210879608 0.9999742018621014
1712732454.87067 0.23979231668713963 -0.08142432707602872 -0.006184169995750753 -0.004022209314293089 -0.00528487102568535 0.0007865191322015221 0.999977315402338
1712732454.9748263 0.2382554811901313 -0.08190500397737786 -0.004450369810300791 -0.004046230207434659 -0.005059900495955954 0.000497440055855865 0.9999786623055082
1712732455.0693564 0.23804196707918626 -0.08250615632837921 -0.0022484818736570778 -0.004041623346919872 -0.004817779903277483 0.00078512920201596 0.9999793657257079
1712732455.1659942 0.2373879045702664 -0.08302926593219384 -0.0022696463813458322 -0.003987307270699237 -0.004826058912590511 0.0009484404502808582 0.9999788691374862
1712732455.2604635 0.23587918177541992 -0.08363974691033546 -0.0070723478480295985 -0.004052785669036291 -0.005487094081606547 0.00043582950978675436 0.9999750384874766
1712732455.3610504 0.2361884679180012 -0.08355224045196687 -0.011105852685090423 -0.0044001378799133455 -0.006032893911068486 0.0005262931207974859 0.9999700055781391
1712732455.4653668 0.23708895175136957 -0.082029802407601 -0.009488206337293813 -0.0045269709047496675 -0.005787583033287124 0.0014551999931683806 0.999969868304271
1712732455.569477 0.23780198756867393 -0.08014883369104081 -0.006477299606693655 -0.004083088253772895 -0.0054119577223421395 0.001454800751493855 0.9999741217930416
1712732455.6712818 0.2391203747452535 -0.08148222552110312 -0.006291699483383782 -0.004144989291459734 -0.005404965037349903 0.0005998891237060999 0.9999747781633515
1712732455.764088 0.24163753997559284 -0.08473992374375837 -0.008321998943015925 -0.004776753596145025 -0.005640426895115777 0.0001791164568888595 0.9999713878613483
1712732455.866823 0.24280609444824813 -0.08519711294655291 -0.009671291606497916 -0.004857477281578143 -0.005763352831315608 0.00010906864338375351 0.9999709967695152
1712732455.967453 0.24122551170052325 -0.08323230328842124 -0.00996946031467316 -0.0047940931557692405 -0.005722867269259286 0.00037902707745021843 0.9999716384588899
1712732456.067882 0.23970365922552922 -0.08215165209705633 -0.010496229897796376 -0.004746303391255976 -0.0057208034330802245 0.0010137986721944741 0.999971229277941
1712732456.1588254 0.24027096956816457 -0.08315560829937178 -0.010221302731642023 -0.004556958485690427 -0.005663973289125723 0.0015345663191303903 0.9999713706338187
1712732456.2667992 0.24023665234987207 -0.08399037780729746 -0.00875023141897422 -0.004270959998443706 -0.005447919128315121 0.001280498253252417 0.9999731634154193
1712732456.3630676 0.23812071663059908 -0.08233875093027435 -0.006916757141341036 -0.003534239253905488 -0.005211784262867287 0.0004184764238206297 0.9999781530586171
1712732456.485635 0.2351680829127587 -0.08053123733039222 -0.006493730113838913 -0.003163591682694029 -0.005167221434868172 8.507291298695579e-06 0.9999809304791978
1712732456.5788233 0.23238358059470515 -0.08033787771942782 -0.00660081047849064 -0.0032704788849833148 -0.00512465651898149 -0.0003595627307218768 0.9999808904664897
1712732456.6780488 0.23184999873535195 -0.08088864924930672 -0.005883575830156629 -0.003299770320755669 -0.005001319538511825 -0.0009805030409558403 0.9999810729259788
1712732456.760386 0.2331004671834248 -0.0805579706431935 -0.005978973542688062 -0.003198560099141213 -0.005040666315027677 -0.001183148499726316 0.9999811092097415
1712732456.859779 0.2338019750448318 -0.08022664475893386 -0.00519456753084287 -0.0028889547931958155 -0.004992097421939792 -0.0012939631727981518 0.9999816882659602
1712732456.9639745 0.23462634692271206 -0.08202768319665422 -0.003440386154838819 -0.0028155011823693546 -0.004829383222330981 -0.0015530410607466154 0.9999817977618288
1712732457.0680852 0.23536572884284312 -0.08438179856310409 -0.0035243600741544983 -0.0034268866800507905 -0.004817433898290941 -0.0014705085276010533 0.999980091319062
