1712732418.4803975 3.2919434547424316 -0.07112067081034183 0.010481916787102818 -0.00278080127609428 -0.005602054402697831 0.007784793945029378 0.9999453485012054
1712732418.5710237 3.30661940574646 -0.07079603336751461 0.010691698081791401 -0.0024475008918670937 -0.005892060056794435 0.007530144229531288 0.9999465644359589
1712732418.673372 3.3176349639892577 -0.07040099240839481 0.01084080683067441 -0.0019986355880973862 -0.006109261477831751 0.007281047757714987 0.9999487161636352
1712732418.776499 3.3273574113845825 -0.06802334301173688 0.01113425251096487 -0.0019475410546874628 -0.006027935876045376 0.007018150016665459 0.9999516844749451
1712732418.8698475 3.3346452474594117 -0.0663883339613676 0.010786236636340618 -0.001573483643005602 -0.005998012016061693 0.006616157619282604 0.9999566674232483
1712732418.98176 3.3380364656448362 -0.06608151458203793 0.010201775003224611 -0.0013897332100896165 -0.005898812331724912 0.006331230187788606 0.9999594449996948
1712732419.069823 3.336830186843872 -0.06509238556027412 0.009813165292143822 -0.0012508021405665203 -0.0058518049423582855 0.006237730523571372 0.9999606549739838
1712732419.1741683 3.3331938982009888 -0.06637756414711475 0.010087362304329873 -0.0013116059795720502 -0.00642905319109559 0.006533788377419114 0.9999563336372376
1712732419.2825289 3.3275219440460204 -0.0660509679466486 0.01012014439329505 -0.0017210670717759057 -0.006496826699003577 0.006363054970279336 0.999955701828003
1712732419.3762476 3.3200830221176147 -0.06637663282454014 0.01013275384902954 -0.002005506816203706 -0.006380055565387011 0.006487722089514136 0.9999543964862824
1712732419.4811764 3.311375379562378 -0.06877189762890339 0.009916888736188411 -0.0025186522863805292 -0.00636484925635159 0.006768421921879053 0.9999510169029235
1712732419.576563 3.3004985809326173 -0.06809432618319988 0.00965392105281353 -0.002917452820111066 -0.006257060263305902 0.006722816312685609 0.9999508082866668
1712732419.672082 3.2886520624160767 -0.06848611496388912 0.009213153133168816 -0.0033353986334986986 -0.006034192256629467 0.0067769352346658705 0.9999503135681153
1712732419.7743678 3.2749610424041746 -0.07041313759982586 0.008940038876608014 -0.003538380446843803 -0.005721416836604476 0.0067020855378359554 0.9999517977237702
1712732419.8633676 3.261863350868225 -0.07127481587231159 0.008813642477616668 -0.0037771932198666035 -0.005406465195119381 0.006697482010349631 0.9999527633190155
1712732419.9677246 3.246818423271179 -0.07278296016156674 0.008739630365744233 -0.00393509961431846 -0.005083778640255332 0.007155994884669781 0.9999507606029511
1712732420.0808809 3.2331719398498535 -0.07634463310241699 0.008591352310031653 -0.00391361906658858 -0.004808273515664041 0.0077033475507050754 0.9999478220939636
1712732420.1954365 3.218553924560547 -0.07501371018588543 0.008407826907932759 -0.003965477703604847 -0.004477099934592843 0.007305928086861968 0.9999518394470215
1712732420.2767444 3.2031191110610964 -0.07511407919228077 0.008170983055606484 -0.0036712017492391167 -0.004186830995604396 0.007226418564096093 0.9999547481536866
1712732420.372644 3.189555788040161 -0.07333187200129032 0.0076099011115729805 -0.0033922830945812164 -0.003935430594719946 0.00675117396749556 0.9999601662158966
1712732420.475773 3.1752011299133303 -0.07113272584974766 0.007382529554888606 -0.00307856168365106 -0.003490805602632463 0.006320975953713059 0.9999658226966858
1712732420.5698214 3.1621142864227294 -0.07092251516878605 0.007127657253295183 -0.002753007260616869 -0.003049482684582472 0.006150863924995064 0.9999691724777222
1712732420.6796873 3.1479635000228883 -0.0709491778165102 0.0070293422788381575 -0.0026723824790678917 -0.00267683882266283 0.006073774956166744 0.9999709606170655
1712732420.7850437 3.132917618751526 -0.06965674869716168 0.00672372910194099 -0.0026825489359907804 -0.0024499893304891886 0.006003546342253685 0.9999718546867371
1712732420.8737388 3.115915322303772 -0.06944081671535969 0.0066564809530973434 -0.0028047514730133115 -0.0022513393079861997 0.0058730109594762325 0.9999725997447968
1712732420.9717052 3.098663020133972 -0.06861412860453128 0.006682638451457024 -0.0029010218917392195 -0.0018913505016826093 0.005544095300137997 0.9999752461910247
1712732421.0789633 3.08141233921051 -0.06563387103378773 0.006442239508032799 -0.00298595626372844 -0.0013316761585883796 0.004806355549953878 0.9999806463718415
1712732421.1668153 3.0636894702911377 -0.06623749211430549 0.006084394827485085 -0.003020436968654394 -0.000994889676803723 0.004825749830342829 0.9999811112880707
1712732421.2601416 3.04848256111145 -0.0655467625707388 0.0057706550229340795 -0.0030817841179668903 -0.0004433369787875563 0.0048264791024848815 0.9999814033508301
1712732421.3684342 3.0351343631744383 -0.0653448086231947 0.005495059280656278 -0.0031562052899971604 0.00017006275593303143 0.004684371547773481 0.9999819397926331
1712732421.4867494 3.023225688934326 -0.06721477173268794 0.005226286849938333 -0.00318065348546952 0.0005765823123510927 0.005091192806139589 0.9999791443347931
1712732421.58211 3.012032723426819 -0.06837895698845387 0.005149287055246532 -0.003151814581360668 0.000912285823142156 0.005350604746490717 0.9999776422977448
1712732421.6734242 3.003779482841492 -0.06885776408016682 0.00507667453493923 -0.003060529695358127 0.0012639342050533742 0.005391817539930344 0.9999773323535919
1712732421.7617786 2.9968879222869873 -0.0703155767172575 0.004973010183311999 -0.0029990638024173675 0.0017172515450511127 0.005301376152783632 0.9999774873256684
1712732421.8668337 2.9905746221542358 -0.0700200606137514 0.0047725997632369396 -0.0027753917151130737 0.002141554857371375 0.005085749761201441 0.9999789237976074
1712732421.9740405 2.9862839460372923 -0.07026481963694095 0.0044605216244235635 -0.002686084725428373 0.002416736987652257 0.005006545665673911 0.9999791085720062
1712732422.0783994 2.9830729484558107 -0.0699105966836214 0.004314356436952949 -0.0025123397586867212 0.0024976010725367816 0.005108453333377838 0.9999788343906403
1712732422.1707497 2.9798858165740967 -0.06958050094544888 0.004135393211618066 -0.002387101901695132 0.0028396704234182834 0.005165452091023326 0.9999782979488373
1712732422.2641299 2.9750428199768066 -0.06946687065064908 0.004167561279609799 -0.002222071576397866 0.003014066116884351 0.005200081178918481 0.9999779641628266
1712732422.3659465 2.9682796001434326 -0.07166220508515835 0.004199649230577052 -0.0021661507315002384 0.0031361861852928995 0.005466013890691101 0.9999764680862426
1712732422.475997 2.9605381011962892 -0.07107655145227909 0.004147217539139092 -0.0021167632774449887 0.003299171547405422 0.005439409823156893 0.9999762594699859
1712732422.5784466 2.9518214225769044 -0.06978921815752984 0.004408292728476227 -0.0021390312002040448 0.003474175604060292 0.005128812417387963 0.9999772429466247
1712732422.6671906 2.94167742729187 -0.07035387381911277 0.004236579732969403 -0.0018577434180770068 0.0035703459987416865 0.004835094674490392 0.9999789297580719
1712732422.7725623 2.9302566766738893 -0.06909915432333946 0.004309686738997698 -0.0015631798072718085 0.003675401723012328 0.004874884686432779 0.9999788343906403
1712732422.8709624 2.9187156438827513 -0.06847569793462753 0.004382741777226329 -0.0013237406383268535 0.003771474352106452 0.004845241433940828 0.9999789297580719
1712732422.9785037 2.906449007987976 -0.06907978132367135 0.004328526020981371 -0.0009894034184981138 0.00379373524338007 0.005108152818866074 0.9999775052070617
1712732423.0751603 2.891491174697876 -0.07060450837016105 0.004447572911158204 -0.0008860887071932666 0.0038351623341441156 0.005263943341560662 0.999976634979248
1712732423.1787164 2.8768867015838624 -0.0727825067937374 0.004589213477447629 -0.0009934183952282182 0.0038696508388966324 0.005402853735722602 0.9999755561351776
1712732423.283244 2.860708212852478 -0.07379961274564266 0.004647382069379091 -0.0008895614402717911 0.0038563130190595986 0.005656132264994085 0.9999741375446319
1712732423.3687782 2.843334913253784 -0.07258140407502651 0.004896936565637588 -0.0009101086514419876 0.00384716612752527 0.005568312737159431 0.9999746084213257
1712732423.4859338 2.8251041412353515 -0.07249406464397908 0.004671955015510321 -0.0009081893585971557 0.003718851995654404 0.005329187563620508 0.9999766945838928
1712732423.5752475 2.806563687324524 -0.07331686392426491 0.004312846204265952 -0.0009648007442592643 0.003635262208990753 0.005397801380604505 0.9999766290187836
1712732423.6739824 2.787015438079834 -0.0729867935180664 0.004240573476999998 -0.001211514805618208 0.0036238090367987754 0.005551393725909293 0.9999755501747132
1712732423.7689297 2.7667406797409058 -0.07344067618250846 0.003891233238391578 -0.0014691429780214094 0.003572102799080312 0.005494429799728096 0.9999756455421448
1712732423.8713067 2.745033049583435 -0.07443480864167214 0.003710146271623671 -0.0017462152856751346 0.0034525313414633272 0.005637232586741448 0.9999750435352326
1712732423.977744 2.721614694595337 -0.07391335293650628 0.0037477114237844944 -0.0020260792851331645 0.0033542153891175986 0.005139041854999959 0.9999777674674988
1712732424.076364 2.6987550497055053 -0.0733053095638752 0.003809498529881239 -0.002124755916884169 0.0031278942129574715 0.0047015267075039445 0.9999798178672791
1712732424.181843 2.6731966972351073 -0.07286865040659904 0.004106882680207491 -0.0018764099666441325 0.002683979639550671 0.004393620730843395 0.9999821424484253
1712732424.281227 2.646134853363037 -0.0735902138054371 0.004214571602642536 -0.0018210629183158743 0.002128872385947034 0.004077096504624933 0.9999843835830688
1712732424.3718102 2.6192184686660767 -0.07374614104628563 0.004255025926977396 -0.0016961152730800677 0.0014805001846980304 0.0038903361302800475 0.9999858260154724
1712732424.495203 2.5923733711242676 -0.07246320880949497 0.004424712457694113 -0.0014982012777181807 0.0009430919017177075 0.003616086661349982 0.9999872744083405
1712732424.5604885 2.5639978647232056 -0.07195480428636074 0.0045837570214644074 -0.0014339219756948295 0.0005317969305906444 0.0034470602287910877 0.9999883830547333
1712732424.68171 2.5354715824127196 -0.07048130817711354 0.004776009870693087 -0.00121231704033562 6.14678137935698e-05 0.0030578611942473797 0.9999906539916992
1712732424.780884 2.5065193653106688 -0.06959180869162082 0.004851240152493119 -0.0010119041289726738 -0.0006473973975516855 0.0026564450294245035 0.9999925971031189
1712732424.8788843 2.4763257026672365 -0.06855446174740791 0.004801251459866762 -0.0007557986224128399 -0.001382077659945935 0.002460346679436043 0.9999931156635284
1712732424.9668055 2.4452677011489867 -0.06747235357761383 0.004790942510589957 -0.0006180250413308386 -0.0018979646149091423 0.0024397006316576155 0.9999933779239655
1712732425.0667233 2.4136372566223145 -0.06785508394241332 0.004555587912909687 -0.000915042634733254 -0.0022719343192875384 0.002682774345157668 0.9999916791915894
1712732425.1800413 2.383050465583801 -0.06631034277379513 0.004058101959526539 -0.0012167408654931932 -0.0024053908011410384 0.002397636105888523 0.9999915182590484
1712732425.275143 2.353708267211914 -0.06573324985802173 0.003492388181621209 -0.0013963344536023214 -0.002139968326082453 0.002145332857617177 0.9999923348426819
1712732425.3656795 2.3231334924697875 -0.0651084367185831 0.0031003174197394403 -0.001383154364884831 -0.002163306571310386 0.0020113335602218287 0.9999926149845123
1712732425.4723966 2.2933876276016236 -0.06597652956843376 0.003023383702384308 -0.0013646371648064815 -0.002163075999123976 0.0018657163513125853 0.9999929308891297
1712732425.57055 2.267842507362366 -0.06719235330820084 0.002582345257542329 -0.001229449748643674 -0.0019302372296806426 0.001745541489799507 0.9999932110309601
1712732425.6768594 2.244895005226135 -0.06800740361213684 0.002179954510211246 -0.001179030686034821 -0.0017689827596768736 0.001687853009207174 0.9999933063983917
1712732425.762856 2.225987982749939 -0.0691420465707779 0.0019822531154204625 -0.0009695038053905592 -0.0014088419557083398 0.0016019060560211074 0.999993771314621
1712732425.861468 2.2098116159439085 -0.07043107189238071 0.0017705424928863068 -0.0009111618725000881 -0.00083770407945849 0.0012902132810268085 0.9999950945377349
1712732425.965029 2.1977625608444216 -0.07043561898171902 0.0012772537367709447 -0.0007275680705788546 -0.000541751558193937 0.0009435092208150309 0.9999957025051117
1712732426.072136 2.188313341140747 -0.0695129755884409 0.0008767509025346953 -0.00035052565144724215 -0.0001997197512537241 0.00047655935559305363 0.9999975562095642
1712732426.1789052 2.1814483880996702 -0.06963329650461673 0.0008876005544152576 7.284158855327404e-05 0.00014347820542752742 0.00041319898955407555 0.9999980628490448
1712732426.2666814 2.1783998012542725 -0.07001953907310962 0.0008416349483013619 0.00020795846157852793 0.00023006335832178592 0.00017905593194882384 0.9999981582164764
1712732426.3742664 2.1788100242614745 -0.07098675556480885 0.000727331551752286 0.00029988681726536017 0.0006456113304011523 -0.0002737200651608873 0.999998277425766
1712732426.4743314 2.1797168970108034 -0.07104704715311527 0.000435114335414255 0.00037744999663118505 0.001070291898213327 -0.0004618412705895025 0.9999985098838806
1712732426.5819201 2.178609538078308 -0.07105358652770519 0.0005964502895949408 0.000321878681461385 0.001132634759414941 -0.0007240458282467444 0.9999983727931976
1712732426.664775 2.1747388362884523 -0.07146155796945095 0.0006540423462865874 0.0004663584893933148 0.0012688805698417127 -0.0009645650141465012 0.9999979436397552
1712732426.7663393 2.16948025226593 -0.07124123461544514 0.0006293423677561805 0.0004080966255060048 0.0013819397368934005 -0.0011197532614460215 0.9999977588653565
1712732426.8817742 2.162425899505615 -0.06983315907418727 0.000475920524331741 0.0005672664477970102 0.0014260651951190084 -0.0009467629861319438 0.999997466802597
1712732426.979599 2.1549944400787355 -0.06953729949891567 0.0005544593688682653 0.0006989217692535022 0.001520158356288448 -0.0008454513968899846 0.9999972105026245
1712732427.066884 2.147097420692444 -0.069179343059659 0.000762841357209254 0.000887076738763426 0.0016434394638054073 -0.0008121790800942108 0.9999969124794006
1712732427.1759655 2.1362045049667358 -0.0696413703262806 0.000722789806604851 0.0009744157623572391 0.00171661862405017 -0.0007118795299902558 0.9999966323375702
1712732427.2688007 2.1233463525772094 -0.06828245297074317 0.00088964006426977 0.0011579829340917058 0.0017583895707502962 -0.00044236237299628557 0.9999962270259857
1712732427.3695955 2.1083888530731203 -0.06698909103870392 0.0006836150205344893 0.0014735380304045976 0.0017076683463528753 -5.7090033078566196e-05 0.9999961256980896
1712732427.4897351 2.0927000284194945 -0.06745004579424858 0.0006121662256191485 0.001670906791696325 0.0015441979980096222 0.0002538075321353972 0.9999955356121063
1712732427.571639 2.077071762084961 -0.06789554804563522 0.0005230085909715854 0.0019245616218540817 0.001378107091295533 0.0005838087294250726 0.9999954760074615
1712732427.677578 2.0615262150764466 -0.06740011125802994 0.0007508238995797001 0.0021505061071366073 0.001213725420529954 0.0008292256447020918 0.9999954342842102
1712732427.7741728 2.0456131219863893 -0.06757385060191154 0.0007711659171036444 0.0021493378502782435 0.0010279453461407683 0.0010903585876803844 0.999995619058609
1712732427.8618097 2.0301393628120423 -0.06820711866021156 0.000946514004317578 0.0020317033515311776 0.000794020363537129 0.0010896333784330635 0.9999958574771881
1712732427.9789863 2.012008023262024 -0.06919354647397995 0.0011100388597697019 0.0017342081060633062 0.0005614799432805739 0.0010395645454991608 0.9999961376190185
1712732428.0688622 1.9934943318367004 -0.0700493298470974 0.0009559263591654599 0.0013889631722122432 0.00026478211948415263 0.0010133452102309092 0.9999962627887726
1712732428.1775832 1.9750039100646972 -0.07171841785311699 0.0007763664918456926 0.0008610860677435994 5.18363420269452e-05 0.0010096403158968315 0.9999962031841279
1712732428.271353 1.9554151058197022 -0.07166493088006973 0.0007757839844998671 0.0006187170045450329 -0.00029200839489931243 0.0008545048272935674 0.9999966263771057
1712732428.3712578 1.9352838397026062 -0.07295240759849549 0.0008543891561203054 0.00034475769498385487 -0.0007250631126225926 0.0007822370534995571 0.9999966025352478
1712732428.4874067 1.9148840188980103 -0.07193342819809914 0.0011018651441190741 9.555191791150719e-05 -0.0011104997262009419 0.0005887854873435572 0.9999966382980346
1712732428.5661583 1.8910091876983643 -0.07184307426214218 0.0011723658148184769 0.00016304122109431774 -0.001679260608216282 0.00037374925595941023 0.9999952197074891
1712732428.6832802 1.8667964935302734 -0.07286650016903877 0.0008728694074306986 5.985945754218847e-05 -0.0023726380648440683 0.00017966085724765434 0.9999932765960693
1712732428.775377 1.8412096500396729 -0.07152878642082214 0.0010119089352883747 0.00010810974927153439 -0.0030288151581771674 7.669276092201472e-05 0.9999910593032837
1712732428.8799002 1.8152486085891724 -0.0715785339474678 0.0008544742033336661 -0.00011873987677972764 -0.0035124666523188353 -0.00018206280656158925 0.9999894142150879
1712732428.9814954 1.7886348128318788 -0.07128232643008232 0.0005401816704761586 -8.057982777245342e-05 -0.0038870334974490106 -7.15349946403876e-05 0.9999883294105529
1712732429.0763733 1.760469424724579 -0.07067408859729767 0.0003253862514611683 -5.90949144680053e-05 -0.004047557490412146 1.746185589581728e-05 0.9999880909919738
1712732429.179819 1.7311123728752136 -0.06986312717199325 -0.0001923758614793769 0.0002495081102097174 -0.004377495194785297 -1.1843338143080473e-05 0.9999879956245422
1712732429.276264 1.7003100991249085 -0.07056377232074737 -0.0007840500291422358 0.0003241913680540165 -0.004541056766174734 2.5163684040307998e-05 0.9999876081943512
1712732429.3794425 1.669123923778534 -0.06996405720710755 -0.0012839756440371276 0.0003254090781410923 -0.004351293982472271 -1.926257900777273e-05 0.9999880850315094
1712732429.4824927 1.6370223879814148 -0.07079719603061677 -0.001852925366256386 8.267555640486534e-05 -0.00405959717463702 -0.0001210358452226501 0.9999885976314544
1712732429.5859401 1.6062883734703064 -0.07049267813563347 -0.002655260532628745 -0.00034306545021536297 -0.003596355498302728 -0.00022475681398645975 0.9999901354312897
1712732429.6734035 1.5747413396835328 -0.0704124815762043 -0.0030562652682419866 -0.000751820669756853 -0.0026591461035422983 -0.00019609346418292262 0.999991911649704
1712732429.7845235 1.5415727615356445 -0.07155953198671341 -0.003684942511608824 -0.0008563734634662978 -0.001777323510032147 -0.00032240032669506036 0.9999939322471618
1712732429.8770313 1.5064467191696167 -0.07243347689509391 -0.004058170889038593 -0.0007003891121712513 -0.0010104342945851386 -0.0003659839647298213 0.9999953448772431
1712732429.9807909 1.4703839302062989 -0.07336347103118897 -0.004131738003343344 -0.00037589204584946855 -0.00034511098638176916 -0.0005992689191771205 0.9999957501888275
1712732430.0761583 1.43294415473938 -0.07462492063641549 -0.004415483097545803 -0.00019973824237240478 -6.181540520628914e-05 -0.0007230526643979829 0.9999961495399475
1712732430.1723793 1.395435059070587 -0.07495697140693665 -0.004842445836402476 -0.00021218716392468195 0.00026571231574052946 -0.0007881452816945967 0.9999967515468597
1712732430.2849243 1.3571669340133667 -0.07479090541601181 -0.005137169803492725 -0.000456292107628542 0.00045968614431330935 -0.000812708157900488 0.9999969363212585
1712732430.386539 1.317336869239807 -0.07460949197411537 -0.0059353735530748965 -0.0008013395661691902 0.0005531725721084513 -0.0009314085444202646 0.9999964833259583
1712732430.4849272 1.2743937611579894 -0.07469198256731033 -0.0062487123534083365 -0.0007805452052707551 0.00041158219246426595 -0.0010580145841231569 0.9999961793422699
1712732430.5784895 1.229193925857544 -0.07464538663625717 -0.006236144294962287 -0.0006095961522078142 -1.4340969210024923e-05 -0.0009519499144516885 0.9999951601028443
1712732430.6659384 1.1827962100505829 -0.07337727546691894 -0.006402540975250304 -0.0005199642007937654 -0.0009927500723279081 -0.000776607301668264 0.9999933898448944
1712732430.7863333 1.1358326911926269 -0.0731343112885952 -0.006709867133758962 -0.0009781142016436206 -0.0018437211620039307 -0.0007354842993663624 0.9999905407428742
1712732430.8923838 1.0874282836914062 -0.07236328795552253 -0.00731595226097852 -0.001409485143449274 -0.002577158667554613 -0.0004441716620931402 0.9999884843826294
1712732430.9668818 1.0381361186504363 -0.07132462859153747 -0.0076368718408048155 -0.0020099570032471093 -0.0033088720505475067 -0.0002677766227861866 0.9999873161315918
1712732431.0819778 0.988637363910675 -0.07036592960357665 -0.0077409986872226 -0.002485100789999706 -0.00369595258962363 3.703327674884349e-05 0.9999854981899261
1712732431.1740482 0.9371282160282135 -0.06921453699469567 -0.007957551674917341 -0.003088486126580392 -0.004078328690957278 6.806024284742307e-05 0.9999827861785888
1712732431.2753065 0.8849692046642303 -0.06958293989300728 -0.008398141106590628 -0.0032962146931822646 -0.004023360490100459 0.00010262136165692937 0.9999821126461029
1712732431.37277 0.8313697516918183 -0.06945952922105789 -0.008086588094010949 -0.0033936420706595525 -0.004064237914280966 0.00028101348252675964 0.9999817907810211
1712732431.4683278 0.7790913879871368 -0.06917156800627708 -0.008520701434463263 -0.0033983389865170468 -0.0040527067205403 0.000569803201869945 0.9999818444252014
1712732431.569296 0.7267207115888595 -0.0683695949614048 -0.009041414549574255 -0.0036203066119924188 -0.003920327877858653 0.0008089171325991629 0.999981951713562
1712732431.6801062 0.6696269541978837 -0.06815578565001487 -0.007465971307829023 -0.003895840304903686 -0.0039913312124554064 0.0006145787872810615 0.9999806523323059
1712732431.7919705 0.6157385468482971 -0.06790336295962333 -0.0067064916947856545 -0.00379384309053421 -0.004153412586310879 0.0006698795110423817 0.9999799251556396
1712732431.8700185 0.5693023264408111 -0.06844553872942924 -0.006596717168577015 -0.003789639286696911 -0.0041367014462593945 0.0006128068762336625 0.9999800801277161
1712732431.965773 0.5285725116729736 -0.06915011331439018 -0.007234271825291216 -0.004013550584204495 -0.003965550550492481 0.000558657514557126 0.9999799311161042
1712732432.0714562 0.4923675060272217 -0.06972488388419151 -0.007917189109139144 -0.004039049264974892 -0.004102749965386465 0.00039094157218642065 0.9999794006347656
1712732432.1694877 0.46267167031764983 -0.07058304622769355 -0.008553798752836883 -0.0037897149100899695 -0.004222545010270551 0.00039860250471974724 0.9999800741672515
1712732432.267416 0.4381256073713303 -0.07011293694376945 -0.00868175660725683 -0.0037768427282571793 -0.004638920770958066 0.0002773494656139519 0.9999790370464325
1712732432.3799417 0.4197664737701416 -0.07122692242264747 -0.009112270059995353 -0.003659568587318063 -0.005029557645320893 0.0003780291786824819 0.9999781906604767
1712732432.4717393 0.4056101441383362 -0.0710196889936924 -0.008608965505845844 -0.0038822774775326254 -0.0051856632344424725 0.0002420489779979107 0.9999771535396575
1712732432.571435 0.39639624357223513 -0.07124158143997192 -0.008399985753931105 -0.00399734559468925 -0.005216222070157528 6.236229546630057e-05 0.9999769449234008
1712732432.6650727 0.3965028077363968 -0.07146913558244705 -0.010526743740774691 -0.0038960130419582128 -0.004881083825603127 0.00027250463481323097 0.9999793648719788
1712732432.7768898 0.4031575918197632 -0.0707530576735735 -0.011061578569933773 -0.003942144871689379 -0.00443040719255805 0.0006304361961156247 0.9999812066555023
1712732432.8734834 0.40255687534809115 -0.07093253917992115 -0.011542675783857703 -0.003987412643618881 -0.004386983904987573 0.000979524511967611 0.99998037815094
1712732432.976059 0.4016784280538559 -0.07051966674625873 -0.010882031079381705 -0.003806974668987095 -0.0044364129891619085 0.0011252140991928172 0.9999809026718139
1712732433.078513 0.40095946490764617 -0.07018612585961818 -0.010190805373713373 -0.0035102043533697725 -0.004325669608078897 0.0010525473904635873 0.9999823629856109
1712732433.1730776 0.4016473859548569 -0.07018345557153224 -0.009171425318345427 -0.003395965788513422 -0.004200353822670877 0.0010281758188284585 0.9999832928180694
1712732433.2769444 0.40466234683990476 -0.07056262679398059 -0.008916777139529587 -0.0033428505528718235 -0.0041118619265034795 0.0010959815417663776 0.9999838888645172
1712732433.3716314 0.40770534574985506 -0.06947419233620167 -0.008780330093577505 -0.0033548944862559437 -0.004060479835607112 0.0008824733793517225 0.999984186887741
1712732433.4878716 0.41349180936813357 -0.0687079519033432 -0.010100775491446256 -0.0031878440640866756 -0.004183882614597678 0.001104549136653077 0.9999839425086975
1712732433.5732841 0.42257972061634064 -0.06872350946068764 -0.010007756669074297 -0.0031037562526762485 -0.004154149279929698 0.0010983944914187305 0.9999843060970306
1712732433.6741834 0.43174847066402433 -0.06944194585084915 -0.010137163382023574 -0.0030881411395967005 -0.00407731223385781 0.0011562973479158245 0.9999846041202545
1712732433.792839 0.4357927590608597 -0.07041927315294742 -0.009727320156525821 -0.0028896744595840575 -0.0038841406581923365 0.0010032142148702406 0.9999861061573029
1712732433.8721178 0.4473672270774841 -0.07010569162666798 -0.008956881088670344 -0.002596180303953588 -0.003609622758813202 0.0006737302741385065 0.9999888002872467
1712732433.9854066 0.4601840853691101 -0.07021767906844616 -0.009186848939862102 -0.002536235749721527 -0.003413222683593631 0.0007041098069748841 0.9999895870685578
1712732434.0747964 0.4736014544963837 -0.07019063048064708 -0.009409818786662073 -0.0027282759081572296 -0.003192571725230664 0.0010489071530173533 0.999989241361618
1712732434.1740453 0.48773920238018037 -0.06924868114292622 -0.008899609406944365 -0.0028012378374114633 -0.0028999375994317234 0.0011809309595264494 0.9999896943569183
1712732434.2669 0.5008290588855744 -0.06872087083756924 -0.008669771009590477 -0.0027951782569289206 -0.0026355931302532555 0.001268158492166549 0.9999903380870819
1712732434.3748934 0.51618532538414 -0.06828177087008953 -0.007626892242114991 -0.0028008156921714546 -0.002267151261912659 0.0015000739542301745 0.9999911308288574
1712732434.473171 0.5314925163984299 -0.06858703047037125 -0.006884700513910502 -0.0029289655620232226 -0.001926347246626392 0.0014205537096131592 0.9999920070171356
1712732434.5816865 0.5467114537954331 -0.06838904470205306 -0.006850149377714843 -0.0032845505513250826 -0.0017033340933267026 0.0016522487509064375 0.999990713596344
1712732434.6654122 0.5641884922981262 -0.06739742681384087 -0.006890805612783879 -0.0036241317400708796 -0.0017773433646652848 0.0018369563622400165 0.9999885439872742
1712732434.7766056 0.5843894362449646 -0.06669347807765007 -0.0083041463047266 -0.0038928513880819083 -0.0022068859601859004 0.0019064190913923086 0.9999858796596527
1712732434.8743694 0.6047589480876923 -0.06606599763035774 -0.008107842970639467 -0.0042187147308140995 -0.0024358771799597887 0.00201279881875962 0.9999838888645172
1712732434.9682872 0.626343309879303 -0.06529275923967362 -0.00833083433099091 -0.004147897288203239 -0.002764779218705371 0.0021550420322455468 0.9999824941158295
1712732435.070199 0.6499093651771546 -0.064760010689497 -0.007847395422868431 -0.003983048512600363 -0.0032018438389059154 0.0021611095522530376 0.9999812066555023
1712732435.1876354 0.6737317979335785 -0.06503725275397301 -0.007804476795718074 -0.003835405979771167 -0.003777561098104343 0.0023534255335107444 0.9999789416790008
1712732435.2756555 0.6999095737934112 -0.06556430235505104 -0.00712130619212985 -0.003901848883833736 -0.004212950408691541 0.0024666437529958785 0.9999769687652588
1712732435.3863735 0.7265337347984314 -0.0655513197183609 -0.007230191980488599 -0.003876603220123798 -0.0047487056814134124 0.002511680836323649 0.9999751329421998
1712732435.4842942 0.7534366607666015 -0.0659257486462593 -0.006160068337339908 -0.003736095887143165 -0.005272527714259923 0.0025722362333908677 0.9999732553958893
1712732435.5822563 0.7808941602706909 -0.0661665603518486 -0.006418845255393535 -0.0036112348665483297 -0.005499851144850254 0.002510027214884758 0.9999734938144684
1712732435.6800673 0.8059148967266083 -0.06674021258950233 -0.00609646198572591 -0.003295212925877422 -0.005682028131559491 0.0025392303010448813 0.9999738812446595
1712732435.7790177 0.8281150341033936 -0.06670030429959298 -0.005699782457668334 -0.003026414953637868 -0.005856912676244974 0.0024678479647263886 0.9999737679958344
1712732435.8700938 0.8480795085430145 -0.06673642471432686 -0.0053578812221530825 -0.0027713713818229733 -0.006082148663699627 0.0025520456489175557 0.9999733805656433
1712732435.9819093 0.8654256045818329 -0.06705383360385894 -0.004714696347946301 -0.0028647240367718043 -0.006151965726166964 0.0026617938419803977 0.9999723434448242
1712732436.068391 0.8799902617931366 -0.06682172268629075 -0.005368049099342897 -0.0030319603509269656 -0.006285809120163322 0.002727838419377804 0.9999707221984864
1712732436.1711469 0.8923537194728851 -0.06676396653056145 -0.005823440110543743 -0.0031506781466305255 -0.006405105162411928 0.0027578444685786964 0.9999694705009461
1712732436.2793224 0.9010445773601532 -0.06652669310569763 -0.006085090019041672 -0.002951072878204286 -0.0065540479961782696 0.0027461949503049254 0.9999692142009735
1712732436.3705447 0.9076086342334747 -0.066783856600523 -0.006190915434854105 -0.002923093386925757 -0.006710312375798821 0.002997176395729184 0.999967348575592
1712732436.4858017 0.9126392602920532 -0.066930041462183 -0.006296153547009453 -0.0028441924136132003 -0.006836076220497489 0.0029439450008794665 0.9999666571617126
1712732436.5624955 0.9152878820896149 -0.06678554937243461 -0.005616039963206277 -0.0025012288009747864 -0.007242371235042811 0.0029815628891810774 0.9999652862548828
1712732436.675645 0.9189579546451568 -0.06621729582548141 -0.0049060645687859505 -0.0022217015553906093 -0.0073929703794419765 0.003006613510660827 0.999964588880539
1712732436.782829 0.9254754662513733 -0.06735636442899703 -0.004219193122116849 -0.0020605300429451744 -0.007368097407743334 0.003205173509195447 0.9999644100666046
1712732436.8666031 0.9333850324153901 -0.06737483069300651 -0.004271997848991305 -0.0017750848761352244 -0.007377122715115547 0.0032946402905508878 0.9999644160270691
1712732436.9681869 0.9427652299404145 -0.06774661019444465 -0.00424464225070551 -0.0015246354254486506 -0.007339106407016516 0.0031789625529199837 0.999965488910675
1712732437.0718005 0.9541245520114898 -0.06841210275888443 -0.0030864540138281884 -0.0011326724757964256 -0.006955251260660589 0.002967252058442682 0.9999688923358917
1712732437.1841357 0.9657258927822113 -0.06856222227215766 -0.0022670363308861853 -0.0010312698177585844 -0.006429491611197591 0.0028746306779794395 0.9999722182750702
1712732437.2734418 0.9794944822788239 -0.06832850575447083 -0.0021019284380599857 -0.0011149000936711672 -0.005904444959014654 0.002790153073146939 0.9999744892120361
1712732437.3694422 0.9954590260982513 -0.06854582279920578 -0.0021150897489860656 -0.0011500682310725096 -0.005242156644817442 0.002454130887053907 0.9999782860279083
1712732437.484198 1.0136911988258361 -0.06867051348090172 -0.00273150724824518 -0.0014492214053461795 -0.004549049306660891 0.0024463998852297664 0.9999805867671967
1712732437.574843 1.0336194396018983 -0.06888554096221924 -0.003342436603270471 -0.001556955077830935 -0.003984215389937163 0.0023719247779808938 0.9999833464622497
1712732437.6774511 1.0561066687107086 -0.0695997029542923 -0.0034946462139487265 -0.0016403919187723659 -0.003316269151400775 0.0022893736022524536 0.9999863922595977
1712732437.781772 1.0778841257095337 -0.0696440614759922 -0.0031503659614827485 -0.001774333642970305 -0.002623016049619764 0.0021739676711149515 0.9999893367290497
1712732437.881533 1.1011903285980225 -0.07065327614545822 -0.003270134382182732 -0.001787911913561402 -0.002031537937000394 0.0020513005438260734 0.9999918103218078
1712732437.9817362 1.1247817516326903 -0.0713036984205246 -0.003570795670384541 -0.001767330453003524 -0.0014933645783457906 0.002107993292156607 0.9999933540821075
1712732438.0848987 1.1499107718467712 -0.07163301184773445 -0.00441601337515749 -0.0017002982196572703 -0.001087360587553121 0.00206314641982317 0.9999940276145936
1712732438.1793778 1.177411925792694 -0.07177368253469467 -0.004898572707315907 -0.0013231349053967278 -0.0006929137074621394 0.0019222025526687502 0.9999945938587189
1712732438.2765498 1.2071778297424316 -0.07263484597206116 -0.0052635093161370605 -0.0010719652687839697 -0.0003532120637828484 0.0018675322062335908 0.9999951839447021
1712732438.369381 1.236492383480072 -0.07347956448793411 -0.004895878181559965 -0.0009726423937536311 -4.7020826605148615e-05 0.001829041593009606 0.9999953031539917
1712732438.4776442 1.2667332768440247 -0.07373825684189797 -0.004602104536024854 -0.0006643126303970348 0.00020611600193660707 0.0017430384526960553 0.9999962568283081
1712732438.5738719 1.2974340200424195 -0.07359604835510254 -0.003989174839807675 -0.0006734546092047822 0.00022357189736794681 0.0016511976602487266 0.9999963819980622
1712732438.6775725 1.3280111074447631 -0.07325418442487716 -0.004085664468584582 -0.0006642462736635935 0.00013296948454808444 0.0014395624573808163 0.9999966323375702
1712732438.7696633 1.3605058193206787 -0.07293068766593933 -0.00431101955473423 -0.0005156956460268703 -0.00014884861011523753 0.0011946007754886523 0.9999966204166413
1712732438.879581 1.3940328001976012 -0.07169299647212028 -0.004135410720482469 -0.0004669113463023677 -0.0005287467181915417 0.0011572733434149995 0.9999957323074341
1712732438.9780693 1.4308141708374023 -0.07053187191486358 -0.003644690790679306 -0.00048464797146152705 -0.000823748143739067 0.0010546160076046363 0.9999954402446747
1712732439.074558 1.4678023695945739 -0.06999465972185134 -0.002822662959806621 -0.0006494210538221523 -0.0014772614231333137 0.0011149118101457134 0.9999935030937195
1712732439.174877 1.5069536447525025 -0.06854104921221733 -0.0022643616888672114 -0.0006844066403573379 -0.0023846237105317413 0.0014549894171068446 0.9999896466732026
1712732439.2795358 1.5464011073112487 -0.06786626353859901 -0.00148598519153893 -0.0002486074372427538 -0.0032338425749912857 0.0018916670378530398 0.9999853372573853
1712732439.3753562 1.5868098139762878 -0.06682465448975564 -0.0014251380925998092 -2.4580766330473124e-05 -0.0039127344032749535 0.002116467079031281 0.9999841332435608
1712732439.4828455 1.6277570366859435 -0.06574644073843956 -0.0007855837524402886 5.490475450642407e-06 -0.004291952971834689 0.002221320758690126 0.9999838709831238
1712732439.5844176 1.672472929954529 -0.06549676954746246 -0.00032415326568298043 0.0001049010461429134 -0.004239949095062911 0.002286299099796452 0.9999840915203094
1712732439.666264 1.7182864546775818 -0.06534011662006378 0.0003991715202573687 0.0001812866023101378 -0.00412746878573671 0.0024108950019581243 0.9999841094017029
1712732439.77142 1.7646503448486328 -0.06626745536923409 0.0012740698468405754 0.0002076533472063602 -0.003777838742826134 0.002561671915464103 0.9999844968318939
1712732439.87942 1.8153273940086365 -0.0670239046216011 0.0016083342547062785 0.000324878826540953 -0.0032422009797301145 0.0024478858686052263 0.9999854505062103
1712732439.9767334 1.866850483417511 -0.0665533646941185 0.0017352389006191516 0.00040101687573042 -0.0028277958743274214 0.002323416469153017 0.9999862253665924
1712732440.0771375 1.9192813158035278 -0.06580885760486126 0.0018752541576759541 0.00031974199609976497 -0.0021901529922615736 0.0021799250738695265 0.9999881625175476
1712732440.1881504 1.9718125104904174 -0.06666803471744061 0.0020222074070261444 -1.1123806143586989e-05 -0.001607534190407023 0.0016550026717595755 0.9999918878078461
1712732440.2755225 2.025661838054657 -0.06623754538595676 0.002079337551003846 -0.0004301573315387941 -0.0013079744705464691 0.0012102721142582596 0.9999955475330353
1712732440.3759055 2.0807556390762327 -0.06558618023991585 0.0026485559947104775 -0.0005666545117492206 -0.001345491356914863 0.0010519374744035303 0.9999956965446473
1712732440.4829319 2.1380772829055785 -0.06638323217630386 0.003298167279899644 -0.0008550155083867139 -0.0013461989059578628 0.0010883746901527048 0.9999948978424072
1712732440.5691462 2.1930431485176087 -0.06697385683655739 0.003811635205966013 -0.0007346979391513742 -0.0014922111120540648 0.0013300257734954358 0.9999940633773804
1712732440.6716404 2.2491620659828184 -0.0683147631585598 0.004231075675670581 -0.0006443684598707478 -0.001734753424534574 0.0013999295304529368 0.9999934136867523
1712732440.7830217 2.30757052898407 -0.06758173853158951 0.00425881525825389 -0.0007853410686948336 -0.0017685543149127624 0.0010751886875368655 0.9999933481216431
1712732440.8767524 2.363806653022766 -0.06717179566621781 0.004320414190624433 -0.0012670707437791862 -0.0015597716948832386 0.00101439201971516 0.9999926447868347
1712732440.9716651 2.4194766759872435 -0.06693926155567169 0.0045878248754888775 -0.0014642763213487341 -0.001262296571803745 0.0009127626592089655 0.999991899728775
1712732441.0697665 2.47612943649292 -0.06763834618031979 0.004672804870642722 -0.0013830847427016124 -0.0009604629172827117 0.0007355447090958478 0.9999913692474365
1712732441.1636164 2.53538556098938 -0.06709022857248784 0.004701956128701568 -0.0014136492478428408 -0.00023294154525501653 0.0007077482925524237 0.9999900937080384
1712732441.2764974 2.591407871246338 -0.06786630637943744 0.004849377158097923 -0.0015083736972883344 0.00061081714957254 0.0006767710921849357 0.999989801645279
1712732441.3791366 2.6421151161193848 -0.0696717731654644 0.004769138828851283 -0.001684026326984167 0.0015946651532431134 0.0006410743942979024 0.9999897241592407
1712732441.487962 2.685326361656189 -0.07129573374986649 0.004443591856397688 -0.0013717998226638883 0.0022006447150488386 0.0007202171389508294 0.9999899089336395
1712732441.573188 2.7247526168823244 -0.06987896971404553 0.004191129026003182 -0.0014923312468454243 0.002824990493536461 0.00023206863734230864 0.9999903380870819
1712732441.681856 2.7589491605758667 -0.06867435909807681 0.0038562308996915816 -0.0016713108809199185 0.0035179230108042248 0.00021249717283353676 0.9999901115894317
1712732441.7652736 2.7867689609527586 -0.0679283645004034 0.003580087167210877 -0.0015638197335647419 0.0039228446083143355 0.0006357641443173634 0.9999891757965088
1712732441.859879 2.808471369743347 -0.06837166957557202 0.0037828962318599223 -0.0013761655223788693 0.003978177229873836 0.0008772856457653688 0.9999890327453613
1712732441.9640272 2.8242133140563963 -0.07018869034945965 0.003959855693392455 -0.001332358192303218 0.003966618166305125 0.001217529908171855 0.9999885380268096
1712732442.0653107 2.834187388420105 -0.07136796005070209 0.004167046630755067 -0.0014979835104895756 0.004038483672775328 0.0016170116345165298 0.9999877691268921
1712732442.1810584 2.8341595411300657 -0.07399068213999271 0.004344487050548196 -0.0014105254987953231 0.0036567131872288884 0.0020446088019525632 0.9999887824058533
1712732442.2701313 2.8370465278625487 -0.07401963509619236 0.004614945501089096 -0.001221192444791086 0.003137615928426385 0.0024280781392008064 0.9999889314174653
1712732442.3848834 2.848560667037964 -0.07374776639044285 0.004512115893885493 -0.0009965148026822134 0.003109908942133188 0.0030080242664553224 0.9999870002269745
1712732442.492706 2.8642852783203123 -0.07397838719189168 0.004474061750806868 -0.0012813923676731065 0.003193454002030194 0.003212765359785408 0.9999852299690246
1712732442.588771 2.8817129850387575 -0.07527168244123458 0.004623149731196463 -0.0013613677030662075 0.0032000249717384576 0.003890352975577116 0.9999834835529328
1712732442.676054 2.900918793678284 -0.07646686509251595 0.004916396224871278 -0.001617034451919608 0.002861621722695418 0.004204306495375931 0.9999823868274689
1712732442.7762165 2.9224195957183836 -0.07933125570416451 0.005174282961525023 -0.0019732877262867987 0.002275445792474784 0.004535422846674919 0.999980753660202
1712732442.8697586 2.9466806173324587 -0.08066476732492447 0.005270119453780353 -0.0022591195884160697 0.0018154650955693797 0.0050292681902647015 0.9999780595302582
1712732442.990817 2.973791074752808 -0.08292940184473992 0.005632648593746126 -0.0024338001385331154 0.0012024135125102476 0.005693614785559476 0.9999734938144684
1712732443.08003 3.0046350002288817 -0.08247159123420715 0.00579602022189647 -0.002364608854986727 0.00039230620313901454 0.005960623966529965 0.999972528219223
1712732443.1733313 3.0420560121536253 -0.08315571174025535 0.006102237780578434 -0.002552290936000645 -0.0002693944465136155 0.006378356507048011 0.999968683719635
1712732443.2857988 3.07579619884491 -0.08341577053070068 0.005969313462264836 -0.0029742825019638984 -0.0006068745133234188 0.006461586896330118 0.9999668180942536
1712732443.3715599 3.1055350303649902 -0.08254179880023002 0.00664984171744436 -0.003456228948198259 -0.0017211691912962124 0.006090275500901044 0.9999660789966583
1712732443.4735231 3.1356714248657225 -0.08062970042228698 0.007362761721014977 -0.003474298515357077 -0.0028781233791960402 0.0061986526707187295 0.9999639451503753
1712732443.5691657 3.1677999019622805 -0.08103275746107101 0.007945903064683079 -0.0034245164599269627 -0.003969154923106543 0.006144547811709344 0.9999620795249939
1712732443.6724448 3.201693320274353 -0.07776329964399338 0.00828385753557086 -0.0032736714230850337 -0.004635556507855654 0.005478957493323833 0.9999620497226716
1712732443.772827 3.2379273414611816 -0.07462825775146484 0.008466654131188989 -0.003330604895018041 -0.004782654286827892 0.0048979053433868104 0.999963253736496
1712732443.8774447 3.274864912033081 -0.07221199795603753 0.008557867398485542 -0.0033982306020334365 -0.0043362617725506425 0.004386692114348989 0.9999649941921234
1712732443.9699516 3.309341239929199 -0.06803569793701172 0.008705167984589934 -0.003529949253425002 -0.004151579923927784 0.003918921288277488 0.999968433380127
1712732444.0773933 3.3396164894104006 -0.06726806759834289 0.009052653051912784 -0.0038499390473589303 -0.004007650515995919 0.0040631045048939995 0.9999669909477233
1712732444.1937873 3.3657660245895387 -0.0644418329000473 0.009121018368750811 -0.0038641790859401228 -0.0037369403755292295 0.0038105470986920407 0.9999695062637329
1712732444.2759259 3.3903942823410036 -0.06353624388575554 0.009297442389652133 -0.003882928751409054 -0.0035811969544738533 0.0037832900809007695 0.9999700784683228
1712732444.3711092 3.4105309724807737 -0.06341776400804519 0.00929854973219335 -0.003845971683040261 -0.0031794861191883684 0.0038008036251994783 0.9999720931053162
1712732444.4871356 3.4268937587738035 -0.06359935849905014 0.008863407466560603 -0.003867400996387005 -0.002633271459490061 0.003600112923595589 0.9999753594398498
1712732444.570959 3.437513065338135 -0.06372148692607879 0.008472653385251761 -0.004104762268252671 -0.0021188263781368732 0.003340552879672032 0.9999781906604767
1712732444.6800976 3.4430554866790772 -0.06477821953594684 0.0083790541626513 -0.0041888303123414515 -0.0018206038745120167 0.003424900506797712 0.999979454278946
1712732444.78025 3.441904067993164 -0.06523260064423084 0.008618215238675475 -0.004081280343234539 -0.0018497566226869822 0.003768351289909333 0.9999790966510773
1712732444.8703163 3.434510326385498 -0.06462675519287586 0.00882426523603499 -0.003789612662512809 -0.00270845303311944 0.003841426654253155 0.9999791324138642
1712732444.9793253 3.4260797262191773 -0.06337223649024963 0.00891362396068871 -0.0034590057213790713 -0.0032900375779718162 0.003406553890090436 0.9999793589115142
1712732445.0812066 3.4166946172714234 -0.06376006454229355 0.008775084698572754 -0.00305739488103427 -0.003665959113277495 0.003293981670867652 0.9999795198440552
1712732445.1709428 3.4060028791427612 -0.0642539955675602 0.008675663964822888 -0.00295810176176019 -0.004091563238762319 0.003270301723387092 0.9999779641628266
1712732445.2793288 3.3914517402648925 -0.06306211575865746 0.008799240225926042 -0.002851374872261658 -0.004502200428396464 0.0030717576271854343 0.9999772131443023
1712732445.3670764 3.3752245903015137 -0.06348574832081795 0.008778755506500601 -0.002775388170266524 -0.004769878066144884 0.003400603530462831 0.9999747931957245
1712732445.4685292 3.3566311836242675 -0.062033464387059215 0.008963947743177414 -0.002843426779145375 -0.005188901722431183 0.003408024914097041 0.999972915649414
1712732445.596703 3.337168836593628 -0.06149795986711979 0.009082464734092355 -0.0027309199387673287 -0.005333539377897978 0.003711610019672662 0.9999716460704804
1712732445.6693573 3.317269277572632 -0.06320978179574013 0.008984102262184024 -0.002801533095771447 -0.005283936974592507 0.004436593828722834 0.9999691426753998
1712732445.7839575 3.296761226654053 -0.06298950910568238 0.008822916401550173 -0.0027669654053170236 -0.0053439347073435785 0.004483425221405923 0.9999688327312469
1712732445.870516 3.2761210203170776 -0.06450426205992699 0.008673415845260024 -0.0027848731668200346 -0.005177113600075245 0.004663330013863742 0.9999687731266022
1712732445.9794455 3.2537397861480715 -0.06764724813401699 0.008264456689357758 -0.002990918274736032 -0.004723561741411686 0.005160977132618427 0.9999684810638427
1712732446.0809922 3.2303009271621703 -0.06863019205629825 0.007863681903108955 -0.0032362193567678334 -0.00411680246470496 0.005161003163084388 0.999970018863678
1712732446.1615276 3.2054261684417726 -0.06994630508124829 0.0076469895895570515 -0.0033488268265500663 -0.003482030099257827 0.005349638313055039 0.9999709069728852
1712732446.27319 3.180196666717529 -0.0727898571640253 0.007370713073760271 -0.003398957010358572 -0.0027752060792408883 0.005613359995186329 0.9999718427658081
1712732446.363807 3.15438973903656 -0.0731812532991171 0.006951782992109657 -0.003202346176840365 -0.0020045954384841024 0.005404752586036921 0.9999748468399048
1712732446.492362 3.127462887763977 -0.07489171996712685 0.006656375201418996 -0.0030184994684532285 -0.0011210246593691409 0.005362982582300902 0.9999769330024719
1712732446.5763462 3.100859594345093 -0.07661111950874329 0.006292545516043901 -0.002869827637914568 -0.00037715554935857654 0.0055152927059680225 0.9999763906002045
1712732446.6777015 3.0723714590072633 -0.07998364195227622 0.005904796393588185 -0.0025852510530967265 0.0003062277683056891 0.005745287984609604 0.9999746561050415
1712732446.7696652 3.0437321424484254 -0.08350302502512932 0.00558864176273346 -0.002473683544667438 0.0011791185126639903 0.0060585918836295605 0.9999730885028839
1712732446.8841712 3.011882281303406 -0.08691190108656884 0.005473371781408787 -0.0026804235356394203 0.0018848268664442003 0.006310597341507673 0.999970817565918
1712732446.971892 2.9765092611312864 -0.08667499795556069 0.005431537935510278 -0.0025381863524671644 0.002437570656184107 0.006311291363090277 0.9999707281589508
1712732447.0834348 2.938318204879761 -0.08493584468960762 0.005412569222971797 -0.002445176331093535 0.0028850984293967486 0.006124574039131403 0.9999710202217102
1712732447.174707 2.9004279136657716 -0.0832716941833496 0.005097205750644207 -0.0023412604990880937 0.00336089056218043 0.005923222796991467 0.9999714612960815
1712732447.2711737 2.8628119468688964 -0.0822117954492569 0.004834234714508057 -0.002340551180532202 0.003718906594440341 0.005822817422449588 0.9999711632728576
1712732447.3838177 2.823720836639404 -0.08239352330565453 0.004826491232961416 -0.0021505332202650606 0.003743891208432615 0.005857033422216773 0.9999711751937866
1712732447.4736354 2.7837310314178465 -0.0834235318005085 0.004941388685256243 -0.0019820622052066027 0.0035177147830836473 0.005901612062007189 0.9999717891216278
1712732447.593313 2.740934681892395 -0.08246076628565788 0.005075100157409906 -0.0018568271974800155 0.002997779124416411 0.005615117680281401 0.9999740719795227
1712732447.6792989 2.6974596977233887 -0.07946730256080628 0.005194562487304211 -0.001959988314774819 0.002388263610191643 0.005201495671644807 0.999977570772171
1712732447.7780037 2.6518771648406982 -0.07542237266898155 0.005310314754024148 -0.0019800896785454824 0.0018363545415923 0.004808652447536588 0.9999805390834808
1712732447.8766513 2.60837140083313 -0.07130876034498215 0.005158393830060959 -0.0016506753832800313 0.0014121640706434846 0.0042738156160339715 0.9999845743179321
1712732447.9709432 2.5665781021118166 -0.07094176337122918 0.005010867910459638 -0.0015792300779139622 0.0007162764668464661 0.003961054189130664 0.9999861299991608
1712732448.08803 2.5256016731262205 -0.0699095793068409 0.005005721235647798 -0.0014687926246551796 6.669939029961825e-05 0.003916699392721057 0.9999870598316193
1712732448.1737382 2.482111692428589 -0.0692000463604927 0.004998465697281062 -0.0013022748025832698 -0.0005615654634311795 0.0036750680301338434 0.9999888777732849
1712732448.2686474 2.4374110221862795 -0.06905984878540039 0.004649748108931817 -0.0010562503506662325 -0.0009799111867323518 0.0034536310704424977 0.9999909460544586
1712732448.370441 2.3913835763931273 -0.06854165494441986 0.004385413406998851 -0.0009586674073943868 -0.0010777746443636715 0.0030730155063793062 0.9999923467636108
1712732448.4596667 2.3445470094680787 -0.06696648970246315 0.004437745167524554 -0.0006430768320569768 -0.0013462575036101044 0.0027135316777275875 0.9999928772449493
1712732448.5762806 2.3025305032730103 -0.06590053960680961 0.004044894411345012 -0.0005188164475839585 -0.001476027606986463 0.002219912855071016 0.9999934375286103
1712732448.684352 2.265261006355286 -0.06488448902964591 0.003730738747981377 -0.00018420623964630068 -0.0012561519935843535 0.0019058023142861202 0.9999947786331177
1712732448.767843 2.232194352149963 -0.06580699905753136 0.003179627566714771 0.00023606082540936769 -0.0009354722758871503 0.0015200293419184163 0.9999951779842376
1712732448.8800156 2.2034245252609255 -0.06523641683161259 0.002835447379038669 0.0004921603831462562 -0.0007726153431576677 0.0015596586308674887 0.9999949216842652
1712732448.9772651 2.1790295839309692 -0.06541704498231411 0.002655566661269404 0.0007344661164097488 -0.00022231741604628041 0.001387965600588359 0.9999955832958222
1712732449.0823176 2.1582988023757936 -0.06606514938175678 0.002298473022528924 0.0012255716370418667 0.0001998143896344118 0.0009480342181632295 0.999995619058609
1712732449.1763842 2.1418267726898192 -0.06794133372604846 0.0019191208441043273 0.001678890804760158 0.0006297393629211001 0.0007881768688093871 0.9999950230121613
1712732449.2679882 2.1289399385452272 -0.06840103380382061 0.0020160285464953633 0.0021295760117936878 0.0008902484012651257 0.000703814608277753 0.9999942600727081
1712732449.371788 2.1193614482879637 -0.06799157448112965 0.0017675071081612258 0.0023120917729102077 0.0009689658225397579 0.0007267786480952054 0.9999937891960144
1712732449.4783404 2.1140190839767454 -0.06912888921797275 0.0011526354472152888 0.0023711824440397324 0.0013165070020477287 0.0008906147006200627 0.9999935269355774
1712732449.5794044 2.1065020084381105 -0.06899977289140224 0.0013047470012679697 0.0024444961454719305 0.0017046005159500055 0.0011383466218831018 0.9999936640262603
1712732449.6699111 2.097039747238159 -0.06909910850226879 0.0012255801004357636 0.0023705133877228945 0.0017087570231524296 0.0011734345956938342 0.9999936759471894
1712732449.767863 2.0849037408828734 -0.0686714317649603 0.0011562522442545742 0.002215307246660814 0.0015230279401293955 0.0015321576764108613 0.9999936401844025
1712732449.8711238 2.070876085758209 -0.07022471204400063 0.0012005869590211659 0.002145376178668812 0.0013698315931833349 0.0014553546701790766 0.9999939501285553
1712732449.9743326 2.0558170795440676 -0.07067948058247567 0.0011639409291092306 0.002086735249031335 0.0011395499110221862 0.0016422259534010664 0.9999938368797302
1712732450.0845509 2.03877968788147 -0.07293777912855148 0.0012582854426000268 0.0016112246434204281 0.0009264657943276689 0.0019418819836573675 0.9999944627285003
1712732450.1711583 2.01940461397171 -0.07182058990001679 0.0011995532142464072 0.001090717117767781 0.0006244553456781432 0.002006150339730084 0.9999952971935272
1712732450.2629735 1.9984509944915771 -0.07216549515724183 0.0009865779080428182 0.0006888909876579419 0.00032160286500584336 0.002086841396521777 0.9999960839748383
1712732450.3659818 1.9775708675384522 -0.07261796072125434 0.0005165218841284514 0.0004463260280317627 -0.0002861597604351118 0.002101615897845477 0.9999959766864777
1712732450.4869537 1.9555006980895997 -0.0714697577059269 0.0003293248068075627 0.0004464733166969381 -0.0008589988487074151 0.0022212056326679887 0.9999949157238006
1712732450.5803053 1.9332081913948058 -0.07223665863275527 0.00017921440885402263 0.0005075873676105402 -0.0015504344395594672 0.0022849725908599796 0.999992960691452
1712732450.6694052 1.9081069588661195 -0.07309160456061363 9.519436571281403e-05 0.0006271124744671397 -0.00221835389820626 0.002214689436368644 0.9999908626079559
1712732450.7811437 1.8821046590805053 -0.07405310422182083 -0.00012128221278544516 0.000530035093834158 -0.002911881731415633 0.0020509422291070225 0.9999890148639679
1712732450.8699372 1.8555328607559205 -0.07437982559204101 -0.0006429911678424105 0.00027590400859480726 -0.0033661992769339123 0.0019358284422196447 0.9999878346920014
1712732450.9785132 1.8206179976463317 -0.07551592886447907 -0.001119465785450302 2.791490842355415e-05 -0.0036191280029015615 0.001545256411191076 0.9999877989292145
1712732451.079945 1.785338008403778 -0.07509039044380188 -0.0016562726901611312 0.00021679132332792507 -0.003966601961292326 0.001327011320972815 0.9999873161315918
1712732451.172411 1.7474334716796875 -0.0761448360979557 -0.002017373623675667 0.00035799563984255655 -0.004093512380495668 0.0012650088319787756 0.9999872982501984
1712732451.2835214 1.706901979446411 -0.07609753161668778 -0.002531950068078004 0.00018818982707671238 -0.00403446198133679 0.0012740901816869154 0.9999870836734772
1712732451.3853445 1.6641258358955384 -0.07658267468214035 -0.002545791570446454 -0.00010776712524602771 -0.0036285657445660037 0.0012703524931566789 0.9999873220920563
1712732451.4827704 1.6206603050231934 -0.07769148051738739 -0.002899122130475007 -0.0004532650295914209 -0.00293576512585787 0.0010869661491597071 0.9999884903430939
1712732451.5751727 1.5737868189811706 -0.07785956934094429 -0.003523359654354863 -0.0006394142264070979 -0.0020879049329778354 0.0008789171173702925 0.9999904453754425
1712732451.6814072 1.5212822079658508 -0.07791621759533882 -0.004029880184680224 -0.0006384917048308126 -0.00116919486417828 0.0009640882548410445 0.9999919593334198
1712732451.7829576 1.4707543849945068 -0.07829945385456086 -0.004506811173632741 -0.0005382952550462506 -0.0005136142094670504 0.0010705676220823079 0.9999939620494842
1712732451.8692107 1.41748286485672 -0.07848189249634743 -0.004734308319166302 -0.00040626460258863517 -5.6595805199322057e-05 0.0013261205225717277 0.9999948441982269
1712732451.968281 1.3693008303642273 -0.07780698984861374 -0.004921399336308241 -0.0004765620994476194 0.00019849732898364892 0.00175431034876965 0.9999945104122162
1712732452.0640292 1.3175749897956848 -0.07759644612669944 -0.005529936123639345 -0.0007413360189275408 0.0003744547805581533 0.001916775933932513 0.9999947726726532
1712732452.1757603 1.264010751247406 -0.07809812426567078 -0.005683471355587244 -0.0009190055607177783 0.00015423294071297277 0.0022420562367187814 0.9999932885169983
1712732452.2817955 1.2111522436141968 -0.07790972962975502 -0.005604290915653109 -0.0007887304825999308 -0.0005279477678413969 0.0021617639722535387 0.9999912977218628
1712732452.372375 1.1557924926280976 -0.07758934423327446 -0.0059587107971310616 -0.0008573304461606312 -0.0011515230078657623 0.002290197045658715 0.9999890744686126
1712732452.4796362 1.0980335652828217 -0.07722303941845894 -0.005846784031018615 -0.0011129521830298473 -0.0018911549959739204 0.002463605851517059 0.9999874174594879
1712732452.566725 1.040235662460327 -0.07742999792098999 -0.00558989467099309 -0.0014928289725503418 -0.002655511596094584 0.0026527424692176283 0.9999856173992157
1712732452.6670456 0.9863081097602844 -0.07676083445549012 -0.0056735110934823755 -0.0020904840937873816 -0.003110739905241644 0.0027156688855029644 0.9999851047992706
1712732452.7705142 0.9285296380519867 -0.07628627568483352 -0.006642138864845037 -0.002722345785150537 -0.0034300634943065234 0.002650764735881239 0.999983036518097
1712732452.8759286 0.8703534722328186 -0.07557845637202262 -0.006429617619141936 -0.0029800472664646806 -0.00330378223588923 0.002705767645966262 0.9999824702739716
1712732452.9783607 0.8112923860549927 -0.07542857602238655 -0.006934670638293028 -0.0029670731513760985 -0.003401448723161593 0.0028025277773849667 0.9999820530414582
1712732453.069497 0.7530469119548797 -0.07561645135283471 -0.006056042964337394 -0.002894354006275535 -0.003283547388855368 0.003007174620870501 0.9999818444252014
1712732453.1931078 0.6951895862817764 -0.07547867596149445 -0.005984774249373004 -0.003137241874355823 -0.0031429458293132486 0.0026548891997663303 0.9999822735786438
1712732453.2801273 0.636063027381897 -0.07647785246372223 -0.005822637601522729 -0.0034759920905344187 -0.002750282606575638 0.0026909033040283248 0.999983286857605
1712732453.376215 0.5775569260120392 -0.07673107981681823 -0.004253757483093068 -0.00376693302532658 -0.002288590685930103 0.002611331196385436 0.9999836444854736
1712732453.4774551 0.5183234542608262 -0.07692266404628753 -0.002335955499438569 -0.0037757807062007488 -0.0024671924649737774 0.002504259531269781 0.9999829053878784
1712732453.5788133 0.46282036155462264 -0.07678192481398582 -0.0030986378609668464 -0.0036988599109463393 -0.003038843802642077 0.0022869674205139743 0.9999788522720336
1712732453.6758835 0.41396075636148455 -0.077872234582901 -0.0038959116383921353 -0.0037162394146434963 -0.0036599595448933544 0.0021296316357620527 0.9999760985374451
1712732453.778531 0.3708423599600792 -0.07852290123701096 -0.003096736565930769 -0.00340191941941157 -0.00381323165493086 0.0020895789908536243 0.9999768793582916
1712732453.871775 0.33375302255153655 -0.07950627878308296 -0.0033298179681878538 -0.0034768888144753873 -0.004444998648250475 0.001745527543971548 0.999975836277008
1712732453.9817057 0.30244710147380827 -0.07984619811177254 -0.0028795455291401595 -0.003777177131269127 -0.004862455051625148 0.0012730557595205028 0.9999743402004242
1712732454.062588 0.2773840665817261 -0.08018947616219521 -0.003107080119661987 -0.004040769371204078 -0.005282303900457919 0.0009041121586051304 0.9999730229377747
1712732454.1663132 0.25896898210048674 -0.08052249550819397 -0.0031656791688874364 -0.004092249716632068 -0.0055509407073259355 0.0010108505644893739 0.9999716281890869
1712732454.2744884 0.24675990045070648 -0.0796704687178135 -0.0035059188259765504 -0.004017087467946112 -0.005812197853811085 0.0009402196890732739 0.9999709308147431
1712732454.3664243 0.24034538269042968 -0.07988262549042702 -0.0049435257678851485 -0.003775767865590751 -0.006227669073268771 0.0008093338845355901 0.9999710381031036
1712732454.460873 0.23890533447265624 -0.08120362907648086 -0.0071115590864792464 -0.003891184600070119 -0.006093275453895331 0.0004939581769576762 0.9999714732170105
1712732454.5648146 0.2434477135539055 -0.08131278827786445 -0.007176556461490691 -0.003980558621697128 -0.005613988172262907 0.0005632495158351958 0.9999751925468445
1712732454.6765263 0.24500858038663864 -0.08150228410959244 -0.005914209655020386 -0.004016616218723357 -0.005261151120066643 0.00042794674809556457 0.9999773740768433
1712732454.7872608 0.24600885957479476 -0.08189994394779206 -0.005839054158423096 -0.004249545885249973 -0.005316383438184857 0.00044992810289841146 0.9999761641025543
1712732454.87067 0.2468635618686676 -0.08242488726973533 -0.00566918213153258 -0.004375301045365631 -0.00527943903580308 0.0006447282386943698 0.9999755918979645
1712732454.9748263 0.24710654765367507 -0.08297117054462433 -0.005747794837225229 -0.004416084359399974 -0.0052759230602532625 0.000895809885696508 0.9999751448631287
1712732455.0693564 0.24646506160497667 -0.08296385109424591 -0.006320054724346847 -0.0044362428830936555 -0.005343820480629802 0.0010862629656912758 0.9999745905399322
1712732455.1659942 0.24652911275625228 -0.08268294557929039 -0.006320321268867701 -0.004320499813184142 -0.00533183072693646 0.0010154017683817074 0.9999752044677734
1712732455.2604635 0.24551733881235122 -0.08326436057686806 -0.006028845987748355 -0.00442189141176641 -0.005280060740187764 0.000907655723131029 0.9999751508235931
1712732455.3610504 0.24523922204971313 -0.08380674570798874 -0.005686965852510184 -0.004396211821585894 -0.005248999455943704 0.0008732605136174243 0.9999754309654236
1712732455.4653668 0.24598393440246583 -0.08302534073591232 -0.004700953082647175 -0.004333801567554474 -0.005130935087800026 0.0012168175300757867 0.9999760389328003
1712732455.569477 0.2417618066072464 -0.0836756594479084 -0.004417398280929774 -0.004345630505122244 -0.005084895202890039 0.0011137746063468513 0.9999762892723083
1712732455.6712818 0.240565325319767 -0.08351086750626564 -0.006135133048519492 -0.004329745401628315 -0.0053445936646312475 0.001004790997103555 0.9999748229980469
1712732455.764088 0.23952738791704178 -0.08346878066658973 -0.006222025724127889 -0.004392159613780677 -0.005352672282606363 0.0011226629074371885 0.9999741733074188
1712732455.866823 0.2385671153664589 -0.08245972394943238 -0.006276461435481906 -0.004271389916539192 -0.005356649728491902 0.0011282021114311647 0.9999746263027192
1712732455.967453 0.23764325380325318 -0.0816613756120205 -0.006138862203806638 -0.004006213368847966 -0.005342505313456059 0.0008416862801823299 0.9999760687351227
1712732456.067882 0.2380720406770706 -0.08243637382984162 -0.006237298995256424 -0.0042399037163704635 -0.005351593997329473 0.0007451467907230835 0.999974912405014
1712732456.1588254 0.23834099173545836 -0.08308319821953773 -0.006750286649912595 -0.004306764272041619 -0.005426577618345618 0.0006642731976171489 0.9999742329120636
1712732456.2667992 0.23898668438196183 -0.08303813338279724 -0.00703608887270093 -0.004335067491047085 -0.005473753996193409 0.0006638562466832809 0.9999738514423371
1712732456.3630676 0.23876065760850906 -0.08285885900259018 -0.008001209329813718 -0.004493420314975083 -0.005552583606913686 0.0007310245462576858 0.9999726295471192
1712732456.485635 0.23885389864444734 -0.08281838223338127 -0.009381531644612551 -0.004431017930619419 -0.0057348434813320635 0.0006734823153237812 0.9999721050262451
1712732456.5788233 0.2400000050663948 -0.08318569660186767 -0.009644063329324127 -0.004649400734342635 -0.0057388073299080135 0.0009510634656180628 0.9999707341194153
1712732456.6780488 0.2398536652326584 -0.08290314674377441 -0.008368747215718031 -0.004464235669001937 -0.005522276926785708 0.000945335732831154 0.9999726414680481
1712732456.760386 0.23994030058383942 -0.08244310021400451 -0.008030661102384328 -0.004202895285561681 -0.005489070806652308 0.0006925951180164702 0.9999743461608886
1712732456.859779 0.23905618935823442 -0.08273201957345008 -0.008590739872306585 -0.004207837721332907 -0.005516301514580846 0.00048615283303661273 0.9999744594097137
1712732456.9639745 0.23838610649108888 -0.08302345871925354 -0.008387360093183815 -0.004233389371074736 -0.005445927754044533 0.00036708590196212756 0.9999745726585388
1712732457.0680852 0.2376603901386261 -0.08232287466526031 -0.008184672961942852 -0.0039235875243321065 -0.005399590218439698 0.00018444161250954493 0.9999762654304505
1712732457.1605864 0.2363339751958847 -0.08139812350273132 -0.007846049196086825 -0.003840768616646528 -0.005316896457225084 0.00015572095435345545 0.999977034330368
1712732457.269824 0.2357157438993454 -0.08137190937995911 -0.006965578545350582 -0.003488262987229973 -0.005218298221006989 -0.00010979331855196506 0.9999782383441925
1712732457.364392 0.23565653711557388 -0.08190811052918434 -0.006229133030865341 -0.0033904937212355436 -0.005125272506847978 -0.00032671951048541815 0.9999792337417602
